0.06258636713027954
0.04184148768157077
0.025879323460685555
0.03327991662663408
0.027797154834843244
0.024255977432143742
0.025186199480231153
0.022399413612826415
0.020535693300189447
0.018741000941107894
0.017090456744578354
0.015027137643371062
0.012850296575509543
0.01137438058697929
0.010704073167289607
0.010108817492009085
0.009569969839907974
0.009210206467143602
0.008520536820287816
0.008494338062259235
0.008085246668832207
0.007701163721756767
0.006830693935626187
0.006782882432453335
0.0054557738207782125
0.0053221726039838465
0.004741082221568962
0.004709307236821745
0.004346090403851122
0.004217801574287155
0.004192224139842438
0.00398569974949527
0.004092698714778047
0.003832980341810202
0.004073274027582052
0.003913656355360071
0.003950701560825111
0.003757734323302524
0.0036684667407826067
0.003548196500604519
0.007210987981081764
0.006986827373661664
0.0068416755192712035
0.005919889829561321
0.005825601501071461
0.0056936014202136065
0.00517222919309764
0.005091072761629499
0.005039283868973144
0.004918220403316595
0.004823041655562029
0.0047331752946363085
0.004621016909907295
0.00452293217319741
0.0046077331608103105
0.004593585802164548
0.004451811229830189
0.004364438675111158
0.004080855493763615
0.00401115525355486
0.0035279025572479772
0.003395015871362936
0.003315667634979034
0.003265038539673415
0.0032368849078369677
0.0032051380349274483
0.003147708947568281
0.0031749725150302093
0.003127300675259902
0.003308712192450348
0.0031734771999051897
0.003107574006880646
0.003079511417938094
0.0036494811787270006
0.0036320098144259592
0.0035682817423631514
0.0035285862186589293
0.0034931020492900014
0.0033120497071649872
0.0032877029497521337
0.0032683448701324616
0.0032450650686802088
0.003312205675423943
0.0030127511976067627
0.002974410157591147
0.002945535640960194
0.0029973203530640927
0.00275845538557957
0.002727961370207291
0.002693185733793083
0.002690191580689355
0.0026809130019980216
0.002651475277277913
0.002631243569761097
0.0020869540132935063
0.0019969782499043194
0.0019218366873321087
0.001899013480608412
0.0019198770602088181
0.0017637228376392296
0.0017473057816780905
0.0017446629782585936
0.0009977256026664125
0.0007534890096784297
0.000662713695385049
0.0006556547953117259
0.0006853193705561952
0.0006404587748132579
0.0006202675077392163
0.0006161805736934047
0.000609571751413438
0.0006195351892110754
0.000623809866131826
0.0006166072015058365
0.0006419634305373237
0.0006370368745336184
0.0007235880978025641
0.0007163770212532611
0.000518389188740305
0.0005919456140745297
0.0005842583290598023
0.0006886012525069598
0.000705831561595738
0.0004612679159617978
0.0004644583187612057
0.00040966936832387323
0.0003443431132268411
0.0004148170678102941
0.00043753353747888425
0.00044156744171294717
0.00044527534516942713
0.0004324858930619268
0.0004207501013623372
0.00044924287396026037
0.0004615697851691301
0.0004744551986958113
0.0003319863411678044
0.0003084288976509488
0.00030085009966569445
0.00029287204027286497
0.00027197712009016737
0.0002968241977061701
0.00019921523072399458
0.00017613407082911863
0.00040185385919295607
0.00038980650053269247
0.0004605574558809163
0.0005089834464019343
0.0005078868024187003
0.0004317689368895263
0.0004371863530506835
0.0003801220319872213
0.00038337050372993164
0.0003856742078149237
0.0003689912383169237
0.0003818481875369233
0.0002461009882401548
0.0002843967562306336
0.0016257400041922664
0.0015429239951038692
0.0016694446266352133
0.001705698037555404
0.0016919024396107795
0.0016206947775737547
0.0016069774026684432
0.001606421586581642
0.0016064531418167112
0.0014703393449780207
0.001420070749651024
0.0013644051943937645
0.0013305338347573668
0.001429798028650868
0.0015293758200871585
0.001448734887900562
0.0016503698276127655
0.0016371226394900882
0.0016403221573894496
0.0016280816556666657
0.0016239231885265318
0.00158135019153844
0.0014675983098181404
0.00157799662781537
0.0015926987695385588
0.0014262813564651085
0.0016143984925762309
0.0016051344663377243
0.0024778150468107996
0.0026365418332273496
0.002821676187044144
0.0028219386774553496
0.002849532685672784
0.002743642580829056
0.0027295832472931966
0.002740713525436615
0.0027267160444631477
0.0027110144076913202
0.002705141656608449
0.002670393362060719
0.0026820490571481045
0.0026645558150018905
0.0026989759804060243
0.0026564115755247936
0.0026937818241932797
0.0027027025305958476
0.00275342658628202
0.002714440535695194
0.002693131677250885
0.0027129600757471737
0.0026512012565771794
0.00264726279250879
0.0026052833866931483
0.00258973206539213
0.0025386226943312704
0.0025538135429256756
0.0025376041110373774
0.002652603085789869
0.002668214250678236
0.0025562350554155177
0.0025126217442117513
0.0024811142753128567
0.0024546923469225043
0.0022392416281994698
0.0022505157852655026
0.0022385047269765173
0.002219240164374715
0.0021967317830216813
0.002176427017618327
0.0021272550982829297
0.002163708263359021
0.0021403433028515315
0.002124309226395591
0.0021763784176549593
0.00223955498486792
0.0022350248124913615
0.002218802281184529
0.0021925290315773006
0.0022365250499679855
0.0022289127197102476
0.0022212207057539964
0.0022052091372639403
0.002162452001327384
0.0021589877001676264
0.002095666114968718
0.002121012175321454
0.0021268592683806138
0.0020964937908789375
0.002080296769646894
0.0019929730040888494
0.001987423628306713
0.001973301069494437
0.001992566125957794
0.001995679308776972
0.0019914087017355963
0.0020256787837270684
0.002014174675849743
0.002014275748482659
0.0020302324695411107
0.0020698286501884453
0.002016307194599692
0.002001812434870118
0.0020003551745843675
0.0020023607918645144
0.0019707446181200772
0.0019629209420703032
0.0019267783022940371
0.0019024311863694735
0.0018936487380578077
0.0018428009114352375
0.0018389105065714946
0.001813310864517881
0.0018138629411891176
0.001592572412773199
0.002994379806382211
0.0030441100583993813
0.002987874465321984
0.003048569713112945
0.0030712741990094206
0.0030600408183260115
0.0030227450269064435
0.003004658285931731
0.0029966765273424724
0.0029887560351211616
0.00297007474510395
0.0029870374313823193
0.0029812942987779657
0.00296398066285935
0.0029508530128876153
0.00292879260250566
0.0029239520137268496
0.002879249171610508
0.0028728742996613032
0.0028680663256826083
0.002856417084293917
0.002861149656814244
0.0028494215195334245
0.002806828842318641
0.002800187823961716
0.002778035818838027
0.002862274755195052
0.002865211104298668
0.002865020039009308
0.002860833624647366
0.0028395676097859777
0.002830327767091533
0.002848290884691353
0.0028079440551557764
0.002784841126200472
0.0027965898195823733
0.0027837872136930618
0.0027702783969359313
0.002765659041357043
0.002754277323153032
0.002792555393530075
0.002834070467603545
0.002707509447346531
0.002674779619290586
0.002531437844281637
0.002489215828277435
0.0025620565192866675
0.0025491648700842213
0.002541012681277881
0.0025397539257506906
0.0025120396055430243
0.0025569793012199106
0.0025860213255143676
0.002582380362615999
0.0025712070253841963
0.0025683712606071633
0.0025545916308174375
0.002583930759845978
0.0025615445309918536
0.002569305780391778
0.0025601463957156743
0.0025561170973736804
0.002550590874285433
0.0025700400370780767
0.002673943697339019
0.002662635315085139
0.0026633192813974053
0.0026449361330031698
0.002626446003041722
0.0027336955008172657
0.0027347807130946545
0.002725497410405742
0.0027645802907563244
0.0027165614961207315
0.0026975250106073033
0.002686772284922381
0.0026909682582689624
0.0026649447396406524
0.002609059959612831
0.0026203761533819176
0.0025954210493701426
0.002590753438511146
0.002526205437308734
0.002196706712818396
0.0021923590411766026
0.0021938390162678395
0.002184836817771912
0.002189765368659051
0.0022167205101723867
0.00218456804908452
0.0021446084691898216
0.0021435256266594867
0.0020953207490467915
0.002052224592405797
0.0020447694839434817
0.002041888617664204
0.0020654811423761136
0.002187092346762904
0.0021755890871273894
0.0021585346207647796
0.002152469973925737
0.0021605408103011216
0.002151480869852479
0.002128371808427632
0.0021255918620910323
0.0021131764846848665
0.0020635539415946487
0.0020544957685621314
0.0020567885207014407
0.002056543194753749
0.002036661010132924
0.0020413331214040676
0.0020286505002704235
0.0020532565723943084
0.002095509853198871
0.0020666270129671978
0.0021074072838251946
0.0021015808098915826
0.0020870276860533708
0.002081184163228246
0.0020728559878444683
0.0020817486797879386
0.0020672984418791123
0.0020738303752726585
0.0020716910652271354
0.0020895058998056408
0.002046309769084472
0.0020428640395642405
0.0020338851049090945
0.002031676304716848
0.0020335886163971584
0.0020423182589756486
0.002039801821576716
0.0020541050289913424
0.002047749979532917
0.002036349226005202
0.0020205280013991475
0.002024553603184076
0.002021431677101786
0.0020079731712514945
0.0019927644784004665
0.0019890621889569133
0.0019093327216873697
0.0019075730228044216
0.001904288882242195
0.0019045585476542449
0.0019478212482291763
0.0019672474798625005
0.0019603285146111635
0.00195436517422951
0.0019635039227823814
0.00194946013872087
0.00194412189758311
0.0019394109114442624
0.0018863266722861365
0.0018821355335311007
0.0018928829946543
0.0018847749780790853
0.0018766491000153302
0.0018674258348083288
0.0018696566517881915
0.0018679947715925693
0.0018656616659861402
0.001861100735670158
0.0017509094432503194
0.0018437038518875298
0.0018435859984410015
0.0018436420799670952
0.0018316615176906248
0.0018292181472877149
0.0018311048830042084
0.0018170328387497451
0.0018057400004116277
0.0017864048550231212
0.0017835467253429914
0.0017869571534954857
0.0017847497404727603
0.0017784687155565208
0.0017753209691540792
0.0017643578337662466
0.0017807916384712126
0.001776016936020203
0.0017743532481497876
0.0017700920872107755
0.0017677244935895146
0.0017630468567746806
0.0017543154132632153
0.001747259983477619
0.0016978698183631954
0.0016871666885452529
0.0016220042248905559
0.0016889113964611822
0.0016855408135488517
0.0016892816308740964
0.001683511596063472
0.0016830064249313064
0.0016413381367028886
0.0016430884306268376
0.0016454476043521523
0.0016394195212050028
0.0016309994567824929
0.0015704307611265796
0.001562753511211093
0.001609696652195381
0.0015821248188898076
0.0015747386622134464
0.0015611637203467872
0.0015486634888446863
0.0015557074925350931
0.0015769476262103188
0.0015647407434706338
0.0015543092823960595
0.0015502067930236352
0.0015581542373321953
0.0015642289522400479
0.0015919678427148286
0.0015896270053231917
0.0015868814285556953
0.001586931309285
0.0015473743208274792
0.0015463906353468447
0.0015486346903895581
0.0015397420425254103
0.0015439991528135282
0.0015490948357197386
0.0015418302342415783
0.0015398376125813217
0.0015411824878357931
0.0015332301347617343
0.001531722180928481
0.0015346897074171757
0.0015296303680239205
0.0015229173834460249
0.0015232577045323893
0.0015198555901456629
0.0015335049961385044
0.0015271912639767756
0.0015096591937248842
0.0015088454481855243
0.001503628450143445
0.0014887325366901665
0.0014739684311156514
0.0014687226036564183
0.0014634087427294752
0.001460868251191619
0.0014766448639665884
0.0015668972869277158
0.0015872504942193069
0.0016145634034244194
0.0016128207350533264
0.0020764733069479225
0.0020710512481690816
0.002086400537803735
0.0020818106007232736
0.0020813333131407086
0.0020959198499283915
0.0020947835655670973
0.002085046717879407
0.0020784960275171682
0.0020703975332036595
0.0020629402917777284
0.002063779866855446
0.002054921547864773
0.002054173243467827
0.002043069555740832
0.0020210007438193154
0.0020157061902460137
0.0020035986110925027
0.002004833189777344
0.0020024929480972555
0.0020064885112360026
0.002042757690424385
0.0020359983686680746
0.002032382562017502
0.002028909884942894
0.0020254466560664353
0.0020209011300175903
0.0020193886747225612
0.0020518198034156013
0.002063730872244295
0.0020929893591515375
0.0021001654467466776
0.0020988872446578944
0.0021055537636423785
0.0021812841000072324
0.002165663128145299
0.0021621924142242012
0.0021593792042691865
0.002167214616194049
0.002154785474642079
0.002164541923595077
0.002165444283367575
0.002166957424883339
0.002158972699059328
0.0021556809209177506
0.0021547055624345406
0.002159098269565443
0.001999488157610512
0.001963311795038321
0.0019695933106446584
0.001973615712778766
0.001971439874905626
0.0019747113423894294
0.002031032117685415
0.002023863166085363
0.0020212444237845332
0.002018666527033802
0.0020093704655486156
0.0020047616465918303
0.0020062001734676652
0.0020036099760595586
0.0020007016574172887
0.0020090857791598537
0.001989007894865698
0.0019839302303993524
0.001981873359050974
0.001998558900651019
0.0019948537774387353
0.0019933849402568233
0.002042024408543774
0.0020359983479315814
0.002043906264136712
0.002042582223240004
0.0020416015733882237
0.0020234813549004694
0.0020246904412287775
0.002016713206551986
0.0020209114439674073
0.002091847869318206
0.002106779292245624
0.0021031700932705637
0.002092714944911141
0.0020896052770370756
0.002085058063563438
0.0020813117716658616
0.0020717115739346285
0.0020706733926075306
0.002075690652716121
0.0020775869595953257
0.002063911690844447
0.00205765541457379
0.0020859628344831087
0.002084386347396737
0.0020806425693473186
0.0020684277004489582
0.0020592434236376186
0.0020422035465608402
0.002067744599717319
0.002064410758443763
0.0020634326136666874
0.002047726548134492
0.0020452085318276637
0.00204981131776784
0.002044192872752294
0.0020451350636481046
0.0020507365764854957
0.0020691088646777795
0.002053459699837771
0.0020533145611519583
0.0020500400359861866
0.00204926522907067
0.0020444734053416745
0.002042391143634704
0.0020397873572740913
0.0020994363770921267
0.002094994679080424
0.002093830881426582
0.0020908145798130854
0.002087488093684865
0.002080999450142708
0.0020719541761033892
0.002068870487129278
0.0020607113484309427
0.0020510066390641013
0.0020495136294711187
0.0020521218643478178
0.002049212805264127
0.002114928652158295
0.0021185144835453116
0.002124802529534458
0.0021262096054389186
0.0020696726090004584
0.0020460363461674326
0.002000048106923965
0.0020046478032458583
0.0020288200980958225
0.002026424730182483
0.0020277804572490254
0.002256904154723323
0.0022505757101807236
0.002243339971229656
0.0022383006231831296
0.0022344357388614246
0.002265556150631254
0.0022627500501568665
0.0022601996746327664
0.0022595483417893786
0.0022393036145340753
0.0022349049148553068
0.0022278004684859114
0.0022566955631083407
0.002234408740143945
0.0022381607265888072
0.0022346411299554027
0.0022300876763145833
0.002227257893515738
0.002223954614930119
0.0022212687328617606
0.0022150577830452284
0.0022226693533383907
0.0022138638858913286
0.0022050546215676954
0.0021990864416102187
0.0025517382292270566
0.0025449230582649356
0.002552182890986392
0.0025445204324621904
0.0025452663436587044
0.002540652684269132
0.002534514831503343
0.002530178331808225
0.0025258659941546063
0.0025230106225875293
0.002520120449421618
0.0025297653037550114
0.002522753768723078
0.0025139222825730782
0.0024461152347670725
0.0024387150053107117
0.002439272410419096
0.0024319831856819884
0.0024275549695159716
0.0024357343083115397
0.0024326962445976965
0.002427794376273727
0.002425717990476305
0.002422771179129045
0.0024240080272548105
0.002425771534227053
0.002420290097929933
0.0024210944916669276
0.002412569936037927
0.002410296526994383
0.0024547791427002434
0.002451147886610686
0.0024463643688899055
0.0024447513670338575
0.0024424674195437776
0.0024372552470569896
0.002463874647800369
0.0024559040196898666
0.002452825087989209
0.0024596207398664793
0.0024614133841341576
0.002459432861279799
0.00245618091083335
0.0024573666612674075
0.0024528372659927905
0.002449807771834536
0.002470021093995331
0.002466378010735095
0.0024641314080098065
0.0024645516882604006
0.002460180120782643
0.002458121286898117
0.0024542931267166478
0.002449463937658014
0.0024296407556655504
0.0024193725240167327
0.0024144164884705144
0.002428363352007465
0.002406218083437759
0.0024006102882616802
0.002415899490966168
0.0024068939972003035
0.002412574706488354
0.0024325979153873045
0.0024321137446867004
0.0024250955977835314
0.0024200992725459582
0.0024206187120830503
0.002415395165164395
0.0024140572564603983
0.0024167484326946564
0.002410455746692816
0.0024092867820705542
0.0024055721995888514
0.0024006774511665203
0.002397010577483473
0.002389515364186395
0.0023857953760138702
0.002386848573982193
0.002385616373860633
0.0024236390713223105
0.0024254532123464383
0.0024179333183923755
0.002410846267912937
0.0024082851414395636
0.0024153051355631353
0.002416534160709824
0.0024713219018927023
0.002476645974804281
0.0024733839558389106
0.0024712989492741855
0.0024677058829398885
0.0024708650701672956
0.0024549637674308286
0.002464137008270778
0.002461707623974001
0.002451912034467888
0.00242321660737254
0.002422411257274959
0.0024222742855762964
0.0024178274383686426
0.0024183048517604794
0.0023826961225728144
0.0023826346977456714
0.002385497678678409
0.002376743388611133
0.002390449900433389
0.0022961787292565686
0.0022553762980551326
0.0022462050125850743
0.002240149379949372
0.0022365681102622706
0.002244511941298852
0.002222202346108584
0.002204794023151283
0.002268468942918413
0.0022674204634949846
0.0022440760590460027
0.002233932933117811
0.0022289289918420454
0.002228326975718991
0.002235483362267016
0.0022343915760846007
0.002227092143178272
0.0022031216732034176
0.002229325849308454
0.002227629077344923
0.0022246629658170805
0.0022137309212616626
0.0022063471568081463
0.0022096007769984026
0.0022034527082123367
0.002200870530712992
0.0021989741993842797
0.002209128558508853
0.0022115393388528848
0.0022075855374046197
0.002202264167136902
0.002200074676425584
0.0021976470522771597
0.002200189000334749
0.002200890010716763
0.002188006428266032
0.002186764575519889
0.002184203993577321
0.0021780826501994286
0.002165489777666649
0.002130664724377602
0.002130381161523306
0.002121688746544246
0.0021165441955321167
0.002112906142027412
0.0021091982016969765
0.002107248327573476
0.0021065068424947803
0.0021061930487285712
0.002113531367320279
0.002100309975466835
0.0020983543893446813
0.002094965158712142
0.002092839906410853
0.002089168295806556
0.002081530596843493
0.002075476433141478
0.002072615336450072
0.0020674401586072365
0.0020474694658443584
0.00204549334816033
0.002040854703267941
0.002036196943593397
0.002049323405156582
0.0020474804801918975
0.0020409069534660504
0.0020414595716871605
0.0020353256237458863
0.002036632316588986
0.0020319781363796496
0.0020120270327639495
0.002070013030747675
0.002067642286148905
0.002059497355697281
0.002088797044528324
0.002075894604733964
0.0020735111147921776
0.0020512298203297632
0.0020501323967224375
0.0020396702998769748
0.002040611909028614
0.002059247724460349
0.0020581615230928297
0.0020560742795705162
0.0020531090503791787
0.002052429086038997
0.0020460629626354956
0.0020493684676056055
0.002048117711473049
0.00202363672195242
0.0020184518607184662
0.0020152606522856917
0.0020156639384552454
0.001999342083340143
0.0019344383796464002
0.0019321727322635476
0.0019309137456341862
0.0019279228776239617
0.0019210415502774105
0.0019164123570237718
0.0019524945270067923
0.001962024614560154
0.0019384498218296793
0.0019360232535217219
0.0019343208228050385
0.0019389567982655263
0.0019359773906257385
0.001912988186033396
0.001900944104201246
0.0018938932232330972
0.001890924266937095
0.001945843545699314
0.0019056584223154202
0.0019037130564491952
0.0019026949877107777
0.0019118792450680121
0.0018802399301381218
0.0018604077233686197
0.0018573992337794277
0.0018548791292201704
0.0018525986486852201
0.0018392569666308945
0.0018030574798345988
0.001802362824681297
0.0017996570794462613
0.0017968864218193968
0.0018028352745224476
0.0016988034773232628
0.0017001931491470459
0.0017870748694625803
0.0017865834443256362
0.0017862004281090037
0.0017848726856106807
0.00178393596666166
0.0017860812141105315
0.0017871828864103921
0.001785503138794846
0.001785434617664733
0.0017837861853158981
0.0017816845122434466
0.0018046064875127691
0.0018030081993107541
0.001805384422281205
0.0018037502930658817
0.0018008779963802298
0.001799826905102991
0.0018021114439123107
0.001788410592799891
0.0017945662096429656
0.0018721589926320322
0.0018680960550717
0.0018662378677454454
0.0018690025823396247
0.001870276895684769
0.0018642346324722007
0.0018652832607732467
0.0018640292467879498
0.001862086762112683
0.0018602750132663223
0.0018584438527203312
0.0018567160579256868
0.0018562652137497223
0.0011907127072103368
0.0011897076152724941
0.0011886309154375478
0.0011871728129013188
0.0011846868215703384
0.0011801437352825937
0.0011674403010776822
0.00116559617680511
0.001162647938984475
0.0011601190515120507
0.0011615533419326812
0.0011464871368912501
0.001175480032985008
0.0011724166807353636
0.0011709295016002752
0.001169694248373945
0.0011663916404205544
0.001164565033781852
0.001167228537284629
0.0011583711226819222
0.0011244710272246563
0.0011399278957568136
0.001138947373417002
0.0011371900335437326
0.001129997250637286
0.0011088687300275547
0.0011086437688744765
0.0010774657104390606
0.0011157979632881886
0.0011143530322664092
0.0011119705502408354
0.0011078142974631183
0.0011100304619680432
0.0011083942485555884
0.0011111611813377172
0.001111874438764454
0.001105009682516402
0.0011063145588926617
0.0011050096816330175
0.0011035064323573422
0.001100539692949408
0.0011029045068597513
0.0011035275182017927
0.0010901132739548317
0.0010848504369405374
0.001086758403784598
