0.061553604900836945
0.046154175574580826
0.03266047756187618
0.02796946745365858
0.023043689318001274
0.020299065126372237
0.01764712214935571
0.01563822742900811
0.014226204747683368
0.012327607326865702
0.014428867907554375
0.041813943488075614
0.03884752746671439
0.036309198367719855
0.03379602391214576
0.04480274316087804
0.042599208407207496
0.04030119751482025
0.038283512493580925
0.03646850917617224
0.034802698547785185
0.03322981890833825
0.031986647020251745
0.030318031242641156
0.02917146557284958
0.028061468509097014
0.02684513972703176
0.025888306081971426
0.02495155988848031
0.022787633165388534
0.02200801383992257
0.021360854153692453
0.02073057645932696
0.020099476567078712
0.019408032403387347
0.018816159133731726
0.018456403731474173
0.018351793362503834
0.017802515487892377
0.017569071092400076
0.01692931416289953
0.016614571789199714
0.016247856199366983
0.016358257479765194
0.016177808239697937
0.01597931289669508
0.015656342135268154
0.015348158054064472
0.015101220011274561
0.014725595420054112
0.014515337757704678
0.014272750398821747
0.013900372518374176
0.013685454152635591
0.013439931956262231
0.013239013382030458
0.013003753735668798
0.012582802431390545
0.012332494984366343
0.011987385760489883
0.011720514023181743
0.011479483733146762
0.011267091606555361
0.011080792998165208
0.011076794761417348
0.010401858427451477
0.01057052403495403
0.010390565469645906
0.010137981504522022
0.010005471026578183
0.009802597774271104
0.009686097115687286
0.009558971849843584
0.009390977097694602
0.009170008257761328
0.009121777421462968
0.009486220542431765
0.009361148942751907
0.009259671161726145
0.009132632637632877
0.009070835652404106
0.008923290765592519
0.008978220121120794
0.008874942796212374
0.008397704289246723
0.00829154402982703
0.007961021673839818
0.007917137153128164
0.007780262032125995
0.008262773086384043
0.008328003222745987
0.008160729893568966
0.008149183945785439
0.00803085960008167
0.00795060584891871
0.007690674121345791
0.007664683583855975
0.0076216657463293
0.007476416884528589
0.007440802516801268
0.00735407899136429
0.007473093750324322
0.007531287366943546
0.007402014837758283
0.008324151154772821
0.008108877044926707
0.008022047544862425
0.008073678069361894
0.007974277239951668
0.007919586102149413
0.007867159887414998
0.007777336809799114
0.007891788578394643
0.007823346662853909
0.007773415659514666
0.007702532262478175
0.007618234933157144
0.007619352234801881
0.007036412497897502
0.006966480145662401
0.006852663224517682
0.006778475337548705
0.006727973529949297
0.006661822296970063
0.006628423009267809
0.00655801572469586
0.006490450119883921
0.006425949144134278
0.006365995633230067
0.006310148626125604
0.006382064011301163
0.006338769454726538
0.006248145399247249
0.006251822826204637
0.006204591049080435
0.006190289616048167
0.0061696554516527365
0.00610880825105132
0.0060477877537258445
0.006031629728768042
0.0060490857497530765
0.006003035508656726
0.006083756286948812
0.006048140294522711
0.006013373253727098
0.005962881912427031
0.005903195072450393
0.005856735458616687
0.005818927464085091
0.005783149962390958
0.0060901968075229825
0.005355659679647042
0.0054746206943645
0.0054225498891619615
0.0053677389968447104
0.005320869389764604
0.00524018946328662
0.0051543495225454365
0.005165359864486166
0.005088879151845727
0.005053135268772843
0.005067065953674509
0.005025260682686635
0.004627463231295364
0.004598982174782974
0.004594710114431879
0.0046302925494663754
0.0045929403778681545
0.004741692675751814
0.004724920700634056
0.00465453388820014
0.0037207327697058013
0.0037145868869817526
0.0034732005963451244
0.0034979277041781074
0.0035540049606332396
0.0035115291181447524
0.0035381613554274958
0.003519213206285107
0.003358898032400359
0.0033554909560924713
0.003359710911100876
0.0034264814042256585
0.0033874881342509638
0.0033870456612031152
0.0034928597103418995
0.0034735903351402345
0.003435641997957308
0.003453769851177256
0.0033481565588815206
0.0034045327461550787
0.003202670126125865
0.0032018562120618896
0.0032713295953446784
0.00323879054994162
0.0032464457880944926
0.0032005582425247694
0.0031815320658851436
0.0031605759550075163
0.0032188503070000618
0.0032154244452090768
0.0031247830824204484
0.0031018412483165
0.003142243245135276
0.0031538118855325265
0.0031466609254608186
0.0031509287539567866
0.0031737351505507472
0.003073771268723897
0.002946194567695817
0.003005459484758726
0.002995593452990379
0.0030259643914246
0.0030134270269881252
0.0029959667476254647
0.002979400006992246
0.0029664475760417834
0.00287561323229924
0.0028591774959336766
0.002834063841363707
0.002819759778274371
0.002808630579450603
0.0027947448567634363
0.0027597656270113963
0.0026698022573376037
0.002673962890289236
0.0026676735513383536
0.002614354700866554
0.002597723603495344
0.002582077096054859
0.002580491952232539
0.0025357454154246208
0.0025428488120696844
0.002532767400639675
0.002522616416048918
0.0025283984114101068
0.0025938556158996836
0.0026184772664598747
0.0026127969557213256
0.0022970452864306073
0.002260817226602393
0.0022318689595443694
0.0022618503934027693
0.002398746314533387
0.002313389312455807
0.002356649016571911
0.0023537789451907993
0.0023587909786310693
0.0023131272846076164
0.002368191062059741
0.0023622291290747747
0.003353652709480991
0.0033434524501233416
0.0033281480002972544
0.003275476529296383
0.0032713778678167887
0.0032635707621787064
0.0032529570265395764
0.003231522501328771
0.0032302150337488946
0.003255884839773474
0.003241449208484613
0.003179203715345382
0.003476550693613836
0.0034144125402372416
0.0034519245478048586
0.003444924107864594
0.0034234139334042997
0.0034108020485695703
0.003494572799928388
0.003510082628455326
0.003502120325680192
0.003499264382292222
0.00350569641087945
0.003517452344369856
0.0036259025796507778
0.0036262646966298494
0.003670913549063945
0.003678126978645325
0.0037014889642436734
0.0037033524548092845
0.00366120891891442
0.003631207378289922
0.0036212177232077354
0.003608147018424021
0.00359455476878945
0.003587570390992469
0.0036347128879522595
0.0036285356236350763
0.0036102356944488004
0.003604148096275995
0.0035943925694243437
0.0035917559559870784
0.003581198129997296
0.003574494076929113
0.0035580146335026557
0.00353989934255451
0.0035193502660079566
0.0034968390691453043
0.0034682666344548405
0.003457191293379361
0.003442972846735128
0.0034103035766412694
0.0033335389330130076
0.0033400662376188127
0.003241772539440598
0.0032246736807012757
0.0032124200435387326
0.0032000786134073764
0.0031916248868565805
0.0031854097873619115
0.0031940865992858914
0.003198416874441652
0.0031892620065177434
0.003147473415221519
0.0032347423364953664
0.0032001381540502955
0.003189155115673156
0.003181871165475058
0.003176811032003187
0.0031693153023354265
0.0031534579232951037
0.0034467749797099873
0.0034686344431471426
0.003456577618947956
0.0034447519244337433
0.003433562372709097
0.0032935916227162924
0.0032638990818778624
0.003315648904357427
0.0033114296101226185
0.0033000045198034386
0.0034242655794057097
0.00343406056394929
0.0034213230869681852
0.0034121848412974895
0.0034062245915330086
0.0033933695190962853
0.003389555569554109
0.003421331870888018
0.003427266620178004
0.003481968534444613
0.0034759033902700184
0.003462276066526047
0.003442478585589408
0.003432943728719387
0.0034368555424271613
0.0034229847994947556
0.003408390763693853
0.0033991953319373407
0.0033803882714768052
0.0033358351153144443
0.0033513798344001282
0.003361088863855166
0.003370144658209721
0.0033151006211090683
0.003314259840550605
0.0033463838660476963
0.0036186029138358796
0.0036138605833796245
0.003687796478450923
0.00366923724621141
0.0035240576544110992
0.0035115063655922134
0.0035274449889629218
0.003521058871454402
0.0035549121175988494
0.0035479089267402663
0.003534024915594223
0.003522362233517845
0.0034956840110524304
0.003533559391753661
0.0035102724414659632
0.0033775961223485246
0.0033321208665585515
0.003320906035038079
0.003358450659535172
0.0033238693648612286
0.0033575489214662823
0.003348788336172834
0.003341471164861994
0.003326444546022608
0.003320696997870223
0.003339581654914321
0.0033401944893018697
0.0033335909272779614
0.0032830263906962307
0.003416346134820678
0.003407003612310523
0.003372473929230274
0.003312491751209878
0.003282513939839954
0.003273934870467108
0.0032563808114567023
0.00327587957525049
0.0032888599084764983
0.0033197945847119555
0.0033343538027867975
0.0033673625776827975
0.0033613255603215423
0.0033427656605422426
0.003341107969223573
0.0033326405825058517
0.0034553597587624984
0.0033800712557906093
0.0033408277780863026
0.0033292426799152067
0.003322261911463237
0.003313944798098485
0.0032793032757278216
0.0032675116532136063
0.003255906199526067
0.0032104020649875147
0.0032051235761217127
0.0031356045699340025
0.003126106159191336
0.0031157486592011435
0.003102378174117327
0.0031167907076104753
0.003106866906641904
0.003091695772381737
0.003100020230656801
0.0030181973101344683
0.0029954772101379655
0.0031371246901565684
0.0031396685879827753
0.003136130700835922
0.0031152588681751772
0.0031068916732904244
0.0031003837782521988
0.003101374415008548
0.003093031822072904
0.00306870445083279
0.003049984318321308
0.003040833589727023
0.0030339214743776463
0.003031053312080162
0.0030269833770865655
0.0030215873341148825
0.0030011012686104736
0.0029933840641086836
0.0029780371138755316
0.002970753125434081
0.002962206387967577
0.0029568157036340584
0.0029496170816050004
0.002942246206836378
0.0029404494764908406
0.002943311594087086
0.002939646987901032
0.0029274860982888987
0.0031068306268987166
0.0030986553209541214
0.0030934661242229453
0.0030865901411456617
0.003142655203935992
0.003137542168869953
0.0031325349943327595
0.0031266339522952203
0.003116602537665014
0.003120340272824928
0.0031105317582559096
0.0031117265155695224
0.0031078598682201587
0.0031000413989707926
0.003096784118994072
0.0028919107867567745
0.00286946079626653
0.0028638132860075347
0.0028554172857535743
0.002959897493784117
0.002946880141240037
0.002890992533637948
0.0028842227788807477
0.0029034878620788594
0.0028696313532101296
0.002867709830980899
0.0028487493953829692
0.00288298404222284
0.0028745394845302186
0.0028715971601745113
0.0028649287900252814
0.0028375533213476946
0.0028806628613611543
0.0028727845889423955
0.002814315666297706
0.0028239391332717193
0.002808091028317679
0.002791755966238122
0.002786156083247933
0.0027757734993591717
0.0027695426748659134
0.0027590347945152627
0.002752099236378781
0.002731349288575486
0.002728882313047661
0.0028057465212503554
0.0027951527374393205
0.0027827683648647514
0.0027657246416588712
0.0027624049801948775
0.0027555373547385573
0.0027386300568925073
0.0027357995303637027
0.0027433469328423557
0.0027277063523345503
0.0027169357618681616
0.0027164174317996837
0.0027117069257513453
0.002697164622390504
0.002693302984582147
0.0027005101304216953
0.0026735644177586916
0.0026643423170718207
0.002824521598889734
0.0028006138747243433
0.002791813675794121
0.0027922603766664267
0.0027965464919571586
0.0028393112605851244
0.002834680824764355
0.002818739512731277
0.0028140669178460045
0.002812659046654258
0.0028054773876107775
0.0028133640773973243
0.0027932789477855503
0.0027924009924022793
0.00278682826741166
0.00278312134255404
0.0027453913156850643
0.0028428439707441776
0.0028348745022566215
0.002829655575977801
0.002834260164165055
0.002828322684467018
0.0028197154019108674
0.002836853509459664
0.00283266669577171
0.0033068779155995248
0.0033022634051225763
0.003297410508908584
0.003305081558597951
0.003305959524418584
0.0032692372108983014
0.0032619226138667014
0.00325089879712376
0.0032461285837765887
0.0032405040405336146
0.003229689136206764
0.0032093367730656464
0.0032049296502341617
0.0031979518940249705
0.0031853377096053973
0.003178647700858931
0.003168098516455544
0.0031582727830959906
0.0031608420153872593
0.0031518557757148576
0.003108696226795175
0.003087423030858023
0.003177115311526151
0.003182446629477023
0.003176714038330573
0.0032020901782338833
0.003207163299014321
0.003198794310777322
0.0031925759241845254
0.003192845663720061
0.0032037259874264593
0.003193205059223612
0.0031608538730192926
0.003543808749183395
0.003537502382216349
0.003528783007178998
0.0036217379842367744
0.003616678816869886
0.0035927026855522284
0.0035866617501722382
0.0035766879855255412
0.0035661769941669414
0.00356485016718533
0.003569777926140765
0.003557141149442936
0.0035379917186442763
0.0035301380940330053
0.0035551325920566376
0.003544888640155545
0.003539397498808303
0.003535815938882625
0.003528265107950184
0.00354129993826205
0.0035508981975476933
0.003464968015790525
0.003453980350065389
0.003447235221984792
0.003445806463538025
0.003472027898020676
0.0034591358866722078
0.0034515904901517673
0.0034564078241329324
0.0034303351943706464
0.003428692838051517
0.0034222903176646686
0.0034156942082437056
0.0034118766992057
0.0034043153492994455
0.0033987577684193664
0.0032622299273856216
0.003243343029153607
0.003205702326096825
0.003207096199732072
0.003205524123322994
0.0031989352797831025
0.0032240912934111167
0.003157404023978761
0.0031009319734707475
0.0031040204116210075
0.003106183427770441
0.0030982419512295208
0.003088385893993133
0.0030870558979320686
0.0030829238682179945
0.0030761669442406886
0.003068184609538949
0.0030695004756665484
0.003068065474357716
0.0030676648491194582
0.0030592023140343398
0.0030542050130537477
0.003043338469219234
0.0030453311592224816
0.003038882037856724
0.0030498577378425358
0.0030669347338945704
0.0030644945916696916
0.0031079298824809635
0.0031014178792999085
0.0030988008547296916
0.003093723937203546
0.0030931827926810106
0.0030980309042557314
0.0030915526786878963
0.0030925285121107455
0.003090010201516575
0.003078451977808005
0.0030740666727496475
0.003065612712323519
0.0030594170995195467
0.0030564115542310293
0.0030481918873560923
0.003043768593618863
0.0030755376305557722
0.0030721098764773798
0.003098647344137227
0.0030875007882837455
0.003069820426450745
0.0030658483598412227
0.0030754253635016326
0.0030912866438213317
0.00311322354505096
0.003110880568418722
0.0031049960604492793
0.003099886052513103
0.003091931545221325
0.0030910449034866573
0.0031077090873236454
0.0030989636941384023
0.0030904746959190123
0.0030808488075060553
0.0032367388627811897
0.0032153782075028704
0.0032124121669670075
0.0031991348849260285
0.00319930129177473
0.0033698848002700157
0.0033679143177852136
0.0033640473461479356
0.0033511155263434363
0.003348222797881066
0.0032967291877237554
0.0032533351082137847
0.0032467026868762796
0.0032391605488203985
0.003229024337133129
0.003218325046527835
0.0032318651512447815
0.003121667608208752
0.003113378688726372
0.003104323775725434
0.003057412190552158
0.0030480913350268432
0.0030439968028884005
0.003040501117283774
0.0030375406619802194
0.003033163862710357
0.0030242498272396684
0.0030251381570520486
0.0030204356865371185
0.0030249340906579017
0.003023162594230825
0.0030182525655797093
0.0029269246397544474
0.0029227593250994617
0.002936023297811919
0.002932105820045676
0.002930255069284842
0.0029240327196934477
0.0029160871087146375
0.0029355920885921934
0.0031456699095818667
0.0031711199286218006
0.0031820391443686384
0.0031991413275371788
0.003151673405603479
0.003150560600405696
0.003145372907079102
0.0031445203752460808
0.003141663133313465
0.003134429317266679
0.0031728747699691444
0.0031676274097606253
0.003592389951733337
0.003578063340341788
0.003576533588483858
0.0035834726581568262
0.003579938949459888
0.003585915879851619
0.003820380308433704
0.003812450653949113
0.0038060380983219073
0.003768798868766418
0.0037619470475743237
0.003763661169093406
0.0037612654994261378
0.003745310202291415
0.003747979618608876
0.003742996064288131
0.003771071038254134
0.0037622948187036884
0.003754211958502708
0.003743027290311714
0.0037360507492125486
0.0037299018116779626
0.0037072725712468265
0.003700318957388406
0.0036981468121744542
0.0036793803925934845
0.003667759844829564
0.0036580433925010323
0.003654694849511217
0.0036496811625502906
0.003628704495926728
0.00362491763552685
0.003618197718852482
0.003615166459987195
0.0036132806319966733
0.0035974263148656886
0.003602227397813728
0.003600881584722193
0.0035740286788438465
0.003570919641430754
0.003555144152691053
0.003551066008429168
0.0035484976317530213
0.0035381057470843576
0.003440893496247103
0.00343615764275394
0.003423929966169008
0.0034189344239842494
0.003419822388324242
0.0034146034496679465
0.0034075936748914253
0.0034023476702033477
0.003409218081250188
0.0033972359941983163
0.0033808404392977917
0.0033763506757721645
0.003375996225823215
0.0033747603183201746
0.0033715852165987444
0.003367129934363345
0.0033684621037128686
0.0033583629020500164
0.0033484256419442976
0.003344343799213572
0.003310988843082755
0.0032924079069422464
0.0032868064084359996
0.003285020202077904
0.0032947478939053306
0.0032782449100122847
0.003271008690584411
0.0032662172636870952
0.003255170262116684
0.003251928789055457
0.003249021361675789
0.0032430339147806273
0.0032413689528584698
0.0032329872445418214
0.0032405997770006733
0.003222347411557144
0.0032447118059127098
0.0032406987645337967
0.003253682378994243
0.00330305191232893
0.0032988496780192965
0.003302427050497125
0.0032688404562959284
0.0032646840829372095
0.0032595133851303832
0.003243596595651152
0.0032380596251438366
0.003236579887788214
0.0032288222407313564
0.003225303940956468
0.0032160700902661332
0.0032170184990679717
0.003211447300666963
0.003204711054657514
0.0032046865416772027
0.0031976320074506544
0.003199416491325503
0.0031992115362399196
0.0031952657979076185
0.0031840581510900437
0.0031813770460164827
0.003188462526153689
0.0031820737039887775
0.0030731355848857517
0.003074150233732538
0.0030349555939746522
0.0030254383597234616
0.0030107330688251724
0.0030082028863652756
0.002983067367706988
0.0029917261990942785
0.002992754367232759
0.002990687414542968
0.002978690697790921
0.0029865267521566557
0.002979144582691028
0.003035802019508839
0.003033534586467485
0.003033523773096794
0.003029838567726449
0.0030119732875031153
0.0030111422749608263
0.0030043081472959973
0.003009210662915553
0.003007058149522095
0.0030002665349448446
0.0029968465497858107
0.002992138433978523
0.0029822463355689897
0.002961752171945843
0.0029557992031720866
0.0029393415751125572
0.002887173270379253
0.002891024953705512
0.0028930022386057367
0.002891260445779821
0.002884531673847356
0.0028824191609874658
0.002877283201431743
0.0028689946015148598
0.0028465229685771475
0.0028559827916081024
0.0028561155353997326
0.002851403576646222
0.0028497436866402543
0.002842682689068085
0.0028497231048716337
0.0028030265410780007
0.0027984712174225156
0.0027883014073779282
0.0027865497675910117
0.0028976580520578108
0.0019758688586989617
0.001957296770617115
0.001955946246864577
0.0019526612537068347
0.0019489533158166838
0.001946717831656395
0.0019475972384052683
0.0019015018815695642
0.0018470646611177984
0.0018428522476503372
0.0018424293299789667
0.0018387139455092482
0.0018353152437104413
0.0018341310295250427
0.0018233126508657635
0.001821524272199694
0.001821714497128014
0.0018318904099372498
0.0018300389493704785
0.0018263876192053277
0.00183478808283528
0.0018324285740081013
0.0018311212779433333
0.0018443606909925166
0.0018400400983643221
0.0018384646934740795
0.00183476852403578
0.0018154758968880985
0.0018097575289435894
0.0018057419107684548
0.0018054507178101578
0.0018108396268154943
0.0018054231839079518
0.0018098733906225766
0.0017930801306878363
0.0017945742783345984
0.0017936087574029604
0.0017940056011235776
0.0017905184443551723
0.0017919915108460785
0.0017934614089308155
0.0017777845505554885
0.001786319511212321
0.0017873111046651554
0.0017832293497082666
0.0017790043835191564
0.001779038932306263
0.0017751671912735975
0.0017738576150506966
0.0017781595066927258
0.0017760769420028667
0.001769178186441816
0.0017664019001814362
0.0017606417081406293
0.001759220200454746
0.0017470459365127216
0.0017447818529237572
0.001744373154884176
0.001750165958051895
0.001742538523971425
0.0017389563229718357
0.0017356473535258378
0.0017392579367624215
0.0017320481697256083
0.0017314349723057043
0.001729415078894127
0.0017249719098943925
0.0017283527918090286
0.0017218698758216533
0.0017180106783871764
0.0017157313133985145
0.0017141390003861474
0.0017123966225491545
0.0017103807384968304
0.0017139314728464097
0.0017097610789573662
0.0017172155728825873
0.001717658453084088
0.0017139894597085696
0.0017106410756863692
0.001712113309084394
0.001709505796266112
0.0017051883214379063
0.001740554010907835
0.001750775819463009
0.0017454258765294867
0.0017110536518696777
0.0017107907809019655
0.001708144007675741
0.0017292975019008233
0.0017264689438926564
0.0017248778691567263
0.001723631902666654
0.0017292243304171523
0.0017267613866856154
0.001718314988307287
0.0017194190662863928
0.0017151441365581609
0.0017124440635110875
0.0017079657881497047
0.0016987808646318852
0.0016971100084577989
0.001695490945598562
0.0016825837388928762
0.0016715667460134964
0.0016673847038028808
0.0016645771423415574
0.001661444514216525
0.0016740296246669057
0.0016572502621079828
0.0016543535577033957
0.0016599083300731048
0.0016576845699957305
0.0016650935081367769
0.0016592432010924857
0.00166182932867312
0.001657073716813901
0.0016591717587832887
0.0016548114689938986
0.0016490089762298114
0.0016512178881312172
0.0016473843874469723
0.0016338804940503851
0.0016353733495192042
0.0016426110850953587
0.0016363373299842314
0.0018853657915257301
0.0018881049988658553
0.0018858207975008304
0.001877863670036058
0.0018737158190795043
0.001855756136477695
0.001861297226971488
0.0018562727934608632
0.0018561826758458123
0.0018560131783743447
0.0018592324855404108
0.0018468526282197021
0.0018457211192897107
0.0018297796470525675
0.0018297204332567182
0.001836281542091994
0.0018339879686748643
0.0018323403522474133
0.0018360473744607514
0.0018346796066588307
0.0018138155099623498
0.0018156226132603644
0.0018120862123148678
0.0018408493336990572
0.0018681595698651753
0.0018655299369891563
0.0018660603366859806
0.0018649389380667484
0.0018637254002084247
0.0018701914928396322
0.0018599432445569855
0.001894962738248491
0.0019009003236412434
0.0018978582127433805
0.0018979313054562539
0.00190631156944482
0.0018799940984127624
0.0018974866059227398
0.0018989434930688526
0.0018946711832819579
0.0018924218416266887
0.0018949165648398639
0.0018903922169514983
0.0018890166274849354
0.001891035692997757
0.0018862831436077608
0.0018773870714930757
0.00187454386394119
0.0018740728488544883
0.0018786989713749232
0.0018743975794305642
0.001877524189166355
0.001875058835875349
0.001874467433865083
0.0018777596814992296
0.0018769093140029649
0.0018789259553303255
0.0018750788344745288
0.0018726763155085873
0.0018704265748692305
0.0018591926551076601
0.0018562760111323674
0.0018578058024741404
0.0018309179501563063
0.0018346165322302103
0.0018334951550107064
0.0018286299061754184
0.0018313403257488588
0.0018347098328722416
0.0018396838329567294
0.001994005616436588
0.0019971141470267076
0.0019952402005311972
0.001999150324394431
0.0019884619031506246
0.0019937101064152864
0.002034475605310769
0.0020380533514561053
0.0020411771739414996
0.002019526187322708
0.0020168763904499054
0.0020181631462154494
0.0020148755328631652
0.002013370500639059
0.0020406482107827887
0.002037793597755527
0.0020351925880313787
0.002035275814099755
0.002033417036448438
0.002041187743728368
0.002038010271940538
0.002033608775133973
0.0020657011613803566
0.0020633732964679533
0.0020613385821541853
0.0020598149072730675
0.0020632005459055923
0.0020613210338871527
0.0020626585083398158
0.00206059947774121
0.0020629831777946523
0.0020612937448088956
0.0020583325525226626
0.0020611925633204635
0.0020561588915714675
0.002055081583723345
0.002037374825795925
0.0020347622487813183
0.002031260907010809
0.0020296040817407695
0.002012163004612351
0.002011748354747506
0.0020127540095690017
0.0020112954731559885
0.0020093360318307026
0.001990929688055709
0.0019978166686909172
0.001996087913315333
0.001990535347761571
0.0019873178211079617
0.0019814280194800993
0.0019804189569758825
0.0019943999081698045
0.0019926140242562175
0.0019904783362792136
0.0019831657677739736
0.0019820498197308943
0.0019816703806544043
0.0019794053728467934
0.0020111806923972294
0.002005875517202378
0.002001424310769608
0.001998847127154866
0.002000306641674142
0.0020005308580725244
0.0019960237794845394
0.001998152692600971
0.0019968971298851813
0.001994283769366573
0.002003164388137458
0.001996833507672681
0.001993831695035276
0.001992089283098263
0.002012720310722296
0.0020158720626331284
0.002007877706051378
0.002006201509844788
0.0020047133764966316
0.0020105771887390734
0.002005402947732175
0.002001501458599237
0.002001675391278847
0.0019776167341919956
0.001977248995527614
0.0019756787835298203
0.0019750180908290897
0.0019755691027591575
0.0019748301601199753
0.001974475884902003
0.001966563708989786
0.001965917906510556
0.001966912326964689
0.001967021916816646
0.001967564649069607
0.0019927691987046033
0.0019886739370265005
0.001986436438708509
0.0019907161597977696
0.0019873760005766
0.001981484315474518
0.001985099835957929
0.001980871837817116
0.0019765806627665976
0.001966415899858552
0.0019631803848053596
0.001962548436789307
0.001960837106540173
0.0019607309469367564
0.001960167664756719
0.0019605382454725485
0.0019624414263883765
0.001965654444990481
0.0019765097830428996
0.0019766825510413055
0.0019667023780206394
0.0019689525737066785
0.0019285741187779065
0.0019265471361263782
0.0019220412838360204
0.0019202414877962602
0.0019201151836176502
0.0018974456546623228
0.0018967934049703725
0.0018921355381049231
0.001891543211756167
0.0019004243177406467
0.0018978936053896662
0.0018930475161839462
0.0018893940751843535
0.0018870675753083761
0.0018856906093513471
0.0019941639819558315
0.001993735757718698
0.0019919280491545815
0.002012354121845328
0.002001890723651355
0.001999863351770111
0.001998701297061857
0.0019789479596948735
0.0019765207483785296
0.00195015282274294
0.001938968551081488
0.0019370773670669115
0.001930809615047292
0.0019281942014891132
0.0019272591746884635
0.001918098494716461
0.001920779622714607
0.0019188133662811821
0.001921273457778531
0.0019199866604171117
0.0019228382919771838
0.0019223769396533158
0.0019519942580915781
0.0019491837374339288
0.001953187332336858
0.0019501101503789987
0.0019494924837611856
0.001950332993807108
0.0019445084759516361
0.0019476544436147485
0.00192531682146112
0.0019213212014732907
0.0018930420846440304
0.0018912073075684475
0.0018854532958545195
0.0018831381690489236
0.0018824801550250787
0.0018811875124518736
0.0018878731213593709
0.0018845868970875789
0.0018839056398354977
0.0018886636935290771
0.0018884669206351875
0.0018842893373162935
0.001880179735551392
0.0018741859341749796
0.0018779097399144293
0.001878598466341891
0.001875815270889495
0.0018749482155060375
0.0018760533725015126
0.0018776983665507352
0.0018772587427982506
0.0018767600759366297
0.0018742818210912722
0.0018713462456361842
0.0018695549580696874
0.0018686471962610066
0.0018659509894133916
0.0018640762268221937
0.001865090625202338
0.0018647015721304228
0.0018635623728402045
0.0018632413064508665
0.0018607706617250965
0.0018529676119340673
0.0018527666552579653
0.0018586223035115704
0.001857292701612343
0.0018556541095123816
0.0018547464068110673
0.0018526075118088234
0.0018520607412315314
0.0018506346048695807
0.001849104515852562
0.0018475666284202808
0.001844996288224137
0.001851364816562107
0.0018494329517068507
0.001849056879243783
0.001846839341248793
0.001845025952918701
0.0018391437798443492
0.0018372891929118815
0.001829741642770996
0.0018301633436656457
0.0018298971936230371
0.0018276001202115098
0.001826143779009345
0.0018283613795394968
0.0018257737248386838
0.0018239790454408378
0.0018305182809509666
0.001829146596976966
0.0018276937523613172
0.0018239131347613693
0.0018143958851750612
0.0018130280313061172
0.0018120050991773163
0.001814027242117031
0.0018129239998661488
0.001812885867744535
0.0018219466749217843
0.00182059558053407
0.0018219990746893011
0.0018663829921007787
0.0018653699016095515
0.0018628334417917062
0.001849995999227514
0.0018488531595776993
0.0018462081980108907
0.0018469255109196264
0.0018445297890378983
0.0018427169118584758
0.0018414194541303169
0.00184024480278021
0.0018431681663992022
0.001841527355086779
0.0018388346887664752
0.0018347024217667469
0.001833069006474842
0.0018341782373577664
0.0018350161633894548
0.0018346609565377072
0.0018336221843165321
0.0018349050218515808
0.001835648449038267
0.0018338776815740795
0.0018338134031955786
0.0018370951593795874
0.0018866712349674757
0.0018843857783741572
0.0018815960450222617
0.0018801312335362203
0.0018766164710739511
0.0018873131524980886
0.0018869948437496905
0.0018850575113041077
0.001884788049586296
0.0018809083769972359
0.0018798103188214853
0.0018783036260684462
0.0018755219716776019
0.0018698005294950045
0.0018817662494607136
0.001881146976348003
0.0018880958775069252
0.0020433752109202926
0.0020340369457068166
0.0020177544171035766
0.002035156754326464
0.002034113277384752
0.002036699783581762
0.0020925120871197554
0.002090479638850579
0.002099726730149577
0.0021039686711959295
0.0020978915468502033
0.002099132257584167
0.0020937843748941557
0.0020523408201907224
0.0020676424404409326
0.002064922352880157
0.0020614114076662393
0.0020497817906758786
0.0020472305557277027
0.0020475370235504267
0.002044061763614898
0.0020158602441158343
0.0020140730958135367
0.0020222413402492924
0.0020169359178514677
0.0020148444036736223
0.00201188937032081
0.00200150063912896
0.001999503163676614
0.00199727337386253
0.0019968603494060163
0.0019987707199796297
0.001994458299525831
0.0020011899244144855
0.0020233932683271045
0.002020134479632685
0.0025917558344890285
0.0025913716618266116
0.0025894466382971743
0.0026161552921821255
0.002611756134645831
0.002610679155943841
0.0026110876235184797
0.0025904054584489486
0.002589961703772641
0.002577358308955054
0.0025584802637214498
0.002558566699054963
0.0025582277608612747
0.0026099942965107596
0.0026083066001004983
0.0026071181770558477
0.002632591953341985
0.0026301910277651834
0.0026303230218306067
0.002628997519272091
0.002642478415790918
0.0026409458201040502
0.002633576752669916
0.002633371332763652
0.002631003082286792
0.002628818792061136
0.002632711944253023
0.0026363389748111023
0.0026322094902397385
0.002632811622333013
0.002629825451713515
0.002627491612835951
0.0026296521943400364
0.002629823214064116
0.002630425243360354
0.002628119531235138
0.002626121356762341
0.002621673817103833
0.0026194564023258164
0.0025827497562704617
0.002584914346987245
0.002581472703379714
0.0025964856107895686
0.002592939717105992
0.0026096168313317863
0.002608212528402777
0.002607417427723621
0.0026057674414760356
0.0026007098162019755
0.002600278396130305
0.0025993357502784404
0.002591409251236716
0.0025821977757135963
0.002582607767888062
0.0025807046247746366
0.0025827767063303034
0.0025809223532388985
0.0025779057842783776
0.0025826308922871277
0.0025794670406727245
0.00257658170938847
0.002578633802594106
0.002576515468051381
0.0025706997047465793
0.0025683472907049787
0.0025611927542525227
0.002559861004688722
0.0025620317023101295
0.0025618799999915383
0.0025306199032700516
0.002529061460331395
0.0025272771358589943
0.002519992480914015
0.002522017396880353
0.002519907927434672
0.0025187506071779964
0.0025184665573686413
0.0025172139875466876
0.002512837768469706
0.0025105291962076335
0.002492321804269286
0.0024902683372514853
0.002493585796670409
0.002492222822964424
0.0024909778895541353
0.0024909704833975155
0.0024869930869235776
0.0024823681916731183
0.0024813497286541855
0.0024771549228578683
0.0025024228289136793
0.0024980367928846368
0.002496763588543768
0.0024953177790190658
0.0024930869078916827
0.0024909712221268254
0.0024927762851031806
0.002499582193093707
0.002497427491354306
0.002483250427301436
0.0024816266045326117
0.0024787496602293154
0.0024791627820450624
0.002477573935000361
0.002473356475938135
0.002471009615519537
0.0024690573504180815
0.0024679190319804047
0.0024582341576195165
0.0024565797016539532
0.0024477417376595747
0.002445712677356549
0.002443074812121323
0.0024542870860150756
0.002455184040097768
0.0024538390201241265
0.002451406053941503
0.0024473297659891296
0.0024433555417034754
0.002445784722881335
0.002448654737812023
0.002449288423310597
0.0024554808638453003
0.0024550580036926954
0.002441029837177876
0.002439512429454324
0.0024437770387492792
0.0024407540758007965
0.002441866182484431
0.002437560831900175
0.0024358717725949403
0.002434339983372268
0.002431333371266159
0.0024234126749762366
0.0024220880207506848
0.0023843842176610765
0.002381830665468456
0.00237940407723566
0.002379129988834993
0.0023788292649896013
0.0023761918707154396
0.002374596853313385
0.0023775517526318833
0.002377689974901851
0.002373734357316836
0.002375888591155873
0.0023751724426285628
0.0023744632395846267
0.002385686671822049
0.0023868149981328955
0.0023833477173949087
0.0024142277509602867
0.002415794790997141
0.00232107950250439
0.0023111428834835966
0.0023104305717954513
0.0023075808610502316
0.0023074215539695816
0.002306290615612524
0.002305239902133071
0.0023032389079655257
0.002302434530214453
0.0023005953806312877
0.0022998328518144865
0.0022986121008401208
0.002296586973695857
0.002296592528271216
0.002296895235652689
0.00229394359511866
0.002292773741250433
0.0022916799815436346
0.002289936325259466
0.0022882207421565286
0.0022863178015524737
0.0022820538578299764
0.0022840215962322678
0.002284287055717842
0.0022851005503559153
0.0022845035574201376
0.0022685206071722
0.0022674005449122747
0.0022564303221368
0.0022570846413492874
0.0022553471370139757
0.002251040192545394
0.0022493928106892486
0.0022470721242770237
0.0022441875549764918
0.0022478246204390294
0.0022464326846474577
0.0022498081585581487
0.0022484496929585365
0.002235383253440935
0.0022404394157640103
0.00221716077899972
0.00221147122993734
0.0022065826565835023
0.0022063605253887864
0.0022053359566266157
0.0022027641211599808
0.0022032049974259472
0.0022015363546919343
0.0021884347674812218
0.002186287093739198
0.002184197247574035
0.002183962381779425
0.00217875203621784
0.002171595798350462
0.0021720630498311367
0.002159703779001096
0.0021588018816942134
0.002157211365615654
0.0021471802976677505
0.002136814575571445
0.0021336374963863425
0.002148563895657683
0.0021480634411701603
0.002145549877572785
0.0021443700374179733
0.002143189805256779
0.0021417520954381155
0.002140508638786561
0.0021285365080908
0.0021282862142552824
0.0021221244872061747
0.0021208192342538133
0.002121223140490409
0.0021200249799209225
0.0021174528399443733
0.002116700299313472
0.002113569294492603
0.0021116318370228734
0.0021285322392075655
0.002126647688416631
0.002127168731817055
0.0021418334929465023
0.0021401571254779104
0.0021722484176776324
0.002172063937018324
0.002175940870018719
0.002174768762045126
0.002158676363232324
0.0021548242560766925
0.0021537129354059995
0.0021552058736176616
0.002153282949790571
0.0021519959304151476
0.002150024814540642
0.0021492008332872014
0.002149677843712954
0.002148520032640185
0.0021530914554233286
0.0021505683502239556
0.0021515104752998053
0.0021521564408176464
0.00215202249256576
0.0021510354205994753
0.0021492505955539145
0.0021495366357674258
0.002140303047765895
0.002139151666988524
0.0021387511746668417
0.00213768012210414
0.002135759136509574
0.002107558859048425
0.002103998469066321
0.0021026053351890775
0.0021007200866173994
0.0021007705354470657
0.0021023881149414446
0.0021019218882407436
0.002100228427632796
0.002098631128912729
0.0021043527973448046
0.0021046816480393784
0.002102990248381674
0.0020728399084210874
0.002062878661553423
0.0020976322034595733
0.0020847606706909734
0.0020836524728944012
0.0020818066395907994
0.002088109747860009
0.002083809480397467
0.002082547517366706
0.002081985419645201
0.002076573030266491
0.0020739023804179973
0.002085954782524341
0.0020831290433920677
0.0020818475400747423
0.002075430535412288
0.0020695746694404707
0.00206830060040696
0.002067927440779782
0.002063869309510311
0.002064286513411868
0.0020672323254885554
0.0020636857772295156
0.0020623214282322663
0.002060064008864056
0.0020613998895460416
0.0020604387756769024
0.0020515436916035633
0.0020525940161932378
0.0020511977375476534
0.0020508459061872697
0.0020503187360248368
0.002047755056741494
0.002050359117295274
0.002048642203844787
0.0020459277887444065
0.0020442924665434103
0.002040439845460619
0.0020394739391109266
0.002038434795004531
0.0020381125113626353
0.002046756656505429
0.002047072078244176
0.002040714425174852
0.0020343871288404348
0.002047391952591867
0.002046296526474158
0.0020651059835783106
0.0020658875459697874
0.0020688726629754834
0.0020703275624522942
0.002068822416223577
0.0020711893881838962
0.002069559138636351
0.0020649786352826775
0.0020643710830364477
0.002066161418412319
0.00206567093279471
0.0020648842100558897
0.0020553884442547194
0.002053487174559054
0.002052165164269909
0.0020504147304526016
0.002046976696312683
0.0020428148975505447
0.00204014216987067
0.0020363321351463907
0.0020352735293054057
0.0020371053085169164
0.002034631555974033
0.002037466434832676
0.0020376639824915867
0.002044589971780533
0.002040528278682165
0.0020395746455997305
0.002037041449346807
0.0020368361136490635
0.002034892142680172
0.002033813927472263
0.002028329764001376
0.0020266181677319637
0.002023300617499977
0.0020221549081560785
0.002019627780697529
0.0020081502225865306
0.002000962953165455
0.001998533502885375
0.0019958759290214637
0.001991891898058508
0.001993205648937465
0.0019920479380060208
0.0019912542419633418
0.0019904708200757034
0.0019864990920983394
0.001987759981338137
0.002001057595962153
0.0019990722131966883
0.0019974254701299455
0.001998399129859247
0.00199793530392286
0.0019977585512793734
0.0019899304662128778
0.0019897681112487804
0.00198886012731853
0.00199007137504598
0.0019926628009512104
0.001994375826716162
0.001990412410820221
0.0019902703550946314
0.001995254437501447
0.001990326666002455
0.001988725705143951
0.001988837159802758
0.00198805083260199
0.001985608561411157
0.0019900306415539374
0.0019928608800949058
0.0019912548322303415
0.0019933300929486195
0.0019912715697190135
0.001989591761576536
0.0019960997645696523
0.001995291308410931
0.0019964788351558038
0.001994796216831925
0.00199289045251174
0.001993708456812521
0.001992826926071616
0.001990130752737246
0.0019900505274046488
0.0019891838124579306
0.0019878343540277723
0.0019867626395877022
0.0019874492283513683
0.0019838708622814394
0.0019853289100231074
0.001984819674423943
0.001992587651666773
0.0019918675027046063
0.0019912262430893096
0.0019898368927988162
0.0019666258855389105
0.0019619595630791594
0.001961263266994784
0.0019583820313111037
0.001956904839345934
0.0019568026454809045
0.001941850366419789
0.0019002445182197496
0.001899370306172116
0.0018992337710840763
0.0018984996264726857
0.001897132804577454
0.0018775457162042643
0.001875231363813795
0.0018705292898459102
0.0018606926712753644
0.001865916584483134
0.0018720162481514018
0.001872139577642209
0.0018477766878163598
0.001846567099718589
0.0018496222146097661
0.001846962319284104
0.0018451978721435779
0.0013712020005168886
0.0013704286846754493
0.0013722433686958883
0.0013791413768723035
0.0013784256806143168
0.0013785315659650733
0.0013917372136009027
0.0013894340430163205
0.0013889180118895205
0.001389237271869995
0.0013789821597093956
0.001379571524944341
0.0013800959362904172
0.0013794807359032832
0.0013814180975233762
0.0013816259165872681
0.0013809578091023174
0.0013817042270256054
0.0013827534521334104
0.0013715870614907678
0.0013701556273008058
0.001367224796946099
0.0013680141488947644
0.0013751923266768166
0.001373574166622851
0.0013715591897513636
0.0013732592336191578
0.0013676622276137297
0.0013660661429240983
0.001370112134976297
0.0013699757492895424
0.0013672835351793275
0.0013666197107447746
0.0013658304994620374
0.0013462988377167032
0.001354704499411419
0.0013525921391541991
0.0013549003210706766
0.001353733259329473
0.0013546490395153084
0.0013541431278859238
0.0013551072815155333
0.0013541766315198198
0.0013544338949881248
0.0013545020548510344
0.0013491630657466599
0.0013514216086742163
0.0013505742857068085
0.00134992190629213
0.001355844814884703
0.001355036361787607
0.0013544632075148757
0.001353818486951826
0.0013572698247941437
0.001355128874458013
0.001367887266573027
0.0013736961575520294
0.001368718883105751
0.0013661047401586227
0.0013652131775824916
0.001364020759395144
0.0013617322957268378
0.0013621354238843198
0.00136415094618757
0.0013635574642310482
0.0013992102937897802
0.0014213999007090812
0.001421285936783808
0.0014271385389264097
0.0014237474547936506
0.0014250844615851274
0.0014245829523470202
0.0013954108058324393
0.0014131758235910188
0.001411964111450998
0.0014107917656196723
0.0014097637317343778
0.0014205841818781134
0.0013790552834328576
0.0013803724130468987
0.0013807014254847933
0.0013806479809314437
0.001380404283933726
0.0013841226672570415
0.0013859833046414279
0.0013913340827611212
0.001393754021916069
0.0013928837999421977
0.0013949097213271924
0.0013981623305388269
0.0013990410558730217
0.001402833456687382
0.0014009528029634666
0.0014052752328916711
0.00140511499428683
0.0014186525963619323
0.0014059685422563978
0.0014050835372012222
0.0014052663667290359
0.001405889905157221
0.0014054629104968822
0.0014264975364182762
0.0014257078723474805
0.001424217607345855
0.0014226874018751867
0.0014208623600939613
0.0014226120703165319
0.0014228679684559445
0.0014227454276839675
0.0014273834682227828
0.001427673498516423
0.0014282785784831703
0.0014278007636538564
0.0014276771827911026
0.0014284409478881053
0.0014299434634769464
0.0014293328352883515
0.0014329177700895964
0.001430851898675972
0.001427384384363763
0.0014337439335426953
0.001440960557117443
0.0014366816453252932
0.0014408091362999172
0.0014390322302170072
0.001442085805255222
0.0014376736879515007
0.001436970793905999
0.0014374413543155027
0.0014382776637403914
0.001435856359861587
0.001431578494553724
0.0014385138214325322
0.0014404678194372075
0.0014405624109236504
0.0014393173378719863
0.001438795924695838
0.0014392075908719142
0.0014385928863814932
0.001437870122946303
0.0014387936775117148
0.0014361234981441569
0.0014372186557883597
0.001436947815910859
0.0014386586974635773
0.0014501171663104748
0.0014468740841969297
0.0014464438268956305
0.0014437206704022735
0.001443001564503635
0.0014423945505877903
0.0014406001762204818
0.0014406003650042785
0.0014253555312925229
0.0014244428746811619
0.0014236615659615813
0.0014268398146438216
0.0014267586714849742
0.0014283464990010504
0.0014280485606023418
0.0014274487636207129
0.0014269303343412843
0.0014276975507847257
0.0014271146599789506
0.0014240469115688215
0.0014247193419920903
0.0014247041778640355
0.001424959785666445
0.0014241763133106759
0.0014192629126046083
0.001418260659175766
0.0014171192752245995
0.0014156853172123006
0.0014161395236573034
0.0014202867359523323
0.001458275895733465
0.0014550544475510343
0.0014535105903661922
0.0014512707472373455
0.0014508386583742797
0.0014495161860968917
0.0014477272322381727
0.0014468794008480983
0.0014464320919151362
0.0014462834739163235
0.0014450349549045467
0.0014436558702737585
0.0014440236491489434
0.0014426771497112658
0.0014379231754568227
0.0014342895196255373
0.0014328347499982998
0.0014325694687831619
0.001431744674105876
0.0014304660164383178
0.0014299642769730141
0.0014292839816063875
0.0014271029886613728
0.0014211008858641154
0.0014213404530748774
0.0014207800970499223
0.0014704244673396703
0.0014708481085940455
0.0014698554308495032
0.0014771294815400587
0.0014585119811263367
0.001457341235925072
0.0014584315883472575
0.0014562491261608784
0.001456859951605449
0.0014655968481746653
0.0014649763018280274
0.0014695662759832268
0.0014714333974161003
0.001470367043819346
0.0014699085825162714
0.0014691375851477377
0.0014680590936109175
0.0014662686171211937
0.0014643280195049569
0.0014857205062008467
0.001489737906257692
0.0014887798551576185
0.0014878204645837913
0.001481841090832068
0.0014815886848588496
0.0014788170205508422
0.001479461344088625
0.0014774168707485083
0.001475178176854754
0.0014766127419068745
0.001479520917980534
0.0014725790817123048
0.001459226247119263
0.001459131387404005
0.0014594354602138141
0.0014527260754620135
0.0014540115894033242
0.001461454054549805
0.0014618741227190135
0.001462568126836739
0.0014619051671826715
0.0014610514874354185
0.0014733400669384672
0.0014712166240444414
0.001474497539419361
0.0014741467694377717
0.0014797251195947316
0.0014815824199428688
0.0014800629252371986
0.0014787896628511038
0.0014753332434967552
0.0014784298069978304
0.0014790741834931841
0.0014776101219328222
0.0014800183061173904
0.0014800440294720058
0.0014743214040947579
0.001471851244143621
0.0014706263199039732
0.0014692637178182126
0.00146832241712418
0.0014678979523145537
0.0014679044440866567
0.0014672927082619606
0.0014670792123153296
0.0014599501825801353
0.001461314845122055
0.0014607237370112595
0.001459678134623183
0.0014699083777836724
0.0014708346896910095
0.0014696687681677284
0.0014713662052247096
0.0014726478573141703
0.001470915820605585
0.0014678536963656386
0.0014643784626858683
0.0014625392556441095
0.0014624205876833658
0.001462486512991099
0.001461707336230492
0.001461486532594731
0.0014606858620039244
0.0014600719680682697
0.0014593510465906179
0.0014588000561010814
0.0014576005398289666
0.0014685181435637102
0.0014679364193415374
0.0014658487495869212
0.0014667160285445425
0.0014661436934933045
0.001464396896693161
0.0014683559247676064
0.0014617595986330834
0.0014609196506283886
0.0014608914439703856
0.0014608569280605303
0.00145973961285486
0.0014606158394722252
0.00145876344583193
0.0014543176518510411
0.0014553067346728449
0.0014549619092363913
0.00145387554112085
0.0014538807858134222
0.0014532237927944703
0.0014549758266616233
0.0014538701661485993
0.001447267532264897
0.0014538375562025165
0.001454415954483219
0.0014588876080657135
0.0014578502330253893
0.0014576239087208782
0.0014635664261506663
0.0014595269720953266
0.0014590581131123078
0.0014582215785861107
0.0014557213985394934
0.0014555937475920831
0.001453561537330897
0.0014542309642078042
0.0014515362492775474
0.0014510961464212705
0.0014533524460692046
0.0014510051060808468
0.0014510358635074323
0.0014499701429384814
0.0014491798449641682
0.0014475362258155597
0.0014469735969968446
0.0014478474981683034
0.0014472436433546165
0.0014527621879483151
0.0014561321623438573
0.0014554421555537523
0.001468698990478077
0.001467847490656643
0.0014694708634463592
0.0014500422652247071
0.0014511610508502221
0.0014530605522919688
0.001452443933618876
0.001451211851504548
0.0014508216394908617
0.0014500444737600086
0.001448706441934002
0.0014483455517887327
0.0014530806305339686
0.0014699839536738409
0.001470106281912067
0.0014687039591067654
0.0014685629425931076
0.0014680412318885025
0.0014731883795285829
0.0014672868676092357
0.0014675101634593517
0.0014664325508760554
0.0014649065192911584
0.001463451914508761
0.0014578386449942081
0.0014586027709388057
0.0014561914830033172
0.0014561786542791105
0.0014525127507695674
0.0014517190524486994
0.0014546949582247165
0.0014508845857595922
0.0014503040190221557
0.0014442943136833615
0.0014439775096144233
0.0014431429356668835
0.0014466895911456647
0.001445800725388641
0.0014442096446572955
0.0014404046331472512
0.0014399121835252445
0.0014410270109145305
0.0014423888022946625
0.0014415893243366511
0.001441114792601379
0.0014418442460753856
0.001437222256760626
0.0014381328338107524
0.0014350671969931453
0.001436771210921541
0.0014344246120796174
0.0014360937346069268
0.0014350055819208002
0.00143439575788276
0.001434984981662676
0.0014342635012319813
0.001434020731248893
0.0014357968736279391
0.0014343419629116207
0.0014335311077457507
0.001426222458241385
0.0014289553309104305
0.0014305879408016183
0.0014299128740201525
0.001412135002427097
0.0014130686424010692
0.0014249872683010413
0.0014251656322750948
0.0014309322064063102
0.0014304574537971613
0.0014253612325453252
0.0014252239644455193
0.0014235735933819705
0.0014247128816970449
0.0014153430375970285
0.0014148606218872513
0.0014137008308367138
0.0014129471692301931
0.001411747877040957
0.0014080942011230856
0.0014070087138070297
0.0014086444059503262
0.0014082816483959018
0.0014056536387131596
0.0014002528035723576
0.0013994460745736606
0.0013988662396501872
0.0013953553543034742
0.0013952826588292055
0.0013928469995872354
0.0013894699327874436
0.001384001322022631
0.0013835444233783103
0.0013844081492006373
0.0013838082153427894
0.0013947179399329144
0.0013938671516338834
0.0013933355588340985
0.0013897419415404473
0.0013866664222121317
0.0013866520876909612
0.001386562938851177
0.001387520533306044
0.001387029330749421
0.001385227661455186
0.0013881144457222915
0.001387745083890507
0.0013864172892193863
0.0013885827726042561
0.0013856772778168787
0.0013890027844563847
0.001388571656149763
0.001391591900773428
0.0013917616561771838
0.0013925938473780246
0.001392382233652968
0.0013855411949021338
0.0013850898199040673
0.0013849715966091764
0.0013843099833628423
0.0013831806489444565
0.0013456885876450752
0.0013454369607314757
0.0013429076733245103
0.0013420507089131628
0.00134091335396361
0.00134011752203321
0.0013388946507793256
0.0013361639156073486
0.001334285201261206
0.0013335450171826093
0.0013281079369366843
0.0013258416362901427
0.0013253847034749716
0.001326582269057686
0.0013268940114572723
0.0013250419776899337
0.001324961566763714
0.0013282540283676252
0.001328622240486059
0.0013286062241707878
0.0013300646077632385
0.001325994647513886
0.0013259321548783163
0.0013258625478027245
0.0013244558581748853
0.0013236582046186112
0.0013222922036993398
0.001322902796005847
0.0013231873698705862
0.0013233184425812208
0.0013230987904597879
0.0013264371876491815
0.0013243661697687331
0.0013228307242004224
0.0013182714603142125
0.0013316614245707983
0.0013317168788774324
0.001330217203149823
0.0013294089663115404
0.0013287111885894962
0.0013281220476837072
0.0013354861802143947
0.0013339505514482351
0.0013225545113860072
0.001320247530762673
0.0013194617412536174
0.0013149398291778661
0.0013147925342000086
0.0013126445870703222
0.0013087518466877945
0.0013070984342611611
0.0013037903519072921
0.0013032529016618294
0.0013051400978145624
0.0013058496943928093
0.0013049304659323495
0.0013034722401007459
0.001303347091085958
0.0013023414464381476
0.001301433771966434
0.001299157234235728
0.0012980755516088273
0.0013020684047016892
0.0013027372604269274
0.0013018892719426206
0.0013004407952509984
0.0012996571654068875
0.0013004320278612853
0.0013006286068793416
0.001300741077273227
0.0013004229097702104
0.001297791551138651
0.0012964374471237396
0.0012913238374126993
0.0012912941247015244
0.0012902519092196129
0.001288627557697002
0.0012884965366819667
0.0012874902890011146
0.0012860007766605159
0.0012876761798699752
0.0012866901068326437
0.0012865931199196891
0.001273218854887785
0.001272803135298622
0.0012724887889956984
0.0012717708679567186
0.0012709803491716054
0.0012711662355537458
0.0012704649669989876
0.001267876884615846
0.0012704345418748752
0.001272228228803207
0.0012721717292539677
0.0012801399619111332
0.0012821325592367707
0.001281333648902094
0.0012841086696428997
0.001283483654958009
0.0012828572735587274
0.001282741113372976
0.0012589066543229597
0.0012585773967724533
0.0012595987056413746
0.0012506685569850715
0.0012497571806276597
0.0012555771450062608
0.0012568623069466906
0.0012567999116835436
0.0012329017929495045
0.001233554529402078
0.0012329033248452167
0.0012355406485845188
0.0012344747227024627
0.0012336940023235147
0.0012391442109045568
0.0012437371373522463
0.0012428765828557005
0.0012427107288496965
0.0012422411143584067
0.001245725756221023
0.001246851183514771
0.001246837465373011
0.0012395027572312972
0.0012385983815913536
0.001238720762579778
0.0012391151247670134
0.0012382718715213254
0.001238099569508474
0.0012382199613678456
0.001237156015885987
0.0012349034973503613
0.001239198933356811
0.001238670348284677
0.0012384698598598425
0.0012302241498888286
0.001229352845243888
0.0012299886536143306
0.0012300557669474687
0.0012273284421507563
0.0012293785489744604
0.0012285601996963095
0.00122726737170578
0.00122206422012025
0.0012225351240324875
0.001218803390169778
0.0012179984891913392
0.0012172832590417444
0.0012212292078702207
0.001217289763448331
0.0012126634296542851
0.0012059230851747427
0.0012058233626552261
0.001205098388510877
0.0012060881685185163
0.0012149896135840977
0.0012108456526046106
0.0012102097098859526
0.0012049563822113232
0.0012043974726073038
0.0012125010441585442
0.0012152004121239676
0.001209060299431274
0.001211123038415111
0.0012107555065303717
0.0012194156377399567
0.0012190409149582355
0.0012193707903179838
0.0012201432001370683
0.0012222818234400485
0.0012214843383120102
0.001222103789652397
0.0012302505342701995
0.00122750688312862
0.0012286253480654071
0.0012244359718232036
0.0012216013863446196
0.0012209830513880743
0.001220082579036509
0.0012195963374222118
0.0012182751183123204
0.0012179830568352626
0.0012123892104470564
0.0012102657398047423
0.001209247856013208
0.0012086500477670801
0.0012082550105750522
0.0012082826940393548
0.001207811808406105
0.0012073468960862137
0.0012052173459573374
0.0012041375975462693
0.001203137182281027
0.0012024880069630298
0.0012035227648638034
0.0012038484434102983
0.0012034374804947158
0.001204248025882919
0.0011987149286130417
0.0011974967233805344
0.0012045975028404934
0.0012050346285985725
0.0012038794846443005
0.0012027254984561422
0.001202013502330864
0.0011777459474465743
0.001182104934444469
0.001180332935101025
0.0011779545772199701
0.0011786480800732911
0.0011771711513923974
0.0011755265592071373
0.001171188140757242
0.0011738066811710745
0.0011718171366906364
0.0011781914113705235
0.0011798443149848967
0.0011793220941704826
0.0011797491235042959
0.0011796124125558489
0.0011783390872069637
0.0011781390264477996
0.0011838078300779058
0.0011853718134640675
0.0011892860306252516
0.0011891264346287984
0.0011884029522567913
0.001183247255584563
0.0011848421340031668
0.0011817577394702427
0.0011797255800451666
0.0011726822527733667
0.001167248052766323
0.0011655913017750831
0.001167347868902859
0.001166316631467932
0.0011656997178581944
0.0011658159360833846
0.0011625651919081384
0.001161115520333215
0.0011603936217272058
0.0011610095241253425
0.001160980505175406
0.0011585091606346083
0.0011480230205712493
0.0011491881964691057
0.0011490066245134277
0.001147683703842917
0.0011482367338683792
0.0011511109142505842
0.001150222039660285
0.0011497778965111065
0.0011502310854708815
0.0011496612085378796
0.0011473169292884066
0.001146968768312404
0.0011437522858236894
0.0011432791039694859
0.0011427927699459177
0.0011415742018977392
0.0011337420902290294
0.0011331448871852753
0.0011270276152623821
0.0011272069013559824
0.0011272969011773203
0.0011295881424950819
0.0011333358195027474
0.0011320857625871455
0.0011307097400979282
0.0011771671954801642
0.0011762468340350577
0.0011762152040071905
0.0011754059203292718
0.0011759868864745593
0.001175248481730496
0.0011745977158793028
0.001167640606059965
0.0011670440851332447
0.0011678150280872825
0.0011675128698896526
0.0011660658907118563
0.0011647354005227865
0.0011642580136209503
0.001163807757436304
0.001160018057149261
0.0011594597255930928
0.001158772852860066
0.0011580499494893302
0.001164208988461885
0.0011684504091789246
0.0011673854241003724
0.0011671816638223179
0.001167376060089531
0.001162515474772767
0.0011614922904224331
0.0011590991962335878
0.0011551745891161323
0.0011552989128424936
0.0011552728610864052
0.0011467627775719144
0.0011463308804585358
0.0011465254711498637
0.001145928588739258
0.0011683872363576727
0.0011689159043664916
0.0011704588663503678
0.001169786691833683
0.0011692343457939717
0.00116866158617221
0.0011678866893253302
0.0011679458242668708
0.001167869897789478
0.0011675368632488557
0.0011663808316299455
0.0011673097092568987
0.0011669353921658653
0.0011661253120752095
0.0011638645150866742
0.0011640682747506618
0.0011631342123626092
0.0011628239282611625
0.0011621359803665999
0.0011615371796264461
0.001161212389459371
0.0011600489034036443
0.001150118414497132
0.0011516928807284515
0.001153093240656259
0.0011512463547302648
0.0011502717692222677
0.0011501337098811322
0.0011470797783782688
0.0011469638251538719
0.0011441652808726601
0.0011440125223898827
0.0011489233870026019
0.0011478537506240296
0.0011456236745834717
0.0011453300271921907
0.0011449780244764715
0.0011421321922509976
0.0011421572445615813
0.0011403012610922863
0.0011275892713561453
0.0011147581341322602
0.001115624068519837
0.0011145662306766009
0.001114353200172502
0.001113551301643415
0.0011136190679398392
0.0011137785896084343
0.0011134765438193062
0.0011142210765259473
0.0011163822578590383
0.0011136949454775824
0.0011159934822172002
0.001114901280574542
0.0011129052222756627
0.0011134467617742894
0.0011111505325774574
0.0011111345880979008
0.0011106597997160982
0.0011118242620129415
0.001106874998235669
0.0011063293331793913
0.001105644846269942
0.001101842702533454
0.0011004258750185252
0.0010989485667617553
0.0010963243720546472
0.0010998328454401697
0.0010992670221356535
0.0010958021085754925
0.001093993611963441
0.0010941832006265107
0.0010989617411797281
0.001098958711522249
0.0010985254118250295
0.0010980877121874696
0.0011106538775073594
0.0011101477356297979
0.0011114034387795606
0.001116627336420995
0.001116761347233486
0.001117437450028366
0.0011141514169513572
0.0011133895481103822
0.0011126998845488894
0.0011106746419184443
0.0011101033861535788
0.0011108801372648137
0.0011108366234355868
0.001109976998811949
0.0011098175592067247
0.0011100490019644938
0.0011435021331110636
0.0011423127743490447
0.0011408485779032728
0.0011404992949878995
0.0011421358678013716
0.0011449689243973828
0.0011461933136904516
0.0011755949419095955
0.0011743451289895205
0.0011737591957081605
0.0011752842364794764
0.0011743256392666274
0.0011734591337203345
0.001174272293051647
0.0011727845940839692
0.001173152167488029
0.001172800348300636
0.0011714736451577553
0.001174618814435496
0.0011766100102228256
0.0011764032203728236
0.0011775683603801553
0.001177303935880652
0.0011768731681586159
0.0011775383220960255
0.0011755664588769586
0.0011818062153921567
0.0011835679745560007
0.001178840919493151
0.0011777368622578224
0.0011777317310814968
0.001176123082024282
0.001176239316773959
0.0011750457930238287
0.0011748218512613827
0.0011749385637478882
0.0011746090546113591
0.0011739555952254316
0.0011705499167683178
0.0011688481677984963
0.0011684909884146651
0.0011676497281169248
0.0011674163709878215
0.0011389576166798898
0.0011391337317141557
0.0011401812192005174
0.0011386498565018968
0.0011384961436501945
0.0011376990192144844
0.0011402617154185786
0.0011389018986675832
0.0011406309452864376
0.0011435736686865776
0.0011425249989566958
0.0011419398567436288
0.0011410523233811505
0.001140585821891469
0.0011356521043114193
0.0011363753106127437
0.0011366211942568955
0.00114001970239087
0.001139991258826185
0.0011413184869684732
0.0011407167100675123
0.0011410430305602683
0.001142370989999936
0.0011418823956629715
0.00114173619696626
0.0011433532688252162
0.001143922835234423
0.0011434223375829033
0.0011449569488932243
0.0011454883349142498
0.001143975416423934
0.0011427696282087843
0.001143224120021289
0.0011454392505087048
0.001150793935162135
0.0011501260674915783
0.0011438800871216126
0.001143978158541008
0.001150188206965216
0.0011538553243773159
0.001198621831472444
0.0011984190840306631
0.0011976554023123691
0.0011976061139905346
0.0011972573897495932
0.0011950138795673183
0.0011944245156774792
0.0011914220519942302
0.001186896737257098
0.001186405755492015
0.001185784422494868
0.001184411589570416
0.0011879418447540767
0.0011972931965078513
0.0011995388402722827
0.0011964911972382464
0.0011966749198880026
0.0011924190205373822
0.0011925529447322754
0.0012085167647082513
0.0012077319286453757
0.0012093233280869697
0.0012026649775268012
0.0012133966380242502
0.0012128201828843978
0.0012112874086547527
0.0012173619091644188
0.0012195211615950647
0.0012190978650232758
0.001218286906529848
0.0012138122541815218
0.0012117118179949772
0.001211068224172
0.0012103911446665373
0.0012096813198883233
0.0012122448461026848
0.001211376593814731
0.001211520555047493
0.0012106346059326633
0.0012111312118773562
0.0012064669367413095
0.0012062141993024959
0.0012036951143748556
0.0012038392726854022
0.0012027807922210404
0.001202356833739611
0.0012030683759953642
0.0012028016690447598
0.001201917555212103
0.001201363680279387
0.001200842176366066
0.0012003668294912216
0.0011999420829136211
0.0012002658539380438
0.0012000755925997218
0.0011998594612310479
0.0012011638743707684
0.0012008015369000744
0.0012052312903926728
0.0012048675304816958
0.001204635083898328
0.001229288366700908
0.0012231420877929242
0.0012228211050586426
0.0012269497954402154
0.0012280867317798377
0.0012294711383218436
0.001228484676660292
0.0012305759924107708
0.001230244708903291
0.0012294217518640151
0.0012257066750957107
0.0012244672349341706
0.001227923271817874
0.0012278316839030958
0.0012274326202935373
0.0012331292756204155
0.0012326963303398643
0.0012327525528516375
0.0012333064361070188
0.0012328297823144725
0.0012316014401152198
0.0012293402779591602
0.0012288221043956064
0.0012281756318878107
0.0012302618125580663
0.0012306193235830623
0.0012308255617256363
0.0012326458534208627
0.0012336728083807314
0.0012336392278258796
0.0012328552244931885
0.0012325190012812887
0.0012309269568701656
0.0012303914034947814
0.0012322802355579103
0.0012319754826373317
0.0012313095668903648
0.0012307479270948778
0.0012321990246236879
0.0012301906121876297
0.0012301759476756001
0.001230714942140981
0.0012424868419324373
0.001242279052147346
0.0012417080801010567
0.0012410514098806715
0.0012401525154140424
0.0012408310211904216
0.0012409573144024104
0.0012467309125422195
0.0012459173452992315
0.0012251713169500091
0.0012262661431479422
0.0012270006698639063
0.001226287699085251
0.0012255529140267644
0.0012261261767503515
0.0012277406492953462
0.0012254897297373968
0.001223618468861853
0.0012252812602694342
0.0012227670266451633
0.0012225443896999664
0.0012169978993811592
0.0012121854489924257
0.001211774751698059
0.0012101515371226096
0.0012104576176635495
0.0012099362209732234
0.0012115945620933834
0.0012098032682506755
0.0012094046913751267
0.0012103203338294252
0.0012105577406341006
0.0012095631883060763
0.001209297530759634
0.0012089156860167814
0.00120856962626294
0.00120686697765301
0.0012069796765958637
0.0012073477766219658
0.0012100052954100524
0.0012100090385628226
0.001209165207519671
0.0012122715934419998
0.0012119603722723974
0.0012146290611222837
0.0012205099441421699
0.0012204894789675774
0.0012198446885391095
0.0012182357178364945
0.0012177946963650022
0.001216780884874933
0.0012164149644031085
0.0012142195205079537
0.001214489243730001
0.0012033162728630124
0.0012038194460603918
0.0012047381320520194
0.0012291735243456126
0.0012270626273510421
0.001226595082292612
0.0012531473404120586
0.0012533889461310553
0.0012503579756628525
0.00124991789278472
0.0012503886455290736
0.0012489982587727774
0.001248438357683142
0.001248998805298859
0.001247747370691512
0.0012461137852678953
0.001245142009381903
0.001243370947382139
0.0012442853454271885
0.0012443156628505604
0.0012444209995782262
0.0012443390559558022
0.0012443235695142696
0.0012442552022047626
0.0012435706992661674
0.0012423251398927379
0.0012433684997014962
0.0012416736117092726
0.0012411737272155414
0.001237662018080997
0.0012366044361450336
0.001236182941664206
0.0012379159755525767
0.0012377877163586473
0.0012363473588183095
0.001234731714930606
0.0012298723464072125
0.0012288549687772814
0.0012289646924063481
0.0012219472054656984
0.0012219412633540149
0.001221860334784922
0.0012215737176393601
0.0012193442084960206
0.0012167326082951342
0.0012166967016345627
0.0012161035314569386
0.0012150500332037603
0.001214873545664544
0.001215181795340508
0.0012155466283534134
0.001216381159253852
0.001215374208773591
0.0012151435440116616
0.0012137083577306038
0.0012127783234826847
0.0012124742709146799
0.001211981180714291
0.0012096063885794397
0.0012092661050035639
0.0012039852256436133
0.00120145774380652
0.0012007157276891507
0.0012017829804416619
0.0012016731853427055
0.0012009666572674103
0.0011986987863395794
0.0011978730212503308
0.0012197528801696311
0.0012223420637204648
0.0012188246555673353
0.001216704723073042
0.0012135483220957653
0.0012117790443368888
0.001212556270650542
0.0012087011461056462
0.0012109375358846566
0.0012108822310747621
0.001216141607549446
0.001218850866429224
0.0012200898711267742
0.0012185136058029773
0.0012159812989879471
0.0012152837249955366
0.0012138410370079776
0.0012116237994862342
0.0012403423991861895
0.001238348291451909
0.0012380901947491108
0.0012379011530956276
0.0012446479490563075
0.0012428214275323234
0.0012424284182123429
0.0012422368075861551
0.0012421323836237842
0.0012411513450020768
0.0012402737222269099
0.0012404395850086842
0.001239958620318845
0.0012396886003715707
0.001240398955582172
0.0012387226979073567
0.0012382390680015557
0.0012367321649848642
0.0012504374172740834
0.0012502510523028894
0.0012484067521972139
0.0012487745735348301
0.0012480099344446128
0.0012464763227481841
0.0012465964168677168
0.0012456212256682913
0.0012441239839937972
0.001243744288118519
0.0012434167054936008
0.0012395361366028944
0.001238446262472125
0.0012388754941680168
0.0012497957473365864
0.0012481539737296467
0.0012527622015277885
0.0012522659313857702
0.0012485548486301059
0.0012467538933469545
0.001246264263183565
0.0012457168258005694
0.0012437919756426027
0.0012431506246879185
0.001243695307972936
0.001243709358267432
0.0012430356954939012
0.0012424540471636383
0.0012415940385131212
0.001242677273885962
0.0012497410464230266
0.0012491350597675821
0.0012488265541650819
0.001246628507789395
0.0012447622230425481
0.0012422584362351183
0.001241285251177437
0.0012403659960754435
0.0012394600146234838
0.0012402872473122326
0.0012408476804456263
0.0012426570889662605
0.0012425066380039825
0.001240574752009376
0.00123670336105117
0.0012346687998980486
0.0012342451297149457
0.0012339732470885447
0.0012338343081078054
0.001232502659565208
0.0012318100659766448
0.0012310914202139614
0.0012304379935655868
0.0012371973113932165
0.0012352433943667186
0.0012343978515400882
0.001233831620346625
0.0012338655108266874
0.0012364846119504113
0.0012354574304837295
0.0012348517152698073
0.0012354479687234064
0.0012369298378758185
0.0012366483515895118
0.0012359369920222274
0.0012367470177359527
0.0012369033569311228
0.0012364373870714805
0.0012361183667060757
0.0012357633637843052
0.0012355638304596352
0.0012371077260831958
0.0012360066782866022
0.0012355874780269158
0.0012342522386449778
0.0012346660960892012
0.0012325584520266682
0.0012319985105959518
0.0012301746400810542
0.0012307052607547979
0.001226351852628682
0.0012251134461171052
0.0012247924740647013
0.001224894039316361
0.0012239499258025399
0.0011667506897797039
0.00116587099547151
0.001167792745696069
0.0011674639857580207
0.0011669459339626036
0.00116636583019025
0.0011660420993125748
0.0011709736268612947
0.0011707458439660944
0.0011702987304866215
0.0011688111999668884
0.0011682664491364275
0.0011671352604328334
0.0011687755209873524
0.0011780165438787316
0.0011814715534031242
0.0011954444545499608
0.0011949742749585832
0.001194732706285282
0.0011922235371904708
0.0011925728433990787
0.001192843969569472
0.001192346351824283
0.0011915209953900063
0.0011918425494442065
0.0011906759721042508
0.0011894606283728605
0.001189118211782051
0.0011902869780533601
0.001190085500938026
0.001189751054303215
0.0011897874294555047
0.0011894245398283323
0.0011895720734799071
0.0011888994162351152
0.0011871500481766299
0.0011877828961587514
0.0011867184656356596
0.0011856742926630174
0.0011890739151186932
0.001189651516006946
0.0011892015770069962
0.001188463187348138
0.001187627055297965
0.001186984033950912
0.0012030398363131287
0.0011990460153045418
0.0011984825965306338
0.0011966845566896297
0.0011959848036576105
0.0011958470574637758
0.0011954363926869602
0.0011951850498773135
0.0011951189672031186
0.0011950130504355737
0.001194728052789814
0.0011941895923624633
0.0011934606872319622
0.001192478166826807
0.0011925443686043949
0.0011905149977106482
0.0011921138661284757
0.001190976155018096
0.0011905812113430783
0.0011890737921729383
0.0011889875034775156
0.0011891726377795738
0.0011890557737161283
0.0011886788742797659
0.0011879840099211511
0.0011877023060599158
0.0011876898144537755
0.00118595366321812
0.0011847824635526076
0.0011845647658283802
0.0011827850008733706
0.0011804988457683372
0.0011904276985060306
0.0011903510741721867
0.0011897295170596783
0.0011889397455028747
0.0011905321529545397
0.0012041650031172702
0.0012029646598961342
0.001201265684797184
0.0012007421902353967
0.0012022525865995717
0.0012010736406313967
0.00120072606661778
0.0011999460095482278
0.00119538566496169
0.0011948451711908843
0.0011944225566977037
0.0011940542423004598
0.001194498347308073
0.0011935942065076392
0.0011894503012125478
0.0011902099319512397
0.0011898314536969129
0.0011915771392251586
0.0011918347393225848
0.0011888990232000955
0.0011876107689014195
0.0011884498279791987
0.0011882662495800332
0.001191338298776185
0.0011915978786938876
0.0011915587101665557
0.0011942569015604989
0.001194786392372915
0.0011944456811477141
0.0011934930056468022
0.0011938025508532572
0.0011935810663265397
0.0011932338220413735
0.0011924794120895972
0.0011914024907767092
0.00119124053333894
0.0011958174746827246
0.0011957176964934174
0.0011953717439655061
0.0011984412643776532
0.0011982393217633293
0.0011979256542092231
0.00119799293906487
0.0011971597609327248
0.0011989557386186806
0.0011974936700295852
0.0011981656973932742
0.00119644454388672
0.001196071182744361
0.0011882893780190073
0.001187661277583106
0.001187050917762472
0.0011900740595942134
0.0011879485579525096
0.0011873953158994081
0.0011872792640004182
0.001185366465927006
0.0011844573700752962
0.0011838681899371706
0.0011836199200711808
0.0011842997691146658
0.0011838764436315323
0.0011819977381269458
0.0011817736372657936
0.0011806869328668732
0.001180824804823864
0.0011795197259750023
0.001179117764970265
0.0011788865749488612
0.0011772908200875331
0.0011779321005840036
0.0011773007181949517
0.0011757769323932838
0.0011761814509239623
0.0011750231537263395
0.0011741285622309616
0.001174253637310295
0.0011737743321707829
0.0011728525905082038
0.001173555174178645
0.0011723115339508016
0.0011716348598072121
0.001170983154039477
0.0011804106170260824
0.0011803227593412818
0.001179767459806709
0.0011773753442482957
0.001176587651507865
0.001175950605314814
0.0011755037883977404
0.0011750515641291265
0.0011749312826966752
0.0011751238033005896
0.0011746024539137868
0.00117542378891116
0.0011738793823785779
0.0011734875625974102
0.00117308142140415
0.0011726573077501252
0.0011723306416908416
0.0011714241113578718
0.00117129432652917
0.001179695999914988
0.0011824158291294615
0.001182538869307435
0.0011823190812781724
0.0011826675052296698
0.0011822978419133267
0.0011808465959280668
0.0011871806105432218
0.0011877127381551768
0.001187824650322025
0.001188618957058256
0.001188232621815204
0.0011881862240314177
0.0011866251194609628
0.0011856468210487458
0.0011839248761447215
0.0011833994468044512
0.001183087807488461
0.0011824529135398027
0.0011824550672693936
0.001181967195604009
0.0011814697909678705
0.0011829999215500829
0.0011837092176379767
0.0011832439713560313
0.0011829609944159134
0.001182644364946275
0.0011818857993221607
0.0011811563239849203
0.0011803808891344828
0.0011777961330844517
0.0011772212986432562
0.0011899268342167727
0.0011846042996421977
0.0011843296606490218
0.001183699345857402
0.0011833769973235418
0.0011853463896677673
0.0011847097764950067
0.0011831634363630456
0.0011817698956977049
0.0011540015852260466
0.0011539127177729303
0.0011788807026337032
0.0011783122858707341
0.0011780596982806204
0.0011830564160184394
0.0011808109213780808
0.001181227078856197
0.0011809078122240206
0.001179018206257558
0.0011790311030078092
0.0011783237810248405
0.00117804623793605
0.0011763191123029806
0.0011760340689106464
0.001173685483170444
0.001173137702323164
0.0011739424457090566
0.0011747642833381867
0.0011745853929831685
0.0011739523535585423
0.0011741599742934015
0.0011737766365848136
0.0011730285201978737
0.0011719447749605897
0.0011721073022058217
0.001167041974993775
0.0011674244887564854
0.0011673248190543657
0.0011660702939544792
0.0011638408579707647
0.0011634045759433948
0.0011626858148578196
0.001162800432401837
0.0011631849027632475
0.0011637778292447293
0.001163437605908798
0.001163091558590954
0.0011630987927702978
0.0011661045727424594
0.0011590314566473155
0.0011547753619267445
0.0011547233126457416
0.0011546220656955344
0.0011544506713015228
0.0011550911007550946
0.0011537943363846249
0.001153523164697435
0.0011530517347238202
0.0011541357491539057
0.0011525570165993404
0.0011521364112906957
0.0011520903326433475
0.001153557696410783
0.0011545637285555702
0.0011533591007788378
0.0011548780412894975
0.0011549565097812738
0.0011546422128811274
0.0011513340488530379
0.0011477527046042137
0.0011477080071242273
0.0011463298107745512
0.0011464249011467799
0.0011465692506067787
0.001145749667012485
0.0011439422426352819
0.001149280024557751
0.001155204074779166
0.0011531188867311506
0.0011520203899849804
0.0011517351221020458
0.0011512036045420566
0.0011469818020885644
0.0011462896879415676
0.0011432979783440817
0.0011440811702161078
0.0011433105528105816
0.0011423429557781417
0.001142049596753147
0.0011400671220908173
0.0011397057694804396
0.00113897605006623
0.0011386664367322868
0.0011382050675682598
0.0011384929733662637
0.0011389375499124238
0.0011376871110216355
0.0011371245956899034
0.0011312955894483613
0.001132023757029429
0.0011306884409080017
0.0011338002633889774
0.0011334830587529869
0.001132527393292524
0.0011241106254531717
0.0011182178477669427
0.0011188355097152306
0.0011191162842377942
0.0011019323343994906
0.0011009485546991063
0.0011009889217094449
0.0010973230569221808
0.0010985071675117918
0.0010995018237841755
0.001099280632560054
0.0010986450369810637
0.0010946277381037076
0.0010944991098057254
0.0010942322858791768
0.0010938769302774752
0.0010922044477247536
0.001089636001045346
0.001088853547228454
0.00108788790095485
0.0010874614287028437
0.001080313384586926
0.00108050986079678
0.0010787735166395923
0.0010785629783535426
0.0010780616352841926
0.0010778679156655255
0.0010773475612795775
0.0010766859685640898
0.001074932831067461
0.0010746843105787296
0.001074850559320714
0.0010741186304641067
0.001074762817827964
0.001074168929450821
0.0010741321994152322
0.0010756443459655522
0.0010755391909810941
0.0010766207058409227
0.001076307338236071
0.0010716285649780893
0.001072520501610134
0.0010723263449683984
0.0010733735647994306
0.0010723586173062966
0.0010723843888817868
0.0010800696654518244
0.0010798670013914236
0.0010793437088558481
0.0010800880874129988
0.0010823873047873709
0.001082334103781953
0.0010819887867865577
0.0010812572802813348
0.0010816183364839326
0.0010808148315008482
0.0010804765630095816
0.0010816069137334647
0.0010803455060937606
0.0010863834673400438
0.0010856328851192333
0.0010817354332651682
0.001081752223957004
0.0010794845946094
0.0010785335575073615
0.0010803633015801135
0.0010829388780818731
0.0010825375293225107
0.0010821088748248194
0.0010814613690010922
0.001080728154093242
0.001080269549063909
0.0010794897851672597
0.0010792708100250074
0.001083847679011087
0.0010834964306690473
0.0010827488147070248
0.001082583610373773
0.0010816545250681665
0.0010845139449912789
0.0010836982302901803
0.0010919698717274315
0.0010913031171833902
0.0010886156759205314
0.001089264553102247
0.0010889730426105004
0.0010946772431246008
0.0011236991228182206
0.0011224226729753242
0.0011225020268418422
0.0011221962201110219
0.0011183604025587464
0.0011182257749509858
0.0011179572585877423
0.0011178196431802531
0.0011186064490602133
0.0011186111113048304
0.001120486232237365
0.001119886149208758
0.0011032022239828249
0.001102533786345703
0.0011022698246894343
0.0010987526006479488
0.0009876596199703124
0.0009910755123158793
0.000990992312077273
0.000990222605238972
0.000990360694640798
0.0009901732130865282
0.0009898422255767362
0.0009859506881554198
0.000986276468012827
0.0009861578036247942
0.0009854446792682183
0.0009917759137709683
0.0009891952802494695
0.0009883220838530417
0.0009876400289047461
0.0009870891739295878
0.000986844214485658
0.0009859866107423958
0.0009856248300724945
0.0009863638515321355
0.0009861016623657628
0.0009823073783932997
0.0009718216584745355
0.0009698370243098951
0.0009684189515033644
0.0009671303718945001
0.0009674622668918547
0.000968536837096052
0.0009665807037464729
0.0009673353441314099
0.0009674804231334315
0.0009671693765799097
0.0009639401179194921
0.0009635106184573961
0.0009631900371995646
0.0009629871987769069
0.0009618808577055678
0.0009601730816226851
0.0009601622897931343
0.0009597106154269284
0.0009598206020514465
0.0009579110827123944
0.0009591205040384624
0.0009596106382199063
0.0009596384206627913
0.000959757726338981
0.0009598171982873987
0.0009616816583023334
0.0009620535536385058
0.0009633241144507386
0.0009640703328620893
0.0009599519121391379
0.0009587717518583371
0.0009591547418380883
0.0009593058073814674
0.0009564066153050588
0.0009611120235235875
0.0009626566284459823
0.0009499143417129653
0.0009498845594763217
0.0009492015696764329
0.0009486157100417901
0.0009490660767396812
0.0009460320999601716
0.0009458614620487761
0.000945419747183346
0.0009445996567252609
0.0009434437180464414
0.0009356347746036538
0.0009376522713231121
0.0009362083554752588
0.0009365152921977089
0.0009358835571119924
0.0009356624139848532
0.0009332922508098854
0.0009318969107055657
0.0009317901847759879
0.0009321526708183478
0.0009322854235581861
0.0009317004336746355
0.0009266689863239853
0.000926926274739795
0.0009265931378346506
0.0009254669776105628
0.0009191143163500763
0.0009188694944667265
0.0009184083349192325
0.0009197820469109811
0.0009188100538128215
0.0009188574133936885
0.000919254535262004
0.0009185312189723767
0.0009186670063269129
0.0009174649318760021
0.0009170218730272331
0.0009174606175693524
0.0009154041835373578
0.0009149371572031386
0.0009254602029251237
0.0009258266786588583
0.000923261217387609
0.0009233755533785509
0.0009238159462513517
0.0009225190202534456
0.0009219717319686242
0.0009192033514223762
0.0009145595221638674
0.00091415323232407
0.0009155440642040117
0.0009161793751953037
0.0009157993601237556
0.0009151803756578789
0.0009149714763764463
0.0009137796488078629
0.0009139513633712568
0.0009139185658748058
0.0009132734737219722
0.0009091758060647996
0.0009113215228022557
0.0009102087073948391
0.0009096172867685803
0.0009097369201244246
0.0009095330972697071
0.0009103597106297227
0.000903965740475789
0.0009064502978093342
0.0009076150684524847
0.0009076451416034035
0.0009074142535801088
0.0009073221866503049
0.0009061864623191175
0.0009039143436538865
0.0009029026909824261
0.0009026852799110825
0.0009024509441566417
0.0009007685880880002
0.0009000454418370029
0.0008993692700098864
0.0009028675359476605
0.0009026886743806237
0.0009022774598880839
0.000902390410813873
0.0009027165736175522
0.0008967814505942205
0.0008973668569787198
0.0008970440737111892
0.0008973450853628638
0.0008928299897993467
0.0008921053852257128
0.0008920149230541467
0.0008913011387268118
0.0008894816181788829
0.0008904674006261679
0.00089008781712035
0.0008889610446023362
0.0008897921633121364
0.0008894089883333306
0.0008890594580725791
0.0008808214231109889
0.000879719620552823
0.0008791890068843975
0.000884025305576983
0.0008847358178524819
0.000884820303541051
0.0008857443790957027
0.0008848370310873805
0.0008832469680530616
0.0008831003393350261
0.0008829286390161876
0.0008715135771904814
0.0008708713619829815
0.0008610296184606938
0.000860380741361858
0.0008613983939527791
0.0008584545388869955
0.0008579115374212459
0.0008577694857558477
0.0008583712623896187
0.0008577938106180982
0.0008559148161735434
0.0008558920150007327
0.0008552660377783799
0.0008666102722333726
0.0008665989437534053
0.0008659705263611777
0.0008657548532761718
0.0008645655180897728
0.0008664628039481338
0.0008659478995168502
0.0008654069570145166
0.0008652222564878654
0.0008651207600458824
0.0008644452854519336
0.0008651870363033796
0.0008653429048416853
0.0008645643720443148
0.0008713570175441365
0.0008643083102520149
0.0008638245971762598
0.0008640038242108322
0.0008634441148155672
0.0008631358044085122
0.0008613256148355975
0.0008615979696422435
0.0008610104520341544
0.0008605724686773314
0.0008597321790520528
0.0008467629464424441
0.0008466236306468956
0.0008426038551555176
0.0008425049091223909
0.0008406069453392362
0.0008384108990460799
0.000838372180744773
0.0008382450614687187
0.0008379338878357364
0.0008383528929984475
0.0008378823583153273
0.0008369654607414222
0.000837902665619729
0.000837723193069914
0.0008375790892889587
0.0008372532263398701
0.0008379839847448437
0.0008378888390341508
0.0008374356440168231
0.0008379831970510474
0.0008383652570796276
0.0008362548579023581
0.000835823259703236
0.0008346432841027438
0.0008332520000431712
0.0008326942657518393
0.0008323730694860211
0.0008318664939019437
0.0008316246475436915
0.0008306618384249901
0.0008306347461562825
0.0008297765445498451
0.0008294757169917417
0.0008292328441425229
0.0008295656950253848
0.0008290945679767964
0.0008281560801281432
0.0008275240675789747
0.0008272528136000532
0.0008265606352212749
0.0008251793677418221
0.0008247006026168462
0.0008231936726247056
0.0008224236681847086
0.0008256160512584486
0.0008256611031621684
0.000824597114212931
0.0008233089276925988
0.000822748373678066
0.0008223302309363
0.0008220658702921127
0.0008212591708239448
0.0008209075588286648
0.000821654210884949
0.0008217027856859192
0.0008215270788920657
0.0008224919006534036
0.0008223676208616147
0.0008221046754137076
0.0008221294618553889
0.0008220107226400283
0.000821934894706583
0.0008218967641316515
0.0008216293347612287
0.0008214876758944119
0.0008146252961226197
0.0008140862276107699
0.0008140786088237051
0.0008142175537168409
0.0008143351918260647
0.0008144396924934675
0.0008141225959026485
0.0008142300961827957
0.0007927426683662886
0.0007923105892199708
0.0007915375412425295
0.0007904393853419621
0.0007901286995565318
0.00078950949937908
0.0007891195704164587
0.0007993214623399035
0.0008018876782605527
0.0008017525643831739
0.0008014279975963183
0.0008017386797371522
0.0008012192163041152
0.0008008281393450052
0.0007985013920005454
0.0007983966355204224
0.0007982588089250254
0.0007978859556856085
0.0007979252289432266
0.0007981374737548747
0.000799114430871839
0.0007987583185652836
0.0007990137841286093
0.0007991760827261863
0.0007985822174282005
0.0007977306053815168
0.0008017924676816698
0.0008015710014371124
0.0008006985687119527
0.0008008442234298743
0.0008008478042980649
0.000800855951653495
0.0008004893742853763
0.000800440878387731
0.0008000736624797108
0.0007996925951799575
0.0007994700136254775
0.0008010450398568196
0.0008007289487636774
0.0007978806012784596
0.0007979647116902338
0.0007976451768074577
0.0007965543018938918
0.0007955398576529703
0.0008033057447516757
0.000802722401898186
0.0008016104345397372
0.0008013578816009864
0.0008015748287433182
0.0008011074932450042
0.000798363207469155
0.0007979292176884816
0.000797184521247787
0.000796799952169481
0.0007967906425834941
0.000798992994992839
0.0007985876958294136
0.0007981210979284593
0.0007975617567351413
0.000797432776988653
0.0007970793107682
0.0007973893495319221
0.0008004153017392975
0.0008003419305150031
0.0008002116065818064
0.0007999447616914191
0.0008032477383005249
0.0008023077880577294
0.0008021908197280023
0.0008030812918884287
0.0007983786208440956
0.0007978886637829412
0.0007967465211897054
0.0007968118472883244
0.000796027800129189
0.0007996459408699969
0.0007996485864903061
0.0007869465959578528
0.0007866936404888203
0.0007868228352334047
0.0007865523647801262
0.0007866114726926503
0.0007864653635260854
0.0007861186236531905
0.00078557161785184
0.0007851093881965943
0.0007846802828626368
0.000784605713681126
0.0007868589006714483
0.0007869129484817909
0.0007866909205361857
0.0007861944618688646
0.0007866123561536904
0.0007863940888676518
0.0007864055916067282
0.0007860911412764408
0.0007859307383973874
0.0007862866347997014
0.0007864220910364404
0.0007864815695649033
0.0007855217202362469
0.0007866468221993312
0.0007848531306636101
0.0007637732577120687
0.0007635632678502529
0.0007101915338810432
0.0007082928378229952
0.0007080474739930492
0.0007084733714993927
0.0007025439472749626
0.0007024980138397872
0.0007024658899833859
0.0007024033563022076
0.0007029734888507564
0.0007006849208098175
0.0007005930613448927
0.0006950651837544728
0.0006956646924641605
0.000695217733447522
0.0006933599709137205
0.0006932024335930473
0.0007010062715009713
0.0007006154762001631
0.0007062379740829947
0.0007065430194754284
0.0007065836041741821
0.000706133986797648
0.00070620573645435
0.0007107966825551487
0.0007102112947174792
0.0007096530090240624
0.0007097872156344959
0.0007095872472171037
0.0007115654811676431
0.0007078831878431846
0.0007080659133770301
0.0007079362827256142
0.000710870458355429
0.0007104353293854957
0.0007098259242203756
0.0007086802168653747
0.0007088426167478824
0.0007089940376860906
0.0007083844515070058
0.000705743654484435
0.0007084453717974487
0.0007077608706967086
0.0007075887843499825
0.0007090886735613077
0.0007122261731743481
0.0007110199307186088
0.0007107800621387498
0.0007064802098051831
0.0007062028121054806
0.0007063852693625586
0.0007068848762890883
0.000707614000632282
0.0007064260610164961
0.0007068379671948394
0.000707052993382666
0.0007047476479300664
0.0007041100371680389
0.0007077971478295354
0.0007076130472296198
0.0007074178575899656
0.0007068140603397168
0.0007067686958770315
0.0007063770583307956
0.0007118403029857714
0.0007116685547687827
0.0007114070392281676
0.0007119719323772156
0.0007111297601736287
0.0007111145030083611
0.000708319258039302
0.000708277359995929
0.0007080270875222998
0.0007078854992089611
0.0007115852660779257
0.0007117551842941439
0.0007108983865014979
0.0007113466586172438
0.0007117733155821093
0.0007113264080981024
0.0007113286793805514
