-0.005301511846482754
0.004754033560554186
0.003973759477958083
-0.012065346725285054
-0.012390560936182737
-0.010800825831081185
-0.008569395984522997
-0.0036407294165756955
-0.0007284204475581633
-0.0003939510153775853
-0.0002354146951499073
-0.0001331336724643513
0.0004624528477766694
0.00043901189734848935
0.00043600470235105696
0.00042347454548101297
0.0004813377422073657
4.552073752213539e-05
-0.00022621893440373173
6.4501350390775705e-06
0.0017895887087268593
0.0014269062591230747
0.0013561342930188411
0.001284683225676418
0.0011955767493838309
0.0018055659667071374
0.002257820543101324
0.005739895490415652
0.005547442134169008
0.0056999828987998975
0.004660180684595616
0.004652359059202188
0.005426221378430081
0.005282608142962481
0.005566881855783222
0.005403237002217402
0.005263498706067607
0.005123190329378795
0.0049988307420790095
0.004861716151048669
0.004775302785197884
0.004665512066885429
0.0046129210497218255
0.004480583955915387
0.0036322190937188815
0.0035894707820881074
0.0035332114001297077
0.003499710157113294
0.003485720287280857
0.0033456658681697113
0.003278620668005226
0.0031133097137120242
0.0030993698352109215
0.002967398623613091
0.002710268825856994
0.0024140155724844113
-0.0001918192987243948
-0.00025802264170093697
-0.0035415360768335322
-0.003468986908493937
-0.0032332447502290778
-0.0032713974569416005
-0.003217425820935204
-0.003178988512305435
-0.0030847073848593877
-0.0028561695359183344
-0.0028615318935729136
-0.0028562384048701206
-0.0030023144130869434
-0.0032638466272799913
-0.003188702676096808
-0.003144917779100567
-0.003158305619738687
-0.0030373251553586058
-0.002982997820206372
-0.0029469686306146715
-0.0030007403725810424
-0.0035804705151844516
-0.004125171788018633
-0.0040674255265283725
-0.004109953237231111
-0.0043088003388340925
-0.0042578809686910106
-0.00425405323972775
-0.004209649808069307
-0.00404483072893579
-0.003997205019169832
-0.0038951378024812385
-0.0038918459821110857
-0.003803816657966889
-0.0037644005380729068
-0.0036995216002543864
-0.003712042602428677
-0.003661025882664897
-0.003675903502653455
-0.003651006371469943
-0.004156853142209299
-0.004195562435441647
-0.004134037879775861
-0.004059331418757931
-0.004010763605180603
-0.003939619698480916
-0.0038855128125830497
-0.003914847982551216
-0.004167953483391892
-0.004138775309452583
-0.0040520714142244455
-0.003977110212438616
-0.003907146192994498
-0.004677208180674079
-0.0046712234182970346
-0.004632394001893885
-0.004552563169693856
-0.004441260278500799
-0.004069841233323477
-0.003994038311924296
-0.004033194625292909
-0.003955255500581449
-0.003890939475301518
-0.0036854725940204005
-0.00365313664862369
-0.003848565410932894
-0.003918242597430964
-0.0038512958193314267
-0.003824273628861337
-0.003781626821464885
-0.0037555971940150816
-0.0037180200217913502
-0.003701660006649596
-0.0035730142641003
-0.003547015461718372
-0.0035210651150467827
-0.0034942695890651473
-0.003319600692797125
-0.0035692834944711658
-0.0035593786904521223
-0.0035436549620973664
-0.003522793764113232
-0.003309560948036962
-0.003283918383648928
-0.0032568352066269855
-0.003328434581645698
-0.0033570426353435345
-0.0033489151480948927
-0.003338165379542786
-0.003306670446270765
-0.0032853310381756903
-0.003269079420002626
-0.0032490698825859013
-0.0032122942563805536
-0.0032295416967348224
-0.0032130213125948987
-0.003877899203139174
-0.003654422363474771
-0.0037363311801481116
-0.003328333002584469
-0.0033236010890447436
-0.0032149374784016553
-0.003214487004470358
-0.003245341072684395
-0.003223879197006974
-0.0032195427538123577
-0.0031045472008306057
-0.003108644137241892
-0.0030536942358156084
-0.0030465250040392655
-0.0030248418212241164
-0.003021519351776445
-0.0030267051547365137
-0.0029454418578119114
-0.002896112675782291
-0.0028445611783485688
-0.0027518936224404226
-0.002751212927936909
-0.002716282835329118
-0.0026887915570977523
-0.002685370390966281
-0.002672724886210414
-0.0016942164989611935
-0.0017110432281647037
-0.0016978822362204314
-0.001688141293836124
-0.001634087585127576
-0.0016271063801124568
-0.0015545875549999254
-0.0015814560236341452
-0.001568548754840641
-0.0015627929557619307
-0.0016103048761004558
-0.0015201959906420816
-0.0015068120872380555
-0.0015925892745672452
-0.0015095912866920263
-0.00152843979747745
-0.0015298798366622612
-0.0015231860607084202
-0.001515098601793388
-0.0014920190537050621
-0.0016224745231374978
-0.001556072373802377
-0.00154686547880779
-0.0015284533901963025
-0.001531399742923574
-0.001523793642316865
-0.001526031619664315
-0.0014998984721290721
-0.0014803641726687667
-0.0014811649332789401
-0.0017564916098698237
-0.0017460215905660832
-0.0017373265086547992
-0.0017547950239036611
-0.0017436332947620248
-0.0017176637643959022
-0.0017039201485642003
-0.0016735052226662787
-0.0016730809329267707
-0.0016630667576206988
-0.001652868755759713
-0.001648086579743039
-0.0016474823832149017
-0.00173615229944072
-0.001728345135234121
-0.0017234279842685072
-0.0017386293992970904
-0.001699448492001569
-0.001691634702039759
-0.0017187566254704806
-0.0017337171043238957
-0.0017291369735317706
-0.001754984865391602
-0.0017401779885153983
-0.001722248948828921
-0.0017097002372115917
-0.0008681246388547694
-0.0008244528888306226
-0.0009490323504638462
-0.0009607243095670725
-0.0009735528225670945
-0.0009692391252417601
-0.0009437634404950711
-0.0007906222512127261
-0.0007897150979738016
-0.0007774205703753968
-0.0007792186566743975
-0.0007745297457165027
-0.0007745621369394931
-0.0007067458760451487
-0.0007073544549057252
-0.0007050272017722919
-0.0008073176597087962
-0.0007990986754585845
-0.0008098582381256078
-0.000662547306445262
-0.0006665345989631524
-0.0006706669304025231
-0.0006930764714687289
-0.0007036260865641296
-0.0007138583440861943
-0.0007424970357937522
-0.0007435348912858474
-0.0007375350710891618
-0.0007342701640785275
-0.0007384532913763314
-0.0007359941398744162
-0.0009835742413779635
-0.0009620967758741263
-0.0009242425862912661
-0.0009057404649124852
-0.0008601757127068228
-0.0008563622941437637
-0.0005377942716255915
-0.0005069131711005043
-0.000580687134061008
-0.0005314306908985593
-0.0005336246667144014
-0.0005340888893580152
-0.0005154647692490538
-0.0005118036303818886
-0.0005314107911803778
-0.0004915536560055445
-0.0004903182871524543
-0.0004521014120078864
-0.0004019410408657497
-0.0004848537820479274
-0.0004980365304805282
-0.0005097202392789764
-0.0004743664353444627
-0.00045210836507412084
-0.00046814100907257753
-0.0004603213282566743
-0.00046046424729418947
-0.0004312423488274086
-0.0004307137886101724
-0.0004257856274528639
-0.00041424413691807863
-0.00042473679283811926
-0.000424170225350977
-0.0004137416024847573
-0.00041065963938139165
-0.00037224210077119543
-0.0003727998322478365
-0.00046385746827581854
-0.00037014098402845527
-0.0004206216202446201
-0.00041021704893704793
-0.0004041301258144195
-0.00041470473404660253
-0.0004136457733224113
-0.00041766660725937416
-0.0005179176135779689
-0.0005096767914850415
-0.0005072808080570838
-0.0005342673531563445
-0.0005304962734631375
-0.0005390443037629816
-0.0005286095623452644
-0.0005080182079574653
-0.0005030468541917792
-0.0005097016270564009
-0.0004962950579566088
-0.0004957940359347589
-0.0005025034525142805
-0.0005026618494258185
-0.0005034658702717449
-0.0005208715163306571
-0.0005225821762173944
-0.0004796239080885563
-0.00047835406422205796
-0.0006479328779434765
-0.0006490116562878048
-0.0006400426172731055
-0.0005648327466974613
-0.0005639139373453138
-0.0005635802914357986
-0.0005324630086442856
-0.0005352800223251702
-0.0005333852752628334
-0.0005588600701337458
-0.00051571754482643
-0.0005073338518619033
-0.0006576180968870766
-0.0005535307568078315
-0.0005417533584978373
-0.0006370173453964353
-0.0006202862905647054
-0.0006099432633571515
-0.0006347700613577523
0.000390755214695154
0.0003929821629424789
0.0004104547788301721
0.0004089838286291908
0.00041087045094871807
0.00040196891952778307
0.0003906168126019791
0.00033011362778351646
0.0003337852673750772
0.0003406390285736843
0.00032877622094626283
0.0003641560000375208
0.0003729798388538775
0.00037485902638946907
0.00037467756088257695
0.0003813402592491569
0.0003714195249539862
0.00040998572808162594
0.00040901348525633003
0.0004134738802352073
0.00040798987737051395
0.000424263548737297
0.0004110328134297028
0.000412671044799712
0.00042140962108397004
0.0004019699060978994
0.00040443572714216465
0.0004014201566949986
0.00040168159058632966
0.00040009868482378486
0.00039685509431077907
0.0004638807620154088
0.0004601275611727343
0.00043525270553544106
0.0004315352910756101
0.00043143792223040224
0.0004344867033295224
0.0004737125312577391
0.0004721252785811985
0.0004460691960838542
0.0004577121081708293
0.00045746800799668387
0.00037675905072579374
0.0004908937224602861
0.0005016470917289007
0.0004963882268211942
0.0004978079571196995
0.0004977140937355924
0.0004950440256948819
0.0004958901960632646
0.0004744431013386935
0.0004671557329303621
0.00044986741208710035
0.00043067156209231457
0.0004268332617501457
0.00043132764058774047
0.00043411004069442524
0.00042693942239798696
0.00042093185487936086
0.00041737012580221616
0.0004171731993243694
0.0004281031085804808
0.00032884687123406573
0.0003445233919823516
0.0002536338826125169
0.00025187278529685265
0.00022846039617154348
0.00032075486648146657
0.00045081500890586826
0.0004331862085375513
0.0004334818285618292
0.0004099460294212478
0.0003975206729928389
0.00041116608204110956
0.00039245411203152824
0.00039912803338238025
0.00039970654792845407
0.00035597327206473596
0.00036545228108352467
0.00037065691129838546
0.0003606840799600539
0.00034081975905399746
0.00032256430825294054
0.000319257787443315
0.0003100289865413015
0.0003032890369917602
0.0003081743074490248
0.000357515897558687
0.0003694338448527464
0.0003711834386418575
0.0003753579805726824
0.00037556287305653464
0.00037327209462272666
0.0003717163708807302
0.00036475881040075336
0.00036421342047514803
0.00035323118912032624
0.00035145983655123956
0.0003454994076719233
0.0003022177629311517
0.00029768474825282807
0.00029219082669143846
0.0002486820249354409
0.00024077778273952368
0.00028460444216778013
0.00028385967014621
0.00027532880284796436
0.000275529695468312
0.00028369260615276247
0.0003263582654132749
0.00038087096369924026
0.00039756883789243306
0.0003961863520687995
0.00034287062116994675
0.0003471705083405865
0.00034873296069519585
0.00017684417882124332
0.00018146123543092053
0.00016360901046828414
0.00016259949627719144
0.00017465476181662787
0.0002461345047429711
0.0002432981269922203
0.0002428620354896099
0.00024370886682005202
0.00017616856080406422
0.0001745879394968313
0.00017449822825593491
0.00016623398678880952
0.00017733492338393176
0.00018363638982918956
0.0001923572710434969
0.00018413965057130524
0.0001598758660423173
0.00016286046572403878
0.00016228746828027865
0.0001635243487999482
0.00016193447659199498
0.00015814181818716544
0.00017947567490420897
0.0001681225447397568
0.00014802917064918715
0.0001630150800929559
0.00016646695616806206
0.00016490618342690215
0.00015657225904769923
0.00014988561516445564
0.00014975190519751593
0.00010988928883614225
0.00011057354699851102
0.00010833732868195538
0.00011742187603149112
0.0001196181307979528
0.00013186395989113491
2.0539801115531037e-06
5.203764323758373e-05
7.329662524282463e-05
7.366270189797182e-05
-0.00010234711314876919
-0.00012001859969098081
-0.00012101604572985771
-0.00012241109884767758
-0.00013644758175246325
-0.00016437841691762056
-0.00022063419244461394
-0.00020807875765067074
-0.00020005170125834612
-0.00020015702598770547
-0.00019502573666045
-0.00019248320577196885
-0.00018403517911233015
-0.00018678737269475806
-0.00018082905424802475
-0.0001726634267605856
-0.00017495138650313024
-0.00018250578451746424
-0.00013557445677196467
-0.00013887971844298797
-0.00013515865620402907
-0.00013740231549399848
-0.00013470430784300817
-0.0001345727930168606
-0.00013180037821346297
-0.00012163151587743113
-0.00012154346964717027
-0.00011806524824895038
-0.00011859216457237146
-0.0001238020847421882
-0.00012570118891758135
-0.0001220880424293232
-0.0001233718144821638
-0.00015516281961235265
-0.00014844081067412243
-0.00014631730926366283
-0.00015410279617272457
-0.00015328579586012037
-0.00012592840269732433
-0.00012163427079814052
-9.977394815540271e-05
-0.00029043143623926646
-0.00028443624421594293
-0.00029023197050541844
-0.0002836672726213385
-9.319824313430773e-05
-9.356989562137361e-05
-9.444555776877506e-05
-9.613362324265757e-05
-9.000133653526628e-05
-9.331535787374164e-05
-9.338390076393806e-05
-0.00010956700386616663
-0.00010240437513663031
-8.881945634576423e-05
-8.765820021055382e-05
-9.060124761911222e-05
-9.069199551749871e-05
-5.696534671036607e-05
-5.638678379030778e-05
-5.1711270482972554e-05
-4.641976927571544e-05
-4.8167541344331105e-05
-5.1335162692539835e-05
-5.062516789188917e-05
-0.00012501156569420314
-0.00013389850506548433
-0.00013557351515729594
-0.00012986205261869213
0.00020534454999137315
0.00021560397283613205
0.0002157307268992562
0.00021513096914438018
0.00021589355282874238
0.00022286450720085762
0.0002218790431069629
0.0003075767999440387
0.0003107370981104818
0.00031013454264109357
0.0003703983917672133
0.00036698083231323844
0.0003703599114797962
0.00036864506023525593
0.00030810423043687343
0.00030699286887554385
0.0003062273962870809
0.00030625586785801
0.0003021924061399395
0.0003095610598442086
0.0002997448892426998
0.00031492940046439876
0.00031851698271891386
0.0003400458311565069
0.0003428405094887916
0.0003478860049303532
0.0003664348265105958
0.0003673741207993902
0.00035166965315526407
0.00034349539278577686
0.0003260019843952191
0.00033694484931115086
0.00034194601058756607
0.00034042444556272157
0.00034784945828341746
0.00034872806181916646
0.0003450511389075468
0.0003371404670008253
0.0003270538712613198
0.0003263118429553198
0.00035273684150044293
0.0003614295580598431
0.00035505356681412843
0.00035422805677010397
0.0003543433059537833
0.00035555579215198373
0.00035615961544251606
0.0003558067755875532
0.0003481982536846776
0.0003435061162439203
0.0003380105794569707
0.0006458415315647029
0.0019070796601391746
0.001968615053111636
0.0019646982477010025
0.0019612483565076303
0.001957252155230778
0.001957665960287362
0.001953298709420377
0.0019416211997501111
0.0019300917707508998
0.0019213764307293147
0.001914528450112992
0.0019076916980111487
0.0019126800181082258
0.0019103291526215939
0.0019592624798358787
0.0019708574125288348
0.001984022861295163
0.00198289852579187
0.0020530478536664874
0.002048514528162483
0.002040670849471669
0.0020383848320433087
0.0020372167070453113
0.0021570755386940404
0.0021581626563840356
0.002155533477831141
0.0021909992247668834
0.0021861774149972302
0.0021815195834840747
0.0021771739717489067
0.0021692100988603123
0.002160024958037398
0.002128181493387251
0.002108109634213278
0.0021213954978973326
0.002129869276501838
0.002148695192470468
0.0022002747622149018
0.0022070185582890394
0.0022094587787027647
0.0022759365112726446
0.0022702054076075714
0.0022777350527786447
0.0022693156023533023
0.002271777799107892
0.002266395877205072
0.002269559708247134
0.002259081336403557
0.002250010437331922
0.002249889376302488
0.002249573828615297
0.002939452354942607
0.002956050336725906
0.002958849601680926
0.002942370154752907
0.0029288930648878942
0.002930560205739339
0.0029210663321806445
0.0029192325441813067
0.0029505037760446983
0.0027979896243968154
0.0027986806296647296
0.002784072098590255
0.002788164430714955
0.0027843800516458763
0.002791083542027368
0.0027795435104262856
0.0027741814418700893
0.0027700184819046706
0.002766374492997612
0.0027638594986954495
0.002754407300277048
0.002754814175555261
0.002749274642749171
0.0027505065756245517
0.0027433231123681753
0.002744928655335977
0.002717351694336582
0.002714305214070625
0.0027088107518635695
0.002703705962713018
0.0027001296574025225
0.0026958273657531778
0.0026933668220990915
0.002691087291750182
0.002685488769222873
0.0027428049686766985
0.0027368720126389997
0.00273019902119033
0.0027278361119993716
0.0027239687739446738
0.002721063350418262
0.002724909464610774
0.0027184903411678557
0.002707233638715602
0.0027869407243474973
0.0027846047578576213
0.002779992992426323
0.002781606278522917
0.0027780900495949583
0.00277333868801345
0.002770469366656122
0.002794069793099928
0.002791241886370699
0.002782530218895571
0.002776913839000691
0.002764938121630262
0.0027538790485797777
0.0027544138468414184
0.002748533596340608
0.002742093199251944
0.0027393896452161466
0.0027355213563103895
0.002731662155047823
0.0027283902335674616
0.0027023062131716403
0.002709109251805028
0.002707784023901261
0.0026736660512499144
0.002621579367185667
0.0026168713338993455
0.0024875420247844893
0.0024477779091765695
0.002461946800017456
0.002472958742991628
0.0024679214603766163
0.002469248023928399
0.002489903841013161
0.0025046416075151724
0.002542996023738057
0.0025301116284637774
0.002518718409335538
0.002510201736935338
0.002495930546296475
0.0024956643805695853
0.0024931243745018442
0.002531454948074218
0.002519261588355938
0.0025132974956872645
0.0025012909570421016
0.002498026072656296
0.00249464813849092
0.002497745143550786
0.0024928548812949603
0.0024767055459876115
0.002470049217701074
0.0024651757449816697
0.002463089958002887
0.0024905267010292033
0.0024998094185599176
0.0024951821152394754
0.0024994588172819183
0.0024862352035950573
0.0024865962599426934
0.0024805143311335638
0.002477025416413069
0.002477463108020654
0.0024743461563464754
0.002400441933928068
0.0023920567996102192
0.002395239985887394
0.002403617046946215
0.002405418484242808
0.002402335323559516
0.0023993785390918833
0.002397562836117468
0.002392912581433035
0.0023927115446680377
0.0024268964602200196
0.002416841970874597
0.0023937271992887665
0.0023595393149753365
0.0023762487371402886
0.002383482186436178
0.0023755540681474757
0.002377254169407739
0.00237444467440006
0.002371216959299571
0.0023626677356340837
0.002272310967944775
0.002314944148699483
0.002307189191933391
0.0022995571018706662
0.0022929389652194083
0.0022916355289105436
0.002259587088831273
0.0022558363200328884
0.0022440997595011
0.002242886198002682
0.002247674980444261
0.002276899818435408
0.002275006315131778
0.0022689191466223617
0.002261534857744176
0.0022648051335227536
0.002264279269978749
0.0023151701363597326
0.0023676060428722404
0.002399434777198908
0.002444703918359041
0.002353301843840967
0.002198878338173697
0.0023248036272062985
0.0022019262443459067
0.0022003213822116186
0.0021958883804533936
0.0021939006588832357
0.002192719449823108
0.002231436705026843
0.002219954469104852
0.0021909163441097322
0.002186439721507278
0.002194308124003474
0.0021923090578967316
0.002185979241517763
0.002183496369781997
0.0021913008955283197
0.0021897941996703555
0.0021772485351140634
0.00216627603704869
0.002165416668266077
0.00216361814090359
0.002159805210071196
0.002159628714948903
0.0021535564083194534
0.0021516704991647565
0.0021454242881940966
0.002113295121863499
0.002116307961956429
0.0021209093740257846
0.002122541794283233
0.002129247351585101
0.002123468972639597
0.002122334201381343
0.0021227285412234232
0.0021274060248675547
0.0021272025649880636
0.002129094730576356
0.0020537995561534274
0.0020504367043919927
0.0020491800187196476
0.0020475209734871617
0.0020452229308424107
0.0020424372240736934
0.002040579391169411
0.0020368709004410473
0.0020378780130080763
0.0020301422873215172
0.00202491493785175
0.0020231010259236125
0.0020245639735032754
0.002024087956529417
0.0020214834465286774
0.002030724858727016
0.002024044962101188
0.0020272999063391138
0.002018627292457851
0.002016224082825488
0.002016796936113229
0.0019872820030696374
0.001992711810836362
0.001925358781975295
0.0019224485987036314
0.0019268512805620916
0.001878302741718799
0.0018739897587882353
0.0018824146815894995
0.001888844069713157
0.0018874899379790553
0.0018931670948670004
0.0017158931467675781
0.0017103406165956084
0.0017087104554570668
0.001707825714621542
0.0017042389609819362
0.001721713341053911
0.0017214907496863367
0.0017721543558312362
0.001786682595494175
0.0017886964581677427
0.0017921914134416766
0.001786490357735202
0.0017846823194293325
0.0017799156179487334
0.0017755611561678542
0.0017728812351221798
0.0017610823208942647
0.0017661438229589497
0.001757400967808191
0.0017607324923648502
0.001761840232549465
0.0017611256319825137
0.0017588947511414732
0.0018252947548616585
0.0018212516499077976
0.0018166040800675243
0.0018039421186030436
0.0018009514396220819
0.0018056858366332317
0.00180428608963478
0.001800827575447822
0.0017996191601747748
0.0017990964173820597
0.0018052071699742832
0.001829693019537653
0.001828658184128162
0.0018301479590706216
0.001830174272632016
0.0018281267737061421
0.0018285302134350007
0.0017622889765229945
0.0017922761789451855
0.00179141577814987
0.001799864628737619
0.001799115185852818
0.0017957208892535857
0.0017767168484241996
0.0017859400074117905
0.001809463533482191
0.0017616971139823706
0.0017560745391519853
0.0017525220496999712
0.001759502674523287
0.0018449075728733247
0.001773866714505884
0.001769616222089907
0.001768800837765826
0.001768927275338398
0.001772686367002771
0.001770893276734037
0.0017687726992465158
0.0017702529661695128
0.0017680520152857377
0.0017663926022703175
0.0017681367198284692
0.0017654347596049414
0.0017648520877562499
0.0017552634836152253
0.0017444975113670386
0.0017404915166059427
0.0017385467032296317
0.0017289653244550152
0.0017279855081790325
0.001728603890500261
0.0017281994666209191
0.0017343519412736372
0.0018257590586197182
0.0018273135294040288
0.001823164056025876
0.0018214835244959296
0.001813352836273785
0.0018223486076229683
0.0018214780383784997
0.0018082222660674259
0.001807666287571464
0.0018238001158107822
0.0018226105791234722
0.0016591509867930744
0.001650383905960252
0.001650062012316191
0.0016523406555811041
0.0016503374436455708
0.0016498039148457884
0.0016624154782000976
0.0016606857817915944
0.001652077626467634
0.0016501304069030844
0.0016402419575924396
0.0016387968291488822
0.0016442688292170968
0.0016421038247292977
0.0016409919648140206
0.001638755597448401
