-0.033961012959480286
-0.0901812066634496
-0.06665912317112088
-0.0397142056375742
-0.018074592264990016
-0.01088971511593887
-0.009602080819604456
-0.00852731045516622
-0.007550151104805994
-0.006995063301556832
-0.006687716876816317
-0.0069128356453102965
-0.006243604106462696
-0.0062550770468078574
-0.005334778314136203
-0.004842417276984849
-0.005390045456200218
-0.005214159698593185
-0.005840599609655328
-0.005515968413203067
-0.0047736272760878565
-0.004582104164317412
-0.004362902053496024
-0.004046166401822119
-0.00415172353789855
-0.002134232723619788
-0.0008695656205028554
-0.0010065422975458198
-0.001129216834669932
-0.0014805551712220948
-0.001324752900472958
-0.0012497481216224976
-0.0012229509302414947
-0.0012146072611877955
-0.0009058382145465449
-0.0008002842502744007
0.0001745422318651297
0.00016472486402982755
0.00018633366707945293
2.730029163791324e-05
0.00020218576398855565
0.00013033514652877742
0.00022158835914028342
4.742457660742973e-05
0.00012785664622914895
0.00013222872524799696
0.0001378617265193804
0.0002450271163905537
0.00021206235338468136
0.00019379841978661746
0.0003146526225744033
0.0003277069437625065
0.00040860159411008873
0.00019608462620949907
9.839188559064002e-05
0.00011090838131821625
0.00012395244868520415
0.00014653689794289762
0.00011625684904477893
0.00011301972508739672
0.000570905760645063
0.0005657487778253634
0.0005447935897109348
0.0005669867213537847
0.000538234250239894
0.0005852265476549754
0.0006310590103085442
0.0006099856300220449
0.0003699794508325537
0.0004047619628360904
0.0005008846343722934
0.0005390679026987367
0.0003657799362200251
0.000257653115647069
0.00040691205590280197
0.00047578870641239987
0.0004805136567693599
0.00046744790708106847
0.0005054665712123098
0.0005220007910400365
0.0005133171670001126
0.00046064618668807905
0.0004083575455470488
0.0003903611959471806
0.00045486734115700024
0.00044284221285020126
0.0005422753310168364
0.0005399244588118288
0.000926177380784389
0.0009611213929499603
0.000822004463454663
0.0008016400769451804
0.0007440272341401842
0.0007780847678077407
0.001311454621145458
0.0012673685283216495
0.0012550357837890448
0.001259686201610932
0.004088330103259068
0.004474344397929617
0.004379630720815804
0.004331622323308376
0.004303899520611875
0.004367776941009133
0.004326997837161576
0.004264883780264445
0.004245778332848137
0.004155625903726889
0.004005269882459701
0.0039470927136413215
0.003904357711040315
0.00357160736256551
0.0035045215530165774
0.0034907101192916535
0.0034650270606326897
0.003431334853785224
0.0034052530013545714
0.0033361429139236063
0.003352296935433211
0.003272255910522004
0.003234904434066266
0.003194059039905243
0.0030290425084756626
0.003148007928393781
0.0031514557786211962
0.0032391462751891554
0.0032485961992279044
0.0032184318117725176
0.0031761508211135287
0.0031961867299627592
0.0031888109753543336
0.003127456486008052
0.003163200320933125
0.003077886002655658
0.003128108572769526
0.0031043393256985677
0.003073074130267174
0.00306742090024992
0.0031398444943728718
0.0031194995805135664
0.0032523926013414937
0.0031986111326068245
0.003171573001155694
0.003138640911743879
0.0030838607570032057
0.0030331997278852845
0.003016234758802424
0.0029870337830472026
0.0029663597212250645
0.002652036326217297
0.002615776722737599
0.0026188273710621743
0.0027461880162228257
0.002717167303724694
0.002691484612557523
0.0026736288917418504
0.002644361585951144
0.002613451176358872
0.0026215529677756414
0.002601401087981995
0.002341578662899224
0.002383194663908269
0.001916407204389986
0.0019064478915728
0.001817221360660511
0.00217374077376639
0.0021872696345651213
0.002181595345058742
0.0021806275835842817
0.002154983796008415
0.002088618365358046
0.0019849255833959173
0.0019438948687841705
0.0019222272999884016
0.0018904600319729057
0.0019200807806442474
0.001974256207013444
0.001982946962189037
0.0019635019624224177
0.0018576529728105914
0.0018543843027226008
0.0019319662112581065
0.0019411369361794467
0.0019456590451079885
0.001937430531680908
0.0018981879641318102
0.0018590734919385742
0.0018660371462357456
0.0016857126942915386
0.0016913937340906186
0.0016408599859308484
0.0016563892277190444
0.0016494239138147642
0.00163202310042181
0.0016219508186029017
0.001624607095104253
0.002178725397794605
0.002181738034056278
0.002192669326250323
0.0021688059436137637
0.002160301080678408
0.0021481582099368794
0.0021156337329468386
0.0020930832336378464
0.0020589507065540452
0.002019221293174767
0.002006331645833805
0.002010620560295962
0.0020200320477237054
0.0020347805982714896
0.0020157174925393402
0.001992540623314409
0.001889359638098707
0.0019090195914031908
0.0019054175539807757
0.0020042525419685315
0.0019984121255895923
0.002041960102875425
0.0020356378628507187
0.0019988322453926254
0.0019823554173706553
0.0020680198212432955
0.002035259928626534
0.0020111867107011146
0.001995284952451493
0.0019942169412452545
0.0019968641127777265
0.0019840515262775672
0.0019953416518072326
0.00205096264778751
0.002030264384427872
0.002026843051903263
0.002018212301407353
0.0020035159233536427
0.0020087704045073525
0.0019996788214331172
0.0019522150864109509
0.0019383126946880217
0.0017459197069911152
0.0017227800411420482
0.0017311291441187622
0.0017231449870121506
0.0017131726607822484
0.001700605298404352
0.001698969389471447
0.001658952477595933
0.00198960270022179
0.0019735504836746356
0.001969100730086209
0.0019617948671376154
0.0019651270988452715
0.0019558016130269995
0.0019366146355416368
0.0019289865523722802
0.0018795729865814768
0.0018721269445896038
0.0018811213078659523
0.0019414739210866943
0.0019038397606121926
0.0019015809692802792
0.0019339808853403538
0.0019285356957454765
0.0019207796200190006
0.001914041606931207
0.001972886262633538
0.0019614690283513065
0.0019150362235477432
0.0019285091894984288
0.0018988204764792919
0.0018384625224634554
0.0017869036689315912
0.0018934227256790885
0.0018705473896766056
0.0018633676880959996
0.0018366063774748521
0.0017558689641214414
0.0017480033366024232
0.001725222020468207
0.0017096249233613222
0.0016968188156882113
0.0016715833810700914
0.0016634546602817394
0.0016562206507240269
0.0016182537031055638
0.0016113999927319955
0.0016191677857976866
0.0016164793864087775
0.0015437995156087525
0.0015340633939997803
0.0016558282070061494
0.0015836013537584002
0.0016264668928803745
0.001614127707342753
0.001613375613287334
0.0016162863145124167
0.0016100252138461304
0.0015642341661089995
0.0015241071186602691
0.0015239905231040497
0.0015179972417226765
0.001563080874134265
0.0015873164131347205
0.0015845214037366708
0.0015766922604687665
0.0015650654653286216
0.0015661777705073582
0.0015410587062646072
0.0015349046649623416
0.0015204764328729874
0.0015148710208625665
0.001522703341111198
0.0015048208489473645
0.001501788462212443
0.0015082914277584104
0.001517032249420814
0.0014175624476790887
0.0013636154232796716
0.0010908006814840901
0.001084669991791997
0.0010604943010571253
0.0010069245077343866
0.000993116025198589
0.0009978437190758627
0.000979138123690902
0.000986840525470449
0.0010040754316663375
0.0009991832730520392
0.0009956402895152264
0.0010072205713764883
0.0010080442098389635
0.0009918137757815564
0.0009925292715297054
0.0010007606637983052
0.0009545243606483902
0.0010137900241629495
0.001010661227881627
0.0010079030525850289
0.0009993660552566242
0.0009860184342602107
0.0009771804384386383
0.0009826004253647605
0.0009229748212888832
0.00089884011747419
0.000896347853151804
0.0009527316017638592
0.001024150259212237
0.0010164973629234102
0.0010135971922832691
0.0009888278869038905
0.0010788692204350334
0.0009850341557260179
0.0009693019068791658
0.0007866794735876936
0.0007666402053486376
0.0007510343033307304
0.0007407263978324098
0.00074761957689055
0.0007416630889317285
0.00120488906425938
0.0012104151537440323
0.00120823253014878
0.0012000589579984873
0.0011866660219171667
0.0011923469985597632
0.0010466435644067907
0.0010425436073317497
0.001023550190261037
0.0010134958446416733
0.0010443718186571775
0.0010223798643453407
0.0010378697928489038
0.0010308779533395361
0.001015724033255965
0.0010195259897154752
0.0010312311919249697
0.001047760464166277
0.0010467292648355445
0.001075958818949649
0.001066747983579836
0.0010609666833810178
0.0010548164337653729
0.0010489229019662889
0.0010065094329358237
0.0010037305203376805
0.0009994269520024117
0.0010146769415865437
0.0010022074784688977
0.0009873272035940388
0.0010342720928281028
0.0010172630539987185
0.0009853240902031046
0.0009748886540834549
0.0009390554868364713
0.0008424250423190578
0.0009008152542126916
0.0009148521257380559
0.000957063893234297
0.0009257189983207048
0.000911274280169891
0.0009100419355992124
0.0008878263821560405
0.0009097312316542577
0.0009070518997327552
0.0009208510992193395
0.0009500228535113542
0.0009370521780886311
0.0009267664259003171
0.0009235491808955006
0.0009223306879703598
0.0009177523164523006
0.00091305962744018
0.0009126105237720906
0.0009497360873171337
0.0009595419089653502
0.0009345725255011175
0.0009095818117185272
0.0009507451509633798
0.0009397692452880841
0.0009364925136608122
0.0009383128949496592
0.0009291046056450921
0.0009263137612393039
0.0009076390285183559
0.0015795874115086485
0.0014203730753537956
0.001402864051782782
0.0014569258175266165
0.0014265092668762059
0.0014149512414892232
0.0014097973689110891
0.0013998818008076337
0.0013544788194706553
0.0013691137671318545
0.0013739978219014478
0.0013930886510633823
0.0015857860826290718
0.0012975796858242386
0.0012672424499813408
0.0012597368150553921
0.0012622580238331
0.0012669064945177054
0.001191968473955451
0.001173881112655172
0.0011653677051726022
0.0011451558439556197
0.0011697830344708912
0.0011820572528092393
0.0011832040426470922
0.0013672954225815669
0.0013854916768047607
0.0014250154031006112
0.0013798117548106264
0.0013723260637826338
0.0013676670577107148
0.0013713103153988188
0.0013679188355495
0.0013659054151916414
0.001363126894075262
0.0013580316186878759
0.0013080039531465494
0.0013009145159585034
0.0013069298875838225
0.0013111163842134785
0.0013044981604037678
0.0012946091235227846
0.001313893072875102
0.0013386448430009119
0.0013515280774772927
0.0013431567879687214
0.0013352950079513137
0.0013395200833394363
0.0013609081509344167
0.0013636502072482545
0.0013351403561720973
0.001492087235503675
0.001558549795168588
0.001569212312293439
0.0015915504947071656
0.0015976316084712991
0.0016234973177035236
0.0016523365115538424
0.0016544530292213456
0.001612432498532595
0.001595487058916989
0.0015950595585054695
0.001600545866657417
0.001594974508392267
0.0016246771795732536
0.0016261708768404196
0.0016035126489612026
0.0015996241747223959
0.001596816452744896
0.001581108844231627
0.0016020892338616767
0.0015171554649485541
0.0015133340454687762
0.0015017240341449105
0.0015630165864845302
0.001544599860862945
0.001545643201054277
0.001544921215259181
0.0015493156644868636
0.0016764510320417534
0.0016375258359349197
0.0017938486025274104
0.0019040446766153663
0.0018862148388464218
0.0023029345141712078
0.002230674245434141
0.0022219741539310865
0.00222185803404784
0.0022148120016447113
0.00227531446262042
0.002300708286774465
0.0023047403942338084
0.0023070212718437327
0.002299815101208434
0.0022813112044785203
0.0021356063406458865
0.002124164956839125
0.002104158048436933
0.0021687895370796203
0.0021683379742060277
0.002161149375675621
0.002168392419229997
0.0021749500697771326
0.0021466061300061184
0.0021379758721854145
0.0020173537801486583
0.002014430372394455
0.002009582831360738
0.002006612422821563
0.001989688750453773
0.0020641603602980954
0.0020605807292722305
0.0020449436546512074
0.002035145831683741
0.0020306648047404823
0.0020274852278412735
0.0020234086755063843
0.0020204582486667423
0.00201059557814749
0.0020071409912950037
0.0020018106652610625
0.0019945705293066014
0.001947098283645277
0.0019311589452906037
0.001926026417033975
0.0019525220039147146
0.0019504519072317962
0.0019459192679647257
0.0019424281815616574
0.001939616273263941
0.0019239704599074358
0.0019280396786696564
0.0018827623785890356
0.0018429591894160407
0.0018473954747566543
0.001841027094048642
0.0018874629973383056
0.0018969903187966083
0.0019155650614647282
0.0019164546168257976
0.00185822451602311
0.0019509916730173038
0.0019440802113937139
0.0019368390730576223
0.0019289967401814718
0.0018955843819671895
0.0018986835902867275
0.0019006150772189995
0.0017850118525866464
0.0017409387837180926
0.0017435945115310291
0.0017409457167079571
0.001735143696139642
0.0016927230254059947
0.001685618380463535
0.0016796018022683572
0.0016729443354906602
0.001668310069875199
0.0016661422695401654
0.0016597408574890397
0.0016613070162149475
0.0016542395440180757
0.0016218664664070083
0.0016174683743735588
0.0016067466047555488
0.001597220371282457
0.0016129705183903908
0.001555342042728305
0.0015455271650215052
0.001546768844326089
0.0015543334565282898
0.0015709216291212424
0.0015694268392204916
0.0015751552903180014
0.0015422672239733335
0.001577294022584585
0.0015686217233324186
0.0015208910813074943
0.00150859282328332
0.0015028609037315438
0.0015025698521760403
0.0015057440556336234
0.0015113063216083014
0.0014873110914035534
0.001473552743869979
0.0014712396692212657
0.00142300266614319
0.0013137729644346053
0.0012720574204635048
0.0012609060874078165
0.0012599245605235951
0.0012586487337693456
0.0012534073970560395
0.0012546510616456596
0.0012474348940088196
0.0012466676989847211
0.0012753967519664132
0.0012679633557910832
0.0012639384944324325
0.0012798775898236502
0.0012742123641422945
0.0012749849096327956
0.0012451949861305212
0.0012543410143590118
0.0012430992765870906
0.0011827089035091733
0.0011518236876201734
0.0011325341414289414
0.0010595352811889468
0.001034544589368781
0.0010345317003858916
0.0010275712159128947
0.001054287099919016
0.001078947441253083
0.0010833799930817533
0.0010759365059470833
0.0010841798773898982
0.001071657754646848
0.0010637068868958543
0.0011373839277450696
0.0011646872550919612
0.0011854140805894176
0.00119427924203984
0.0011769593246316176
0.001185995737412777
0.001189578743147789
0.0011953424425564451
0.0011883349209270214
0.0012098242424600143
0.0012130582844673845
0.0012292470945065791
0.001230697883872891
0.0012925357015602698
0.0013386607773744079
0.0013252996830374806
0.001322870533487841
0.001322549658102486
0.0012637550207508239
0.0012558299451791628
0.0012593400720709409
0.0012506068003503084
0.00122817629911682
0.0012249201941428706
0.0012182421779759688
0.0012358171821818817
0.0012331493779536473
0.0012129728641719617
0.0012081670166329186
0.001202886797904877
0.001156675373374617
0.0011452775831761156
0.0011189467127250823
0.0010926476188265915
0.0010904869066985232
0.0010279118868899376
0.0010261409347923993
0.0010249533331158946
0.0010235288517889414
0.001021087626940621
0.001018095311858906
0.0010142967114949444
0.0010077487734875205
0.0009853470846011257
0.0009820936382914436
0.0009849791334451065
0.0009918504411304471
0.0008875614954553317
0.0008802430645534197
0.0009831996465785636
0.0009810900716732145
0.0009813302841295889
0.0009787640453563574
0.0009713190662019626
0.0009726780195721581
0.0009705627399230015
0.0009647581215592387
0.0009651873579435867
0.0009569070033807104
0.00094743601308582
0.0009416809906652323
0.0009441824685891596
0.000907031549112161
0.0009221843522035206
0.0009592724743534405
0.000991262825537312
0.0009909232963431173
0.0009912799345503374
0.0009864128876083517
0.000979275547793871
0.0009693817114069847
0.000951955064308343
0.00091867170271672
0.0009242095841485586
0.0009338273504508736
0.0009286267707368926
0.0009306167122859839
0.0010591607499359798
0.0010626295570344518
0.0009578607939573781
0.0009699018684178304
0.0009998002002700158
0.0009969722132430468
0.000990439817086838
0.0009884809677075017
0.0009823864613096693
0.00098112197236532
0.0009936133718205112
0.0009981916699637785
0.0009957784924448188
0.00104471658429069
0.0010242532379064026
0.0010241738965434085
0.0009750803904203924
0.0009998014337550196
0.0009983690904942306
0.000997666219902042
0.0010002599404566677
0.0009941966759997312
0.0009992534648308596
0.000993670917049254
0.0009857937331800126
0.0009804753813345726
0.00097849809383696
0.0009756324487287522
0.0009564218113308229
0.0009296415063969722
0.0010101788463462795
0.0010172952167880457
0.0010117180627638317
0.0010120613937834287
0.0009924526724897705
0.0009896328021193144
0.0009401443306231114
0.0009431799448699696
0.0009418228505056517
0.0009389273112279446
0.0009388427848025661
0.0009446761448144007
0.0009469269164655962
0.0009516605042045413
0.0009485734157137557
0.0009493924296315083
0.0009555648078073378
0.0009319688167532085
0.0009195388226434331
0.0009227545225080765
0.0009019239975458333
0.0009647105402571276
0.0009613202739114129
0.0009607877746960736
0.000964411283733377
0.000960923721346057
0.0009538091977854392
0.000948838546857289
0.0009512238174394686
0.0009586445768526097
0.0009529933797073859
0.0009504660470168166
0.0009505602023053952
0.0009851843234888044
0.00097805794207865
0.0009759542206818833
0.0009736788850036187
0.0009889251759748483
0.0010365864523246122
0.001033344916785483
0.001026483315704372
0.0010225716346947673
0.0010239551062379694
0.0010221638242839547
0.00101475188941618
0.0010145500910085743
0.0010085537187695447
0.0009868469069967386
0.0009855130205658467
0.001017416135960048
0.000992205240541903
0.0009320965014386707
0.0009537407199078801
0.0009553422205273134
0.0009536938819669476
0.0009522772829802511
0.0009437695526508337
0.0009436372417782187
0.0009531321769933308
0.0009546261967544629
0.0009625188063872272
0.000959278928183025
0.0009583511493669016
0.0009510303461553142
0.000944855928818654
0.0009356154708337487
0.0009090743716919812
0.0009105228524846023
0.0009252649696318303
0.0010031860675753263
0.0009927470301312748
0.0010398288690994556
0.0010508647318318008
0.0010498131253423937
0.0010231752809847945
0.001073242575891921
0.0010686953157837066
0.001054518503255
0.0010528219532843581
0.001064694496144292
0.001061607667805298
0.0010676797364576134
0.0010822005285316498
0.0009980305736109136
0.001018256536303443
0.001019945645053127
0.0010178287327934589
0.0010171444910091298
0.001018711087048569
0.0010176595535128954
0.001014551733541804
0.001013561452340162
0.0010213670101019718
0.001020329581125564
0.001017900607761335
0.0010069900928439117
0.0010089931256580555
0.0009741822272112662
0.0009734032882324499
0.0009669508829307116
0.0009650992374783676
0.0009880311960581462
0.0009926976867168267
0.0009913174750177229
0.0009843496048653816
0.0009732575167278047
0.0009657812472753089
0.0009654803578676375
0.0009605083568975401
0.0009534132318105204
0.0009526529185369193
0.0009478603446876865
0.0009681046628902797
0.0009585482725208709
0.0009497778448590807
0.001111190225301743
0.001110482763771026
0.0011124822486522652
0.0011610055365350177
0.0011478744928406254
0.001129947541746941
0.0012454628471785139
0.0012445395745775128
0.0012367595789066093
0.00123566405938722
0.0012343914988926128
0.001235851246377997
0.0012342765121813207
0.0012333709469260212
0.0012307422223164551
0.0012323259264190745
0.0012317529808095467
0.0012170814347259534
0.001212658568290376
0.0012186332186281154
0.0012037305674706114
0.00119748716745202
0.0011576041591168267
0.0011561128294744053
0.0011549681662625997
0.0011531545123647914
0.001156368394613268
0.001155281644042554
0.0011103531031109062
0.0010999040534534787
0.0010987722922948242
0.0010933194313098842
0.0011082441817218405
0.0011012640670327463
0.0010958117685893529
0.0011049310053968687
0.001102268021292755
0.0010996219350361467
0.0010997426714400111
0.0010954412225965408
0.0010900564397940344
0.0010874348967004639
0.001097027006038249
0.0010960729078461607
0.0011013057588330644
0.0012836510331758599
0.0012858053647752897
0.0012635985186222722
0.0012589785624853025
0.0012404539030866852
0.0012411457252976626
0.0012372781571186858
0.001208662176044871
0.001207817037096539
0.0012095974176942108
0.0011935008859383397
0.0011852672773833748
0.0011856983205142287
0.0011924167027844302
0.001179340933146728
0.001177946657185349
0.0011782012826436505
0.001160875642916646
0.0011555131715111787
0.00115614273173153
0.0011572655548290481
0.001151755844554237
0.0011511732999916094
0.0011488996929454104
0.001150221444966294
0.0011256605494404175
0.0011229827456344182
0.0011228100087123237
0.001116079145505981
0.0010932993947519308
0.0011102174074418656
0.001116545493349785
0.0011106802197233406
0.0009738340406784103
0.0008494140611055708
0.0012771773289104386
0.001215448380894499
0.0011910344710985106
0.0011839987024345857
0.001189669352143505
0.0011876629482202555
0.0011850460473397091
0.0013150766274779332
0.001317611983785519
0.0013214028147206177
0.0013219338096323574
0.001316610195725183
0.0013132681747464801
0.0013121763573267456
0.0013070339996943386
0.0012792488414977775
0.0012744971376521775
0.0012713219909801486
0.0012712628096393694
0.0012734038878611928
0.0012713697355134933
0.0012709731555994009
0.0013312699221417492
0.0013273204330466817
0.0013282597295064685
0.0013223049330286672
0.0013154255256578415
0.001313848244137422
0.0013188122352356586
0.001320070488470192
0.0013147412611279345
0.001323612733333322
0.001322040397963899
0.0013212043862368358
0.0013182606256995455
0.001308878557491758
0.0013077332726604734
0.0013058885455493362
0.0013229479340395268
0.0013175185006854943
0.0012784196117796433
0.00127703883691172
0.0012751935649723454
0.0012724936562007315
0.001277036657447382
0.001268729097340116
0.0012692417106211793
0.0012675498678192247
0.0012626410946208653
0.0012618400695540357
0.0012616101116965344
0.0012559066824015678
0.001235051906773885
0.0012351705561165854
0.0011994359452182808
0.0011961081158647416
