0.06258636713027954
0.042273675091564655
0.02354987128637731
0.019678789004683495
0.015997462362671893
0.013565103257341045
0.024923910736106336
0.0039020672233568317
-0.008985947538167238
-0.008068188643929632
-0.0072834780051683375
-0.009839091987277452
-0.009418992458709648
-0.0076821414132912935
-0.008198613766580818
-0.006976571427110362
-0.006673525798962346
-0.006822632417376887
-0.006508882035268468
-0.007098445463703854
-0.006823428054551845
-0.0063732848047157314
-0.006226400655577888
-0.005589764979667958
-0.0058344872354959615
-0.005598746233671487
-0.005327529450629037
-0.0018081357160679456
-0.0014731851503408178
-0.0015077097435301566
-0.0024992585331347046
-0.0037337246185140376
-0.007018524093676684
-0.007167745310081432
-0.006991529759640493
-0.006530482397490255
-0.006135125840572932
-0.005926152774825308
-0.005797969448030924
-0.005651268946921178
-0.005155242245694221
-0.005120879979289762
-0.0048800182551283116
-0.0058875322115555795
-0.005477428495119648
-0.005413352921134493
-0.005227526759578417
-0.005128476563817344
-0.005026529327151363
-0.004864548541281333
-0.005027484424667466
-0.005020473071677116
-0.004910583858468775
-0.004832757762315766
-0.004897435285654084
-0.0050789193038853165
-0.004981788250131949
-0.004906721355421153
-0.0048395663630799385
-0.005476562593983425
-0.005311455304880867
-0.0057569594646338365
-0.005253696142517582
-0.005200141028483183
-0.005312218646092029
-0.005275278819165428
-0.005168140367245274
-0.005184764657895067
-0.005077608426550537
-0.0052019810532777195
-0.0052316023417612705
-0.005200914883498129
-0.00655526612260744
-0.006337588129487511
-0.006197628667378971
-0.006158371339174134
-0.006063497896553974
-0.005987801607307696
-0.005966779287518877
-0.005891905406045867
-0.005831992947716529
-0.005744918837059145
-0.005636941091194917
-0.005467647241312082
-0.005400070240876781
-0.0052337784066879296
-0.005297538170700801
-0.0027754368138528363
-0.0027937845972095024
-0.0026834103006007346
-0.0026486867501934433
-0.0026875112075245996
-0.0026757954401546184
-0.0027150655537537373
-0.002719638663468992
-0.002914827612688355
-0.003101830644389304
-0.003092926588689093
-0.0011281754360243242
0.0006708726743616521
0.0006276249411052483
0.0005889240539580717
0.0003691215171364484
0.00015312472228071414
0.00020767497033306626
0.00021109408027139676
0.00015477836199419265
0.0001382725159776447
0.00013615685972829337
0.0001331916647105292
0.00012583541307061748
0.0006447003177414515
0.0007033935719192116
0.0007028400618329861
0.0006393720038337528
0.0006360311843962265
0.0005474986242854518
0.000424865791608358
0.00030153400136138236
0.00027763392487136526
0.0003018540855770007
0.0002658074432785214
0.0002720316367612513
0.0003048479853896402
0.00020598209200201276
0.0002074302484668168
-9.428952955659262e-05
-0.00010555932515340736
-0.0002743535506082362
-0.0002667451485545389
-0.00020385988880827476
-9.630855290601034e-05
-0.0001355816646863088
-0.00015493952895566618
-0.0001521208229378873
-0.00025388615861888776
-0.00033034744378908376
-0.00032850378674535594
-0.0003374061678187011
-7.115859279891432e-05
-7.814978733888548e-05
-7.632887051962e-05
-5.623361499197727e-05
-6.079330201389407e-05
0.001143053218073286
0.0011125251986989159
0.0011870339129362358
0.0012472864459565625
0.0012355279000864031
0.0011167964346426214
0.0011186452552225834
0.0010720211580727422
0.0010729081380292872
0.001242639055483101
0.0012612779632595775
0.0012772926205404341
0.0012766540883465563
0.0013573418326350783
0.0016091335595774556
0.0023414770299236133
0.002305579190839505
0.0022174579127437403
0.0022065913888182826
0.0020648322540871545
0.0020614056686691193
0.0020121960701353953
0.0020061419428592255
0.0020213508510069354
0.0020767108838566934
0.0023043981034373997
0.002404127110250638
0.002417566335485502
0.002411874321599798
0.0025362467233623746
0.002616515975784168
0.002587785286628927
0.0025769651931543077
0.002555060386397565
0.0025391715931214563
0.002622257994336088
0.002588079301039122
0.0025727601541852534
0.002569817100542736
0.002647999304384493
0.0027719421480577005
0.002771053311631658
0.002787177443833761
0.002756771905330455
0.002740261253692501
0.002752019334718563
0.002725785191614702
0.002704636021601661
0.0029919530260832665
0.002962317158026284
0.0028761156804370195
0.0028102593664859924
0.0031471152562351705
0.00321352129232316
0.0032037672170554263
0.003208686148490643
0.003219734679384265
0.0031899267654485167
0.003174174458585111
0.0031391593426034372
0.003119499140330904
0.0030999163549240414
0.0030902207743985404
0.0031334902248991415
0.0031134395915571387
0.0030984342604725456
0.0030911948816314794
0.0030791184259906478
0.0030677251514508656
0.0031343591123342827
0.003100340895428043
0.0031335579541464592
0.00307568884935281
0.003052335702941737
0.0030414634212237667
0.0030343298459471896
0.003026264946465168
0.002985396351709107
0.00296362326298549
0.0029413833689048026
0.0029225872885703646
0.0029132702495053473
0.00201497418655842
0.0020636141833475057
0.0020540276560021284
0.0019871699459975732
0.001991153520818973
0.0018670839312997945
0.0018346364215378514
0.0018243879637126084
0.0018139170811775943
0.0019115769313667959
0.0019123799061430038
0.0019041647168682957
0.001897928958108723
0.0018785967159710977
0.0019197504294455048
0.00198758686073469
0.0019390103800821497
0.001983828577735667
0.001970115242898839
0.0019882973908024394
0.0019896086664483548
0.0019876881491815465
0.0020226821445394273
0.001993024624574303
0.001999311671372396
0.001995945767832644
0.0020450868331698857
0.0021628476010507633
0.0021569974069279817
0.0022074219277889544
0.002207757665075416
0.0022164039101638584
0.0022006509252465657
0.0021813725669051123
0.0021432103804234414
0.002131944932592428
0.0022600209124379227
0.0021327769063096817
0.0021121853895142255
0.002098937679783261
0.0020970336431741636
0.002108082368703328
0.002101746916391505
0.002075740515092915
0.0020571047438459234
0.0018872179716975573
0.0026855869448138723
0.0027529914363880028
0.0027406734677598507
0.002723847286412591
0.0026819411918132295
0.002739950569720409
0.0027250927249302262
0.0027209542794451357
0.0027284396181530327
0.0027245262451798965
0.002727957159562795
0.002716465334800119
0.0027218768694698527
0.002694696036673665
0.002657224008241123
0.0026422058240990667
0.0026480079496054537
0.002797285372893807
0.0027262436075308275
0.0027215135702545455
0.002700420150764563
0.002687461781946908
0.002677703435069445
0.0026611808423064186
0.0026899979842612623
0.0026664587957776725
0.0026356421394545257
0.0028210808552973313
0.002830680684762425
0.002802212267600016
0.002865049488575189
0.0028589430447385363
0.0028500898562948455
0.00278123151554562
0.002873380663453194
0.002813310010797978
0.0028082401719838057
0.0030040098641515417
0.002999539319810139
0.0029842782795939504
0.0029465631339187373
0.0029303332457193223
0.003002362095075215
0.002995548309219928
0.0029477884138329516
0.002884362754831672
0.002995809421463489
0.002973952917349479
0.002960704853349676
0.0029516165506421935
0.0029426421406915978
0.0029427620873320828
0.002936498409203549
0.002947675866030001
0.002921790221124664
0.0029110596576276695
0.002919376592564564
0.0029621658600716243
0.002952890687960328
0.002942165688059378
0.0029278308947887424
0.0029249068182144186
0.0029210065275340914
0.003455346009701119
0.0033466270232076125
0.0035103583301853286
0.0034885335346617067
0.003488940120162747
0.0034688238291471847
0.0034793672825282067
0.003450090745414049
0.0034605672734197334
0.003702917401656147
0.0038284816894647027
0.003347218969584094
0.0033172815787330056
0.0032985221344486986
0.003313363945259056
0.003220794049349766
0.0031975282783590023
0.0031913615250211817
0.003275783501936835
0.0032457983257352637
0.00355798765620838
0.0035676944667940693
0.0036161408482113253
0.0035800485861424603
0.0035896216459880906
0.003590634508443208
0.00348990818398787
0.0034581152532944643
0.003452245714657217
0.0034504042199185883
0.0034329008817336783
0.0034216042636217004
0.003408578081031392
0.0033997611249081227
0.00347409638158636
0.0034641659697832237
0.0034503251111957884
0.0034325208846159956
0.0034232548750975766
0.0034057458312824365
0.0033762709632929972
0.00337707672401583
0.003364569280794321
0.003291226057645917
0.003285506763682653
0.003278536372303781
0.0032724633776771506
0.0032963742655169855
0.0032878667449347298
0.003257241495217675
0.003252304440723863
0.0032308062409450084
0.003241436449498274
0.0032035474295881608
0.0031939516172950037
0.003168875169110979
0.0031606710414867523
0.003166885958681782
0.0031589472344214406
0.0031398670835738837
0.003119804371720598
0.0030896971782284175
0.0030772615054569454
0.0030863182021676015
0.003025417953134922
0.003024316752130083
0.00305059561918639
0.003039097415924036
0.0031866383062421175
0.0031757130461027797
0.0032337569957963702
0.0032215604698078563
0.0032890603750336984
0.0033943200386491314
0.0034148784442950596
0.0034102269010051764
0.0034130843074621038
0.0033935779273971955
0.0033862799462681353
0.0034187678617609656
0.003421837864920346
0.0034189748469121567
0.003668738988131312
0.0036641146431065836
0.0036777682940832604
0.003681477229659177
0.00367456630092699
0.003675470432787027
0.00366273880434592
0.0036251836459876823
0.003622576996677392
0.003631319515496162
0.0036239971624086754
0.003612374669928398
0.003602337126110017
0.0035965049013847628
0.003589296849698173
0.003566761185333408
0.0035918481259080873
0.003572347084427577
0.0035671656153949843
0.00355484916795814
0.0035586549354957625
0.003548167867302251
0.0035431877402355067
0.0035310228851146287
0.003517920029074088
0.0035067890116519855
0.0034991829214438375
0.0035011567854010017
0.003492825956057657
0.0034853914601334084
0.0034610292437103366
0.003458267016798746
0.003446948181312118
0.003438668171444413
0.0034320475296373033
0.0034040484590975623
0.003428225703252819
0.0034172788323861823
0.0034089582692239458
0.003394738764841565
0.0033892168650475362
0.0033826150983140477
0.0033750446287629976
0.003511999752754882
0.003508240580025099
0.003517933099656458
0.003577077991729073
0.0035602074885003124
0.003506969832136552
0.003502418896397666
0.003507518541496138
0.0034963434332816947
0.0034673982753259907
0.003458792742418088
0.0034399120764304486
0.003435535885045229
0.0034272969784797124
0.003420850835180374
0.00340121372860543
0.0032898106184201296
0.003285952079962785
0.003236726687327968
0.003245992404359737
0.0031791547958296335
0.0031729387331966745
0.003184923836775576
0.003175746859576351
0.0031564663528384916
0.0031513731185607587
0.0031465066199640066
0.00315751989649364
0.0031482519217670554
0.003142300715309951
0.003133618413376389
0.0031206445800442476
0.003942137183455971
0.003950128690183812
0.003939260255940035
0.003939837206541429
0.0039378158527328885
0.003945566000839021
0.003935961564988242
0.003923828593680528
0.003910059363017595
0.0039017952968745727
0.0038770710093486357
0.0038698500418651678
0.0038680292259971423
0.003869513272434901
0.0038494982882112893
0.0038248873530599523
0.003782293571638025
0.0037730616125830124
0.003765742981450154
0.003754153068252113
0.00374463533536932
0.003738089769156655
0.003746557292048626
0.0037389269267703406
0.003721840830284542
0.0037164135464570337
0.0036925058625596444
0.0036804889770264953
0.0036738191204910096
0.003657505605508084
0.0036448047347929376
0.0036439600238268796
0.003694286765331786
0.0036888157539037006
0.003687431100795004
0.003665459359748054
0.0036751887320174512
0.003683813103788893
0.0036849512776565663
0.0036517605743081817
0.0036422766336723896
0.003629511004270573
0.0035583482123653404
0.003537520837859347
0.0036098805233426823
0.003630751483496854
0.0036650090845459604
0.0036669281598565332
0.0036584626131253776
0.0036601347499486776
0.003663405481621761
0.00362179488496488
0.003610054120624651
0.003602818929917445
0.003595395803536348
0.0035892252859985254
0.0035832351358377175
0.0035805041051853483
0.0036758536172875568
0.0036525025196097317
0.003656825663159448
0.003650505601661536
0.003640521245700205
0.0036385645797370886
0.0035664740187184452
0.003436017137573794
0.003432414682388943
0.00343292971464346
0.003434961777289645
0.003408875243188934
0.0034170845595371782
0.0034149690667248126
0.0034032424331078347
0.003372132373286984
0.0033635600907857654
0.003354336612623661
0.003348050348205627
0.0032322887370455893
0.0032239706146470607
0.003189246049140914
0.0031779393446711274
0.0031747771641707657
0.0031601724909364687
0.003168665935926021
0.0031271970079256306
0.003104558370174082
0.003106610572919222
0.0031078762880616295
0.003104082247507811
0.0031228703019426504
0.003119017867248491
0.003110849133173534
0.003082203542312879
0.0030769166012859363
0.003108585341560307
0.0031120648708610294
0.0031259329234825995
0.0031220534218155275
0.0031106943048094665
0.0030469016130176495
0.003034423853200934
0.0030228998953233887
0.003006146063902348
0.0029878361891429368
0.002978155111725029
0.0029794363834963556
0.0029812793552991884
0.0029857703851661386
0.0029783420734829915
0.003002858470803335
0.003015037803638518
0.0030116038073685495
0.00300972348827524
0.0030037456516581475
0.002998728398216894
0.002992479525331487
0.0029878860145457022
0.002982803763475996
0.0029794611669143774
0.0029525581746605006
0.002940468600933972
0.002935306934653531
0.002931708103696779
0.0029304399682274704
0.0029197509575758164
0.002908745687645356
0.0028187826579655372
0.0028121439627606585
0.0028073300241809518
0.0028094640786126618
0.002797469942204487
0.0027947290518903134
0.002795718303964244
0.002792597641915237
0.0027920827853136873
0.0027868204119761244
0.002775692518041483
0.002767984832420874
0.0027896909185050967
0.002785692486133055
0.002782736699046267
0.0027686589681309623
0.002762862862787098
0.0027597327018179453
0.0027781581067135063
0.002789520006665555
0.0026967714362058325
0.002683714999421478
0.0026831136989963716
0.002677595195841438
0.002670870775048945
0.0026650970618176425
0.002660752424514606
0.002641965789625319
0.0026448599130926113
0.002676513390911102
0.002669419159770206
0.002683791534321293
0.0026823987678832313
0.0026541774664772108
0.002654811077900651
0.002663354521192063
0.002554259083686566
0.0025509402347664613
0.0025013612984253397
0.0024973096272710086
0.002493772416666171
0.0024905247026229273
0.0025210441145010988
0.002518549362240271
0.0025081417836782353
0.002510810294921622
0.002485043403002351
0.002471621214819079
0.0024711238591865322
0.0024698758042243935
0.002465078024375648
0.002465335169167135
0.0024634253633653925
0.0024765475699621803
0.0024767682454575504
0.0024410638688627966
0.0024292497990180844
0.002424830874956317
0.002413888522445692
0.002419447575831512
0.0024126194370717884
0.002408817723548913
0.002406974192414701
0.0023973507069027875
0.002391188723798575
0.0023878398817032535
0.0023774922538260853
0.0023513266513750367
0.002344298179174747
0.002342043628514684
0.002338286743295185
0.002332684232483717
0.002347624150393836
0.0023434905846912942
0.002338320037787199
0.0023459843468346436
0.002344966136431251
0.0023410258397718498
0.002339037643392956
0.002329699381796549
0.002327910278815706
0.0023170247053798548
0.0017084129511805192
0.001704529454031754
0.0017004838687171247
0.001601749788334008
0.0015755226922919937
0.0015609182876055888
0.001524683255411215
0.0015141839277355831
0.0015151341960184946
0.0014670205589645126
0.0014642934716555772
0.0014608199584482627
0.0014563594892681659
0.0014635610861876305
0.001457920456222221
0.0014450216967943044
0.0014541487796520677
0.0013695335664034441
0.0013739368641027864
0.001372745886308444
0.0013686063226749005
0.0014118511801122437
0.00141197755002289
0.0014108258674065711
0.0014122951958670323
0.0014181165103502719
0.00142779628827606
0.0014276398341117119
0.0014269236513104082
0.0014814715335198436
0.0014250599282594556
0.0014270537568679962
0.001425557108099534
0.0014251996458549228
0.0013983223109829347
0.0013889518598890033
0.00138840522218166
0.001385815109415179
0.0013786963056977438
0.001390833877268661
0.0013938467070473476
0.0013846378802985536
0.0013881260900390788
0.0013929299643378834
0.0014223236094454243
0.0013896640936935667
0.001390093897245536
0.001377897802934618
0.0013777175755628054
0.0013782010860843427
0.0013758414041419973
0.0013747038977925
0.0013768785995284857
0.0014120229584279
0.0014000792304166602
0.0013994874244373113
0.0013976069065508114
0.0013981444217195304
0.0013334294995155141
0.0013224776600118532
0.001322461985712539
0.0013182705881542153
0.0013070442085321946
0.0013136614818244638
0.0013137565210735763
0.001341673174702695
0.0013277374256404051
0.00132751557018495
0.0013284223239986787
0.0013266436185056009
0.0013236891909730432
0.0013201792507111902
0.001319839870656456
0.001317155382580933
0.001324688603866906
0.001330612869552686
0.001328957651927048
0.0013394226601860793
0.0013369237120899068
0.0013356628040270325
0.0013312161290485755
0.0013344734194236498
0.001326391695626197
0.0013503017664032784
0.0013486879258030745
0.0013428893660352987
0.0013399454864281358
0.0013975035545547624
0.0013933287000948917
0.0013855684538001405
0.0013824104167963567
0.0013849025463002298
0.001382787745228309
0.0013756127751548754
0.0013433852712675673
0.0013401599037658884
0.001393002766488456
0.001403618597415538
0.0014363834965024562
0.0014228490052189393
0.0015192963013365502
0.0015174253440248847
0.0015259479196989107
0.0014838201919509448
0.0014740731792599764
0.001472744989107571
0.0014742212481833827
0.001484923068967257
0.0014624458193815987
0.0017580086965927123
0.0017896434036418633
0.0017794316601306222
0.0017777509088701994
0.0017750096459295576
0.0018229652644630027
0.00183944945853209
0.0018269157958134626
0.0018233562801953983
0.0018222355296352243
0.0018291225160072433
0.00182607188064334
0.0018259745356484997
0.0018255708983215115
0.0018228540913277707
0.0018179777083959247
0.0018208386725596523
0.0018288559206091253
0.0018222860800963107
0.0018170228538779097
0.0018145153876979257
0.0018151507603472678
0.0018244710428036708
0.0018167243369542512
0.001814382801627604
0.001811023230815903
0.0018070437624614008
0.001803988279285749
0.001803171881067134
0.0018030204235531383
0.0018056195107123295
0.0017971607887068504
0.0018097113793271355
0.0018359221568445521
0.0018290422825594265
0.001815354054313707
0.0018125966675843082
0.001885052548163482
0.0018770325671885468
0.0018573630975537083
0.0018525276973506148
0.001852616151850504
0.001823762433971314
0.0018249950017725186
0.0018243356074581975
0.001822142788016683
0.0018201351573148689
0.0018177930974596023
0.0018170818646497159
0.0018181607917857787
0.001816626279746525
0.0018139220922858176
0.0018109425839496626
0.0018131247756366935
0.0018137426372081494
0.0018128119549688413
0.0018141531840660894
0.0017786411653009056
0.001776416493281238
0.0017758144812192427
0.0017752655105024503
0.0017750449597236037
0.0017876626000950524
0.001782770354511157
0.001853950856631854
0.0018554275078314856
0.0018568507520520898
0.0018539656919897842
0.0018523073643350273
0.001851060699031718
0.00186072509756486
0.0018576958108024626
0.0018244042544391214
0.0018208751457904203
0.0018166770757165125
0.0018159975394775492
0.001819071252027592
0.0018191336074991548
0.0018261141092201867
0.0018316280190743633
0.0018300028171658593
0.0018284810362091048
0.001823024994171163
0.001814503508057387
0.0018117937721582266
0.0018103605566263266
0.0018209277289517416
0.00181777799223341
0.0018122905487115593
0.0017762800071108756
0.0017474287788990087
0.0017440589780262248
0.0017283653819207124
0.0017262667554505799
0.0017233511225861627
0.0016864137033990433
0.0016844057315893968
0.001681569319062204
0.0016825957924690247
0.001584088160658151
0.0015490975989604556
0.0015457196617230605
0.0015509782120937548
0.0015508646506801047
0.001549484371601271
0.0015372963603013723
0.001531856746456199
0.0015194072679396546
0.001514243047901015
0.0015064273103076703
0.0015055898936830613
0.0015019133532843223
0.001493174470856881
0.001495207630808169
0.0015132231981536003
0.0015114512489260946
0.0015042218293895386
0.001503010439258669
0.0015040247536314668
0.0015019935148419814
0.0015007693675252822
0.0016572352705236763
0.0016557345766651688
0.0016551349966614979
0.0017243789599012804
0.0017255010848902406
0.0017271651201011453
0.0017186030597000728
0.0017293944114231692
0.0017138806875586746
0.001711435284875262
0.0017052939187541223
0.0016885553505587394
0.0016857172328153685
0.0016839053347962713
0.001681672477517757
0.0016947260441350675
0.0016924254199394337
0.0016903196016867944
0.0016892142434363961
0.0016885654016164497
0.0016887446175805488
0.0016950098114632186
0.0016896360007166128
0.0016842456842723582
0.0017051578887156379
0.0016982812165893498
0.0016967963661586485
0.0016955688245182906
0.001694934274879262
0.0017046536407866813
0.0016922003390858207
0.0016735507386873103
0.0016803758961568018
0.001679290709195994
0.0016745793517945237
0.0016679748330804792
0.0016609024306971072
0.0016615079615403701
0.0016613465273678087
0.0016593839011788268
0.0016590327217639498
0.0016615069660452103
0.001656863819082711
0.001652340534369263
0.0016579198950276777
0.001658317158743851
0.0016564834788781785
0.0016537633325314017
0.0016502888663070519
0.0016473099936212974
0.0016449816832017478
0.0016495278669563062
0.0016574163016111836
0.0016555128040654644
0.0016667190540818242
0.0016593097645183764
0.001650769248729407
0.0016487860126534492
0.001655476338169366
0.0016479497150532734
0.0016501746390201412
0.0016508922436722594
0.001650732301857191
0.0016572780868361152
0.0016574878605408665
0.0016632568452477994
0.001651903322762042
0.001645593852200445
0.0016400213273991527
0.0016384947170613852
