-0.019599324092268944
-0.021386664981643357
-0.016772682138253003
-0.011597884306684136
-0.008756662524926167
-0.007408512614866985
-0.0058568832391756595
-0.005122826725710183
-0.0006367418740410354
-0.00026741776805879006
0.0005184443774245062
0.0005673007332146745
0.00102961714063505
0.0008211029577068988
0.00012448318375390987
0.00010025502963210761
0.00010614295347800715
0.0003861957137767032
0.000341907926485874
9.532733210584259e-05
6.708186066878811e-05
2.8582317653395766e-05
-0.000140829334365359
-0.00024885485181584937
-0.000548065803461493
-0.0006115948113060933
-0.0005451810616900078
-0.0005444194900739036
-0.0004857617527401693
-0.0005251356577050058
-0.00040564298797107746
-0.0013514468993173177
-0.0011634198822053697
-0.0007334763965835528
-0.000697417247768802
-0.001057086473116903
0.0060339510137533865
0.0058448665658943355
0.005657061729289125
0.0054646162131642235
0.005338609727221496
0.005745617649788686
0.005613358499514024
0.005391306822032978
0.006415116943611318
0.0066321300171771425
0.006152152878106183
0.006076831507201934
0.005976769773988053
0.0058385116817411395
0.005716999737510027
0.01014492720066798
0.00991309657520442
0.009707614322277631
0.009642458961544823
0.009420835637699876
0.009140779533230795
0.0091056493939674
0.009360773717829337
0.00925551817492872
0.00926792768821601
0.009121862934123436
0.0089689771813255
0.008406197920983407
0.007400468679847881
0.007262754372304563
0.007130079699088717
0.006975233900817146
0.006826244116798211
0.006831697294997663
0.006766967144055042
0.006684124165263239
0.0072256697207489515
0.007138385282305537
0.006543976996238743
0.006557462567727343
0.006401843815323306
0.006303541960664053
0.00623207076723702
0.006173545494765463
0.006070024086955349
0.005970874907962938
0.005917217252707424
0.0058495844009859655
0.005378054921345401
0.005313896728380472
0.005267444179563345
0.005424663787226983
0.005366421424049704
0.005236592794052751
0.005213384010779049
0.005147980688586055
0.005126272394842632
0.005069624761649481
0.00570919536562542
0.005493695100366749
0.005521701346285172
0.0054043667321710745
0.005343438781928854
0.005062637116779034
0.00524371488434411
0.00519002862061313
0.005157296762193326
0.00499294721445213
0.004903104803472746
0.004871733809038498
0.004929336779915268
0.004881500523153442
0.004817641958586387
0.004968722753957239
0.004930817024549991
0.004829384870036503
0.00489718722427936
0.0048353502357950575
0.004787229201046387
0.004777955628434521
0.004730292404343286
0.004713451213747786
0.004667654855499377
0.0048504899309929845
0.00479052169135148
0.004612985050802149
0.004581586334625762
0.004325182107102595
0.00420895154988218
0.004078150628600731
0.003974740441492489
0.004241042002295995
0.004255484313930191
0.004240002881974174
0.004189319759406679
0.004142498652482693
0.004069620811863921
0.004351249156806501
0.004316801354488077
0.0042727685563311345
0.0042419468992338305
0.004181933974696028
0.004109831324136138
0.004094898884161132
0.004074283610055028
0.004070004428909051
0.004043867754515107
0.0038469928681573494
0.004167917408940167
0.004137876031904084
0.004024779808074728
0.004033296278530608
0.004008542285058264
0.003983742517135063
0.004299005998769935
0.00375326855839162
0.0037897444454792098
0.0037987475160926225
0.0037557574267292476
0.003531116953445528
0.0027530503462866738
0.0028844058083765008
0.0028419103529358876
0.00287929895132027
0.0028906815372645336
0.002984063791036481
0.00293152385494046
0.0027382860155546872
0.002697691868165587
0.002678332242947061
0.002672024135444236
0.0026230580128571625
0.0025913352671897696
0.0028314457758930973
0.002825172973157459
0.0028001266129828364
0.002767895944287733
0.0027296581296832327
0.0027138077487672352
0.0029099385956934377
0.0031043698323587783
0.0030786343304295373
0.0030618805681216273
0.0030359986257235782
0.002980141215140558
0.002923765886790323
0.002917712908366295
0.0029174303457005653
0.0028222888700369275
0.003357716748607036
0.003299109273358867
0.0032849303917068065
0.003439230861266354
0.0034022313669212403
0.003083866786596447
0.0030797752211310127
0.0028865760424880683
0.0028725721565514037
0.0028614192949450593
0.002832822670926978
0.00282122425359734
0.0027833424927067177
0.002779297792549189
0.002754488984197879
0.002743052600185322
0.0028001702177493735
0.002793371691344269
0.0027810581292170575
0.0027960218814892823
0.002791187212742577
0.0029680441229035003
0.002950489671941811
0.0029408517512257257
0.0029328024763185263
0.0028631460332552774
0.0028366001670676773
0.002849006753600646
0.0028355087919450426
0.0028222122991792293
0.0028120757048493076
0.0027659173125741325
0.0027652939235152094
0.0027547622257274784
0.0027359556005406424
0.0027233589336557672
0.0027264528106827612
0.0026289664771021715
0.0026896873957593945
0.0010908071822046414
0.0010718566456633751
0.000813235975313053
0.0007966829550070764
0.0008098284797755632
0.0008064827546807429
0.000792025914585073
0.0007870757450884755
0.0007809862284212186
0.0007864532154734619
0.0007839279065993374
0.0007911133719595923
0.0007996423516465082
0.0007931950497409349
0.0005680049660137851
0.0005664716826312751
0.0005610258038449675
0.0005565167282487152
0.0005507599627711258
0.0005416047791130762
0.0005356119376286878
0.00046037654434250805
0.000591833425929627
0.0006331187525582255
0.0006300316288543416
0.0006244738955378634
0.0006209289268366473
0.0006167161757374483
0.0006170067426005641
0.0005903050270075379
0.0005566960392968684
0.0005410366553434093
0.0005385984815041236
0.0005469784852956495
0.000438399642315256
0.0004329891138925533
0.00042177680226106125
0.0004514968835785488
0.0004478901725605933
0.00045032927770286365
0.000439220976255813
0.000433521376950415
0.0011260274821514916
0.0011211349850390245
0.0010787777081767925
0.0010759277627457595
0.001079058445049991
0.0010750563735014013
0.0011231515741765596
0.001121568566013595
0.0011373653893130833
0.0011903483682807591
0.0011779034872011305
0.0011774083349040535
0.0011803782034413826
0.0011774538991070917
0.001169059443730716
0.001183476299021762
0.0011727658414163458
0.0011119210875844357
0.001079664879430281
0.0010809209311082053
0.00107646902696009
0.0010892753300744862
0.00152267904453891
0.0014965826013360328
0.0015456188548217172
0.0015355696017985447
0.001509055357142694
0.0015019419349254508
0.001495076995377385
0.0014812670935363595
0.0014837498325358815
0.001397862179973982
0.0013723199627080872
0.0013661022519990988
0.0013464454289274044
0.001309652145095778
0.0012940484020155546
0.0012689779375891642
0.0012640135306010898
0.0012614799589053317
0.001251903466585316
0.0012579592338092204
0.0012620704989052289
0.0013195090913661126
0.0013163792505927134
0.0013173521179421343
0.0013124206419958182
0.0013209273943276575
0.0016141994142287082
0.0016588379654617282
0.0016504269175964743
0.0016434580821142152
0.001277209374597989
0.001258265617374453
0.001245940136010088
0.0012117544443506244
0.0011998523741679925
0.001196712880784898
0.0011922870846342046
0.0011740598002502453
0.0011699183004588495
0.0018738471221709202
0.0019283784689887965
0.001924329966525978
0.00194300886222806
0.0019391630149357994
0.0019222054790458336
0.0019162625317642506
0.001853966400154779
0.0018561780653086998
0.0018378462974456035
0.0017664866243107227
0.0017158348065362706
0.001715112791623364
0.001724164103762362
0.0017079943200470156
0.0016878635418157342
0.0017197825264293658
0.001711372162263863
0.0017280647133930626
0.0017426625943218164
0.0017429612524257742
0.0019005101057700821
0.001900815341603065
0.001891895299195313
0.0018659876316532546
0.0018634603929042952
0.0018343554176783697
0.0018284393803431045
0.001821508180286152
0.0018134506182893393
0.0018082870002498752
0.0017908039040371994
0.0017848105401695922
0.0017782420814629058
0.001773951903800802
0.0017667080939825443
0.0017608844820244174
0.0018546295514816301
0.0018521639985052696
0.0018442892097759217
0.0018389992224087898
0.0018249649170635131
0.0018200422480270642
0.0018157379589308323
0.0018099550673617664
0.001804375452841422
0.0016440356170836228
0.0016364521755136568
0.0016297264188970884
0.0016247952303731525
0.0015913302531987464
0.0015856994267347843
0.0015812139857540241
0.001566289635142008
0.0015677934318799758
0.001572236332587334
0.001565485106827995
0.0015698918638677938
0.0015649440507233057
0.0015577704410687388
0.001557675646616514
0.0015529786295911242
0.0015495834526602346
0.001543776455946501
0.0015599659363989221
0.0015588319659626678
0.0015598556390061663
0.0015536185398532067
0.001559056691407235
0.0015548689535996854
0.00155030940138539
0.0015453053636156275
0.0015424344231556898
0.0015335873536625431
0.0015317988055486655
0.00152340118413374
0.0015285165261126569
0.00150191602851964
0.0015339187914316839
0.0015357316387606137
0.001531493540299366
0.0015292130693901212
0.0015262055262178882
0.0015010598738812318
0.0014980534037612352
0.0014950765988138268
0.0014942043383061594
0.0015035293562715008
0.0014689757134257312
0.0014661625320783673
0.0014603315324823755
0.001456965912525666
0.0014541836049600753
0.0014044826802915155
0.001506572165346187
0.0015012463880442037
0.0015002430410138079
0.0014976633442721587
0.0014940197935522296
0.0014820711369955089
0.001481164655624972
0.0014112426364844474
0.0014029907343998025
0.0013566354816113625
0.001355235847068751
0.0013540482862477263
0.001346042079616195
0.0013384222307616545
0.0013347793230393998
0.0013318852698460998
0.0013279214953749925
0.001324576479485339
0.0013371158622451035
0.0013490403295415348
0.0013538416510764004
0.0013509122268547187
0.0013424225127176665
0.0013398971627569495
0.0013381116572157823
0.0013320082792591045
0.0013177623387594936
0.0013156432012813952
0.0013124903991911106
0.001310078025842782
0.001307743687704222
0.0013049967723666796
0.001226834987755866
0.0012274342501002965
0.0011938870012000039
0.0011691613925781572
0.0011617165744408154
0.0011471035286693082
0.0011451967756153827
0.0011525314696988883
0.0011492437907076232
0.0011386322533733888
0.0011338175203080396
0.0010172525407544596
0.0009339643776670065
0.0009274745754784179
0.0009307730941723467
0.0009457544798893433
0.0009434324583051555
0.0009407166211438671
0.0009570250623730511
0.0008974589518824496
0.0009027607963837108
0.0009016182357758422
0.0009354851208627237
0.0008105939813347928
0.0008093708374093753
0.0008467732849567268
0.0008403790857594012
0.0008264302720904607
0.0008415504276217889
0.0008711455309460979
0.0008685432646613216
0.0008645835695172664
0.0008635888897416574
0.0010240631292587955
0.0010251566292568083
0.0010309518218974177
0.0010317974078552924
0.0010390464261487021
0.0010311112246623947
0.0010258914816614181
0.0010285143798388875
0.0010107034638548948
0.0010061263121344572
0.000984913712685572
0.0009765789238047823
0.0009744862494699207
0.0009810700882196036
0.000977689946070083
0.0009721774790678133
0.0009689484586343757
0.0009684404462868694
0.0009662583196273901
0.0009607267485372645
0.001021155964886344
0.001019924447062328
0.001047323779094573
0.00024445327580337054
0.0015639509545337675
0.0015568193940359108
0.0015548426759665291
0.001552464176467802
0.001547982297187299
0.0015576147534076149
0.0015553276599387105
0.0015515786452254344
0.0015485178386790315
0.0015170500194955534
0.0015136721341634785
0.0015108729681224053
0.001519970227456573
0.001515714287220147
0.0015154001308273549
0.0015065351230668029
0.001506036654229155
0.0015043558897870903
0.0015018747042906304
0.0014940849421780456
0.0014868788140783484
0.0014850891480651758
0.0014802291086508223
0.001483368411824482
0.0014551661490476192
0.0014521666963756422
0.0014492151338304571
0.00144965591653512
0.001446621904728495
0.0014719679304658977
0.0014699348612339245
0.0014624745458478982
0.0012522161618482438
0.0011845000616622964
0.0011810443621594045
0.0011788148232009972
0.0011777856168547491
0.0011756633326887524
0.0011664630367621707
0.001165682611434076
0.0011627582845139324
0.0011608018763519154
0.0011574885865613756
0.0010198235847915928
0.0010210984203191452
0.0010423049896799168
0.001045066127931203
0.0010517619145481837
0.0010516270137096802
0.001032053648028109
0.0010301468556265657
0.0010291314525282657
0.0010357663258547941
0.0010350001807581126
0.0010148066918550989
0.001009549714468944
0.0010053751850239397
0.0010047784495816631
0.0014141813820874405
0.0014476202048334607
0.0014408197332120886
0.0014380055975968828
0.0014301628640733016
0.0014224080504652164
0.001420208682386855
0.0014178761932958557
0.0014167831424957275
0.0014235736207677857
0.0014481514763560735
0.0014334825425979447
0.0014312205948141619
0.0014288740940563754
0.001424465679245833
0.0014217375937608503
0.001415651259102912
0.001414788720388168
0.0014136635720304962
0.0014265394027782488
0.0014190585490353653
0.0014921023605488704
0.0015009340009488087
0.0014940312314175104
0.0014915531908333635
0.0014856353636435833
0.0014582892969987465
0.0015008907680422346
0.0014981798249148707
0.0014861710036156175
0.0014703957512271404
0.0015463868177068014
0.001545155838493431
0.0015415312634555324
0.0015296484114225794
0.0015294091654667248
0.0015242744939014282
0.0015228401901635977
0.0015196494372096499
0.0015172740440216035
0.0015191604713332035
0.0015269977289305155
0.0015393369901407748
0.0015349246029278502
0.001536984012354791
0.001564861074403759
0.0016579954231314962
0.0016442848747852574
0.001615768613268432
0.0016132529238793282
0.001610599585963488
0.0016051281942324124
0.0023797674466813448
0.0023594728531883533
0.0023601402141920505
0.0023571151409007155
0.002379906658699822
0.0023726523735461994
0.002339709343605891
0.0017686751644935051
0.001720462113752591
0.001717769683822952
0.0017148576840911502
0.0017169675940338673
0.0017191165699514744
0.0017156199222981968
0.0017210044174100654
0.001718319470478599
0.0017227376779359782
0.0017181849421498386
0.0017081122824578196
0.0017063799912707994
0.0017032768787586384
0.0017085502536735074
0.0017031307833213708
0.0016961717847350035
0.0016923446673083326
0.0016904957123851578
0.0016877282784443445
0.0016794692654532306
0.0015511051775935754
0.0015462528503535121
0.001547875525163247
0.0015488120670810598
0.001552975019473321
0.0015480942335525207
0.0015558142623437645
0.0015595023616234945
0.0015687292335124121
0.0015678851817088131
0.0015631728233308961
0.0015617567654422375
0.0015274008333918806
0.0015252161986391182
0.0015208957643948007
0.001496906971242836
0.001492987690896615
0.0014897392823307772
0.0014729064209641814
0.001552179772677301
0.0014537830901767254
0.001454933679942039
0.0014677755994133214
0.0014570704573495523
0.0014594117021358075
0.0014592803589093164
0.0014541482681759814
0.001810722485220847
0.0018052434738699303
0.0018033556331423623
0.0018006899268878944
0.0018005541372713618
0.0017832408488564556
0.001715322135716414
0.0017086982024575178
0.0016925340907300466
0.001680873866737974
0.0016774223706063085
0.0016666214686491148
0.0016639118646454658
0.001653532835692772
0.0016609574614171525
0.0016583360932105884
0.0016646838120681383
0.0016624125461933452
0.0016703906508384366
0.0016675676577835553
0.001665745516713583
0.0016737030108115024
0.0016731501550494917
0.0016765558542907212
0.0016654128691247943
0.0016274394389422335
0.0016167306511025656
0.0016100853300790954
0.0016571702253533145
0.0016624266838628466
0.0016571896181885742
0.0016459307953867886
0.0016406635807230726
0.0016386197465872627
0.0016361499451135512
0.001640633671258095
0.001644736816640353
0.001641099123625377
0.0016379553941867151
0.001635451331128417
0.001633149961368672
0.0016329047835105422
0.0016318128917783654
0.0017134498634807961
0.0017107399765610343
0.0017139451650429525
0.0016698942711591287
0.0016683731566359797
0.0016923842942598091
0.001689148362117821
0.0016850626157234468
0.0016637780171035123
0.0016548641594138615
0.0016526158924011429
0.00164702315025536
0.0016419553557409303
0.0016500918317325457
0.0016475419890550809
0.0016453743246875978
0.0017007765645980348
0.0016971775777452573
0.001690965427067244
0.0016784917962210974
0.0016757696296932627
0.0016739983128729763
0.001707228612748823
0.0016567075459120232
0.0016522852449334016
0.001649271953215097
0.0016514842490989326
0.0016550406138024036
0.0016530404800383922
0.0016616818545283358
0.0016591312894815946
0.0016581715723797028
0.0016603517580680554
0.0016345767377800046
0.0012025949880463222
0.0012227799868526684
0.0012212518950878752
0.0012197874283685546
0.0012179155139985954
0.0012167221733419143
0.0012210584927575664
0.0012079672492022252
0.001200570587589936
0.001211546361019647
0.0012393681406223788
0.0012090634526020075
0.0012015162843743892
0.0011999637951917981
0.0012009689486494816
0.0012503326945933534
0.0012475096857725767
0.0012461292570106466
0.0012445612377034185
0.0012425800081682875
0.0012412956999370629
0.0012363774670056092
0.0012351867265272076
0.0012341864969909841
0.0012443493119871976
0.001235815461684593
0.001233361705577317
0.0012314150102606524
0.0012144377859912585
0.0012076085597379626
0.001201291352899439
0.0011981864161011784
0.001185775257346614
0.0011820951261488461
0.0011674581485767994
0.0011654741720467647
0.001162334503144078
0.001161558523297541
0.0011549206786694976
0.0011515512108349513
0.0011487511483760087
0.0011542940070456728
0.0011515982012739502
0.00111703390485562
0.0011153940924833448
0.0011206259971962783
0.0011363758028005591
0.0011341062471775514
0.0011327783917921164
0.0011323164224807934
0.0011408307060893602
0.0011268729542517472
0.0011253082315144053
0.001224396842116636
0.0012311117388552457
0.0012295701409917928
0.0012969760761319072
0.001299832223753669
0.0012987885498153783
0.00130263942021516
0.0013015634833289799
0.0013851817342974272
0.001376636077497116
0.0013752284725021594
0.001370936537224251
0.0013858049544149195
0.001393719838227012
0.001394312198201399
0.0013891116934286235
0.0013810289701955466
0.0013829101346314963
0.0013757885113348813
0.0013736414447285768
0.0013780992835547188
0.001375955858328461
0.0013763105264078376
0.0014063436325772926
0.0013996523875432622
0.001405128446403018
0.0013959622313440571
0.001394500090128692
0.0013902671759691793
0.0013953784251937824
0.0014102944461840395
0.001408700200355534
0.0014070318768140925
0.0013982484295086463
0.0013959696763331632
0.001392077902140407
0.0013886342007402004
0.001414323177394794
0.001375693753250196
0.0013733557329652164
0.0013714824740348628
0.0013698420693392022
0.0013706165757066773
0.0014327997258057155
0.0014376884032620088
0.001462033249509221
0.0014603113628715134
0.0014554565869800446
0.0014535080880657358
0.0014485814390546056
0.0014271896653684547
0.001394006538661913
0.0013930812106648625
0.0013964008584776459
0.001390163540241528
0.0013856157087241007
0.0013841683049805823
0.001380510176728777
0.0013778281844453399
0.0013761968242462965
0.0013598697704992723
0.0013575795090885307
0.0013391037894238502
0.0013367058764648908
0.0013352465603114383
0.0014686149369911158
0.0014748710470129853
0.0015023971629730534
0.0015145032551725842
0.0014947711393401685
0.0014930164599932056
0.0014927228353941644
0.0014922421331519165
0.0014866285492499559
0.0014815717335353456
0.0014845004151314107
0.0014822770586938355
0.0014894615677293523
0.0014855934802340367
0.001484735078347863
0.0014825163724469655
0.001480352096651334
0.0014788821309165271
0.0014779464161129628
0.0014764149941231893
0.0014648035414370412
0.0014521695866767487
0.0014502381141893055
0.0013985036411970591
0.0013987493769462857
0.001401924146889335
0.001400314366667455
0.0013988958142522976
0.0013962840691621968
0.0013888377714053775
0.001309852682574348
0.0013042941605124828
0.0013054387251108064
0.0013142681610332375
0.001313840103624454
0.0013113813666480218
0.0012922024818665758
0.0012907988822719015
0.001286058053023687
0.0012782967921921204
0.001316873483692132
0.0013206551994526792
0.0013337000536642947
0.001330945423094203
0.001328298940730415
0.001326257397665391
0.001324817049845918
0.0013232051601577601
0.0013189170288856293
0.001320467248806027
0.0013148713565480938
0.001313121474464339
0.001309791267457715
0.0012816869891085442
0.0013199990241827457
0.0013190122277884696
0.0013272497713491466
0.0013238946561197242
0.001321981798569582
0.0013200221200389982
0.0013142137479735944
0.00131392778114281
0.0013115634172791283
0.0012992282694151264
0.0013006133737085738
0.001300896366831083
0.0013009697813734715
0.0012997885956168996
0.0012980058849096068
0.001297726353702713
0.0012950737440253115
0.0012984624754367275
0.0012973935443117148
0.0013082664902593416
0.0013075081380153472
0.001293844417187031
0.001289526889368908
0.0012899961416660032
0.001288938985343474
0.0012892272866543947
0.0012749645849856543
0.0012772667669454067
0.0012707510372610528
0.001270206642914993
0.0012702333485434289
0.0012599696680420163
0.0012573792153191105
0.0012559076281467784
0.0012548734267899906
0.0012537293561647915
0.0012496904343773138
0.0011576294465325022
0.00115644011865456
0.0011567505399318117
0.0011547951720904575
0.0011531123618276423
0.001150621718702798
0.0011479145572465916
0.001148237547840837
0.0011443692463631318
0.0011433878025040895
0.0011421693506163935
0.001140003885009933
0.0011471998517094445
0.0011438677024307637
0.0011300829705187911
0.00112963472858223
0.00112889937682166
0.0011331688688586642
0.0011344522049665288
0.001131713911715865
0.0011337843814883252
0.0011328074625366281
0.001134617615602582
0.001134074989075654
0.0011328945822478436
0.0011461954085993994
0.0011449353150790463
0.0011796717835888125
0.0011773628054482406
0.001164821285483744
0.0011742223666195524
0.0011731252953206975
0.0011722237950398367
0.0011628796909797054
0.0011632620364386136
0.0011583871426433744
0.001157759196557691
0.0012656278992008094
0.0012538279774167683
