-0.0066396016627550125
-0.008652276669939358
-0.01219583349302411
-0.007070050016045571
-0.0023145045464237537
-0.003222246521285602
0.0014745511580258608
0.00018861631138457173
0.0004991979338228701
-0.0027251246131279254
-0.000377873502050837
-0.00023485050321771564
-0.0002896998609815327
-0.00014817410459121082
3.3827673178164796e-06
-2.6510305949213e-05
0.00014386637485586093
-0.0011629172950051727
-0.0008963491447502749
7.21591779784779e-06
4.6808862614191316e-05
-0.0013254765122521505
-0.001150431210893051
-0.0009983937093056739
-0.0005635060034154986
-0.0009270373546449398
-0.0009098602406863522
-0.0008901214650591258
-0.001454253206611611
-0.0014127441362718183
-0.0013220891723904062
-0.0013038286865180869
-0.0012920159189140096
-0.0008324481546878815
-0.0008340416113949484
-0.0007151663806792853
-0.0007037484702825744
-0.0007024534682456693
-0.0014731234186911026
-0.001658142250451464
-0.0017724366251578823
-0.002949653844468209
-0.002925338796392845
-0.0029373612578233906
-0.002785777067006363
-0.00266038897036119
-0.0027616931777932523
-0.0028859936187937093
-0.0024597997323144226
-0.0024632186202021935
-0.002381820720844329
-0.0024057077430627957
-0.0023215730228306106
-0.0025937589869665153
-0.0025943330058778107
-0.0019766129522682417
-0.0019833861964610247
-0.001869640854716112
-0.002210883133617851
-0.0021754896273496792
-0.002085466005214145
-0.0011743368090791925
-0.0013567211642566692
-0.0013265988840990201
-0.0012693116985963463
-0.0012246194439366768
-0.001241129887870664
-0.0013767678146773578
-0.0013280383907840593
-0.0015284210821846507
-0.001522247200733142
-0.0014267599220907524
-0.0013636865185469873
-0.0013417908147675924
-0.0013175560691850389
-0.0011488261926305401
-0.0011509319266247665
-0.0011406471944322722
-0.0004100329630091445
-0.00039893295562015577
-0.00044745904703698443
-0.00044245718005646355
-0.0005058480194184958
-0.0004965256483581691
-0.00048790159746923354
-0.00041609796666641964
-0.00039571296342315256
-0.0003861676533039393
-0.00037423039660401084
-0.0005104150375220828
-0.0004969581851859725
-0.0003033214330395329
-0.0002483198212699951
-0.00019816828808918852
-0.0004580039338482802
-0.00047897989636637596
-0.0004877814031455538
-0.00043141378828846533
-0.0004339750409417325
-0.0004296664220320139
-0.0005321725981832742
-0.0005274292359069826
-0.0005274367876364316
-0.00018554739293731083
-0.0002411438011067906
-0.0005762055829041162
-0.0010308135196855468
-0.0010193886409979318
-0.0009785598257704728
-0.0008367868924307902
-0.0008187440167343349
0.0015619436912011943
0.0015243445607331135
0.0015591894481432338
0.0015983667010381205
0.0016322789604787545
0.002265905582797871
0.00225201337974902
0.0022783663165076478
0.0022691025955252314
0.0022549092882698336
0.00223442329102332
0.0022159781691434245
0.002190983136883005
0.002168649517227008
0.0027921070492786066
0.002773176161554147
0.0027164789886834715
0.00277091275067785
0.002767950082677665
0.0026273899142820896
0.0026222862897587844
0.0026213625431192847
0.0025940698644801702
0.002654654867964222
0.0026260145729999095
0.0026087482701109698
0.0025762858014996
0.0025818514629333683
0.005214625915862515
0.005181088166403204
0.005146860339600671
0.005118940184830637
0.0050505268202837685
0.005003340656339663
0.005005722307143923
0.004959896273715925
0.004912887967891691
0.004892501973857481
0.004853527119463395
0.00472684554054132
0.004696671873044975
0.004711687994981787
0.0046225153698375605
0.004621250818346218
0.00458980357173569
0.004565072367468823
0.00444681089995253
0.004416943053365683
0.0044086517907841035
0.004360545537273547
0.004343992566969815
0.0043700087706206306
0.0043336874008122256
0.00429450292687257
0.004281390938645752
0.004314294567891573
0.00404179704130335
0.004064526913605411
0.003947059542882903
0.003920483894965632
0.004044827347691304
0.004027961543895002
0.004208394176592782
0.004172162485536482
0.004151695820313513
0.00414187672451201
0.004114456695579926
0.004107598017112142
0.0041006719240100605
0.004119009128451897
0.004154486786205156
0.0038003641210430606
0.00374998371337062
0.0037442846233100282
0.003696390931596629
0.003684989510146166
0.003700186458118159
0.003684856274814686
0.003659773610973563
0.003636280332708943
0.003639140186549061
0.003686802894700336
0.0037180129734154486
0.0034076605685297574
0.004964158544966921
0.004850020247330473
0.003905691703414102
0.003848241261148357
0.003772875239356738
0.003550465606869943
0.003552713739660479
0.0037318960881641333
0.003973843748738033
0.004046106115107884
0.003992151332611963
0.00379183994860236
0.0037840999789317637
0.0037863172277519913
0.003738325945227472
0.0037588479196683506
0.0037388013511297103
0.0038445957511485
0.0038438198208094157
0.0038670204238668597
0.004105728796376387
0.0039817263281993875
0.0036928024997224507
0.0036941082034238864
0.0037202168478866473
0.0036984847940877918
0.003447381510438957
0.0035300119179737517
0.00353584410648586
0.0035247945103617133
0.0035652928908216034
0.0038127341226515303
0.0037873823027427434
0.0037815155504453595
0.003799006871292488
0.003797778696401831
0.0038132274160141626
0.004371912108433759
0.0043399207980094594
0.004320666153759348
0.004307150530072816
0.004277848237254774
0.004219747306028903
0.004122938725777203
0.004118108160405407
0.00411951040713432
0.004088975730354019
0.004082265084554044
0.004177668618218859
0.004258108949733564
0.00423563701248641
0.004230372338497545
0.0041670066551828975
0.004129813970299436
0.0040805068665250846
0.004067856734590825
0.004074386134421591
0.004124320927305204
0.004126409568376472
0.004114483036801174
0.004095309312275975
0.004178604121679121
0.004159938604939496
0.004142206564071013
0.004122939267886222
0.004014976216233084
0.003995840769029174
0.003989208867344792
0.003909478860441593
0.0038704884037659027
0.0038915656592909656
0.0038791529214402304
0.0038489980684146678
0.0038445218554611677
0.0038779262555127332
0.003919295831591998
0.0039287238151957385
0.0039008277586073236
0.003857704719570887
0.003842796917550898
0.0038167401702338235
0.0038007441474704334
0.003782844113972116
0.0036989168960384873
0.003731364354257573
0.003737285767693454
0.003854116268395099
0.003866717929117262
0.0038465840192593356
0.0038429947325331303
0.003835180267092903
0.0037624079840396798
0.003751058440621631
0.0037521196077658033
0.0037294760027570674
0.0037244644894325217
0.003773412657480481
0.0037870245356489657
0.0037725098350211575
0.0037095221874502314
0.0037119725830021986
0.0037091205264957313
0.0036893328610904195
0.00365590260887984
0.0035942309801745213
0.003581207217062692
0.0035713620408186083
0.004716463926007761
0.004709018954480461
0.00465820956609236
0.004635091511349127
0.004529385946731855
0.004530093383795992
0.004642031847822268
0.0046388594539599455
0.004595583104580723
0.004583567902542494
0.004573654740267271
0.004537762817741917
0.004661438595599351
0.004627821327455938
0.004607247447327023
0.0045864538176110725
0.004579609393294956
0.004596566688015508
0.004565310795532583
0.004543186985165305
0.0044689258299322404
0.00445634229475847
0.004442804371684564
0.0044165591878242575
0.0043869543389918365
0.0044019219344715345
0.004385715064850183
0.004374425321640839
0.004359368950809513
0.004348153381712604
0.004333966682734061
0.004318580829187419
0.00432636421109713
0.004250335180907418
0.004238457146969335
0.004234382802442643
0.004240748584219116
0.004190187979864413
0.0041985342147854016
0.004274369770767566
0.004298349289540984
0.004287347241483654
0.004315943156474677
0.004289840805087295
0.0042400925652553495
0.004208037006034297
0.004403431799478959
0.004373601190112343
0.004360705997152595
0.004349794072180155
0.00426794983416014
0.004262371554980576
0.004252476110420673
0.004238557076934039
0.0042280452051973874
0.0044330333898325155
0.004415509266012424
0.004419897129185821
0.0044007126362679136
0.0043232343328787
0.004316682471483714
0.004299496950769846
0.00433113366895663
0.004399667277901078
0.004387750120535517
0.004248879559424535
0.004493428235385892
0.004490885214338509
0.004461751637184835
0.004441326688591204
0.004422845942466916
0.004421911218281211
0.004432878767631257
0.004417740063391629
0.004341587175817778
0.004345264052741821
0.004344971475917475
0.004346914098459339
0.00433821479629308
0.004339840910631513
0.0043056739796914646
0.00448544977857223
0.004365993705364014
0.0043827080985594956
0.004371571030056542
0.0043590942328395645
0.004344328333611019
0.004160606812773112
0.00413736914670524
0.004150360821029874
0.004168869398762842
0.004034932297960222
0.004030726081702704
0.00391959054912754
0.00391343664583775
0.003931121652510994
0.003917790872637849
0.003922571310960886
0.003941595370299035
0.003949226380657909
0.0039021500472852756
0.0039239815345578685
0.003936100658384152
0.003816681810040728
0.0038206387944763453
0.0037747276208099025
0.0037686562081678215
0.0037625638025504324
0.0037513039087659367
0.0037460611937346296
0.0037446860361619043
0.0037180799971080745
0.0037096673668726814
0.003695929097022152
0.0038324528370540217
0.003827194405812295
0.0038144453277449662
0.0038061790463160376
0.003847670919985052
0.0038462330477776465
0.00383893687225247
0.0038610085443531905
0.003845729523932339
0.0038215502903111574
0.0038144701122512707
0.00371957694719714
0.0036994829666793993
0.003695423906709398
0.003685340481061519
0.003672635430204878
0.003666705467312648
0.0036534336212073713
0.0037405509521554283
0.003753651270079577
0.0037388341376534255
0.0037026494879964732
0.0036918469938675737
0.003662815801238995
0.003514875491513583
0.003511571421657299
0.0035273856017836863
0.0035186127456542054
0.0035060816037753347
0.0037036326597672557
0.003829812347297381
0.003806480038586356
0.00378668633501446
0.00377869947621856
0.0037838464342020315
0.0037697127287138043
0.003761766265445289
0.0037601527249904888
0.003723672625215964
0.00373218683929361
0.003726474677809733
0.0037190851019506407
0.0036941826757158707
0.003681932710708492
0.0037006473875884484
0.003688218074429703
0.0037317036530237495
0.003726981844992738
0.0036984932444615658
0.003668229799972303
0.003655550605776038
0.0036447400204445836
0.003634520250659288
0.0036915210669956843
0.0037773348169170143
0.003740790123956143
0.003726360809660531
0.003720572040719589
0.0037173274922679372
0.0037586807059137497
0.0037303605392202846
0.0037185379726969456
0.003715478775954273
0.0037386389890788022
0.003736225015365325
0.0037238897036612297
0.003691505364243737
0.00364958121278983
0.003644394721469236
0.0036286337362420405
0.0036243034258658237
0.003531177304522631
0.0035020800869126666
0.0034854877124726124
0.003481709148092509
0.00347008442603423
0.0034484534350082176
0.0034391105411229667
0.0034283746254151312
0.0034477418808211906
0.00343435339431358
0.0034251788157109043
0.0034147122787398947
0.0034468853926213332
0.0034421217485985623
0.003476556706312039
0.0034044688348634088
0.0033888492715806605
0.0033775659830288934
0.003398718100777181
0.0033878310722949474
0.0033771459435972466
0.0033683271974629873
0.003332114186685928
0.003327325698691648
0.0033246137127437908
0.0033172810262521815
0.0033199839542469517
0.0033186948136104968
0.0033385620057816766
0.0033558399171848656
0.003342604034912596
0.003338484215992834
0.0033155722181922027
0.003310694987581787
0.0033012677484095523
0.0032937719681132883
0.003289254433239828
0.0032839240286380365
0.0032781550729733605
0.0032504087841488984
0.003239525121245295
0.003445044850569789
0.003463842009909235
0.0034531423844009917
0.0034477127712314037
0.0034395379264012043
0.0034337496449033866
0.003413434811387663
0.0034180779335754724
0.0034334443142237455
0.003401341452703357
0.0033868658143883573
0.0033862546370006384
0.00337658817519816
0.0033776590719034978
0.003413189542042715
0.0034391443532279533
0.0034248916754722257
0.003412005022155704
0.003416659712058425
0.0033950530564346056
0.0033874288133467203
0.0032567182477911552
0.0031857810226015733
0.0031806111300256095
0.0031761673209840502
0.0031701764322975643
0.0031495151849916425
0.003141738449536737
0.0030925735770314716
0.003073752195736675
0.0030729818285050985
0.0030746521113610304
0.003040422028627344
0.003033412624392749
0.003000854819032903
0.0029939442986712033
0.002994175022794484
0.0029951545976510266
0.002991494892611762
0.0029625652453661366
0.0029512617682293614
0.002946839007120733
0.002966535396356894
0.002962698722495403
0.002949375999688943
0.002942654243607129
0.0029081099970400975
0.0029061074810685815
0.0029069901494546716
0.0029008271769572773
0.0029255414152179657
0.0029459801239814848
0.0029391942535545207
0.0029327297565824944
0.002902971951735791
0.002904496159597045
0.0028915183622811747
0.003303192145711428
0.003299564361466043
0.0032935616704341778
0.003288559077474802
0.0032837653030496957
0.003270400648464574
0.00327484491828687
0.0033091742806198314
0.0032897105469234344
0.00328362401028274
0.003405058857468769
0.0033962215050733907
0.00339423367660677
0.003389112311403245
0.0033851237378633063
0.0034024555891928386
0.0033900128340669635
0.0033143425131996643
0.0033096726000388823
0.0032887772532757585
0.003341967675898086
0.0033387013875199024
0.003308144645953808
0.003308277594898425
0.0033010483196087327
0.003293234329724213
0.003357981559337623
0.003234730079168196
0.003263332329610478
0.0032671318393514897
0.003254646740840482
0.0031617157540503905
0.0031556666100555474
0.003146537977367949
0.0031419113906183418
0.0031352802310182903
0.003121478244959674
0.0031100913082436565
0.0031005721765919566
0.003074355892401046
0.0030706210374739106
0.0030675655950295855
0.0030690292425212843
0.003052123640014857
0.00305403771187522
0.0030406143871603668
0.0030576051583771613
0.0031534489945078655
0.0031443630956919048
0.0031346398190632333
0.003124542900536471
0.003117522042987593
0.0030974992987580813
0.003058221362095989
0.003050317429821095
0.003041682562826984
0.0030558596014798865
0.0030523741433572437
0.0030427452345904798
0.003050904224668436
0.0030934310570182692
0.0030741806721391474
0.0030512104311882413
0.003046423263328434
0.0030416601149211666
0.003040332522904701
0.0030417371218066504
0.003041947605528468
0.003050402768424137
0.0029065165411605136
0.0029179433356288156
0.0029902491966068
0.0030012873594801215
0.0029948839223365963
0.0029901484244330635
0.0029756806596532037
0.0029650342768553495
0.002985719603005355
0.0029820648084689593
0.002945715350320637
0.0029364830473280978
0.0029335582309945717
0.0029397889179991425
0.002930548354436436
0.0029201532062095355
0.002927473367511385
0.0029283623628680337
0.002911337325869776
0.002903595775747411
0.002893582380760529
0.0028855818742357397
0.0027840626999210572
0.0028047431270312945
0.002797589228141397
0.0027921964002455353
0.002851602405583558
0.002836120089192277
0.0028435824273858904
0.002825037084732722
0.0028206890664300437
0.0028064810439966774
0.0028083782170163635
0.002802265703789052
0.002792436138786241
0.0027871928550627263
0.0028112952174361248
0.0028118326567425993
0.0028096399233953745
0.002805922217275559
0.002801282089453234
0.002803756693384184
0.0027964472464162503
0.0027924095238436504
0.0027926679719842305
0.002788245474688254
0.0027788551869319398
0.0027830640031697934
0.0027787097960030684
0.0027819751636459496
0.0028070321164220683
0.002864594822904685
0.002815878281832586
0.002801389742143234
0.002801556045422737
0.0027978743623331206
0.0028444610132262356
0.0028791997988296333
0.0028775628686495934
0.002917087099881647
0.0029220638016594683
0.002918787959106526
0.0029212516702376407
0.0029199813341389777
0.0029187922352725223
0.002917595191837473
0.0029866214518176797
0.002902408863064288
0.0028949213398509342
0.0029025780444599425
0.002899910260353714
0.002660388858338185
0.00265682312814593
0.0026392451298266743
0.002634897883967509
0.0026611843909393794
0.0027456611488893105
0.0027230794819652023
0.0027182531683618955
0.0027145196650344306
0.0027136925173477764
0.0027102275713206435
0.002728068371839943
0.0026759614092571127
0.002672587972395102
0.002670368747449084
0.002665525232698633
0.002676274204472108
0.0026749940164150442
0.0026723001716285745
0.0026687049038537913
0.0026670926405445547
0.0026725443079153232
0.002746434950331381
0.0027297630070728046
0.0027944031571145445
0.0027668177347434076
0.0027597667556337174
0.002756902254132913
0.0027632699585199735
0.002759527974987534
0.002763665802923289
0.002742524898971078
0.002752698144441167
0.0027514330148685363
0.0027477401352026844
0.0027459706861656043
0.0027427236223673407
0.002741816332772889
0.002727891760241019
0.002719230163058911
0.002734887436570882
0.0027331387459241744
0.002734789752702436
0.002731833373721421
0.002725333759539509
0.002728461648820164
0.0027334873601457597
0.0027264629430078114
0.0027229817345411646
0.0027235006298855545
0.002738775079390056
0.002578306464807339
0.0025763091567365865
0.0025692307333650692
0.0023813675173917324
0.0023752472275970576
0.002342597981400816
0.0023345221050903387
0.002328463387833146
0.002320494953346028
0.002324514390124204
0.0023262794097140996
0.0023245102869431816
0.0023192568745591495
0.0023104914582771363
0.0023082739443902834
0.0023053193685612853
0.002305785453490457
0.002435893243489526
0.002494024175059307
0.0024913547818764072
0.0024955529928442064
0.002488446875862688
0.0024887908575419657
0.0024862569402200555
0.0024809688584899454
0.0024798503957166405
0.002470088429346548
0.0024667394460379144
0.0024576700964533617
0.002446623995408304
0.0024444539351294384
0.0024354872069375765
0.0024530264342086544
0.002451632482223405
0.0024489206201090733
0.002439733653874941
0.00243788988624119
0.002435510571586445
0.002432618244693354
0.0024369244113106466
0.0024316805178217797
0.0024260915580050055
0.0024331427057360227
0.00242997894347398
0.0024189741062044232
0.00241544577088345
0.0023784579974108874
0.0023737497081817768
0.0023754761608315456
0.0023735293463001106
0.0023707386363301295
0.0023705524507612527
0.00237050063801853
0.002501773814339141
0.002498319919368435
0.0024948889446199615
0.0024949751889920165
0.0024881859807524775
0.0025095444833340324
0.0025067337295719165
0.0025050875256815972
0.00250407552215602
0.002499917874090545
0.0024944012469692843
0.0024919862953106417
0.002493174398422328
0.0024922440441350626
0.0024847010406114367
0.0024691310649419514
0.0024828406145225457
0.0024491673884424548
0.002407717762240154
0.002405353748369683
0.0024018585623433977
0.0023930699127890725
0.0023712545088020076
0.002390408458410915
0.002388846432573664
0.0023734382191951944
0.002371010931471984
0.002380658548043348
0.0023780223713660235
0.0023754554942147328
0.002366127082918475
0.0023623912945943955
0.002358446781065414
0.00240917849259858
0.002406840377576063
0.0024067332333477494
0.0024070177823299703
0.0024076708734506467
0.0024020312234338094
0.00239843045054913
0.0024631678833931967
0.0024469969948351018
0.0024378094730822942
0.0024344884085594634
0.0024008546314601333
0.0023898333085160734
0.002372032164956014
0.0023576726239059992
0.00235691957151362
0.002352921892783006
0.0023511997890520134
0.002338042544637106
0.0023345251612223858
0.0023306576393932322
0.0023229058321544297
0.0023177258507926686
0.0022984581483420875
0.00231145259159667
0.0023130849289264657
0.0023122611362748637
0.002309687449345956
0.002308890482174821
0.0023114664403435887
0.002305711913589275
0.0022984178239927066
0.0022952246506195303
0.002293041417839306
0.002289739277427451
0.002286320065979005
0.0022878695096975768
0.0022846096207942775
0.002287421285297651
0.0022885054361502103
0.002472268451603776
0.002470282530695072
0.0024581990986250325
0.00245541095815274
0.0024528254773175415
0.0024582295956082877
0.0024562389315438546
0.0024262187323526824
0.002433286377485621
0.002429895625061577
0.002443885215503594
0.0024374688065183295
0.0024356280638928806
0.002411189912008412
0.002414974255103326
0.0024084871055551193
0.0024058657760337035
0.0023962983692946615
0.002388450225795981
0.0023827245069227725
0.002380866156394581
0.0023833195559957296
0.0023919368213918576
0.0023862602635127965
0.002384054681144706
0.0023822765981585973
0.0023685572482395104
0.0023662896471302584
0.002364737901926813
0.0023535286312004943
0.002346791975042874
0.0023446707698992126
0.0023399656948508577
0.002356618604198613
0.002348107564455909
0.002337154258530795
0.002325909244586422
0.002325048299555046
0.002322256446207005
0.0022849943229586852
0.0022833898951599356
0.002276210616978383
0.0022747760163457625
0.0022743543477334554
0.002273906580993276
0.002270926898715815
0.002279865412029286
0.002285254493609877
0.0022812787442298816
0.0022755844773483243
0.0022739182507391753
0.0022690215876389305
0.002267520630400463
0.002308966793582644
0.0023121074162737567
0.0023321222779884828
0.0023387808529150736
0.0023425683084440157
0.0023429230745110156
0.0023382299790388017
0.0023357024039411685
0.002323632256495532
0.0023188846539493233
0.00232163895577024
0.0023184998909069523
0.0023268311044668667
0.0023236188584726766
0.002322139580246767
0.0023377537298209143
0.002322994197661304
0.0023113669948164085
0.002313231186044266
0.002308004974163279
0.0023090264889703634
0.0023046208536623126
0.002303072654336733
0.0023026651228473314
0.0023077562567051023
0.0023070326911070536
0.0023032997008270314
0.002303175763256321
0.0022798169429900264
0.002277215107842747
0.002275061986169156
0.0022849039767106056
0.002281030625461502
0.0022752480539584346
0.0022829239478982127
0.0022726240751448847
0.0022740774569947443
0.0022219669756427867
0.0022224828210614237
0.002219648503966475
0.0022193452283370907
0.0022183122260368018
0.0022248801937998787
0.0022186391694049195
0.0022156017172504637
