0.019567634910345078
-0.005984647820393244
0.04521297384053469
0.03546420438215137
0.041678705175096795
0.03740921689729606
0.03631970816059039
0.029929221245563693
0.032504137000069024
0.013327471361580221
0.008817010054675242
0.00706016469316987
0.006150093761139684
0.005540174680451554
0.00583422969793901
0.006185755243196209
0.004162682530780636
0.0046275693335031225
0.004199272161349656
0.003359916531259107
0.006950142581693153
0.006588263629490269
0.006961901468457657
0.007431054292246702
0.0071818555633609135
0.0034508839663532063
-0.001398644609642878
-0.0011018278269932166
0.006614566842714948
0.006097196090605953
0.005332003231160344
0.004405831410126254
0.004252843394437259
-0.0019177029707602078
-0.0030705880684157197
-0.0026260101412599137
-7.567147871381233e-05
0.0008371583639811259
0.0002862012479454291
0.0004938909465946814
0.003778213502040932
0.0036088599346924665
0.002646176176230339
0.002662848458728857
0.0034499872405001006
0.01507692683507946
0.013801578689405384
0.016711765049709653
0.016354274237528443
0.016691145368431713
0.01658925651393544
0.017375755853037224
0.016999783494544247
0.01665026483718644
0.015926071367825242
0.01592842024636634
0.01464746872380632
0.012381162233966382
0.011949547512146328
0.011516078138632358
0.011327189229984552
0.010963023080313128
0.011182465257661527
0.012298218463547523
0.012349224862797803
0.013615303479982953
0.012540051181156952
0.01224653487788864
0.0121274803981318
0.011991867446340619
0.011992030924173174
0.012402520851512782
0.012542587369869185
0.012121640957581498
0.012156556279239193
0.012727046958412732
0.01091609705830566
0.011145216511574256
0.010462296607147438
0.01020602926031261
0.010106553424365547
0.010002886729191494
0.009655717747851407
0.009522897903533542
0.00950205459281109
0.011087298511002939
0.01102418977428566
0.014629321654191174
0.016133658587932583
0.01643557441267338
0.016128898527392223
0.01594294403349199
0.015939050869263227
0.015837090428134325
0.016184817228349854
0.01599824348867861
0.016084235494158095
0.016108221035789357
0.016009327573701736
0.01586631476293585
0.015748591341452633
0.015656540049375618
0.01524584337983889
0.01510458414642406
0.015045544755302436
0.015060907672594567
0.014987843769766316
0.014847574080554166
0.014682223347269673
0.014421262052581381
0.01453654887570467
0.014469565102517337
0.014315391639492617
0.014430670174972515
0.014356678502296962
0.014168268433795905
0.014061946123917347
0.013766712800623112
0.013624745135894043
0.013430452422616033
0.013224118024675695
0.013178851385411573
0.013200603070623814
0.013141405208036305
0.013065746024487512
0.013323028989898879
0.013216888810347884
0.013143516656430078
0.01331206200321993
0.013226479894431835
0.013127871564806399
0.012971893171525974
0.012586251729812625
0.012423024997244484
0.01252353619523038
0.01250115163555457
0.012480399491850865
0.012414563175671056
0.012358546905410809
0.012298427023289144
0.012356443609181518
0.012268610383095744
0.012504007595958282
0.012254649805153946
0.011713769790606433
0.011588694736619677
0.011640195602455139
0.011751064311692667
0.011378239436501947
0.011338818744125633
0.01107801262907359
0.011032564169689221
0.011021721424563643
0.01075936733095366
0.010592324187410459
0.010274811445959329
0.010362305884548652
0.010664379616442236
0.01049246334569034
0.010398631932623163
0.010332738018248308
0.010202809748849743
0.009858846497436607
0.009447733688725606
0.009567741992433147
0.009457726391767075
0.009257590512355642
0.009110094993698997
0.009050723011023361
0.009075894493477588
0.009287893706303204
0.009210746766793444
0.009401214543707265
0.009469620116287835
0.009657985318302623
0.009623731992116694
0.009552447000234587
0.009489696431747631
0.009368841335041591
0.009371582475762278
0.009234077312982281
0.009276442449060231
0.009146268652092764
0.009482349345076666
0.009516676187343753
0.009401166802091653
0.00914707494589395
0.008865133677356711
0.008851132802144415
0.008518950892240527
0.008668428757876717
0.008759499325295125
0.009334316568841578
0.008919261200562441
0.008884511671084852
0.009487186678357856
0.009030361868402288
0.009171378383870417
0.009151030820066795
0.009347090362519041
0.00932407886464733
0.009258843925546411
0.00926575234873726
0.009068157091572097
0.009171323926901226
0.009090223938315546
0.009060394275645813
0.00903767768143782
0.008995082584026792
0.00894709323933987
0.008936342472328029
0.008901533031668896
0.008817284376002515
0.008757359585805981
0.0086994052898835
0.008695729663096624
0.008624491532127056
0.008563050116092322
0.008464109000554087
0.008807423242606947
0.008720759697114779
0.008719532086901282
0.008687574090410106
0.008398386975103566
0.008302623812347205
0.008379992264161895
0.008460713070873448
0.008410913548833889
0.008442732388452294
0.008324246164547367
0.008282773404814705
0.00836568826131518
0.008315285125873682
0.008296186189003718
0.008254793028014714
0.008247092762497299
0.008252834427114688
0.0082286310085791
0.008178628692379179
0.008304667321330365
0.00833567073181452
0.00770766267956832
0.0077193391371707274
0.007691470177117161
0.007538091717737466
0.0066883095778357046
0.006532042430814224
0.006301689243021727
0.006761758976499545
0.0067447219886937575
0.006689764750407197
0.006705315072129
0.0066531023960954665
0.006627448817701348
0.006570914143253498
0.006542291908397186
0.00647522759199225
0.0064088522008679495
0.006373725304393488
0.006320957200921947
0.006062902004848132
0.006049442924218278
0.0060702358970240395
0.006085711905078187
0.005965422423485544
0.005940513414036904
0.005916734844070001
0.005913923542447156
0.006015373672751051
0.005987818171059696
0.005831545999813787
0.00585635052173016
0.005817692949802842
0.006495831641262732
0.00645388849279961
0.006334270941012027
0.0064933223053335555
0.006484216104464361
0.006496241258303464
0.0064914534484687494
0.006442331103257112
0.006415947710962752
0.006289057425714364
0.006253013096794711
0.006206231413492962
0.0061989076704700285
0.0061780785952376144
0.006159935435695104
0.006101682286705527
0.006096276357714753
0.005872787597444866
0.0058614537969140955
0.005738172638067671
0.005696315768912776
0.00565192657056802
0.0056616807291213584
0.005749125120244857
0.005739141271872451
0.005676726119030105
0.005688071359885677
0.005456850880087002
0.005435885871409374
0.0055905605311540665
0.005576327929299961
0.005563443871211176
0.005554867204462994
0.005529611638967129
0.005479654153973961
0.0055103971877308025
0.00548465652950931
0.005469339891416701
0.005432249318280909
0.0053903974812725425
0.005319073158297829
0.005353216901830467
0.005267737986287095
0.005227095487658601
0.0052489808527570216
0.005236793771382501
0.005261055639828185
0.005246398433329247
0.005230251722482542
0.005096193621194494
0.005247075729376557
0.005221192394058281
0.00532405552945942
0.005326191283263422
0.005346215849952469
0.005364628696803588
0.005346549127523123
0.0053383437354722054
0.0053570580866443614
0.005358716796349562
0.0053924840387589296
0.005296985768360337
0.005274331821622704
0.0053175323085339924
0.005224761357967069
0.005280844527485029
0.005258534739904853
0.005228665428510474
0.0052430209819649565
0.0052127200556982495
0.0052546469088933885
0.005225740873703664
0.005173845699654817
0.005159228748354874
0.0051760800518222145
0.005198897455868832
0.005182961304555968
0.00516228639364932
0.005182865116743244
0.005168494791378477
0.005155910286006283
0.0051400170883384765
0.005168311455152026
0.005165555820798403
0.005160184684199788
0.005165252887026217
0.005125497803920768
0.005116314751444021
0.005170638871282336
0.005154434416988718
0.0051318911357929415
0.005074902285667144
0.0050661490250116115
0.005079574105484813
0.0050960122362355845
0.005038018931864401
0.005031446928256924
0.0050147777124870015
0.005026879611230964
0.005009401330109901
0.005006765613409993
0.0049674909883407805
0.004957538293331819
0.004877446882168646
0.005175595235716578
0.005013512577447959
0.004948664517792696
0.004781394906866804
0.0047593603978892726
0.004770861522729311
0.004752057346941701
0.004786419422909189
0.004780714941654437
0.004734752382966081
0.004707816171900966
0.004665232490440702
0.004646377510029714
0.004640845833206659
0.004645012374259357
0.004589817461366804
0.00458538999870902
0.00461497062629363
0.0045755438311453536
0.004503809845255768
0.004505704983997087
0.0044950006143335405
0.004443286394162161
0.004430878803551546
0.004425337225347218
0.004438750707849248
0.004400434553476594
0.0043590192587987615
0.004425564088989658
0.004572192480112531
0.004596646068276701
0.0045854798055299266
0.0046233635255840235
0.004618569241341611
0.004595539909471765
0.0046915882967236925
0.004661246436558296
0.004640746133820629
0.004676736343810572
0.004668991502238491
0.004659612375802767
0.004655422898940733
0.004642300600309863
0.004641999881736643
0.004605063440357425
0.004597581586391956
0.004591143684845191
0.004627111557261145
0.004617140851549544
0.004572644858717885
0.0046217179167114715
0.004633425304606593
0.004642992957442205
0.004629140700503564
0.00460030351871383
0.004606904588722346
0.004603967614520077
0.004599097615386642
0.0045268467662896395
0.004520390019406553
0.004504381421638395
0.004510045878520355
0.004501644138520251
0.004525053362141891
0.004862006250048852
0.004853871223482144
0.004849894466061723
0.004845533375769235
0.004875846063250446
0.004873664104707123
0.004836153793734654
0.0048322172596171
0.004824268247931154
0.004921675204743408
0.0049221169229989445
0.004941464552941973
0.004923502062472945
0.004923395677076504
0.004907870641629318
0.004884288516012519
0.004859818549281938
0.0048605669733977
0.004849400846949221
0.00485241502405998
0.004827735098616912
0.004791667355612866
0.004675824771840516
0.004682243537720355
0.00467062730886085
0.004634246752874988
0.004631687379526541
0.004601154528791076
0.0045037544410301954
0.004476563003524868
0.004369577500121521
0.004364355585762814
0.004341721352018211
0.004336421921024552
0.004322882559256857
0.004295595069284342
0.004283333065144762
0.004329640301997026
0.004356334431376686
0.004903515128547286
0.0048074451417133785
0.005896199279207888
0.005898718925831426
0.00584773909994745
0.005828537871258886
0.005824474358409213
0.005844421286811063
0.005837629856280402
0.00582739452927708
0.0058414420817847965
0.005842746386439558
0.005852700111070668
0.005821278521842831
0.0057905365490202405
0.005767285969868195
0.005767825813136469
0.005769665897865854
0.005755059879389582
0.005769409529400976
0.005729382097154319
0.005725683308475887
0.00571406721647935
0.005722793246190616
0.0056841239663762986
0.005645301601830199
0.0056267950444814
0.0056002160804373554
0.00560895212864338
0.005612402617746368
0.00561752709393203
0.005646090873868375
0.005638989196942588
0.005616488513080122
0.005625381541565636
0.005604218620544819
0.005568106091625324
0.005550154405067304
0.005537513785328384
0.005537751065848668
0.005528584130128865
0.005521840142441395
0.0055254203388920555
0.005491459595726882
0.0054774346278702295
0.005486758176543946
0.005454079625368721
0.005439842091534374
0.005432375857742703
0.005410431170280969
0.005394505255805716
0.00538843581974977
0.00540291120100692
0.005405893516574461
0.005417722590426632
0.005435823145850586
0.005439539885189075
0.005402776005212205
0.005393315550625415
0.0056275050843335814
0.005612473910295554
0.005548402131385025
0.005416112992487089
0.005411720564567532
0.005393783498667135
0.005362897854144256
0.0053515351409505404
0.005280245931285552
0.0052944742357993214
0.005381829733558887
0.0054042251670751535
0.005407143690203141
0.005403143743247232
0.0054003502488731885
0.005389104539795646
0.005373329969095406
0.005363328560020957
0.005319480839945958
0.005323143107047393
0.0053260504199007545
0.005338373915371026
0.005300341822355015
0.005314461942923125
0.005344654810800313
0.005325653679835905
0.005293856469263037
0.005256823671413541
0.0053073232296832855
0.005347299694161228
0.005325327173014845
0.005264179156568064
0.0052575902985108084
0.005265627906658554
0.005245134238578853
0.005230365417345524
0.005267791307278682
0.005261921767241253
0.005251856005448185
0.0052429527212897635
0.005219621159835175
0.005209766158312419
0.0052083419754903
0.005299536165644161
0.005243474855207086
0.005227175431958556
0.00522053784736807
0.005204140698873002
0.005218782534123924
0.00489249623822584
0.004890028732417491
0.004853577417560616
0.004834020340698957
0.004823964722971939
0.004848146420206959
0.004804076496027276
0.0048145276390583825
0.004795524359051515
0.004841234605333359
0.0048471903773800685
0.004838615875557899
0.0048491499286943155
0.00485440251683108
0.0048645580729426395
0.004844429788433685
0.004907083462096939
0.0049033488083287035
0.0049009060860139625
0.004880340144799765
0.004862915265343342
0.004865837350880959
0.0048573447959771405
0.004852113400952089
0.004856121725196478
0.00480188714241896
0.004805338444632725
0.004822483743243576
0.004815841014918932
0.004809197774518014
0.0047753169220091035
0.004720735130081734
0.004730302174545673
0.004701474450160868
0.00470822033485791
0.004636919510737054
0.004605977338167442
0.004613543972387855
0.00459827805511878
0.004591060082564369
0.0045380807051154165
0.004546191366042539
0.004531096384670473
0.0045125991704477895
0.004502209241109767
0.004492626235615015
0.0044840287201914795
0.004479823199801105
0.0044642758904591285
0.00446603130490893
0.0044506066245958145
0.004406077967442322
0.004394802069030348
0.004388786177404369
0.004370509098740925
0.004339267794302723
0.004352433619957307
0.0043453033581675425
0.0043278138230865145
0.004327406171847055
0.004336368935182686
0.004332182779064119
0.00427267618907295
0.004270887076155853
0.004201229060401947
0.004234044751123955
0.0042092246411612405
0.004190158375001635
0.0041896445307976855
0.004177359791334054
0.004167582425218299
0.004179559873822798
0.0041673667493256576
0.0041703023329000685
0.0041774989064384494
0.004173314133028784
0.004162593840484368
0.004168143306720603
0.004151493547941572
0.004158345940669019
0.00412042919935575
0.004096561136493116
0.00411793412890152
0.004158306547217789
0.004145963719247311
0.004141391897574065
0.004122919680966757
0.004116117803533278
0.004105783744758422
0.004777690698752735
0.004759289273523094
0.00475274120680044
0.0047497272209293
0.004774049842047693
0.004762823877182831
0.0047280147059032005
0.004719408630931736
0.004706667520711127
0.0047051873783815115
0.004763153062390595
0.004755616116091147
0.004744966524769717
0.004737930784605553
0.004713526778181804
0.004714450516864809
0.004705254830463564
0.004702024268278789
0.0047047008571369925
0.004702299068842671
0.004686726495781469
0.004696958800860942
0.004680577581286686
0.004709741762096981
0.004590098083149743
0.004601902829232457
0.00458160671777032
0.004570100906390096
0.004574582794871535
0.004576740824662823
0.004544055513720377
0.004536332845897737
0.004619110176541462
0.004615111711102775
0.004611747472927096
0.0046161280860811315
0.004635394451540559
0.004630940817049362
0.004624591669520895
0.0046385822910385765
0.004604614682437139
0.0045747923270836365
0.004542964725749823
0.004543999048175482
0.004568903585299325
0.004552076496141259
0.004545935145960635
0.004504773825032282
0.00449228660639313
0.0044657956218693284
0.004459306908370086
0.004448379668281951
0.004448550470677714
0.00444214421542233
0.004441018782566057
0.004428936551956737
0.004418259974292689
0.004417247526026066
0.0044194542103075125
0.0044402608768104234
0.0044104380277544646
0.004403681836206604
0.004451821101530117
0.0044394820878014465
0.004433401475072466
0.0044363848910995846
0.004442693671463958
0.004435807046627629
0.004425522256881794
0.004419234742277095
0.004415844792703898
0.004432047352718649
0.00441666391820999
0.004410300295022985
0.00436977800716578
0.004333629542320191
0.0043261750837339215
0.004307650342121222
0.00430845358651429
0.004300209785932772
0.004309710218438139
0.004312755225251551
0.004296264922205486
0.0042625093294114715
0.0042156168758183425
0.004201887496820971
0.004231160406340545
0.004204578376266466
0.004207499250770366
0.004183268393584656
0.004181316133482726
0.00418081044950053
0.004196878968534623
0.00419024038634101
0.004192674476979381
0.004186481644658306
0.004135267030872064
0.004140062631440451
0.00413023322297243
0.004119492505781331
0.00411511028947416
0.004063616640427744
0.00407407019477323
0.004085190246383206
0.004081771664216892
0.004071407430905189
0.0041085585641302364
0.004061676554519433
0.004074175364999511
0.004079121446062188
0.004057908567417131
0.004060739598069714
0.004048476334548353
0.004049131467223606
0.004032488972625233
0.004030729113625365
0.004012518577404318
0.004133110491348446
0.00409281947203415
0.004158150014689418
0.004170068938117401
0.00414235682323123
0.00414233815751416
0.004114115827672895
0.004104792813491096
0.004090584060835291
0.004088284608113327
0.004081197597567247
0.004165938137133903
0.0041568005215792915
0.0041625811158092505
0.004159089758001218
0.004214312436330265
0.004214921336036236
0.004227798609186881
0.004222442530581395
0.004218358840765509
0.0042828825484071235
0.004258111713761472
0.004237777341179532
0.004237875060943203
0.004237471126242128
0.0042353611747059485
0.004211164783781136
0.00427634993180553
0.0042695976444696564
0.004261606752777209
0.004266698039143159
0.0042824708392846045
0.004274899639985161
0.004272736782007684
0.004269977007078766
0.004247827846551989
0.004255045221043465
0.004255741447818094
0.004248254544987882
0.0042287778923696395
0.004229523343470358
0.004235646395383948
0.004260727447232689
0.004253937918471503
0.0042746213255235215
0.004265163569588909
0.00427477874459143
0.004274035010902915
0.004276396951824222
0.004248101370200399
0.004240654488623238
0.004250794612168799
0.004241213386863672
0.004228125049780471
0.004218899758741496
0.00420036644703359
0.004196019941753564
0.004194431878607367
0.004191519943245463
0.004182281657901573
0.004183796410836846
0.004187803169541393
0.0041900500879219395
0.004140123062105316
0.0040715104972213955
0.004063558293838164
0.004056597150405867
0.004054253499244434
0.004031455673831017
0.004024513015766469
0.0040184871556446155
0.0038892616714854855
0.003863652155902641
0.0038594372491776844
0.0038406809636200266
0.0038307852936721666
0.0038268625978178767
0.003822154043720923
0.003813098384445291
0.003823970947298213
0.0038264920975334834
0.00381424745051054
0.003810942066549755
0.0038047321555470808
0.003806463448183248
0.0038007814862806777
0.0037826996419823944
0.003763861556860846
0.0037435306759391208
0.0037413807776736766
0.0037267912773560684
0.003726439258250244
0.003721703813098093
0.0037169107866987525
0.0036013892890847453
0.003586255797606625
0.0035373012348741883
0.0035359353394776
0.0035432476992399756
0.0035832612658037804
0.0035788014925433906
0.00357485536656639
0.003562611937382222
0.0035585194080854287
0.00354471541512692
0.0035208046360433037
0.0035109363624947565
0.00350883315085726
0.0034944940995947998
0.0034944962499018684
0.003453802006410002
0.003438390045417921
0.003437022479298585
0.003405693104695925
0.0034030496662036066
0.0033935609697199345
0.00336817468044165
0.0033443237377756715
0.003346170884382183
0.0029318248687529493
0.0029285640604828265
0.002971332544478532
0.0029600202769018416
0.00295365045554426
0.002963238148099062
0.002951172722844692
0.0027697101499628424
0.002784813609324718
0.002789708229700409
0.002786532047604253
0.0027861320903165374
0.0027772445999960636
0.002773928770238846
0.002776023282290908
0.0027842299523106098
0.0027856257486137785
0.0027128547579023756
0.0027204866313527932
0.00270544547833862
0.002700044854309397
0.0027042636897659364
0.0027019330231901908
0.0027020579221928146
0.002691879759019325
0.0026718563891723027
0.0026668321827814194
0.002678778736699229
0.002676540007700564
0.0026719687358170057
0.002668349453227749
0.0027006648595922994
0.002699428717142928
0.0026980551191155364
0.0026899618674279336
0.002792064141050145
0.002790643634762657
0.002815361436002879
0.002841146914947429
0.0028336449200037227
0.002829172622631248
0.002829145619418113
0.002818816834597845
0.0027964775504330185
0.0027760420695117846
0.002774387335603016
0.0027764721227799775
0.002779780055929075
0.0027805204524363335
0.002778821670207167
0.0027635502237965243
0.0027431392970712495
0.002751936690121349
0.0027531660315699654
0.002749614306408746
0.0027491602730864016
0.0027463102896991957
0.0027414266166746405
0.002750048759514348
0.0027507858462357915
0.002747723049087179
0.002748752085951346
0.002744691742034435
0.002755747180620028
0.0027541343477644675
0.002741686816488228
0.002738074399990726
0.0027411499609662064
0.0027330787620138313
0.00273656755366314
0.0027705001725010295
0.002788461144039145
0.0027843911258173225
0.0027866481976654926
0.002783947142816981
0.0027771888538163708
0.002770822915994164
0.002824629029580511
0.0028188169081637855
0.0028214215985268524
0.0028154527653686053
0.002811208804825619
0.0028032153766921436
0.0027733292319210598
0.002783910164271485
0.0027752944727981155
0.0027660738585229944
