0.024101177230477333
0.014524213969707487
0.015506772324442862
0.018545794859528543
0.02199755826344093
0.01888232824525663
0.018554388196207586
0.017478731667829886
0.01916453978046775
0.019230029037730263
0.016905662991727393
0.014832881279289724
0.013124828559479546
0.011128161909679576
0.010497364623006437
0.0070105805883512815
0.005911903973254896
0.005923890900847162
0.005919029260985556
0.005319074084538791
0.0046696546275846
0.004626521395276424
0.0045899124330996246
0.0044306273967959
0.0042452461001140866
0.004036910523643235
0.0037168312140108493
0.003483130654785783
0.0033386829522593577
0.0032375811457431196
0.003163105877774798
0.0029134366658664407
0.0021601702905814724
0.0018943565868539747
0.0018474024743934743
0.0018854588053875136
0.0017618041667064026
0.0017929112882717547
0.0017018529444612807
0.001651772802266884
0.0018620073973406339
0.0016800046747490816
0.0016438239303666218
0.0005676510895783506
0.0005663427085813104
0.0005066053928842064
0.0004549934913787496
0.0004589668025466984
0.00034012004238320607
0.00037717559875911373
0.00041078837882825976
0.0004176487242868882
0.0003598169658087306
0.0003495370897739626
0.00025942933409948846
-7.640127972862343e-06
9.372264497054429e-05
6.824821333393086e-05
2.1029068981686077e-05
-0.00017787561228033087
0.00011038282184839136
-0.0006803381115859663
-0.001794051081333236
-0.0017177016230282153
-0.0017631967156458725
-0.0017614578070212846
-0.0018977951470279706
-0.002022060964457299
-0.0020447918087094356
-0.0022348368310444976
-0.002104662883236112
-0.002063121770832318
-0.002065117234746435
-0.001880294969111371
-0.0018511363138570332
-0.0018055231989642562
-0.001776888617500962
-0.0017462362156948081
-0.0018455251805789892
-0.0019390070338425934
-0.0019163515898981138
-0.0018586903589241865
-0.0016659798990682863
-0.0018015799039002409
-0.0018030278173851964
-0.001735115214552057
-0.0017354709847991641
-0.001734445072492073
-0.0018303556285294094
-0.0018573584117233294
-0.0017876403285101896
-0.0017500056164471884
-0.0017352384405812519
-0.0016971827354465966
-0.001489459810272821
-0.0012416534872003125
-0.0013392141143190308
-0.001273220063233044
-0.0011621241147804554
-0.0017312060882242889
-0.0017056173236079655
-0.001647237258103171
-0.0017791267056544234
-0.0017756065147252588
-0.00180112968683836
-0.0017507840506895676
-0.0017387316376563707
-0.001721210754129379
-0.0017096804532973874
-0.001694203530942188
-0.00168374375250226
-0.002077904042380398
-0.002105932550828011
-0.002116725687760072
-0.002252152908991338
-0.002258411740785184
-0.0023326871774708912
-0.0022825107412895074
-0.0022535545351881126
-0.002223910202769168
-0.0022102213242462454
-0.0018882663881834958
-0.0019176134433256551
0.0001929022536496614
0.00015879942201001997
0.00014726487766377318
-8.147950421744275e-05
-0.00017048668166191324
-0.00015504150052528213
-0.00013729156545258677
-8.390581873148696e-05
-0.0006643132934337183
-0.0006734650252919501
-0.0007095674512567257
-0.0007050461532237361
-0.0007292646628462074
-0.0006623841483973529
-0.0005971996916944626
-0.0006311403373859207
-0.0006242502175361522
-0.0006150110380524871
-0.0005852758664726557
-0.0006111759170279499
-0.0006188745849769868
-0.0005374696018108126
-0.000570301861246039
-0.0005887105093574375
-0.0005839340849845973
-0.0005726615601937146
-0.0005629770864909128
-0.0005647581969912479
-0.0006181102859414064
-0.0006216621930599863
-0.0006205485854391776
-0.0006074024242060186
-0.0005616269682502171
-0.0005300779334844925
-0.00041787161070995667
-0.000421751083058554
-0.0007502892254276927
-0.0007336557407401384
-0.000628900789790374
-0.0006171467353496856
-0.0006162923526558615
-0.0006116097831116099
-0.0006047336152084826
-0.0005887773970590357
-0.0006357674047708407
-0.0006333018870089517
-0.0006019977131659008
-0.0006396622817234424
-0.0005444150383640065
-0.0005464990605816294
-0.0004976310489083919
-0.00020895210578105139
-0.00014229728273835708
-0.00014174554004118856
-0.00013836817031803747
-0.00014172546076830975
-0.00012932229038692725
-0.00013216360075803005
-0.00012866419041767963
-0.00013046461222272692
0.0004625019533410217
0.0011541693142506657
0.0011425001157379516
0.001054072492924534
0.0010953182284697133
0.0010924544158785311
0.0010690545327134032
0.0010762882336810727
0.0010779675279981916
0.0010914794808187926
0.001083618480930826
0.0010749134718601127
0.0010383262444409558
0.001011058924173038
0.0011481774052473103
0.0011519764267177368
0.0011335208658767512
0.0010802293490276412
0.0010804232949738807
0.0010443558050218247
0.0010533992447585093
0.001050283064226109
0.0010655940485060043
0.0011366030655258666
0.0010393175271454726
0.0010271161067932888
0.0010225934394442419
0.001024120521953659
0.0010061294552871451
0.001001142105791433
0.0009930031813192442
0.0009503790993895318
0.0009470635151520334
0.0008966324459850819
0.0009038562994692454
0.0008935528225100071
0.0008904585926481398
0.0008848843910265443
0.0008745769225524243
0.0008002657803802183
0.0008006610772928163
0.000792158177761598
0.0007106946480591487
0.0005492196421248965
0.0005718716801347264
0.000578139315890122
0.000490823581706287
0.000471552784221847
0.0004605844955487405
0.0004573357517727289
0.0004591144648463545
0.00045756782342862713
0.0004838825679055793
0.0004846187741900423
0.00044187015443628616
0.0004793540546567471
0.0004979949184741451
0.0004160983213852488
0.0004252000548104305
0.0003801724172218029
0.000396071712837473
0.000384162658194578
0.0003625034941976594
0.00033374989862427427
0.0002798747233049441
0.0002764937815809382
0.00029015842027369854
0.0002708672549170647
0.00026733287999334144
0.0002646378720747291
0.000312258397653018
0.0002883124247858852
0.0002954899444708418
0.0002968606377392052
0.00018265032213445027
0.00016710416170658666
0.0001823560934966749
0.0002095245365945407
0.00020572877870091274
0.00013593862724354129
0.0001339705019419399
0.00014179893435340885
0.0001667184547527925
0.0001635152571472991
0.0001395522730487096
0.00013297526401637866
7.358226967609004e-05
7.349122759425069e-05
-0.0005884613047040291
-0.0005982957625840024
-0.0005886369054761342
-0.000584907402285815
-0.0006367584553154046
-0.0006428263881022876
-0.0006479235580171203
-0.0006460463623105696
-0.000651027734161565
-0.0006600357587074626
-0.0006511242748342023
-0.0006334427948210036
-0.0006300556774811801
-0.0006479371372384221
-0.0006723433629880812
-0.0006741410663708954
-0.0006933841115484304
-0.0007111757382643133
-0.000756343679344686
-0.0007312522437954716
-0.0007057742218002434
-0.0007142212754199609
-0.0007210918748677294
-0.0006993833481656851
-0.0006879406066236884
-0.0006617086574568254
-0.0006677617145205631
-0.000506899868208469
-0.0005017551731870726
-0.0004920403499990612
-0.0004920495602863392
-0.0004844864208017068
-0.0004678803443699718
-0.0004660727010642863
-0.00047230261657131074
-0.00033374267222116756
-0.000350373563263735
-0.000356782630056372
-0.0003561201628820315
-0.0003501598335111714
-0.0003501341990556922
-0.00034989008970699915
-0.0003501820334696235
-0.00034727410444316745
-0.0003349197800319874
-0.0003120530860462123
-0.0002942941616787277
0.0009045174693596892
0.0012046423539474158
0.0012035177096210946
0.001271459734868442
0.001267670261296627
0.0012887440549205237
0.0013365366372298214
0.001384409131604266
0.0013813218343097016
0.0013740521050188343
0.0013691946094089263
0.0013905129530898813
0.001380828455979329
0.001391427283700644
0.0013853470319152694
0.0013936182799286017
0.001394441506071026
0.001544296122003655
0.0017832594550039563
0.0017764635426386365
0.0017767591397547646
0.0017490601654315896
0.0017434678836694161
0.0017438186301082556
0.0017477250355833066
0.0017857463162226184
0.0025747416380551775
0.0025669800020046945
0.0025603421084677636
0.002521529994286809
0.0025583159927607207
0.0025409860076163683
0.002563618598856009
0.0025574170444855717
0.002548603355689456
0.0025497478356607027
0.002756118341688745
0.0026390225242777536
0.0027197092193741875
0.0027132018445338367
0.0026986907663841615
0.002707637478913089
0.002786016836575504
0.0027342663691169865
0.002725285363190018
0.0027125324821797325
0.0027771887641785437
0.0026906391714913826
0.0026678651500471606
0.0026603902114720386
0.0026533535484132512
0.0026471512640742134
0.0026357904517260626
0.002642925267910128
0.0026339389128297807
0.002618420470108199
0.002610035098604519
0.002601872573613076
0.0025944891029539368
0.002591713633687995
0.0025166801518073604
0.0024996558813392103
0.002491889032533349
0.002476340211930853
0.0025803381175724845
0.0025609506498519533
0.0025585119459286313
0.0025670386979563813
0.0024665998288929984
0.002447293275141783
0.002435015234377948
0.002422660330065649
0.002445379631325875
0.0024345894005254314
0.0024430428064282157
0.002440777119082219
0.00245125821986607
0.002429346774376842
0.002413984845465459
0.0022025138668389623
0.0022255794598004296
0.002215282122795503
0.0022036182757828888
0.0021649749749657167
0.0021568602275449564
0.0021509851531946993
0.002140226938101631
0.0021547013014441003
0.0021428401862120913
0.002138429758075127
0.002304498289763949
0.002297391797572196
0.0022883003963410017
0.002283090699458658
0.0022749603580503376
0.0022652783603544207
0.0024527754177545214
0.0024435065310568884
0.0024371889535903485
0.002435086657999066
0.0023501983739714944
0.0023396250421499746
0.002289153036450893
0.002265263986341361
0.0022553731771023326
0.0022413367532820258
0.0022366109223155165
0.0021523876863706127
0.002140116841397583
0.0021354004129958597
0.0021275537961712894
0.0021095580888484374
0.0021160481368648716
0.002114679858093669
0.00210951900126313
0.0021034557022500235
0.0020975771971897214
0.002103343715625711
0.002100365209698129
0.002088426756452791
0.0020864697621784055
0.002085581037900984
0.002077629502499026
0.002087017182141775
0.002101689301673253
0.0021110058839389086
0.002113587974611216
0.0021069004687237
0.0021003590509362127
0.002090002786721592
0.0020858246187708588
0.002081396817426189
0.0020758172596264074
0.0020752596480993054
0.002062382807130817
0.002072352528961308
0.002066494916227003
0.0020523647576190587
0.0020465210284715597
0.0021253955789108363
0.002121448639532586
0.0021199247127032324
0.002086229873534198
0.002078195883672534
0.002065333019604154
0.0019608319964293055
0.001962367579827895
0.0019747918195441327
0.001979224794463997
0.0019604253027589265
0.0019562948030494593
0.0019297786127206085
0.00191846353226985
0.0019115823463317894
0.0019089838270828533
0.0018922279050687077
0.001873004547724888
0.001872910250202411
0.0018715347168265365
0.0018609515003416349
0.0018571632903103838
0.001860460157414744
0.0018626765169786465
0.0018615095487157193
0.0018540301324125837
0.0018449764625309173
0.0018527287027407325
0.001852381887065033
0.001857249959961279
0.001864719709881942
0.001857247661981242
0.0018566440729735094
0.0018510927089383656
0.001846555149671541
0.0018379390528176385
0.0018408129251379225
0.0018339601469300956
0.001803018476523171
0.0017984095841649605
0.0018401224890790685
0.0018291223033811567
0.0018212569745071272
0.0018695931730943723
0.0018663832932173372
0.00186403926738335
0.001850496561101946
0.0018452297245523759
0.00185202345577317
0.0018460858952429725
0.0018416937502286452
0.0018374460117389834
0.001820135933433676
0.001817239973014752
0.0018164410506281313
0.001805068367669156
0.0017446125096099543
0.0017136525543120207
0.00171389229571258
0.001712688833957912
0.001691219751553592
0.002180145882651303
0.0021665247755059593
0.002157647005929151
0.0021310669833778774
0.002137368279481754
0.0021274325214229377
0.002175435972542597
0.002166569865417442
0.0022123502283331186
0.0022101382384621276
0.0022121318699783797
0.002203564769087727
0.0021987147142715547
0.0021942223711533928
0.002201736761593709
0.002189147789130547
0.0021921692566491463
0.0022064939468312214
0.0022074010362624144
0.0022034932679664853
0.0021975083383680345
0.0021933018858149127
0.0021909733893465434
0.002187427483833986
0.002186068596455805
0.0026774683018621387
0.002670327558387346
0.0026704168476482408
0.0026625089249867344
0.0026517221455828383
0.0026481100702883194
0.0026388610554525754
0.002692653850060553
0.002687729513008709
0.0026752445377995846
0.002673105987583063
0.0026975779560710856
0.002698039289676391
0.002711026405013139
0.0026841925401528506
0.002678535594044921
0.0026726712797924155
0.002733823406619894
0.002731869145662561
0.0027268300490059703
0.002727627337414955
0.002732029140509829
0.0027015576752492895
0.002736056415588011
0.002740085283154428
0.002731759220254741
0.0026934712082906545
0.0027014162712087845
0.0027023159436318058
0.0027890820666987516
0.002785894017111075
0.002782225808036603
0.0027720087446850717
0.002755986808111239
0.002755321833655765
0.002747017682605506
0.002773507452852075
0.002775758149952093
0.002773281327726795
0.002765980486893656
0.0027476490944194614
0.0027222358636866885
0.0027216746744032332
0.002712575505264344
0.0027080458219207897
0.002701981435264748
0.0026957185569136274
0.0027096854886732792
0.0026932195789082253
0.002692911703885906
0.00268784273984307
0.002667623148318555
0.002660942553605004
0.002606665682413643
0.0026111244312744582
0.002607714804986852
0.002601997736161206
0.0025934150702493805
0.0025965721128774597
0.0025887053342804884
0.002588979721249493
0.0025859773167971984
0.0025817677106615197
0.002571734797398726
0.0025650272857274422
0.002538210958974547
0.0025219283472440734
0.0025159969866828686
0.0024974471616261446
0.0024653293112291866
0.0024659638463747162
0.0024685014206636893
0.0024765129854240476
0.002468467532599117
0.002460833610349229
0.0024314783378647413
0.0024355939640724046
0.0024306108744716662
0.0024273396741549256
0.002425141793356747
0.0024199594739649933
0.002535615866531119
0.0025357079994282245
0.0025282269517812256
0.0025213247265593918
0.002532742388292619
0.002514378225233487
0.0025566507932333364
0.0026340324366748913
0.002602828437392354
0.0026734776736072586
0.002667588814372997
0.0026618621030101352
0.0029285634938109014
0.002926015196874252
0.0029203394959779433
0.002916426600071514
0.002913524366146062
0.0029118550763930153
0.0028959967678291072
0.0028733800729213747
0.0028632008334367807
0.0028617602093242893
0.0028658280989531486
0.003152674063574929
0.0031501897324890805
0.0031490949206437373
0.00314681030005797
0.003144160430140735
0.0031204312130540873
0.003133220114028271
0.0031022803692538742
0.0031002720928857016
0.0031060651431966757
0.0031044197307305804
0.003100101549292355
0.003072303960470068
0.0031963470487604726
0.003182346687890667
0.003142319267325035
0.0031368256500877096
0.0031342315003209916
0.0031284275178311404
0.0031208521508571075
0.003125161359554777
0.0031201263994628807
0.0030671596137787113
0.003060111593819267
0.003054971054529909
0.0030721427439684814
0.003064280341975437
0.0030538861442195196
0.003049683899835054
0.003043056229747958
0.0030421748992432622
0.003031947110722449
0.003021693671182755
0.0030092106585004187
0.00300226029703135
0.002997273256996834
0.003002692264595869
0.0030032127133514048
0.0029776606542455944
0.0029616373768888956
0.0029576497682578863
0.0029546913430459603
0.002953586936095443
0.0029589580943380433
0.0029400678957042883
0.002927394408637418
0.0029215258177088875
0.002913653365768612
0.002911480592233755
0.0030366599497166948
0.0030324085632823213
0.003021302509779554
0.0030063724491975518
0.0030091441144823585
0.002963254335402008
0.0029480818747629227
0.0029158494810349617
0.0029222832354130366
0.0029220556643952634
0.0029232515097066063
0.0029078403772774867
0.0028983912117786243
0.002893784343789646
0.002905548170556258
0.002892087117388109
0.0028867883686588447
0.0028691565847747662
0.002865371040865306
0.0028608720446248784
0.0028558064556887283
0.0028504189526687264
0.002841486585409966
0.002834387944652851
0.0028340196425225904
0.0028310039528236367
0.0028292259414872387
0.002822052260789548
0.002840098683630638
0.00283877531942074
0.0028323854134824026
0.002833107743975052
0.002826960584052485
0.0028224915227109144
0.002818314092070329
0.0028148892829852603
0.0027949224142443775
0.0028015020193199918
0.0027977774488501567
0.0027910544502266865
0.0027877700886115987
0.0027790724953296046
0.0027703129366125597
0.002775354547849389
0.002767386935737636
0.002769132313090149
0.0027650657501497714
0.0027610831779371994
0.0027582733172745225
0.002747350298060917
0.002741298770754302
0.0027361536118692244
0.002734215264698533
0.0027298804747304508
0.0027425449770284954
0.0027327904654821807
0.0027161720054667987
0.002713483751201983
0.00270633122679183
0.002708788419872579
0.0026993870914792497
0.002693878757645331
0.002680562501245735
0.0026820536997437692
0.002678466842925857
0.0026757194433161225
0.0026728427909997387
0.0026599428556401856
0.0026551517716494766
0.002663874053786553
0.0026596376564356245
0.0026675991635176292
0.0026634736950465828
0.0026634768216770585
0.0026588730897573595
0.002655372324414602
0.002650173700967387
0.002637735217018245
0.002635202537635689
0.002630550767245212
0.002630462672414658
0.0026373170490067125
0.0026334647372865403
0.002634556734493126
0.0026341258295765383
0.0026305945282271617
0.0026314404932858194
0.002630762833065489
0.002629017833054418
0.0026223774227416763
0.002618016177842636
0.002618656082069264
0.0026231663693613893
0.0026266327031902303
0.0026191935755212597
0.002617263491475592
0.0026149520947748167
0.002608276651693554
0.002600771641107661
0.0025969299613359787
0.002592965510200176
0.0025978194229838163
0.002617505999701283
0.002611608493482686
0.0026648316216050755
0.0026631944032983936
0.0026659089013871115
0.0026601154364832434
0.0026333522978968563
0.002624868135622516
0.0026202139885646127
0.0025944209380862285
0.002620009993628586
0.002609450210634751
0.002607702930685168
0.002600312020370935
0.0025945535410284363
0.0025902397529640984
0.0025938196042805495
0.0026072343580102854
0.0026642233155063887
0.0026504164856265625
0.002641813272917142
0.0026275810073318803
0.0026233033906305396
0.0026157444398818047
0.0025999913714744257
0.002595441510488994
0.0025828374078280337
0.0025781907462274598
0.0025766186059706323
0.0025813874458408344
0.002577706342265861
0.002576788438290365
0.0025768998088350485
0.0025680820175167716
0.002584466845845887
0.002581388472030806
0.002577210121132067
0.002574387493420516
0.0025730474846920206
0.0025674242003915493
0.002565388040498617
0.002559697989645853
0.0025553702460050292
0.0025454715902157306
0.002536542200342279
0.0025314925352322272
0.0025328730151860067
0.0025301563231102157
0.0025304943227346735
0.0025284418492097804
0.0025236311140778393
0.0026097844010110937
0.0026102422374256144
0.0025788345875892467
0.002572701704872811
0.0025692581421898554
0.002563143690516136
0.0025590991697556995
0.002554812516297606
0.00255259834710041
0.002541260157937192
0.002537178578000312
0.0025323781377740995
0.00253673399839918
0.0025289414829448706
0.0025052249452638914
0.0025069562225221082
0.002501598790220434
0.00250290433762819
0.002506819449398499
0.00251683500488677
0.00251388463026154
0.002515699780022663
0.002547276725232863
0.0025409473485314177
0.0025350891143316426
0.0024369517771002792
0.0024127326676580373
0.0024051634246049364
0.00239977753470269
0.002395495090455703
0.0023941257789330136
0.0023913647586546725
0.0023903793331650574
0.002385272002291098
0.002383292280951462
0.002383460339896095
0.0023807008637323677
0.0023748109452745685
0.002367998980543502
0.0023646194960256894
0.0023649513969175293
0.0023590547492034785
0.0023465819748609107
0.0023346954327418783
0.002353609488994424
0.0023654302467792042
0.0023580041833396754
0.0023562364747294977
0.00235346792022421
0.002323268894841832
0.0023041748605186234
0.0023138393663569346
0.0023003582069237123
0.002297569053883157
0.002292309181714234
0.0022934366420134856
0.0022926267921213415
0.0022862070399430265
0.0022754282453255597
0.0022675002918301746
0.0022537879001115514
0.0022490299294922675
0.0022407997640671346
0.002235658600641032
0.002232991266081843
0.002217836596936132
0.0022126289707556624
0.00220950048523599
0.002226164092740665
0.0022236073536196703
0.00222677111230953
0.0022287513583726477
0.002217786292746862
0.002221810271601194
0.0022189763497728007
0.002215942558665579
0.0022108358706407582
0.0022020302328185424
0.0022154239226530284
0.002215577903748506
0.002214004139121884
0.002233454784269555
0.002235062996369812
0.002247381462840274
0.002245470242026044
0.002243059199827261
0.002238072533761289
0.002234954515962045
0.0022286517417015738
0.002225136098469255
0.002226417373722833
0.0022089301814021676
0.002226270903343851
0.0022226799226053285
0.002219563561846462
0.0022327255359929628
0.0022365576955180075
0.002241947342231992
0.0022364527180160905
0.0022353430582504564
0.0022627751565255367
0.002258652066317892
0.0022581536157920625
0.0022539825414686237
0.0022515384937790194
0.0022451875927221466
0.0022293001192496874
0.002227816173359843
0.0022267950309367212
0.00222418030974344
0.002211122147325366
0.0022081724887971833
0.002201620709768289
0.0021976505801880185
0.0021915831329564033
0.002188448091024319
0.0021872205958369923
0.002190345925119496
0.0021873590836103975
0.0021890605502514703
0.002187620353832006
0.0021851314481172016
0.0021836155730183397
0.0021823637860215713
0.002177954987795932
0.00217281707379892
0.002169551163300077
0.0021693023560715855
0.0021666029804522746
0.0021667255408532138
0.0021479984592120923
0.002149419720497321
0.0021446129066563153
0.002155510143087508
0.0021506563844549296
0.0021485989597452735
0.0021486271149702986
0.002143803903950157
0.0021425802756491253
0.0021456449976099234
0.0021435378355058234
0.0021375019848546245
0.002137810963048666
0.002136791664180612
0.002131954757011167
0.002126911096865115
0.0021170064930534616
0.002170394540593855
0.002184016432444633
0.002186248777928999
0.0021813593713948627
