-0.06282621622085571
-0.034345426907142
-0.006566100753843781
-0.008456517755985257
-0.002103267547984917
0.0035478549876383388
0.024584540398791432
0.027281795317927994
0.02375846104696393
0.022813776931302116
0.027306859924768407
0.048945117670183
0.045503742859831886
0.04192324907829365
0.04519282403634862
0.04293756937498556
0.04047623006368264
0.03913903480248624
0.03760893911821768
0.03510894909101937
0.04261157084891403
0.04017208041825696
0.03861258313797104
0.03588290761224926
0.03668659877999184
0.03498258316647951
0.03357703081564977
0.038245165166605644
0.03834045308176427
0.03708258625720778
0.03592984003671518
0.03457906848625774
0.03359170558028649
0.03174792191587455
0.03116036272492945
0.030326681840469483
0.029598394151099983
0.028713155752391174
0.02793364839126298
0.027114465412124426
0.02646006247371025
0.025675326255136605
0.024263313225012764
0.023481187984644852
0.02298844395219298
0.021750812915072065
0.024977751154741178
0.0270921494440551
0.02667116869328311
0.02658920070497712
0.026987098588086577
0.02639066387612575
0.025328246515224844
0.0243076541722985
0.023468914026774913
0.02469007068047128
0.0241740299556866
0.02404422677685388
0.024635152317690274
0.024618049549868282
0.024580517589187834
0.024039500644975634
0.02335459503296988
0.022495826821586188
0.023203303614784752
0.024874239243217744
0.024452889290841995
0.024271563769181503
0.023810516198656324
0.023431800883615878
0.024137458505922246
0.023629496920788473
0.026994133469407967
0.02617740497051273
0.025843381211368407
0.025619411772055033
0.025186978379609246
0.024419724944753494
0.02443934178791097
0.025844063130343903
0.025428889992770393
0.026024441933785347
0.024288394347552516
0.02415236242659911
0.024353993052669512
0.023924821198766724
0.023162755229350303
0.022863922031626394
0.022665333031747857
0.025174360955613775
0.02496771411967095
0.024705393558276712
0.023351735948613464
0.023442004717071547
0.023528360740328942
0.023128621873521427
0.022710523300071266
0.022332947275976452
0.022239944253087753
0.02216062747160467
0.02259297771924336
0.0219745395542066
0.021869996086164842
0.02173309648850202
0.02202031357070533
0.021771796855386834
0.021497279947113763
0.021050592515283323
0.020473230721571874
0.02169893133946431
0.024388560782426804
0.02453042941610433
0.024059268587096318
0.023794404407532936
0.022893025915530836
0.02265755762781404
0.023763118728465548
0.02351276149829957
0.02286892150526305
0.022815683493289673
0.022781389038680617
0.022701938211046196
0.022756063850993685
0.022588937694556093
0.02214513144985726
0.02295101803072499
0.022833785357192955
0.022492992823791
0.02304909416472165
0.022968360431157315
0.022506414801848073
0.022417218195378646
0.02223193545601203
0.021026387040102346
0.020806520919102383
0.0207427048559231
0.02101374600633922
0.02060782179944536
0.02090225448098084
0.020779345691817528
0.02064033264725086
0.02019896910725719
0.020087450479473374
0.019978460183282837
0.019934240915499193
0.0195187049284126
0.019169484222967756
0.019020939382061137
0.01899872686587818
0.018441178359762795
0.01845085444294551
0.018285345534464578
0.01843336931391629
0.01925528578698681
0.019874205292207764
0.019627193741149657
0.019598471276632286
0.01984406648518199
0.01972130272652067
0.019642567839339726
0.019550307428469332
0.019485127008245107
0.019318134783999293
0.019414191838674905
0.01947085718588879
0.019155588178337048
0.01912324902089799
0.019117080754191988
0.020018891441235195
0.019894895719330938
0.019833500917610415
0.01950608918298982
0.01945029483696958
0.01922413046696291
0.01817891708486225
0.018210849759815465
0.018107681360806666
0.018045669633166107
0.017827623040890715
0.01769952352365508
0.018048498368483674
0.01783799052152903
0.018331156414285
0.018605902688687902
0.019376975212165446
0.019371551245729257
0.019368783856523502
0.01978093751165068
0.019672793850201604
0.019659801951231057
0.019634829847973382
0.01947351733704853
0.019578086129991585
0.01988237577972588
0.019774040160864023
0.01908436170913608
0.018960763997738748
0.01955597925030021
0.01948501812636096
0.019299940204879722
0.0212808056298089
0.02093157233098887
0.02108500640736334
0.020975882413998684
0.020804089000626604
0.020698552799862727
0.020751514957247807
0.02059808829914875
0.020895692636743974
0.020832803920703125
0.020734539689243013
0.020694952972925777
0.020530796095129936
0.020426583180656162
0.020193670862243857
0.020116914925205714
0.020211476613615255
0.02068551883549849
0.02061935363182619
0.020658098393985358
0.0204122935364475
0.020258462658888594
0.020221345194126387
0.019822687408304784
0.019820137148188848
0.020030806687214867
0.019976705534262652
0.019864208431948516
0.019769390326172993
0.01957435798079121
0.01947868259513003
0.019037315108283243
0.01884984626810607
0.018775669792406965
0.018849186447261097
0.019228830562159332
0.019084560303269417
0.01893049305704059
0.01871095602588564
0.01898480715471392
0.01835791974645715
0.01898612890102942
0.018822076594870698
0.018790355303778553
0.0186875717168673
0.018617200510525005
0.018595335836043017
0.018482898115065895
0.01849337887385628
0.018341848726856968
0.01831734568126166
0.018265947863299006
0.018172692168285386
0.018638075959318618
0.018744670303874507
0.018870858451954443
0.018190185775808443
0.018178314986334432
0.01817936499131835
0.017920573011798505
0.017876323580842752
0.017812413383864436
0.01777373926239362
0.017713677402495694
0.017263826708380694
0.017182672452929343
0.017249390574069195
0.017230301230683233
0.017131585663096142
0.017139794511969272
0.0172259160257026
0.017161219246843717
0.017051679910664932
0.016990647067855625
0.017271906808067197
0.016784372657908563
0.016558292016113536
0.016451904285600238
0.01641528917654276
0.01651588786186052
0.016515259174347267
0.016634809201229086
0.016672808374390974
0.01675930952468454
0.016330649840946298
0.016242738789584706
0.01618849925312639
0.016437232978293546
0.016377122597999727
0.01632743070590753
0.01622241290583401
0.01616368335392604
0.016133080167467402
0.01609105830592837
0.01601577618817533
0.015989037121397986
0.016190950599904934
0.01608495170422432
0.01621675781027685
0.01636675818632024
0.016326905734478942
0.016224662696997627
0.016160383731451136
0.016116575975892833
0.01602657803073122
0.01612350149572173
0.01606662633393962
0.016020337191798788
0.01589384429854333
0.015803907913823273
0.015755834962151424
0.015754492679443847
0.015656623885302083
0.015854809341336866
0.0157364629931756
0.015669775057107732
0.015576171706078803
0.016722134941943252
0.016774611617211117
0.01673943740133496
0.016650127190349966
0.016577066193129677
0.016411296853479095
0.016361145450366443
0.0162853665259846
0.016296515245670922
0.016240053778369103
0.016189015002085794
0.01623075331687384
0.01618638367572725
0.016243072346346216
0.01616795134692007
0.016029623528574052
0.016008432639489967
0.01607477942867436
0.01647975526449377
0.016505189693714395
0.01649156432772422
0.016426279923582435
0.016374936639158875
0.016607572374059014
0.016566785268067062
0.0165156798230719
0.01621026568755042
0.016162118313063915
0.015852972772299523
0.015756902149562317
0.014981435140637206
0.014959982677288023
0.014907654936475473
0.01536842560393449
0.015256343419106599
0.015212446580551197
0.01519017361385689
0.01557041649369679
0.015530714786509433
0.015563607616953272
0.015525876166106694
0.015473463398383404
0.015450967054411327
0.015247619640555182
0.01491098375470646
0.014987506388594172
0.014956128199653359
0.014917977215444527
0.014834667969745972
0.015058046247442851
0.014958075376542675
0.015186995434113846
0.015170231725224498
0.01513604430483513
0.015114144788018492
0.015106916536051312
0.015067858743908197
0.015061250747361985
0.014980124263455711
0.014939570551355946
0.014959722391928986
0.014877183709138896
0.01482852171137752
0.01490880252685397
0.014908118948682979
0.014909642971171408
0.0153769636981404
0.015359703535351297
0.01524599858821227
0.015203411041717855
0.015173316159419385
0.01505723542079348
0.014919283358691934
0.015808917572049188
0.01564500581320706
0.015823955084591678
0.015830843442501328
0.015826649681159072
0.01581281565448067
0.015768083035423784
0.015709548589432406
0.01569331398768555
0.015692347303685215
0.017735805529954823
0.01768701149233203
0.017695827945128337
0.017673770320583086
0.017642510514194555
0.01756499183297139
0.017567405363711177
0.017487064592105066
0.01744112929782871
0.017426260130205474
0.017448010951165036
0.01756184217733581
0.017223457780610137
0.016188160408146586
0.014682151016306594
0.01462910223117281
0.014528666294961629
0.014390445682868925
0.014367518706595077
0.014346116038381942
0.014306754494626336
0.01429242861190075
0.014279995041778307
0.014244608132353552
0.01416783589055241
0.013986753058243295
0.014669030746432827
0.015649909929106167
0.015659163158548036
0.015617645663238165
0.015519393172460835
0.015978409304286522
0.01597558485967304
0.01592392962229915
0.015785771905872582
0.015759425326185232
0.015736575760381868
0.015849589553664563
0.015762882695542598
0.015671271952195146
0.015596529531019488
0.015573113398808033
0.015569939438497745
0.01552898039399735
0.015496210231112403
0.015406786968848995
0.015396594010098848
0.015441360585213913
0.01541101429090809
0.015374854831674192
0.01536703701807774
0.015317945888081705
0.01517598395487001
0.015168573685818103
0.015128615956615375
0.015106010247658503
0.015068357654786963
0.01504123834879792
0.014979367001132747
0.014944540264473576
0.014911197361734635
0.014860763661049207
0.014803612795386188
0.014777432023566366
0.014732158887708437
0.014684041768552513
0.01471589371343974
0.014745463617114986
0.01471306350168232
0.014680014523886876
0.014631281865426976
0.014589122309585506
0.014478186923583904
0.014499018341394778
0.014454917694698038
0.01441550880984283
0.014387289706171173
0.01437371788314463
0.014332404142957481
0.014298366501402418
0.014256004092018593
0.014186670628271942
0.014177177709998507
0.014134215796456346
0.01409980214167738
0.014060767678331415
0.013964740789516166
0.01392468156831426
0.013885751462687636
0.013862765097867106
0.01384067920195029
0.013795334363679036
0.013797791174754104
0.013716104545370643
0.013697814201599793
0.013672591428410864
0.013636362969487989
0.013653738273559412
0.013601133267016851
0.013578557610662121
0.013549075472214773
0.013495228302457451
0.01347292272755964
0.013428852551398881
0.013445143288882815
0.013396959069511702
0.013352927041516636
0.01331626495340366
0.013294779160602118
0.0131864477179472
0.013162689525501035
0.013142992124740044
0.01327801456797577
0.013219062385044186
0.013188534909528777
0.013173045703642043
0.013143544571295972
0.013112740333748103
0.013081516576298429
0.013054997496964494
0.013001144575832678
0.012946764742068536
0.012906273348270941
0.012885627763739433
0.012868665117444427
0.012848880374224271
0.01282065703032982
0.012859545610989233
0.01283758407168174
0.012837270321318988
0.012793434583453972
0.012814669909236794
0.012783563987186051
0.01276154939972504
0.012737889310518592
0.012770148839065989
0.012787668161100899
0.012728609022305777
0.01269547585772536
0.012675200613182643
0.01264494240147683
0.0126189250724069
0.012600205941693919
0.012570895850866685
0.012677665371587458
0.012684133266335247
0.012653121992262265
0.012618851854599707
0.012596520536277571
0.012745338725639186
0.012746934365919596
0.012721983239573182
0.012700462450826204
0.012676032839383854
0.012656047742782627
0.012640743585957816
0.012621109397625207
0.012594356072860625
0.012597242095398541
0.012597745504792
0.012565038545160542
0.012539255001422367
0.012516214079214286
0.012540177318068692
0.01252849659651198
0.012477595578751617
0.012473079306621747
0.012482776579475531
0.012469539571969094
0.012449984214016429
0.012409673053241081
0.012448814702820625
0.012412540670150678
0.012347216506098884
0.01232562341614438
0.01230259040181232
0.01229696314318962
0.012286164236550753
0.012262746107293863
0.012219574807443987
0.012322981689917205
0.01231023986906426
0.012451991420601018
0.012421841483287573
0.012396238818235258
0.012406357487157313
0.012382889022415335
0.012360816856217495
0.012348815476718181
0.01232871085610899
0.012280806479007096
0.012254556141923105
0.012212096259164704
0.012179996336574529
0.012180787792808071
0.01216494265849288
0.012112350608384741
0.01208392536157928
0.01205042109240215
0.01203080652625561
0.012032536098800648
0.01200679664912338
0.011995476125275977
0.0120393182656849
0.01204151701907418
0.012022099983491985
0.012030832612995977
0.012045602238786179
0.012028449191640282
0.01204983329236277
0.012053160947520982
0.012028234562162222
0.012000932504127381
0.011990530399262072
0.01195218518948317
0.011929340064651083
0.011893193754688716
0.011877243621776043
0.011854645977432344
0.011856604134593648
0.01194067362956932
0.0119093427038462
0.011929821389737938
0.011958292439137595
0.011937366216001818
0.011895150027095434
0.011884679458669292
0.011877149664720092
0.011852655850932021
0.011801486511582119
0.011797181900839896
0.011804811357735524
0.011762150870244088
0.011742582089954257
0.011710488108509713
0.011673539961667947
0.011648454496767099
0.01163013935328593
0.011598036971122395
0.011569449814933136
0.011586614681638659
0.011794837771356011
0.011799159567078818
0.011992946299187342
0.011850965659400995
0.011844042428360565
0.011826725829203872
0.011786276710138799
0.011774856280736965
0.011756823990286056
0.011731682038721197
0.011701946285686824
0.011685713528804478
0.011647897618773896
0.011627772932670066
0.011611880751949884
0.011574899214823249
0.011558018742191584
0.011537516259021236
0.011506131324046535
0.011468875190364306
0.01145465826404723
0.01145549684757083
0.011465251985066448
0.011449194931661673
0.011416225320198994
0.011532842980780198
0.011531272776685399
0.01151264148389439
0.011499399506947944
0.011481639956075809
0.01151993669172765
0.01160364009872877
0.011856316349369971
0.011846357959219492
0.011770113600983557
0.0117508900400286
0.01176635929961901
0.011870272547072536
0.011817095102849173
0.011888320996570985
0.01188727603700047
0.011978884376433173
0.011947219673799959
0.012036730203158664
0.012014225543971633
0.011990217373982733
0.012001489575433424
0.01166334779693939
0.011649914702920997
0.011610526978910542
0.011783836229136035
0.011657069273255627
0.011790127633914214
0.011779173878567669
0.011703096342630002
0.011686140428972548
0.01166547926850049
0.011577485797565082
0.011597258723464668
0.011526426231854929
0.011388634720120553
0.011367073020106892
0.011348578649682854
0.011313366505919105
0.01129628795613138
0.011276783920120955
0.011327892041352873
0.011319569811084765
0.011308099339299778
0.011287096417199195
0.011299356888999447
0.011287080554728752
0.011272984212105689
0.011301452081099167
0.011260608001161583
0.011242856133848733
0.011239819014701596
0.011064432244266873
0.011049403021653489
0.011012835579623912
0.010990494048680365
0.010971996789411124
0.010962346185516614
0.0109437090240218
0.010941874560554326
0.010949444943585017
0.010937814417379652
0.01095341418685205
0.010937749175613642
0.010939104902966611
0.011056378812153234
0.01103463102562614
0.011021902163130513
0.01099919992412139
0.011015319622983745
0.011024050825900321
0.010978339035735866
0.010920583743643741
0.010909169493435567
0.010932530887363614
0.010910459742340032
0.010889649732538007
0.010872031444775098
0.01085815792064132
0.010856725633431302
0.010876679408366658
0.010853456329024793
0.010848831376157872
0.010816950693987134
0.010794339652091655
0.010774649313041448
0.010750769443081405
0.010735351619690778
0.010696821139202867
0.010686476354994288
0.010672434123029791
0.010634695613384544
0.010598365614963502
0.010574376628980944
0.010559361441867731
0.010544043928199421
0.010486680975691123
0.010475230298946278
0.01046136013158388
0.010447253843389546
0.010429384540600514
0.010419712822418225
0.010422897243561612
0.010404715205132215
0.010378909909466955
0.010371453657010345
0.010353105076176145
0.010339530642358458
0.010237022383099103
0.010197774202301741
0.010175912920149946
0.010157727406499062
0.01013806172109656
0.010130554556530783
0.010088426853793478
0.010063198759874895
0.010046382274539425
0.010054252592340327
0.010047951346129565
0.010096592914075386
0.010064533553775425
0.010054081009057752
0.010041603742884285
0.010009679368550099
0.01001562717858474
0.009983670852951692
0.009975669918244197
0.00996016430993985
0.009948425583256077
0.009923221863409111
0.009910056548649588
0.009902432558243473
0.009897667043496785
0.009861752597476925
0.009855757784705885
0.009844411803664778
0.009813739222087668
0.009798336067900041
0.00978846107295063
0.009785491917280198
0.00977504207565129
0.009759425081383043
0.009756006308443962
0.00973510388773337
0.009720691652304606
0.009699739382845293
0.009746067280797749
0.00973238739411083
0.009720290224197714
0.009675525026924581
0.00965195392100638
0.009646813145925977
0.009661289470990087
0.009616082330679898
0.009611300180983127
0.009598209176495195
0.009590329255481235
0.00957983749837504
0.009564622004323923
0.009555075995736986
0.00955903046480568
0.009625507849112765
0.00967845621435339
0.009722234199512002
0.009705379186820795
0.009689977336547778
0.009688673363290852
0.00965807676014861
0.00963684723425785
0.009716935521343596
0.009696536045528469
0.009704394658304014
0.009755726419617946
0.00976510247754519
0.009842980150228794
0.009824900205054068
0.009821915731913492
0.0094888784188692
0.009494038500079202
0.009524636347636596
0.009484135733489331
0.009478200882903923
0.009420830565675952
0.00941216307857074
0.009405925128443087
0.009397630468574577
0.009364454777082788
0.009353662068357887
0.009349921786953406
0.009340983263605166
0.009349217780737938
0.009341315618301227
0.009333175965104286
0.009319590689549807
0.009323023685764409
0.009299096145683616
0.00929113404914395
0.009287866366377143
0.00929668582492595
0.009301937029369661
0.009271388240315497
0.009231493877890296
0.00921535754095278
0.009203593736124458
0.009189404168898109
0.00919080503637113
0.009177043944261873
0.009166688402615775
0.009129228775016611
0.009120596859779628
0.00910949325197615
0.009101848238561295
0.009096989604222491
0.00908338429122054
0.009069695580961115
0.009061669538227126
0.009050216899829993
0.009039659399866794
0.009015647805398132
0.008999302479856657
0.008850790317484194
0.008860815094902566
0.008852039003683265
0.008846622993407884
0.008849789810581248
0.00884081055645516
0.008830648145209489
0.008881089524606617
0.008860085425015204
0.008881122853360112
0.008886716108078743
0.0088710698678334
0.008870009231387603
0.008850057024234038
0.008842655114924807
0.008809184333922438
0.008805721898443976
0.008793997741336514
0.008783447172611746
0.008768194676817144
0.00876128014534409
0.008744772842631112
0.008737389153415856
0.008727535210404426
0.008710591068991485
0.008695309944056871
0.008676916007374132
0.008666149746655895
0.008662515266982227
0.008661604955590083
0.008659409713130695
0.008673976801741952
0.00864688699920132
0.008635862172983481
0.008627527102204553
0.008615766342128732
0.00860759829209683
0.00857089639348735
0.008553874635002616
0.00854422551857439
0.008536378865912806
0.008529568877590205
0.008519177374859379
0.00851786298255056
0.008518074993602501
0.008513522460887784
0.008527936932113097
0.008519451983645331
0.00852069595209141
0.00851053236585521
0.008496332505904309
0.008508606841960045
0.0085023951341158
0.008501630105808403
0.008512651523659986
0.008477796313138346
0.00847463663163675
0.008484323441128578
0.0084799759698297
0.00848152813950478
0.008463562848944117
0.008448558768351485
0.008437884949656272
0.008425195626717435
0.00841501329463841
0.008426249921652933
0.00841283227486779
0.00814795395166186
0.008179805504281637
0.008164518497914218
0.008159167930163755
0.008150154599652628
0.008146664489292276
0.008183507987923897
0.008175771652928788
0.008162723179597875
0.008146425653547326
0.008134822471403904
0.008127881548053882
0.008092052366307903
0.008086597638064963
0.00808632781200369
0.008066718933891433
0.008049879037725
0.008050666221075203
0.008037095468984033
0.008020463340036785
0.008013584298314544
0.0079954390212897
0.007986885154608629
0.00798456135086535
0.007976557564688864
0.00796118031665138
0.007942920622766409
0.007927977448134215
0.007912327414564473
0.007902427286538359
0.007915167190603749
0.007874795405387103
0.007874614229476993
0.007866089681107124
0.007865406445838965
0.007852456050912036
0.007852360602111384
0.00783493978806586
0.007824666151118763
0.0078116457482626245
0.007686683177701143
0.0076959513921263205
0.0076897409378208735
0.007698916521499402
0.0077040209255758935
0.007698604248726057
0.007693750817556885
