-0.021728884428739548
0.1341969793041547
0.10725517105311154
0.10528871044516563
0.06986311140159768
0.06187090570373196
0.1056939836125821
0.09421181425245273
0.0849924655398354
0.08377033283680001
0.08638145539831991
0.084094028472184
0.07791936560533942
0.07359222909435631
0.07565010563121179
0.07170339161530138
0.06779795880558798
0.06415789478188871
0.06251605452853255
0.05906584350547443
0.05597817611520772
0.05361610977991445
0.05121973253941786
0.04936284817755224
0.04792739250338996
0.045874690740472755
0.04526256274298899
0.043653718549115914
0.041036729079981654
0.03954664128081453
0.037548977794358514
0.03616518451070245
0.03691155597677127
0.035767354310623244
0.03479170959003063
0.034190913102262334
0.03450887659442072
0.032615925346572816
0.03186698127537966
0.03097640468579967
0.030706160213975677
0.029946657839815975
0.02920234206513586
0.030999228058175905
0.030365055659785863
0.02970792440836258
0.029586752803879787
0.028805100382780842
0.028874451038427645
0.030924772336969476
0.03036297890447223
0.029776160965480327
0.02915658813004416
0.030159024733372706
0.03094390258359323
0.030217609735892003
0.0279302608205712
0.02663623878606042
0.02511687796407689
0.024857826813383662
0.02476387820206582
0.024186013510362016
0.02364340375788742
0.02325153408500437
0.023237229243739305
0.0217440160053935
0.025616090145537295
0.024936301583100267
0.024693815346940283
0.02427539715058052
0.02441481684864913
0.024150597572658365
0.02466073798682742
0.02439269653521478
0.024051824777607655
0.022988566182336054
0.02281644984255903
0.022546997009422864
0.02228824449557578
0.02196652222752433
0.022162879943541002
0.022018904305422252
0.02195344041683711
0.021612223902005047
0.021328359897800745
0.02106543183032338
0.02087286170915997
0.020684856828563754
0.0204616328365066
0.020140035044667978
0.019672680208358266
0.019762737724068825
0.019617420504800975
0.020415129260111013
0.020188052199955567
0.020122041400118747
0.019479943774355468
0.019187343196303715
0.02019177894340829
0.01986591626041671
0.019687311262732345
0.018425434986038994
0.01909911290008146
0.01891117947442192
0.019599281743449992
0.019243480132840513
0.01915835828899786
0.01854298836252559
0.0184289736673236
0.018076870405861936
0.018661026360600137
0.01941995907871598
0.019164158684904127
0.018285304534694437
0.018087804650663057
0.01693478979281764
0.016593053759375632
0.016582704669631593
0.016391616081818956
0.016428328681090662
0.01668238172643499
0.0170148830648845
0.016781873648024876
0.016754466958344004
0.01649260586718957
0.016268878581193042
0.0158105576047092
0.01560798439724272
0.015996384240973476
0.015874966435162872
0.015739394824556805
0.015517307844545183
0.015332918350042715
0.015188371245231915
0.01556397486231566
0.015392482579842123
0.01521389033186481
0.015273206036457506
0.013075356125565535
0.013031646206393755
0.012898084202545233
0.012729514579099814
0.012463391260502676
0.012434372312292993
0.01276077800238992
0.012783680649689693
0.012257906337696576
0.01229756993660393
0.01242034651959938
0.012162669068387429
0.012440044120395283
0.012378599468825614
0.012440803084316892
0.012608054014403515
0.012507673769365447
0.012481834037988738
0.012056446326248181
0.011828335644911599
0.011274914139357885
0.011231452222300358
0.011136085497801802
0.010932374952726684
0.010864937184722805
0.010799984606494445
0.01077419025229127
0.010687219838609714
0.010603573444313976
0.010510887324582042
0.009970490209268676
0.010152672936990799
0.010281959366609045
0.010446104368499793
0.010379416250637834
0.010305113547032587
0.010157383131131216
0.010099352625580815
0.010269418232004949
0.010319622044985505
0.010022069833374008
0.010003302782823518
0.009765448295693625
0.009764966617361918
0.01064480237453057
0.01107342069649228
0.011057718357860548
0.011091216393938822
0.011044415107886748
0.011031223778941234
0.010977540846598525
0.01094307769975244
0.01096352548734105
0.010980500921759642
0.011053039106740227
0.011124257829401494
0.011160380273599467
0.011176017453485697
0.011114424739031237
0.010933966572521079
0.010855333197469024
0.011283361299767926
0.011198422170804927
0.011192005870963024
0.011433261017587314
0.011585968996401007
0.011548732660636798
0.011553132852636731
0.01191039269689591
0.011620462234936891
0.011751759930450066
0.011722378547579815
0.011684952122623334
0.01194660421008598
0.01189624680817906
0.011771670602286404
0.011690069383500201
0.011495215900970347
0.01138882745392975
0.011236844606738511
0.011580162627730983
0.011539515456655167
0.011540231545655567
0.011495284054435145
0.011584229753875032
0.01154287146410855
0.011521269330423679
0.011521496906497593
0.011488507787777201
0.01135743301221747
0.011345185141101926
0.011343453623804496
0.011444452584077374
0.011346783648935058
0.011410668197858596
0.0111476053979788
0.011098267150250132
0.010868026032851823
0.010881184485651469
0.01093824215850232
0.010939341045074517
0.010849791318885868
0.010866189466739836
0.010794662556971764
0.010753310874085912
0.010838488573790547
0.010756358804147638
0.010667827339319301
0.010419779333988723
0.010417817509090302
0.010399729252618289
0.010502447957459174
0.010557338315265967
0.010521495340057486
0.010013371428090261
0.009998872215852758
0.00995147846407464
0.009768373014757348
0.009672060667353521
0.009760430694702026
0.009715291549498678
0.00967183112510494
0.009575993600952409
0.009519054614436412
0.009627291685595127
0.009597175843620532
0.009597323825541303
0.009519927605931238
0.009455248801510732
0.009439496923557009
0.009453281292236963
0.009345763546212362
0.00937293247459501
0.009338857881793509
0.009358179241677606
0.00928476114783819
0.009262738104302715
0.009223674254465467
0.009347268810971884
0.0092910504852456
0.009282169346624888
0.009217924304446143
0.00918375414467777
0.009360838290717384
0.009332833864980702
0.009214407690083873
0.009175965556000962
0.00910730203716062
0.008990264180839523
0.008919249459584326
0.009086058443012779
0.00910603886481602
0.008919183104285073
0.008833448326347474
0.008811823312610129
0.008786976662655852
0.00888886853642142
0.008864838333680118
0.008833062656947676
0.008916941315707002
0.008853369824015942
0.009038793408914109
0.009019316670637894
0.008971843920794498
0.00891810197596276
0.008906983862083315
0.008711303550846285
0.008845351706230528
0.008840522431065843
0.008831900983047083
0.00879004699963845
0.008758179061131648
0.008714639651187999
0.008692076697563632
0.008641960737074865
0.008357482779048587
0.008327079549348184
0.00825705859162486
0.008223580083058962
0.008584656233749316
0.008545468001875644
0.008587848585916075
0.00854209996692104
0.008542310722626758
0.008529397553412532
0.008505139996414082
0.00847019078542995
0.008442963193719347
0.008423110659040091
0.010162613817498077
0.010153750625172653
0.010088471970156904
0.010052509531590897
0.010104236781763903
0.009220576247043182
0.009217693691477256
0.009191730931109181
0.009124436610261225
0.00953128902878256
0.009621047141186001
0.00948738531206961
0.009311037436866787
0.00919560762773281
0.009155891377876965
0.009211224778313373
0.009195448265561125
0.009178505551362365
0.009253548525694176
0.009221205628724928
0.009371919639218127
0.009415395602159806
0.00935222686536543
0.00944807886749418
0.009427998257544036
0.00941964602766271
0.009393814782338208
0.009232228129078297
0.009235501037990479
0.009245721057849855
0.009137255657559283
0.009101658885265356
0.009120043941524847
0.009107617526651218
0.009086509762158987
0.0092428130834318
0.00920832562806525
0.009194154274254553
0.009166168763369831
0.009120945635281121
0.009112785179156944
0.009086709928335433
0.00902554333638155
0.009051370154729834
0.009015901195893159
0.00899574157031269
0.008975063571434776
0.008952128244577869
0.008824099852700114
0.008869217496241193
0.008782215671416304
0.008562996963346926
0.008582788599654114
0.008613216163535997
0.008574097822810881
0.008553918180382423
0.008576129880989295
0.00852522032834991
0.008476193913402099
0.008545597579269296
0.008506186810182345
0.008487268539111258
0.008482562503731292
0.00845776539334073
0.008440075654919499
0.008418202411472325
0.00840154887840912
0.008387161981506387
0.00834437703977835
0.008340197504796707
0.008199891954916294
0.008135510549800528
0.008117540956086113
0.008074112440986774
0.008108700591547672
0.008084712323300727
0.008088884156888616
0.008054663703911377
0.008133146716534912
0.00813711196896489
0.008035352391290166
0.00804990736413435
0.008345589142865187
0.008140812086901298
0.008099634632487675
0.008112197142671671
0.008148726698955108
0.007993536718423948
0.007910047194673973
0.007882940582687353
0.007861703358956522
0.007901890722548294
0.007894884488876357
0.007854894381017876
0.007793922112996245
0.007751645444858579
0.007726214074235249
0.007506336668975482
0.0075626466660806725
0.007531215456102501
0.007497126856116778
0.007533981303209278
0.007513783599355091
0.00746844241698623
0.007496833407157962
0.007490362794481033
0.007492019842551412
0.007492344552543444
0.0074871707664287464
0.007467743208171794
0.00743942878027802
0.007431090332135104
0.00738959339748389
0.0075056096170494245
0.0070179623245058215
0.0069965359813920205
0.007038436470104622
0.007003379885490719
0.00700650640435322
0.006979531988983061
0.006960868361782758
0.00695248432900472
0.006952296572092336
0.00693674238550758
0.006929705594467137
0.006917367355611087
0.006931038138074136
0.006831709232867805
0.006794168555420515
0.006777525753654414
0.006735483898959035
0.006870563227320142
0.0068526046844353365
0.006802695183753939
0.0068770420688094355
0.006847645751490904
0.006907332153090838
0.006888553717298796
0.006855892397671973
0.006854529800292744
0.006835076100867379
0.0068201367393138515
0.0067995342752817664
0.006699380192219259
0.006664531387790624
0.006696427287785623
0.006644783643178496
0.006657798658767099
0.006686749328880872
0.006628186907284362
0.006595132312167967
0.006485861458016492
0.006509465844717251
0.0064601124187555125
0.006456752245679091
0.0069330754274781895
0.007442650196686167
0.007466012471765826
0.0075107815689361875
0.007289992498104379
0.007285637256946722
0.0072649414220181
0.007374715629654231
0.007427641971097602
0.007205869285272893
0.00711214192544967
0.007090944682648923
0.007052588759741469
0.00721988322038669
0.007376720660033468
0.007630574114426815
0.00761925964677357
0.007580307881751454
0.007529881529272783
0.007521219460519768
0.007505178915380382
0.007520906217793914
0.007433685245897239
0.00745391406680166
0.0075581644544679034
0.0076151913496968005
0.007590721665417053
0.007587851531861244
0.0075814069096224995
0.007586856399914456
0.0075734830184276585
0.00756212111635391
0.00756363786952484
0.007482351555460402
0.007466794621262518
0.007437648327384357
0.007422682478528045
0.007409234985740692
0.00739899847500487
0.007376961398943872
0.007357169332397958
0.007335305674738869
0.007263053144433865
0.007292568605452592
0.007275676046998395
0.007262117753105961
0.007238270401161706
0.007223692635087848
0.00720727370164131
0.007265714505601297
0.007259432009230748
0.007287090615462943
0.007279269610053366
0.0072796503705726085
0.007250916169465994
0.007304167805154457
0.007345003522533695
0.007342644858631506
0.0073594414178308615
0.00723714537872044
0.007229597803309251
0.007194626388522373
0.007161522678970764
0.0071434026193601535
0.00710529485035706
0.007118204872296502
0.00713976716702084
0.007135390254959187
0.007144285477240199
0.007571419613352918
0.007560095696368366
0.00753586442489806
0.007516729742112289
0.007507935918303692
0.007486265606201405
0.007424362019995185
0.007427352979045408
0.007461370484778528
0.007449752193520561
0.007407698306934508
0.007402286644113092
0.007388616500956012
0.0073630126341153075
0.0073281900188413365
0.0073334306921104
0.00730060788724851
0.007305342847177053
0.007294532128284729
0.007295419203703225
0.007278470602607753
0.007301974269869338
0.0072929852048400755
0.00730302392240547
0.00729239901479945
0.0072816287895570275
0.0071050580632683845
0.007069096866150078
0.007083631555977388
0.007053018116487805
0.007050235695187654
0.007061774412013367
0.007047053154022629
0.0070616167891232595
0.007062418766871482
0.007048414727634523
0.007047495615527471
0.007051678278663004
0.007094607846612461
0.0070652589600629975
0.007077288695068833
0.007013892866771036
0.006955945187105459
0.006944276807873098
0.006933347770304243
0.006903504521925122
0.006862319899147268
0.006852049235264225
0.006878275334993499
0.006804769002282108
0.006839278032688521
0.006947207656877487
0.006966237570515117
0.006952674016358389
0.0069081186439364055
0.006955437832881503
0.006962476378164907
0.006987567047911055
0.006964149381540512
0.006969172663933802
0.007046498550866696
0.007027281003487327
0.007012345708908544
0.006998484175663227
0.006989442940012324
0.006968881834336424
0.006953990094482927
0.006981841311085925
0.00695834494007102
0.0069671477561451985
0.0069602521482192104
0.006959174400785393
0.006959663827018813
0.006955375923217609
0.0069523787503691465
0.00689832077834905
0.006873672487577334
0.006866233496943356
0.0068307556474390225
0.006824753315402032
0.006795473195626039
0.00674196979518846
0.006744212223497387
0.006730607430036573
0.006719851330502191
0.006710458108563183
0.006808969983225285
0.006773948805835059
0.006764182013795671
0.006741551549595125
0.006737992591107832
0.006726380615828302
0.006646335025678042
0.0066173456500177325
0.006606860460015913
0.006597183629298938
0.006584963554247191
0.0065732266248624705
0.0065545359688420094
0.006554917048460603
0.0065440428040122655
0.006531390537690644
0.006430105821968001
0.006422622288660135
0.006328173163516166
0.0063095262099125025
0.006295984547650788
0.006266778710657187
0.006245261437551798
0.006257639400529277
0.006253330156727354
0.006244744787970802
0.006221061224565155
0.006234646293238698
0.0061862375944805
0.006199873229055658
0.006250193649679331
0.006250910126102858
0.006241275821152301
0.006234916413307343
0.006221000978495353
0.0062201145128683785
0.0062106023507873965
0.006218749018551845
0.006205821779852854
0.006226777284491805
0.006218131809300449
0.006224176374684354
0.0062291799079605935
0.006183202728785983
0.006201319784497178
0.006195980889108462
0.006140338251240599
0.006120002670779535
0.006115392933688952
0.0060328900595396934
0.006030133096172597
0.006032639181142691
0.006015709689012175
0.006025882549593163
0.006005047463094122
0.006024047234547706
0.00602512619122712
0.006028806909194701
0.006024054687939031
0.005999240592680971
0.006107610433913856
0.006083354415833516
0.006081223556337267
0.006068149528215257
0.005957231174350138
0.0059578374253057755
0.0059388139989212186
0.005931321599037767
0.005918359329828977
0.005983942057992467
0.00597327557787393
0.005957118865544416
0.0059495631391672105
0.005943794485901481
0.005924267157157759
0.005937981975886218
0.005910038780986814
0.005900017169378822
0.00584579439590782
0.005843615214012709
0.0058416519049930395
0.005830621525152918
0.0058256076193624875
0.005799817915055665
0.005806676994951704
0.0057973259831744966
0.005784722956616016
0.005724978861064664
0.0056946765436837994
0.0056767322010593205
0.005673163049369358
0.0056491520588903416
0.005748867945408448
0.005737262169964574
0.005705303541875555
0.005695888931032405
0.005759623059888096
0.005752691733564664
0.005744661773700149
0.005749853428097183
0.005742857704553928
0.005720359660158838
0.005720642351229772
0.005698401320155687
0.005692364680163239
0.0056793440726323795
0.005691444760265815
0.005685584075231923
0.0056758051789532514
0.00567064657663777
0.005656875997034307
0.005643696213199297
0.005635593945935428
0.005626181417550901
0.005605890284100545
0.005589335697571986
0.005583612445879899
0.005580715418613253
0.0055494752036162505
0.005535612171444411
0.005527611361194268
0.005536933819894335
0.005523449715049288
0.005559428345122205
0.0055482081494586805
0.0055449184875638845
0.0055416919029845895
0.0055937317982351015
0.005605200645018275
0.005592965583427186
0.005613817959978922
0.005604913898244014
0.005596988496802306
0.005623229276828462
0.005604193425979945
0.0055892483146976445
0.005588500124774126
0.005572127468730825
0.0055774021545954575
0.0055725648559102935
0.005559079300304214
0.005557002434309259
0.005549077513530376
0.005537375903168377
0.0054334766526567095
0.005417054032143512
0.005406611435138328
0.005390346396675796
0.005409311889380125
0.005419374321099714
0.005389084933686112
0.005377003406539203
0.005377192104802065
0.005380975378093265
0.005393595127446826
0.005387519901601211
0.005367628499150204
0.005365156164478682
0.0053607417596672115
0.005353795419770845
0.005340742008323909
0.005292701868293084
0.005292644840356324
0.005283698968674516
0.005277687098562303
0.005280461217332792
0.005274997487131319
0.005271472554911993
0.005257743489656622
0.005251943664105887
0.0052376015168320855
0.005235911755269987
0.005197272477647822
0.00520083892373572
0.005199413619565937
0.005192876752380587
0.005205645912846103
0.005201584057449156
0.00519040534145617
0.005193754625295363
0.005189215423099637
0.005195789848771605
0.005208637439299139
0.005219255947776868
0.005218690433091759
0.005232162264839597
0.005258010910157204
0.005249316456397752
0.005239927758469911
0.005247280603523708
0.005240030794395886
0.00523233272327063
0.00524752622283029
0.005224931058417221
0.005210538139959632
0.00520200142453688
0.0052014043865395015
0.005183106194579344
0.005186249094601728
0.005187786217435931
0.005180976586399023
0.005171586922075398
0.0051703131738124125
0.005181529634114942
0.005154764235238847
0.005162312247236875
0.005111182661511464
0.005087969408256481
0.005092191833978958
0.0051006803193884955
0.005067210674907184
0.005061030133938939
0.00503148588779195
0.005005293556618449
0.004985636147377161
0.004975143312110565
0.004976868544748105
0.004973554852342853
0.004976150096413006
0.0049672342944147565
0.00496895213222673
0.00497981528804007
0.004972212492638005
0.004976278571897485
0.004977692000746384
0.004990064976768571
0.00498439222922471
0.004978079548748575
0.004964534488595643
0.004968541807278191
0.0049620627647691045
0.004952579464990217
0.0049507112038821985
0.00494242749203821
0.004937502965119722
0.004923825830380886
0.004921573582687421
0.004906089460983167
0.004908796199307382
0.004843218327557079
0.004848885734719061
0.00484607118062493
0.00484162391316097
0.00483430664886522
0.004828540402664841
0.004823536475973786
0.0048161312393642935
0.0048119792982989325
0.004808994952618549
0.004804990509902381
0.004805257147058504
0.0047970481584956575
0.004789966821309796
0.004775129551025018
0.004863630041679138
0.004830931173790524
0.00482798059418598
0.004812780545291527
0.004808926078489754
0.004803018785547344
0.0047908286922977855
0.004795071692254482
0.004793282803227503
0.004789058372329702
0.004793159043101696
0.004796957187413169
0.004793805366903631
0.0047725883961127705
0.004771778617531575
0.004765034530853266
0.004763887977614733
0.004734713931815519
0.004762875189838974
0.0047563260691994924
0.004691876602551791
0.004684977659761902
0.004687009143049563
0.004678904395532071
0.004682821458717335
0.004668856828347592
0.0046645438203924425
0.004652987391059676
0.004648683840660089
0.004645938248410321
0.0046411049427238435
0.004632889837523891
0.004591272066683971
0.004586227727144615
0.004574977266528762
0.004574041547835689
0.004584307348441751
0.0045741547752010375
0.004570100891173659
0.004561713967687044
0.004556401067977758
0.004570087066205797
0.004566549953495979
0.004567912880725682
0.004568404904695306
0.004569327828572028
0.004563691035178757
0.004559822485920304
0.004565814066950839
0.004557329291168729
0.004553164105697828
0.0045470861482114185
0.00453684266122914
0.004529687059126056
0.004529004722302952
0.004515654756672241
0.004509832259930373
0.004503576079564252
0.004504817897844046
0.004506908879529654
0.004513962961452268
0.004504816319126098
0.004496817304176796
0.004494789705516671
0.004486936400702274
0.0044866192729463026
0.004483070842881321
0.0044624108983498546
0.004456014917522236
0.004449007740052957
0.004445412908718828
0.004431345217693506
0.004432138853445249
0.004423694848742776
0.004425404640284835
0.004414916081552587
0.0044092346060490405
0.004405076021899252
0.0044213464475316286
0.004416619534081469
0.004416832474704898
0.0044091135859474
0.004404643805002063
0.00441094770014359
0.004355961550715267
0.004353591461319192
0.004348476846800271
0.0043435573586641804
0.004321872552822517
0.004316274318110863
0.004311060492943065
0.004292453669303943
0.004272994733587518
0.004293066120569432
0.00428646330805362
0.00428333747471853
0.004275500189643755
0.004283524179555407
0.0042882178319395255
0.004276495984134781
0.004273546466222048
0.004269210643180142
0.004272547715151812
0.004282948919057809
0.004254860154184163
0.004253102845254928
0.004249522052910541
0.004242517995564424
0.004238343249655836
