-0.04588092863559723
0.056547770897547395
0.04516207566484808
0.07214325182139873
0.12028784149636824
0.12022611152912888
0.1181280098389834
0.10763012597130403
0.09492684174329041
0.08636559317396444
0.07805503470202285
0.07134327256622221
0.06795397952997256
0.0632396018443008
0.06311678615747948
0.05875762669807845
0.05485707342935102
0.05150080508993641
0.048166290461085705
0.04524198846359335
0.0442533891605721
0.0466198696673888
0.049409250010891484
0.04763242056593296
0.04699607786292637
0.043942453598396616
0.0413397467928007
0.04070880037636076
0.03976104829149939
0.03950479841460621
0.03892820222245061
0.03847532181746578
0.03761799095253294
0.036689046344586765
0.03407764652123053
0.03261396147914834
0.027912135383016182
0.02577272764383218
0.025805944576859474
0.02531582494152755
0.02484164936911492
0.024676295603777085
0.023994388281029056
0.023633228873627052
0.024815508984434215
0.024062966026286495
0.02359823674002352
0.02296578571466463
0.022221516771242022
0.022341549789131273
0.021660751904934075
0.021692830498137007
0.02284440625010542
0.022209149946204647
0.0161277559402931
0.015555335118909159
0.015141918990311441
0.01519994247483753
0.016057767587093017
0.01586550986394286
0.015822329956497395
0.015519864901545501
0.015526770221185869
0.015343631438624399
0.015207174509255723
0.01457943163339549
0.01434449929579654
0.015288984659465326
0.014611534308642149
0.014300095756918613
0.013958273093319604
0.01379920008324393
0.013706864140978135
0.01349158565203349
0.013351349294871877
0.013145647295932105
0.012580670804406209
0.012381971418810422
0.012570929824141791
0.010597163253682268
0.010439959891344903
0.010302212239377743
0.010081270791401736
0.009934032213983732
0.010918004989223342
0.010642521435277134
0.01029137302777434
0.00975021285533361
0.009665120236523866
0.010132717039016498
0.01006975487436411
0.010404737935381473
0.010348556547158182
0.01016641265933255
0.010088029224183025
0.009954162680102303
0.009595960995172894
0.009285165927128285
0.009235513441963123
0.009617050988645764
0.009578492098679657
0.008905706591497276
0.00891214662764329
0.008867372340700104
0.009012978189001038
0.010050186085532134
0.012202927375997038
0.0121782303546393
0.011403723915149882
0.008256263199245542
0.008369339055207094
0.008028658526224308
0.008689872045355868
0.009435212522056768
0.009445253325072282
0.009355737211811559
0.010030302373984423
0.00925433477328136
0.01008935947611463
0.010026430968033573
0.00999341757307746
0.009849561078330071
0.010451308018790807
0.009997756200842567
0.010094881814438857
0.009586006977712728
0.009609641422684952
0.009744297340331795
0.009367664648184131
0.009374343088956003
0.009446855016215006
0.008301511689621429
0.008634320754773309
0.008567714886912324
0.008578275860225625
0.008557588116089095
0.00859305437610391
0.009110056476084618
0.008937523536483898
0.00956567690843149
0.009529072761004407
0.009852566706648407
0.00976474102854911
0.006675215588143943
0.007071329008832536
0.006931611934683115
0.00718340648549006
0.0075248506931188145
0.008479895600272975
0.008376119210421803
0.008476203168883293
0.00844069494442784
0.013984883926028712
0.013896272196284237
0.013906679196784715
0.014008669511883703
0.013721658703812138
0.013719726796115545
0.013773528332239961
0.01365730134330645
0.013704719611179143
0.01376969265848674
0.013313527233194483
0.014616411374035219
0.014658726754609554
0.01517802892074347
0.015254022645032311
0.01615513482312921
0.01593786030186013
0.01583596547025295
0.016069243915194962
0.015996972238914137
0.01593930962035198
0.015871707701257308
0.01600478592709724
0.015916796009145733
0.015685067760622083
0.0157190701123015
0.015532478873824923
0.015614438315760874
0.015366009474926449
0.015144368437693923
0.015341391318740905
0.015097903276516793
0.014879805413926014
0.014689362012746355
0.014724616919881977
0.014573853726562856
0.014487216424344022
0.014532276169587115
0.014514974530660172
0.014230282792647821
0.014159414677199026
0.015078293312436507
0.014941171248804562
0.014502840239535745
0.014628933742642413
0.014410600786907
0.014248193660750995
0.014123725158102191
0.014016823522691247
0.013902446138099067
0.01400374723644015
0.013990549200282601
0.013970574203571225
0.013959347317670146
0.013932215217769587
0.013768889667225665
0.01372020788091635
0.013706791720030864
0.013446359892973228
0.013312394671719269
0.012849899241700779
0.012907249486983526
0.012890474532334214
0.013062335488553845
0.012977059800263268
0.014151185451151994
0.013989047585478573
0.013891500867566114
0.013919993056202538
0.01383406958739053
0.013860506213469707
0.013817265782919206
0.013837513246004835
0.013738683244369377
0.013482772896327742
0.013546998327898937
0.013639713730663071
0.013588596599527296
0.013524312566632642
0.013375604149981419
0.013277467129787873
0.012946243659949853
0.012900370102616479
0.012884722272511818
0.012863422544896145
0.012599516983892174
0.012470470272334461
0.012446936620380048
0.012377142065785808
0.01233321787940853
0.0124170300870424
0.012358283382194244
0.012402520092427594
0.012144574489697134
0.012161767164211463
0.01259091938705555
0.012506470219697814
0.01227581645111625
0.01226016793109936
0.011991718995178742
0.012119249885766155
0.012002711353695726
0.011990391807103163
0.011927277550503537
0.011867203646386415
0.01202821401244527
0.011973049965812478
0.011937507505393045
0.011971621847452025
0.012180740610845116
0.013846521797170169
0.013869368561262382
0.013824970325318533
0.0138533807186103
0.013880260299575013
0.013724180683233963
0.013443656269616149
0.013338578855051806
0.013512762589123359
0.013570013722565187
0.013495570633740578
0.013441925905221577
0.01342386058894446
0.013275202870997694
0.013174358336171211
0.01373492735045826
0.01369117772098565
0.013395695495949503
0.013313619208155564
0.013250368558011903
0.013129548300434776
0.013006520061753696
0.013115652777837479
0.013060255261310074
0.012988532341599548
0.01277180135074462
0.012813477839166624
0.012832408090429289
0.012853256156843492
0.012813616414083993
0.012733509976711433
0.012681636242274894
0.01262712594935029
0.012183697541833856
0.012656703696433057
0.012675796082962843
0.012461893712558476
0.012444360567290846
0.01246664998937238
0.012357948392878593
0.012303409085832662
0.012468308691683487
0.012351167502773477
0.012351076608957536
0.012258335260459672
0.01219919533280409
0.012186912208750489
0.012285651263655124
0.011856570817867467
0.011826615029657353
0.011927790452272392
0.011851798540853442
0.011759908208579325
0.012504421643492674
0.012420740873631939
0.012404714409206477
0.012738310579516115
0.012724105444609125
0.012670403044534886
0.012648949980946267
0.012397495798700503
0.012123948678445934
0.01224648918095188
0.012236312549028672
0.01223367103552957
0.012164116097192387
0.01214934545181071
0.012068252079540534
0.012120613130160149
0.0125285079146878
0.01238831410130129
0.012594911375833647
0.012566944071815151
0.01266506434527422
0.012678841324922623
0.012574555723554287
0.012612030866405215
0.012623027084829543
0.012529474261355703
0.012504256501150356
0.0126390340951201
0.01257421631008333
0.012472300254268778
0.012427185765086467
0.012419198980573672
0.012363198695952517
0.012327321927628613
0.012283898831810804
0.012266889612874367
0.01220749872792697
0.012178702093299089
0.01211289427403859
0.011995777998052883
0.011969484771172717
0.011925068204115565
0.011903997631464672
0.011879508513730899
0.011843967548000092
0.011877449625396833
0.01207882930962728
0.012021617104067813
0.011918614712728773
0.011735420450002025
0.01139703711697182
0.01147825573555209
0.011383838870664829
0.01138024370145128
0.011295574275253345
0.011054081003455776
0.011029647145608824
0.011008458644528946
0.010953013672648617
0.01088381635859247
0.01081444539141468
0.010799682173581062
0.010744430192796594
0.010728568253321814
0.010525924369192915
0.010486543610544519
0.010425793805053846
0.010370835669618822
0.010346822753736091
0.010713987229627171
0.010666016949965188
0.010635225236873118
0.010683821930979782
0.010688697365381248
0.010633815203935065
0.010676468922239866
0.010650412123395556
0.010611167426491718
0.010585501760427092
0.010574285983845277
0.010576981144296869
0.010543539488761819
0.010534167786176666
0.010504643989697795
0.010451882843484408
0.010176526992297985
0.010107378993459534
0.010062222761340613
0.010045264147791184
0.010027062416671928
0.010021293922973896
0.009983043355710907
0.009953221943642728
0.00992319712730511
0.009879796247257471
0.009843802755869232
0.01043265773652609
0.01040831637159069
0.010384127328730564
0.010350905904418216
0.010398345920622993
0.01037689551935837
0.010250617765478665
0.010220265599075774
0.010210040296334445
0.010172554745238998
0.010134599023995635
0.010131629410060895
0.010120089475873532
0.010081425279599154
0.010068552332929723
0.010023850233826645
0.009999283641456825
0.009959248130596893
0.00994875823117073
0.009746728223439681
0.009670562801200265
0.009646425305794354
0.009658413963732255
0.009664702210978522
0.009578331400205014
0.009599872391612998
0.009523534564901213
0.00941468139320601
0.009390198038729926
0.009371349689373174
0.009356687431111739
0.009344936024619426
0.009318178804431714
0.009290723311973234
0.009303516102212495
0.009315306079835339
0.009311951574688474
0.009329771575608494
0.009125176786397066
0.00910182113457106
0.009079203463638007
0.009063498705452701
0.009044596866722428
0.008975735933633757
0.008956938497943767
0.008937481028934243
0.008822049794113464
0.008822933178200163
0.008782628005147767
0.008882213281797651
0.008848226558480944
0.008841918861372533
0.008822055035508584
0.008894271647661036
0.008883632151836254
0.008830710559668968
0.009033510503833237
0.009171205155360709
0.009178125549336665
0.009288127181577493
0.009217721418648404
0.009166539360497458
0.009145453732742587
0.00910913584402424
0.009175027325928536
0.009242072508260745
0.0090390253976247
0.0090258784414497
0.008987775560080707
0.009354773278652953
0.009319298150291179
0.009303895859487933
0.009238402678849672
0.009231188937141595
0.009242943425849746
0.009269800431180463
0.009321646742912668
0.009316482561181904
0.009211456481793648
0.009185793112934566
0.0091673883655048
0.009107523568201737
0.009090926097070962
0.008883366479201333
0.00870598186806717
0.00865314282015448
0.008642165436020269
0.008659107589744957
0.00860147359383621
0.008376314729267533
0.008369656667232722
0.008555113617538667
0.008492462911140536
0.00849624116789538
0.008577065577815948
0.008570749950288115
0.00855228322542552
0.008483757350055094
0.008431507672963261
0.008441747076403766
0.008245102797279066
0.008263306979657098
0.008102798900675494
0.007980930399873413
0.009621826349307257
0.009611747536177178
0.00972055580205892
0.009734423354026285
0.009742994742037192
0.009726721990783962
0.011518327028928658
0.011480181439973425
0.011509704857044629
0.011484724735069183
0.011460017172117809
0.011278626515625296
0.011230330477206346
0.011348925326634545
0.011314705561885076
0.011479540777487215
0.011510815241201088
0.01150435423836014
0.011477845653926375
0.011470010061922076
0.011610975120480217
0.011602463057874022
0.011578079309584032
0.011533442624258218
0.011814040269585607
0.011845915043912136
0.011814187800522003
0.011613912421607352
0.011505848955397207
0.011560158578904115
0.01154735975284163
0.01188922906719338
0.011881087142431286
0.011830482920631762
0.011965051216467156
0.011932292343218522
0.012060682133520538
0.012162642745933209
0.012177696922240218
0.012094255058570565
0.012029459450019373
0.01202301451632599
0.012003829352447695
0.011961610804428343
0.011883574263599437
0.011851244779664925
0.011858139704453026
0.011949749010803293
0.01193452144486714
0.011920989474591009
0.0119126565882532
0.012007356842678087
0.01199029290537973
0.011941350807778923
0.011942311587226416
0.01192345227346058
0.01189438279077774
0.011827584915025354
0.01180470021684532
0.011756617050398032
0.011687073286822901
0.011668304056045993
0.011683477308067914
0.011607456615632233
0.011597845606083484
0.011560043450176897
0.011519251105844439
0.011501468545522005
0.011477112949678556
0.011445373482386329
0.011425615958746489
0.01140435996493498
0.011382363794837138
0.011369060199032924
0.011395782999424082
0.01140215074632873
0.011435805580914043
0.011396305608623479
0.011301427739652788
0.01129594122361619
0.01126691049256968
0.011340707769157219
0.011373532038568378
0.011348445511442444
0.011330668499616559
0.011309889552939174
0.011301856332865519
0.011318429983132327
0.011308343937208731
0.011369078393304014
0.01138170193077204
0.011368312554048693
0.011365045124778827
0.011319039193779743
0.011302455017551219
0.011261651359496212
0.011310656626498376
0.011307587158575749
0.011311776233492487
0.011274575709471888
0.011267749163321386
0.011322503206549914
0.011303317835889235
0.01129007158968071
0.011302647038851067
0.011281104344845413
0.011287375779042867
0.011280604885635103
0.011271576841641205
0.011259206616153821
0.011199135657944266
0.011194323122172877
0.011175676300882577
0.01116009024905025
0.011169116256006566
0.011138695274215165
0.011126196320594603
0.011103963780261667
0.011091634193820298
0.011061632572017957
0.011058797850474571
0.011019009629393653
0.011001317848831097
0.01104642814707403
0.01098730220804833
0.010985408341958155
0.010999673291947397
0.010976868741534591
0.010927317576580348
0.010888232135097849
0.010875022966451387
0.01085903835103826
0.010853956803734705
0.010832859615956496
0.010833300188124406
0.010991722032619899
0.010988546562560068
0.011013727124003591
0.010984156214017125
0.010962929637771141
0.01096050037133834
0.010929250782642272
0.010886219720273482
0.010871866739189214
0.010843487877808023
0.010828621791105207
0.01081484652517312
0.010807662145693986
0.010771508339382839
0.010750324174033904
0.010732792537695003
0.010725356797282686
0.010711501288016824
0.010642368603174553
0.010629628448980962
0.01064066780539481
0.010641863449136918
0.010624480744922603
0.010653671499738393
0.010634036688805694
0.010617129167557676
0.010612037539627028
0.010600425097155235
0.010565719228864451
0.01053198672844392
0.010519086321746883
0.010508786155968371
0.010498619547412638
0.01048259347070511
0.010448123969096255
0.010420737535847964
0.010129387306268075
0.010121213294432527
0.010107759573240418
0.010097959874044183
0.010082590309438701
0.010027605216932698
0.010020292991260997
0.010009849583897596
0.009990193360403504
0.009955975654470851
0.009939013179098075
0.009942974036530142
0.009924675367905617
0.009895973490117994
0.009885668147294281
0.009755222217257987
0.009665368096069528
0.009647444104247366
0.009633049327140089
0.00961552140131049
0.009595234690419532
0.009562872710298839
0.009584426596714832
0.009654380617048925
0.009616403681065177
0.009602328422799341
0.009559355913570105
0.009564309198591666
0.009545269141925812
0.00953084542909623
0.009514897416928165
0.009505959344420297
0.009491231004843323
0.0094897768451495
0.009405148617563364
0.009410394226358023
0.009411787196964234
0.00941028460940538
0.0093956159707736
0.00939809538611688
0.009372040559825542
0.009366218534819467
0.009355299359774336
0.009342250907803187
0.009363944869271543
0.009345973839225445
0.009385802182835221
0.009372693282903676
0.009380016633218939
0.009384067828076399
0.009449349893373744
0.009405520756357796
0.009454153715145162
0.00938177786997799
0.009204450759153701
0.009304529961344591
0.009278892231895458
0.009216572547209563
0.00922881036626372
0.009228670873995268
0.009252438517576851
0.00927726600795688
0.009282049091299992
0.009285332696197971
0.009237193357972847
0.00921913192387618
0.009197042540808277
0.009195799113864953
0.009150130649373827
0.009137101505641286
0.009075901856646555
0.009063404215878913
0.009064095482493652
0.00906355598554108
0.009046235540240092
0.00905540704206584
0.009166488731590814
0.009137312852887105
0.009108878839147024
0.00910539838507883
0.009090342220739936
0.009185595402914318
0.009349000648831247
0.009349242551101254
0.009321152176038445
0.009322811883300745
0.009575052361469714
0.009578220679785213
0.009554795439735524
0.009549941268433098
0.009548152581600657
0.009551224026342418
0.00954793901615537
0.009554240474132782
0.009544120249225305
0.00953685521641163
0.009476071131998927
0.009456367768009137
0.00944730345738587
0.009433683154547142
0.009506603031446398
0.009493410899964866
0.00949898485810484
0.00949156640363002
0.00949050417399819
0.00921294967832412
0.009212395224235805
0.009206417436512333
0.009192975431454862
0.009207649919942922
0.009196288727407973
0.009190613398780382
0.009145858843803575
0.009138119899510539
0.009137870425216448
0.00911239705060534
0.00911353111905781
0.009096111129985263
0.009083045421192181
0.009073101854795136
0.009053291088408999
0.009018748659576943
0.008972045829207747
0.008978735746805175
0.008969792773139378
0.008953224967637922
0.009009378840190044
0.008990524366799384
0.008922611660369402
0.008949991384390888
0.008930595931339458
0.008893638383419455
0.008902658172705628
0.008882038980821965
0.008872247469114927
0.008849866349154736
0.008833222072937429
0.00879640827332905
0.008765945873852108
0.008833735694588205
0.008827217329952328
0.008824593285979154
0.008819415921966698
0.008845373030036636
0.00868818704877692
0.008680360034349374
0.008599062388079132
0.00854386139230964
0.008525415820911528
0.008531643547669322
0.008539633736894283
0.008529542703995991
0.008525920569047139
0.008512916856612306
0.00850727383860728
0.008488113608111567
0.008449983195575793
0.008435662461481927
0.008437607367295957
0.00844281524514758
0.008427242226046143
0.008415148012197185
0.008403473615694294
0.008375331285412636
0.008369862695628755
0.008337633237825454
0.008338523699417521
0.008366666627572628
0.008379930767515469
0.008389256688212764
0.008396669829448535
0.008361839393431063
0.00835992248175898
0.008347687489237105
0.008337668527808768
0.008331495518454855
0.008345118310932806
0.008348582270440797
0.008340426827919358
0.008317766210241257
0.008305535563996028
0.008297152776222604
0.008313326721431565
0.008277883536889921
0.008267229112230158
0.008288315964700279
0.008246715264857072
0.008229996754754595
0.008221624031141723
0.008166627042061093
0.008155614169305747
0.0081494389223642
0.00814444138069864
0.008129267167731019
0.008119522841100029
0.00810863987245651
0.008151918691913515
0.00813939140772178
0.00812025962966524
0.00811200442756347
0.008115095130149803
0.008111693594871601
0.00810170907228321
0.008106046591802543
0.00809965164367617
0.008083994401620654
0.00807406897137698
0.008059930243866259
0.008047275131080554
0.008046106837393702
0.008043858596248976
0.008035417878190957
0.00809014675100721
0.008084129708756804
0.008069782294021928
0.008065422729465014
0.008020202083989866
0.00800352262262928
0.008012554357690516
0.008017727926745951
0.008063262894908359
0.008055179712829522
0.008042680796019594
0.008045130043793269
0.008034825945862006
0.008026598125913196
0.008017760928672084
0.008019913391997686
0.008007702235137281
0.007982551127807014
0.007979300312365883
0.007964600881852227
0.007967127711763954
0.007967413618449515
0.00796080295674158
0.007953568103485853
0.007945313944676092
0.007938565870879113
0.00790973574043926
0.007902538643261018
0.00789426126445097
0.007890991965836093
0.00787921796542822
0.007870686971872567
0.007833536176831364
0.007823388938196119
0.007811588218746746
0.007789324526301515
0.007775363466069575
0.007785570887767227
0.007780289354134418
0.007779762344990274
0.007773722940808197
0.007778278765526936
0.007767313403955355
0.007759091254197303
0.007761267313271978
0.007761809111094818
0.007860397891954654
0.007852149367242224
0.00783738974430367
0.007823349894899075
0.007826064782566386
0.007818828122578919
0.007814964262565385
0.007805279985047992
0.007806235661055836
0.0077547783961248945
0.007748713563217059
0.00774173815715829
0.007746839242223462
0.0077246360854249085
0.007714891049454304
0.007713306097670634
0.007705010944048496
0.007714860098543335
0.0077074015232530485
0.007698690866233554
0.007686520643268588
0.007669986040808635
0.007408974037088605
0.0073901631171244125
0.0074294866101705815
0.007399851184908532
0.0073898573777443815
0.007399277037542254
0.007390681742004437
0.007384511935345536
0.00738212772921542
0.007367993232104426
0.00738925410329615
0.007369894348786503
0.007364396682443869
0.007343358465550587
0.007328151420738955
0.007326354321870673
0.007317751075973542
0.007301767467967875
0.007273076352147137
0.007270845154471587
0.00725737041415531
0.007237381219128904
0.007253386707908252
0.007247357871879158
0.007216603145171834
0.007212345628525066
0.007220451898488232
0.0071234619576629
0.007121093025985991
0.00715280655735763
0.00714727515677402
0.007127560427106139
0.007117969641636586
0.007100846652082487
