-0.003865470178425312
0.1130251158028841
0.15995627408847213
0.1319685533642769
0.11104745712752145
0.09754931860204255
0.08500807380187327
0.0839401601244592
0.08677737505640835
0.09731374628079886
0.09970793327859913
0.09408870323274571
0.0901105522144852
0.08446058045762281
0.07904692244483158
0.07534490454503719
0.06947426503110263
0.04740816830216269
0.048179360898211586
0.047272682589079636
0.04923555157570675
0.04654622571947781
0.046468342421576374
0.04593498416244983
0.04460308120514337
0.04745354938010374
0.04651539992274982
0.044789274030461394
0.043106606649234894
0.04263334984200136
0.04050734888005537
0.03888931496520386
0.03933436597478303
0.03858264494421227
0.03741741022612486
0.03536132317841859
0.03604929578049403
0.0344329457013653
0.03363174253026956
0.03171194251058851
0.030715896498544944
0.029561392502685968
0.028550190485971558
0.027532549756061703
0.027388729129755953
0.02935014789468272
0.028819261065412622
0.027569844734341816
0.027161351167596874
0.02708708730928015
0.026460130094514724
0.025611379838390447
0.025791744498915414
0.028221621673384847
0.02842094413686676
0.028255064011829194
0.028024369212477616
0.030187251144956975
0.02921423763424778
0.028632869734047123
0.028454810805288284
0.027562950933647763
0.02624914545231149
0.02598232098568517
0.02585729385486267
0.025388600391599882
0.027260127480771824
0.0269865251544431
0.026663305400870738
0.0260832236299265
0.025839188630925488
0.0253751876553495
0.024994901925753297
0.02436276511910061
0.024062254432417256
0.02385994254055058
0.02362375072716998
0.02335847881799446
0.023976888839388266
0.023670141401206265
0.02350724790608737
0.02441528172467846
0.023727821430102696
0.022618943956844943
0.022628352284258184
0.022528153362459145
0.0224528072444214
0.02204835022475277
0.02198567422520783
0.021757387771056246
0.02114584912424502
0.023364665046814944
0.023256574836658665
0.025572575217014858
0.025631710013840344
0.02626081838358923
0.025884323990998825
0.02560395733077041
0.025406578208785502
0.02409156805393055
0.023985962518125625
0.02353597357100581
0.02307857195801961
0.022268370953610256
0.022146492763773874
0.022015102266412335
0.025656879489327333
0.025358522979440083
0.025073917842978105
0.022883874697711422
0.022753411544337205
0.02416984582591835
0.023546703394682133
0.02452442047348165
0.024416626421012114
0.02470181457913266
0.024387443207314844
0.024209850485350536
0.02485527707613074
0.02465200426310979
0.024520563517055925
0.024309005876018756
0.02415127328206455
0.02391580415517092
0.023747751814505415
0.02350095095567582
0.023267792545084383
0.023168060632581405
0.022996036027773076
0.023822003655590635
0.02375524172164275
0.0235938001634147
0.023768301420747796
0.024014166887435656
0.024157499654821182
0.02408419872368993
0.02413576535637613
0.023972402951552833
0.023925783087699024
0.023691939759722114
0.024145600243314174
0.023960193991986727
0.023953515876201
0.024061860036554538
0.02386178803623796
0.023731776102933873
0.023342358365315157
0.023181814850376778
0.023038905810875216
0.02293447449353112
0.022830417853057106
0.02260918213584115
0.022435689434203543
0.022098757415228813
0.018545464867761808
0.01841035470289364
0.01831610527926987
0.018340660212268635
0.018301092064939455
0.017912108080912835
0.017836161690798637
0.01740925374835091
0.017277653879917625
0.017197059094905865
0.0179565162454025
0.01768907824319281
0.017576888458625914
0.017462644946469368
0.017377313134698757
0.017849453268790554
0.01751886034887935
0.017265041446248675
0.01574504033571389
0.015715113017441988
0.015728369769269872
0.015604194181334604
0.015547559757486756
0.015605571636846878
0.015586556151457561
0.015605166625200648
0.015623009567926808
0.015734408456638798
0.01582110454404283
0.01569451740942897
0.015564408953181456
0.015495895811501051
0.015452047185774196
0.015781537417775757
0.015947058218482312
0.01577753099705538
0.015684453697758744
0.015435223583460179
0.015337847274027244
0.015086702223962715
0.01496789790689947
0.014840720278130588
0.014390065071332952
0.014360577761939736
0.014242017883807434
0.01379904323327009
0.013735429519536171
0.013686696183007555
0.013620670016298048
0.013587343332743878
0.01370693859305162
0.013700869243709017
0.013657549117432135
0.013669309049229817
0.01374496632987369
0.013687278468479634
0.013573856525703015
0.013523019579164875
0.013639591834464379
0.013836215098583439
0.013798446278087814
0.013910172777550855
0.013847426533775953
0.0137690426707353
0.013840247670569562
0.01368536513269253
0.01357735699013314
0.013610955600255093
0.013712895241042154
0.013782912580710339
0.013725901581965143
0.013586931717315388
0.013617239883292094
0.013521212514075082
0.013425511193623705
0.01336293065118166
0.013295592925840495
0.015057387902669212
0.014934595289210307
0.014998010162541544
0.014899913834257986
0.015179462083477846
0.015219800061734116
0.015157431958800507
0.015369060917388823
0.01547445049480425
0.015367476118070456
0.015437736220508376
0.015210582388538249
0.015162759390659652
0.015211421097685583
0.015149792130783917
0.015070352632451014
0.014975910251268234
0.014966604426968864
0.015033569335807656
0.015101467510999483
0.014924830820120657
0.016115665186918912
0.016067301059671354
0.01583501976119808
0.015954706514823176
0.01570691162667983
0.015656981531361636
0.01565488666125862
0.015210761310857426
0.015116362328168369
0.015335846097853071
0.015179920067153472
0.01505099369151485
0.015027211412272782
0.014883255579487937
0.014832372590812614
0.014765913433353803
0.014475555660599796
0.014375945008050577
0.014448814817810426
0.014333915693306765
0.014322911319067981
0.014272716989825416
0.013726889786388126
0.013783747595499562
0.01370337281481653
0.013567204967284708
0.013566093884791002
0.013299322484501946
0.0132653438118749
0.013274997360461376
0.013223565235638906
0.013111811470681528
0.013029695543463825
0.012994230601965806
0.012956466519729799
0.012988598998329883
0.01251687077395941
0.012426373997264754
0.010660957708103243
0.010658806905471467
0.010615581738822762
0.010610933744317033
0.010578224866893285
0.01054199314942767
0.01051449792181462
0.010478059534041108
0.010472541057388315
0.011947177279550303
0.01189844734178062
0.011766806277315833
0.011738672388578156
0.011744143824726664
0.011692056922566198
0.011671978256973099
0.011657204123874597
0.011663007271335955
0.011621290896531031
0.01178741928881
0.011816975082090226
0.011830088543183464
0.011774541125566104
0.011722235116065452
0.011175629406352543
0.011196333780401468
0.01107123600807388
0.011056435718325194
0.011014339222128924
0.011026030817436142
0.011003590824324014
0.010976120799126824
0.010942664710096278
0.010808432044712121
0.010844858848751231
0.01110829792853406
0.011073810660114192
0.01106461854124341
0.011036783184990242
0.011123407169792453
0.011100881199137859
0.01110613210369378
0.011042531938563966
0.011057769714806018
0.010995619760381369
0.010980945823055038
0.010931521456257434
0.01093188914793866
0.010885099230354717
0.010885141827295821
0.010869743209025883
0.010844376607310668
0.010827258317074803
0.010753885722563925
0.010570155920809406
0.010540985142488732
0.01045811996543005
0.010420524866625754
0.01038309908521895
0.010267506251901008
0.010547742794435854
0.010348919427342904
0.010380175098017827
0.010337406089103097
0.010281532073329382
0.010317688308759274
0.011204105179318547
0.011212453886076645
0.011235043330654879
0.011221341034649033
0.011289181742651238
0.01129192466569871
0.011328469544033801
0.011331282621600413
0.011401252092537869
0.011362062830431023
0.011333883703153587
0.01129637384105117
0.01127601928892547
0.011322690585516458
0.011322723831624679
0.011272449867678795
0.011238587188956537
0.01329981988218304
0.01332182164766525
0.013228953102528224
0.013190125287528947
0.013184338611320883
0.013401321184325143
0.01343784121942544
0.01339795035221713
0.013388698020744499
0.013348247648385358
0.013306105425793014
0.01352981143915144
0.013489836222734027
0.013628341245420589
0.013605780578559578
0.013544160034358274
0.013501471709882818
0.013454303129817304
0.013412639563731414
0.013355491870658502
0.013329120396925267
0.013522184784776976
0.013479674010219708
0.01222793485114619
0.012230592731235883
0.01220705286759768
0.012174788008222226
0.012143056154678545
0.012199689812811505
0.012304834312198022
0.012244364737251347
0.012176706841739658
0.012144030297903874
0.012106618850963322
0.012039131794749912
0.012043960649298698
0.012006963691147341
0.011987361225816071
0.01196460815478618
0.011902980640972638
0.0112888499820908
0.01126180966611384
0.011497024343571272
0.011426415173676652
0.011340519479617069
0.011317455939466276
0.011210218711392276
0.010912174458413556
0.011088916087488984
0.011071968348263024
0.011090638579608991
0.011039936166402057
0.011002779980948034
0.010950043659453795
0.010928925056643316
0.011019653843602087
0.011005949247774314
0.010985621358823099
0.010950204932295421
0.010939360379369094
0.010980257976281023
0.010988960377823934
0.010903292216090982
0.010870928464528631
0.01081647837716463
0.010805265509010172
0.010779612524357848
0.010828654713611592
0.01090361025490805
0.010769530054604484
0.010738907634997436
0.010716578540378656
0.010673547244210938
0.010581567070013478
0.01064813756972515
0.010575682402252125
0.01054720746334168
0.010519091892792785
0.010492725481426199
0.010468284653203307
0.010442976657029986
0.010412856746896938
0.010377613418349389
0.010381926567264227
0.010297548655224748
0.010299965294214663
0.010282647299379274
0.0102655229019354
0.01022889771884445
0.010220330593287592
0.0101814616184872
0.010505550288542304
0.01045052798470379
0.010442047304663866
0.010427370390816057
0.010425737469848448
0.010530197681862105
0.010518745195995664
0.010519646061264397
0.010497317078522356
0.01043207386104194
0.010411529136433251
0.01042215909945058
0.010403073884894542
0.010423494538993211
0.010405024924330064
0.010390906680250452
0.01038375496610717
0.010359000796755856
0.01033674068758572
0.010306822169168861
0.010328164866956814
0.010337844506781966
0.010282336959909247
0.010281017641032184
0.01024463849417789
0.010216707271256323
0.010156515942663102
0.010161991426192266
0.010163578491842726
0.010142181693773827
0.010099161155765963
0.010072767519967354
0.010011939929394295
0.009990184302843043
0.009989840375259514
0.009920642387768817
0.009811966897051523
0.0097762527273853
0.009788604785821262
0.009766507275070585
0.009740113145892647
0.009756089048092734
0.009749537587301491
0.009739187597763703
0.009697427537164408
0.009732919450349911
0.008866930575550208
0.008847112550225909
0.00884543340503698
0.008823114762634253
0.008800659271619504
0.008844884635558136
0.00870972222439103
0.008668304161484454
0.008609382905594355
0.00862073210169044
0.008699169029861724
0.008679109872817403
0.008670604772437428
0.008660584919908565
0.008645766776341924
0.008606571333475786
0.008589192127339733
0.00857947501908487
0.008558833099163641
0.008547674191031746
0.00853470100450532
0.008522140106367987
0.008517382714865995
0.008490229884998118
0.008480884966617721
0.008463295040915763
0.008561223682594309
0.008536860668610131
0.008546332482472744
0.00853607845673416
0.008537455081314226
0.008466681562412117
0.008346305034458903
0.008354700000426903
0.00833855604756309
0.008353435704263236
0.008338265928242647
0.008243672738024763
0.00820277415554631
0.008191659268644205
0.008172613393559207
0.008167836653863562
0.008108537785779501
0.008087239681684344
0.008004131457657819
0.007977613323590503
0.007976111827842134
0.007954726549205303
0.007982768933704514
0.007970379106451396
0.007909767059990433
0.007935992240670856
0.00802230903530387
0.008033879156084311
0.008013182370298182
0.007472014046032663
0.007962605963103648
0.007962863114441495
0.007975279977300048
0.00795979991026349
0.00795316719846926
0.007937244852223826
0.00792707650196569
0.007871288809743094
0.007936677000038285
0.007927529127567036
0.007918383663815878
0.007876617942043187
0.00782016426643982
0.0078081091581971955
0.00781099693127587
0.007791578908563515
0.007772870033988179
0.007761252632376563
0.007767728215886858
0.007754745807505033
0.008096009130165177
0.00827121798341211
0.008262139447506955
0.008252974410498805
0.008165581315453791
0.008151264450925873
0.008133453521987277
0.008118981307082879
0.008143708237404653
0.008139175694580914
0.0081116312915805
0.008105566186592517
0.008088686483485314
0.008172297095779187
0.008160466106842113
0.008150908502728475
0.008139092660014093
0.008161029453420135
0.008166197439764778
0.00816416202624723
0.008094249077035593
0.007673914703136778
0.007668600799172323
0.007634025899146161
0.007613442613540851
0.007351309225703081
0.00735020426732218
0.007337379235039822
0.007339917810281509
0.0073279975024784045
0.007344510814086097
0.007313546979828454
0.00727555012544467
0.00733286581259377
0.007324087926316889
0.00730316368672387
0.007323123967813819
0.007302071161009373
0.007293616220118486
0.007282758656142065
0.007265118255678886
0.007259037533133856
0.007250820803788625
0.007199187631491521
0.007199618758897511
0.007200153527441502
0.006975641465864854
0.006950230408628568
0.006935048285167397
0.006951046249905261
0.006942527726851698
0.0069361964478602016
0.006926055425174129
0.00693718679107627
0.006953641619407095
0.006957792716997375
0.006947120985483336
0.006927436504101513
0.006996255328168016
0.006940073004586932
0.006937262372014598
0.0069245241190635486
0.006906744935908
0.006924444438314523
0.006911501451609715
0.006876891279581703
0.0068533503146420635
0.006847005121353022
0.006837401755413942
0.006822361606754412
0.006852065114124673
0.006838292346833411
0.006791997683820122
0.006808131299004155
0.006802843807488853
0.006802774514675673
0.006776451384080635
0.0067331810599137
0.006722106395377404
0.00669931093802623
0.006679843649551176
0.006714461080177298
0.006690438774087707
0.006672471845501708
0.006736826035713815
0.006749098757067409
0.0067124335329844294
0.006701148588175856
0.006683039864540359
0.0067159023623916325
0.006711634916664109
0.006597918511261354
0.006614005039206383
0.0066045859912184784
0.006478943239745233
0.006487785609889682
0.0064857394802309235
0.006472074545760147
0.006625335506837596
0.006648240186049697
0.006671404718576398
0.006656351076261278
0.006650008919287773
0.006656638142506577
0.0066496669588175855
0.006630281431679073
0.006616178273390417
0.006599766556123314
0.006597386492532011
0.006561013140466462
0.006567143144057318
0.0065383550142889355
0.0065242384601151586
0.006677368930896371
0.006732702309725425
0.006727982711283409
0.006701470178168993
0.0066848810888489995
0.006624426164485584
0.006630298708643913
0.006619081925617212
0.0066032205214586045
0.006585153175639253
0.0065862648258655085
0.006578558920297298
0.006571972312691113
0.006553067842446901
0.006551074800390909
0.006539567195249116
0.006654266630168853
0.006630591922105634
0.006615639329154142
0.006679177331211075
0.006670062080876267
0.006510943069314288
0.006507744658483971
0.006510012950416972
0.00655496169018142
0.006549900229048556
0.006534637982026386
0.006529164100196957
0.0065857650973547965
0.006608464116029674
0.006613231771201963
0.006607040964004007
0.0065683773700510005
0.0065659914205862075
0.006553539889785432
0.006524747138942275
0.006557836878512138
0.0065464765991451535
0.00654404065787543
0.0065365893554691305
0.0065272840491041074
0.006869895752181109
0.006860609644363371
0.006849839023323183
0.006806601220648114
0.006770190832001628
0.0067505126005821614
0.0067571287787641455
0.006731008284399476
0.006712162385849907
0.006698443074264232
0.006693698761042242
0.006725098752691248
0.006723645963830834
0.00671085923407474
0.006702963393301679
0.006693089140724898
0.006691630884017776
0.006689831648621351
0.006692675274174887
0.006684550615997426
0.006690372730708587
0.0066838503512676
0.00670387934326836
0.006708535173789184
0.006706552777342704
0.006698255626089522
0.006685079609951577
0.0066742717485386875
0.006651196723831097
0.006643170098808567
0.006618723624860608
0.006608683532865947
0.006599154248812604
0.006592264873080801
0.006588330980916583
0.006584313860899644
0.006581043092319075
0.006584184519621991
0.006583759009924673
0.006556296983817845
0.00654517047149201
0.006542867120717551
0.00654449232603597
0.006453897661431606
0.006448445448064799
0.006434369950393735
0.006437411806962766
0.00642105136622931
0.006392279978549769
0.006416908785946286
0.006406263045621496
0.00639419409971682
0.006383128731141469
0.006379776093713449
0.006377067601254993
0.0063713448418805645
0.00636232989334868
0.006349471165450088
0.006341091646609131
0.006337351690525523
0.006335503876208099
0.006325117533459361
0.006321918946054918
0.006315131973755772
0.006294816197488323
0.006273986213212161
0.0062624942875117995
0.006254980934404495
0.00621903824747862
0.0062033138511347575
0.006294015891694583
0.006275298242639924
0.006291102237340991
0.006281332074638821
0.006271472555347238
0.006264548013548194
0.005542711305906221
0.005521103035916161
0.005519928393116016
0.005511971960742089
0.005498521635464648
0.005488905615418275
0.005537549285735206
0.005531308221644861
0.00553477535182982
0.005532861328776699
0.00554423244265954
0.005508334585648046
0.005493426173350334
0.005487029956444697
0.005462786119166522
0.0054265599988377435
0.005417853851991924
0.005415833991475423
0.005430959336864581
0.005424941581726214
0.005416851622988256
0.005401946314531725
0.005410141562156021
0.005413581765567998
0.005400431017787358
0.005390953650136839
0.005401399911003917
0.005428992165252563
0.005435171009516935
0.005429219846243152
0.005429613533295811
0.0054142464556181675
0.0054082781232564735
0.005395620912214964
0.005395391976467371
0.005417946954001206
0.005402862695503795
0.005399435873508277
0.005390721913720872
0.005389028629005528
0.005358656852328085
0.005356077843956101
0.0053447072451046195
0.005328247592158173
0.0053213257003595
0.005293176616952124
0.005294004136279302
0.005282423314853769
0.005285287828278225
0.005278785668572381
0.005276000361502263
0.005274374597283643
0.0052596527771307045
0.005240545708479746
0.005229530960546781
0.005214850714708649
0.005355753184501848
0.005412981694165085
0.005407501425254944
0.0053545796067348776
0.005387583459650031
0.005382654736288933
0.005428185715308327
0.005419336215230327
0.005415296572859264
0.005429958300385516
0.005423812896125986
0.005418110170959373
0.005414914008010278
0.005417515888464717
0.005422090310661062
0.0053573198603671475
0.005384275972649579
0.005395968554789193
0.005403540735503641
0.0053738501679813444
0.00536955740658037
0.005287809271687983
0.005288444399411672
0.005273178024861208
0.005492697766762151
0.00550228912715859
0.005493453526869415
0.005495968603991078
0.00549662534298247
0.0055266396144605075
0.0055358877608478385
0.005518125969587274
0.005436584740470083
0.0054491529515364266
0.005442786538826777
0.005443006203862314
0.005431091676051676
0.005426907355888949
0.005393934928482242
0.005376780768912509
0.005367497702743612
0.005363355617832819
0.005361675719835278
0.005359017268466105
0.00536315726212171
0.005349265560087209
0.0053444167141013
0.0053408387049842495
0.005319903727162248
0.005311443887142421
0.00530027759410602
0.005297145278167884
0.0052736111042606705
0.005217368985268064
0.005210817356720357
0.005202368576484616
0.005195765780605454
0.005172341984469606
0.005165764010239535
0.005159038774088215
0.004488061737853481
0.004497733715433565
0.0044990850631923705
0.0045041163879861144
0.004500497811918715
0.004493386618082863
0.004490180895787642
0.0044832962178392565
0.004481444679692014
0.004476554293473361
0.0044714130050062684
0.0044658951287000126
0.004465618304503158
0.0045418642093614315
0.004542857644117223
0.004540986212981751
0.004540583311249255
0.00455785537468853
0.004550525555966768
0.0045459137585326555
0.004542053383220433
0.004536909059208757
0.004530228836415991
0.004526757220165289
0.0045281757172341685
0.004515597172907787
0.00451355632083808
0.004504093040518231
0.004502333143312485
0.004502545247530308
0.0045179668797489915
0.004506447498003197
0.0045027117470468996
0.004482755862027014
0.004476352387262685
0.004448892573954681
0.004446708403342309
0.00445278540802925
0.004445016222960795
0.004433334591907479
0.004469115438426339
0.004469187900898617
0.004470373737931962
0.0045109442623918125
0.004505747317424939
0.004495117214550089
0.00447881465487607
0.004474586178551596
0.004470214276585099
0.004467264671613021
0.004461414623242819
0.004460634919297688
0.004420575219503213
0.0043839428995896546
0.00438502055071381
0.004369541873505755
0.004360650906252853
0.004353260619387399
0.004338612736627242
0.004326034715089756
0.004372681964072746
0.004369647237755958
0.004288027308305397
0.004280848310279624
0.004276263180323794
0.004295491526645998
0.0042772346733981935
0.004271598180191802
