0.00041083560790866613
0.005456429518138369
0.014103732479270548
0.010571294045075775
0.020130025028871994
0.018079832894727588
0.030782990768784657
0.04207356825160483
0.03831490071024746
0.03486722332573581
0.03160332008944048
0.029116745272543855
0.026717966609534675
0.024940327857621018
0.023436836359906014
0.021976351737976078
0.022109920572903424
0.02092781412341681
0.019937930069863795
0.019084174319037365
0.018197710342726412
0.01718457858331258
0.016389601905151114
0.014633748123887924
0.014415941024288677
0.013874355235775172
0.0132204188911211
0.012813979733719264
0.012393988771752143
0.01200411879014404
0.011621897194345365
0.010869442483509016
0.010532010204555905
0.010139722258983446
0.00992442361085624
0.009690927896912942
0.009599318998976075
0.009389867121055247
0.008868409645219802
0.008623680620874485
0.007741897254683346
0.007487556110623533
0.009585239685045304
0.009425201871070186
0.009274681628955046
0.00902978059751517
0.008824594824545787
0.00864768487387052
0.009111113726394254
0.009372522389087099
0.010118248112401211
0.009876181838269577
0.00944421643119616
0.00939981653037566
0.00922888622309464
0.009101889914681876
0.008899251430130822
0.008752309898766927
0.008052447973750532
0.007897960033542553
0.007798526582548456
0.007628269549015732
0.00749108767558937
0.007338381920439693
0.007259924084681906
0.007102011456223789
0.0069895254658631
0.006871532502860858
0.006849107148757738
0.006708789461876045
0.0065984535879882395
0.0063917397988692256
0.006343707159897819
0.006611789335341506
0.006517156454624219
0.007542385186020337
0.007569577018073644
0.0075088445571711016
0.008093244391784542
0.00808872990338937
0.008050314646225607
0.008319127694591434
0.008149282248701813
0.008073157896561661
0.007986836481249223
0.007673661384447856
0.0075886820785936795
0.007868644829971584
0.0078892750524877
0.00784526204905898
0.007781823944084038
0.007635987247496858
0.0075621681185402126
0.007227549268282023
0.006054781530262218
0.005960149745866133
0.005908928126273729
0.006052126410808843
0.006160024310374871
0.0061132227438605805
0.006038537226285216
0.005699659214107534
0.0056318388805476245
0.005584859358107988
0.005523490552150185
0.005362882626609595
0.005285060075914743
0.005238026714832485
0.005213203220839871
0.005198158635254451
0.005154879567271569
0.005368315626092392
0.00534470416217422
0.0053359875060698956
0.005293572648199569
0.00525973523761998
0.005211843670468183
0.005342921996860918
0.005300488312786915
0.005211792510553183
0.005190596812248204
0.005176556674759779
0.005169117905391055
0.005188139173667883
0.005163728687745923
0.005136617306733553
0.005103070946461235
0.005056276474357408
0.005067368422169244
0.004991775269278878
0.00495147008217773
0.004918808696521942
0.004852316746707149
0.004842070832900294
0.004813655371596248
0.004821423002277391
0.004773109184115779
0.00445411695132247
0.004419121498358441
0.004378678177645211
0.004342654890062712
0.004338384665780009
0.004357824992540479
0.004335985477644442
0.004146660439277788
0.004114597673499392
0.004065306585461436
0.004080976411503364
0.004042595469315231
0.004013728603662077
0.003980313519270189
0.004209114901730614
0.0041150296611149025
0.004148911882657564
0.004340150781223581
0.004308621196304662
0.00434961113850351
0.004378262250142401
0.004454810625247781
0.00453149028569287
0.004496474629253685
0.004451611724559316
0.004474090582268069
0.00444886406185106
0.004435707980848249
0.004354489172884118
0.0043298615786452116
0.004300922564211576
0.004277321674196767
0.004034085318885955
0.004077894109413627
0.004128429914704888
0.004057964887945038
0.0040358032530639345
0.004027368956402909
0.0040130427277891645
0.004031091896271638
0.0039936071552801895
0.00398336250849146
0.003983700077289985
0.003965916914659411
0.003968128574919212
0.003926737605228404
0.00392901751108946
0.0038807738479414607
0.003851336158561785
0.0040591539512574186
0.004049886407782743
0.0037220145286195674
0.0037281010255731982
0.0036614263182552054
0.0037766174355056146
0.003731188028732786
0.003706617468747144
0.0036986334211067118
0.003682052526920846
0.0036360646211165905
0.0037406906596707873
0.003722358057857492
0.0037049136532294525
0.003689200276195414
0.003675200139158613
0.0036897361575278886
0.0036399568317503476
0.0036347465413324185
0.003610510866670614
0.0036189210452273715
0.0034851342808392854
0.003474744825646105
0.0036601783764014535
0.003632139151516143
0.003616660917390952
0.003586235451680679
0.003567836538828954
0.0035536674804461667
0.003525138807548469
0.0034486909933364755
0.0034714606150689224
0.0034518086971895025
0.003429149211794182
0.003352200983302997
0.003194775383928876
0.003181111815527923
0.0031748403501438197
0.003167839712732209
0.0031712528397400963
0.0031233691987469234
0.0030953476001360104
0.0030772724959483057
0.00282409168727942
0.002807293988584646
0.002794847118817151
0.0027678614950183648
0.002784094635144551
0.0027222206025094326
0.0027127944798511364
0.0026839712459570545
0.002646382467988802
0.0026841513759184956
0.002716731788741264
0.002683012411941214
0.002670465462286326
0.002666703925957546
0.00266723301967283
0.002650764516798016
0.0026256572451632907
0.002643844970495389
0.002638985655933478
0.0026253517373697847
0.002456151345207643
0.0024695815307149193
0.0024554485924727864
0.0024865134514906774
0.002514329016341044
0.0024963064830672023
0.0024853648008834875
0.0026295922154898213
0.0032148416531425066
0.003201561585368697
0.003240142994755666
0.0032301011442194367
0.003183969126207783
0.003150639143286478
0.0031308720772427
0.003167467066318784
0.003148376612600518
0.0031038805441244563
0.003097244905897323
0.0031000221972741814
0.0030727430563153727
0.0030428194369211702
0.002990742476384971
0.0029738969820675637
0.0030060453447301617
0.0029931242538293805
0.0029780288986123705
0.002967821048148036
0.0029538248271946737
0.0029177806536608833
0.002905947351898646
0.002900498040397783
0.0028693700640572578
0.002370410601786357
0.002370975207917294
0.002353931732098832
0.0023408765996480196
0.002324288518644203
0.002326615717182271
0.002308612399642227
0.0023015488917848153
0.0023927841813356156
0.002361901210237186
0.002349003552808426
0.0023514024397334617
0.0022659318485632345
0.0021564207571481823
0.002146554622981203
0.0021326219314361998
0.0021198107322561548
0.0021127386553718877
0.002080735920397225
0.00207993469388138
0.002076435983805199
0.0020866585463155656
0.0020841688975909395
0.0020733900167804855
0.002064794604458645
0.0020592119832015293
0.0020839635809440328
0.002079900479265352
0.00209084402059745
0.0019831848487937833
0.002305978416130805
0.0023031160369374965
0.002279741389038116
0.002292440070242587
0.0022945495062608712
0.002331120080367856
0.0023290403901228256
0.0023212315857583043
0.0023144790267330285
0.0023123064510352695
0.0023477714499609563
0.0023365828574885813
0.002702012927463545
0.0026986041817057926
0.0026833611969422906
0.002674859918865917
0.002811594901625841
0.0028031677567506236
0.0028010996695273364
0.002790461510009768
0.0027928334095046145
0.0027834829029456847
0.0027664976552322106
0.0026949807142307523
0.0027065971902328436
0.0027044837072111817
0.0026985962958646892
0.002690222739032741
0.0026845993422300604
0.002678766317484673
0.0026591323971525654
0.00265214056982085
0.002645720128379451
0.0026345349191463207
0.00257551339917432
0.0025672357823192005
0.002556712481351235
0.0025266335770587935
0.002521977693380572
0.0025395178746827137
0.002602910006964396
0.0026034877461325492
0.002597889236200356
0.002674546187764087
0.0026671768802425592
0.002649781955975174
0.002634687235654887
0.0026309727065099413
0.002624306354444352
0.0026212150709894054
0.0026123935579732286
0.0026043863288901918
0.002625620166719903
0.0026230078273594285
0.0027384912161679763
0.0027333375789855437
0.0027150886582849357
0.0027171266995947114
0.002710093130610734
0.002748154380788523
0.002708165410709663
0.0027048445122394077
0.0026955744996620453
0.002685536746751202
0.0026769466358548015
0.0028615211920906707
0.0028483070801150067
0.0028428124730842507
0.0028535278143525153
0.0028573546548967916
0.002910367250062032
0.003005555744302555
0.00308962927581869
0.0030716940018276793
0.003064909354432848
0.0030563674908078084
0.003076347637323077
0.0030735141470479886
0.0030669831233595046
0.003067029178083006
0.003156205712630576
0.0031685304392904297
0.003162965425541518
0.003155627842253292
0.003175335667842248
0.0032747162765001106
0.003249391895478766
0.0032334483770855085
0.0032287931348245237
0.00328766916590083
0.003277445738432908
0.003271491806860726
0.003286837650314742
0.0034830321071778725
0.0034704784232898796
0.003465148946747109
0.0034526893547835494
0.0034668949155299534
0.003465994509541401
0.003460225788108299
0.003465560909633689
0.0035163750414419588
0.0036669709428889087
0.003649460546787085
0.003647501830201826
0.0036423782462591467
0.0036321338565141474
0.00362086520474841
0.00361072248196471
0.0035899405388795085
0.0035673880305145057
0.003598886837545947
0.003611824468362742
0.0035992620697349147
0.003593838303348552
0.003711586917655831
0.0036880901643429704
0.0036794249714325717
0.0036667352777739223
0.0036569735852022296
0.0037275751721591917
0.003716586183739194
0.0037111703800333873
0.003703377057591216
0.003714371710045839
0.0037271379059801673
0.0037298438777890455
0.0037511946286521995
0.0037131477783081683
0.0037067086254464645
0.003680527666818323
0.003678243952440987
0.0036754155093467284
0.00366589600585325
0.0036290581029853842
0.003612085503108855
0.0036058440504065296
0.003599581389811598
0.0035888777641861274
0.0036151362661101132
0.00360295111717967
0.0035607037066346403
0.003557499226844173
0.003511477863313926
0.003504879100574333
0.00350294829888877
0.0035163731253187113
0.0035122179591595432
0.0034988175480597803
0.003495487701277285
0.003459385147583942
0.0034455217821310747
0.003438399190275756
0.003444338155524233
0.003434804805202965
0.003430923684032263
0.003426910235584922
0.0034224356777929938
0.003418958975736918
0.0034186092980811964
0.003409288221357915
0.003407372206811009
0.0034296395601164215
0.003419159288708251
0.003414812302926826
0.0034078647123296337
0.0033961591733107825
0.00341523062632484
0.0033999179153042817
0.003403140631617397
0.0033949328435708523
0.003391270002994695
0.003458235360646797
0.0034531000807072887
0.003462881053714166
0.003456591498238845
0.003458236847090657
0.0034531252731058388
0.003460226096590266
0.003454346598179596
0.0034560715076633764
0.003433158570598349
0.0034233079133862746
0.0034232150596204356
0.0034156036453055535
0.0034035635154817017
0.0034029471182438994
0.0033779523524252618
0.003363892172788596
0.003355246047399312
0.003345774673035187
0.003337893483781088
0.003327949956102477
0.0033259202624408
0.003119000751362684
0.003120786189951306
0.0031293528298014187
0.003121748414416175
0.003123913102143658
0.0031243733967031228
0.0031083132727114647
0.003095078060049697
0.0031012462405747327
0.003101892522517076
0.0031210884117172074
0.0031186691561329322
0.003111961020113082
0.003124826021105693
0.00311533105094097
0.003113772534707649
0.00310435965513381
0.0030885479659385332
0.0030751511923618633
0.0030639174090182747
0.003036010950243946
0.003056442611332538
0.0030506545137163697
0.0030396284202888505
0.0030368109460107346
0.003274633843987071
0.0032595592940455943
0.0032540566628204764
0.0032477408919625436
0.0032431465692354636
0.0032637304892072323
0.0032497708935319476
0.003206623889828157
0.0031993619917903495
0.003194853994621405
0.003185322719151673
0.0031837152585681224
0.0031746000743315115
0.0031709788800138284
0.0031613529369248195
0.003152540923124065
0.0031558494982409264
0.0031655547522082463
0.0031534537069316487
0.0031279841145790276
0.003119191887617321
0.0030798798963410272
0.0030833349271356465
0.0030738542456229647
0.003086423134543892
0.0031438371190109825
0.003136529728589277
0.003124713792697414
0.0031202944730349923
0.0031041238020458775
0.0030822239029765016
0.0030811080233685557
0.003114689163945042
0.0030956843478081443
0.0030842360174125243
0.0030809773064723015
0.0030748635830051955
0.003068058001078668
0.0030645963689444806
0.0030733731247281513
0.0030754266361257714
0.003074009187170907
0.003062197483352218
0.00307127678946825
0.0030537790455058425
0.0030396065672355565
0.0030432943236261686
0.0030461129009099384
0.003043038487958752
0.0030482358812913327
0.003051428265210059
0.003048850806021926
0.003049913167074899
0.00305306227332312
0.00304503201041866
0.0030389004098150445
0.0030306034847385963
0.003024404194088593
0.0030134844348906507
0.0029996547252783344
0.002993192692377763
0.0030014393778891343
0.0029957741321144705
0.0029919459525780505
0.0029877312078970936
0.002977598752413932
0.0029702966764636476
0.002976875001647078
0.0029961327810707015
0.0029909925937698562
0.0029851060380120856
0.002987910916084158
0.002982416161608277
0.002978555074709089
0.0029710257978781108
0.0029663483737031554
0.002964490222585404
0.0029626154139223764
0.00296039398749219
0.0029563749899501404
0.002952789423525212
0.0029307637242659054
0.0029277350146624374
0.0029265401016664873
0.0029237600558464157
0.0029304606852400025
0.0029232148087411543
0.002896786091221124
0.0029081886778531208
0.002934257037838628
0.0029244197521649824
0.002920876240773975
0.0029401079461676962
0.0029533729746373492
0.002946822914146173
0.00294206584614214
0.0029363894681451765
0.002924214089765128
0.0029192734835106655
0.002926961423108414
0.002908469380888647
0.002877303894255005
0.002874013970080781
0.0028717540785091456
0.0028669709854240574
0.002868388315100185
0.0028629235817669266
0.0028461663109965183
0.0028299239678455427
0.0028877457714832854
0.002883036157494141
0.002876234397805336
0.0028845057996710025
0.002877304792052221
0.0028782485942836656
0.0028522148314763865
0.002847637322976877
0.002846687489587701
0.0028243225813600415
0.002821467799264711
0.0028105522080969546
0.002803570523738624
0.002816866989223502
0.002814694022673366
0.0028127166895520763
0.0028050985069151724
0.002802816792982145
0.0027994367346268058
0.0028024499530070195
0.0028064075052737086
0.0027981486116744163
0.0027881057691069187
0.0027790451687769355
0.002763497919986871
0.002755825175256031
0.0027537636317406435
0.0027466068981239333
0.00274241538520697
0.0027357221364563062
0.002738230257753974
0.0027330247988243852
0.0027376633379147196
0.002739652410964479
0.0027389409512940275
0.002767047414438696
0.0027607204471750825
0.002758670362030271
0.002754585837989423
0.002756855351410283
0.00314674634400704
0.0031443544347032615
0.0031374028852451607
0.0031389398303075765
0.003129844749933115
0.0031302500220541417
0.0031347318537438312
0.00310363969325244
0.0030940421067234725
0.0030874175621918827
0.0030833680993123465
0.003077162100928364
0.003044376827957844
0.003036719573845516
0.003069500189803348
0.003062992843747428
0.003067752220297216
0.003062983388230663
0.0030577208866660404
0.0030582508347165717
0.0030557066721119772
0.0030535446638124616
0.0030479311110515103
0.003041568142021357
0.00303672946772164
0.0030346707366053667
0.0030312638638121266
0.0030229137644656205
0.0030175929656149733
0.0030151359380202994
0.003007893912448641
0.0029988932858483566
0.002977015973151189
0.0029592327377819926
0.0029537482771565715
0.002956846693109419
0.0029507834924845213
0.0029403347699537468
0.0029364800139572004
0.0029331695440256095
0.0029287918144107364
0.0029264823577371066
0.002989822379774483
0.0029841924125051625
0.002984228458660172
0.0029838282229010314
0.002980443141625849
0.002941298835611191
0.002930507418404135
0.002926647014660415
0.002919453711538299
0.0029125471306197773
0.002901650138599563
0.002940844851544006
0.002910984597203578
0.0029048833423280665
0.002902088685591464
0.0029236163846002032
0.0029100643974595912
0.0029068211866485317
0.002898780826911514
0.0029052373238043694
0.002899186282325329
0.002896320167333181
0.0028932906786489658
0.002881566891220343
0.002854654982118826
0.0028514720678393312
0.0028476065408419007
0.002843304002817116
0.0029178343619837765
0.0029026080989726396
0.0029014705446920364
0.0028982116651026634
0.0028982876623433553
0.0028728236980293176
0.0028691414361069353
0.0028624792195676633
0.0028590384593419555
0.002858030527628422
0.0028523446646975936
0.0028474826567319107
0.0028990407753701477
0.0028986826747426824
0.0029034272850488505
0.0029035629523881438
0.002897836345397307
0.002892774695663978
0.0028926875514742544
0.002898633234850543
0.002890207578836069
0.0028900773066181376
0.002837671351113919
0.002848705201430409
0.002841436541473869
0.002838815028285602
0.0028409528206870894
0.003436282308032391
0.0034162856732366
0.0034105563870086017
0.0034065362867744236
0.003394642368569419
0.0033866910999417314
0.0033828648571633097
0.003362032451462717
0.0033863107069466306
0.003391767029926697
0.003388710979747252
0.0033958552180420234
0.0033937788450752356
0.003374852940111727
0.0033713237983247248
0.0033708463472859407
0.0033673795614352713
0.0033616483245502223
0.0033585077195823084
0.0033525531023286584
0.0033504641472704476
0.0033395014078178016
0.0033385980024420872
0.003332081570253663
0.0033254540609516906
0.00331909291797735
0.003312502501260193
0.0032819582400758964
0.003271816532124886
0.0034091866968857572
0.0034087904596039136
0.003404767803312778
0.0034068791321549795
0.003408654048193223
0.0033978737947478166
0.0033916807917162765
0.0033786659306711533
0.0033754822600391902
0.003371622777221429
0.003368156939228121
0.003381292309436982
0.0033852391795801073
0.0033787424518034325
0.0033822641035683044
0.003408640624975732
0.003405535452533579
0.0034071697765047557
0.003404060750933696
0.0033954328047258687
0.003375676547357167
0.003319452024857041
0.0033127883984023485
0.0032919729247994738
0.0032879759466613156
0.0032824602393989764
0.0032768841950983965
0.0032853526748946125
0.0033742797874882972
0.003370439123323423
0.0033637295704800167
0.0033672350302163855
0.0033628626328555487
0.003354943896270134
0.003345747005014751
0.0033418630059794765
0.0033367556359269737
0.0033358960570619364
0.003310474170644415
0.003311187085348719
0.003293719883287227
0.00328674217290224
0.003284255455304549
0.00328116497569795
0.0032742980877889147
0.0032610413094738577
0.0032559718275421545
0.0032501694658238055
0.003248429268496349
0.0032474225551225315
0.003257364517588032
0.0032689125515777072
0.0032660132935720715
0.0032633582792888
0.0032524647193074457
0.003245464428156993
0.003217588526147796
0.0032133869674461153
0.003231766612021161
0.003237664137593713
0.0032334660293930947
0.0032299620264426925
0.003228746430693129
0.0032306929354184435
0.003232456811111582
0.003224612301791135
0.0032221312606159065
0.003212506386559519
0.003216704976407461
0.003212045813368605
0.003101447676676059
0.0030991251265489834
0.0030912038528599175
0.0030724988353088333
0.003064071144218684
0.0030566594167127942
0.0030581891740324193
0.00305740071963262
0.0030498988206123685
0.003048898635896798
0.0030452549083149556
0.0030431684023319947
0.0030464257771333023
0.003044021552598519
0.003051365081994071
0.0030441462343120222
0.0030403325479922048
0.0030381336571878264
0.003032589027668561
0.0029260801688323172
0.0029263866380965313
0.0029014435904588056
0.0028968024969556884
0.0028937436690669375
0.002895986139874021
0.0029043774228561187
0.002898230126198232
0.0028896129463470595
0.00288449235851204
0.0028813865484507138
0.0028774277419678124
0.0029958451977958197
0.002971854471260291
0.002971973883027514
0.002967569087567215
0.00296592391460889
0.002958575988834971
0.0029585958058742866
0.0029453513678433323
0.0029537513358798375
0.0029126259344361694
0.002906777537469959
0.002911930743571046
0.0029143949858627467
0.002912037595507088
0.0029135620660685952
0.0029166678409460614
0.0029120397265462446
0.0029063804927760358
0.0029003340660277523
0.0029056631650636764
0.0029145161499735056
0.0029250968668014603
0.0029190314556292534
0.0029074122730304397
0.0028884442446026285
0.002873062682105287
0.002874375726844935
0.0028810606573666155
0.002879010586580469
0.002877992273013013
0.00287340655181656
0.0028706400092097305
0.002847552943966874
0.002847080714787136
0.0028435319896051225
0.002836506189057322
0.002838161707741498
0.002858184374283159
0.0028558185303804605
0.0028530416282300645
0.0028540046627585267
0.002849697117995479
0.0028465451178443625
0.002811623391034794
0.0028190039302829384
0.0028144033823240496
0.0028145250797357627
0.002820254341150529
0.0028169795873229033
0.0028129603419689707
0.0028027126955503154
0.0028015767322131027
0.0028081353324500903
0.0028089159892949016
0.002797032852328863
0.0027916820875878707
0.0027846725665800678
0.0027813829851831917
0.0027884655226626427
0.0027901057101039134
0.002783359282712101
0.002768978159300098
0.0027662718287217924
0.0027622312918313616
0.0027559503092768967
0.0027733217633331797
0.002771856904019394
0.0027679559308931125
0.0027700883487827227
0.002767242768112935
0.002762269427512917
0.0027670435897227974
0.0027635886841022935
0.0027548288747417274
0.0027518201684940554
0.002751199493195225
0.0027442405053458236
0.0027418349584122856
0.0027375747026794806
0.0027166908530360384
0.0027174866784481088
0.002680949494883903
0.0026800741941808456
0.0026608003422937455
0.0026685001941324973
0.0026653051343846143
0.0026658931680918828
0.002659069666346891
0.002648878420303902
0.0026497914674959086
0.0026480599823987096
0.0026609537767308166
0.0026674470671706916
0.0026925607738769513
0.0026758144787042285
0.002674004751698804
0.0026727040144745875
0.002671544177109265
0.0026699132753584534
0.002668565731697624
0.002677697794770946
0.002690974696093632
0.00270442990844706
0.0027027801413650747
0.0026853804650381254
0.0026846019248814613
0.002687612704622222
0.002675058444996406
0.0026781042222582306
0.0026802718842303644
0.002676015862628991
0.002671574640787771
0.0026604109150066913
0.0026544464719332667
0.0026784211419080663
0.00268423355901781
0.002682404277397945
0.0026772059863820275
0.0026757640772792396
0.0026748176344824712
0.00265534370156213
0.002652221414067645
0.002647926022641568
0.0026462263909414344
0.0026395664311282215
0.0026271796680648555
0.0026345251417657077
0.0026378357145432213
0.0026362054454619277
0.0026336097670868292
0.002633088342564552
0.0026346203457408624
0.0026281019214753967
0.0026302964763592843
0.0026400230715176625
0.0026396894486772995
0.002667945001155491
0.0026649232514339145
0.0026624235988449256
0.002656220996210971
0.0026529606210298354
0.00266026711735321
0.0026591541255635174
0.0026499095184597133
0.0026492647069892503
0.002649041530362294
0.0026459180415138012
0.0026435035868254933
0.0026410043543741574
0.002637468708853493
0.002638018584951906
0.0024281011134299393
0.0024515072355113013
0.002467724874789424
0.002452878318704356
0.0024508441379231523
0.002449516645936903
0.0024420888958730223
0.00244163012972411
0.002443895416327195
0.0024412150366581024
0.002438203769890822
0.002451173149483973
0.0024481050217194777
0.0024470675780609613
0.0024472751747148095
0.0024461628840698104
0.002443356953570728
0.002442529760943514
0.0024140558187081655
0.002419617417580811
0.0024210684199462936
0.002419425446592573
0.0024194588979934146
0.0024163964595339408
0.002420174898846386
0.0024189323475716454
0.0024168451138283135
0.0024018718717964084
0.0024046300304372097
0.002402974907232178
0.0024044802067633765
0.0024031774233090955
0.0024017796642640684
0.002391814654776413
0.002373265876412512
0.0023710544875690156
0.002366681748894829
0.0023662803022329185
0.0023632675055091147
0.002363545909806907
0.002359407401760435
0.002365618046543901
0.0023660785200296454
0.00236676392323435
0.0023663081973942
0.002362503890629036
0.0023614820949403883
0.0023592794969536667
0.0023577509161756566
0.002356626835530355
0.002354484703504858
0.002350153107791904
0.0023391496289892977
0.0023348260959039327
0.0023319284094489696
0.0023347044380926793
0.0023312542724148217
0.00234413444593357
0.0023485079744836224
0.002346590040260776
0.0023446782346793127
0.0023419386581799272
0.0023588326558766103
0.002357103498830163
0.0023689510980555812
0.002355812751786688
0.0023541506222643904
0.002352493088995404
0.00236841769590663
0.0023655048033740887
0.0023640817041003094
0.0023617765841056457
0.002358555630755363
0.002354707092429077
0.002353335399086726
0.002354110026109812
0.002352426029787375
0.002350656419910647
0.0023461176493273345
0.002344770675438098
0.002341587386005505
0.0023397582620424224
0.002342690937049086
0.002342559811849932
0.002340684121360354
0.0023141278636667306
0.002311066772252103
0.0023575661891764733
0.002357129692831446
0.0023530885070864177
0.002350731961748308
0.0023476982348187786
0.0023455306662580355
0.002344194685134715
0.002342743623126012
0.002340909804150297
0.0023870936775219407
0.00237922376566018
0.0023773712481386013
0.002242881548264823
0.0022409823278504194
0.0022385588247028467
0.0022391357840586532
0.002236841372405756
0.0022348551392575126
0.0022308109833486267
0.0022252297192742365
0.002224478942225496
0.0022536200031976913
0.0022500466205118237
0.002248460091854769
0.002244551270850744
0.0022536420554639712
0.0022523623637753713
0.002233868288861226
0.0022348042897972304
0.0022329922725255946
0.0022618688197646127
0.0022589917535173667
0.002250160460799654
0.0022486083039284913
0.0022515161455267723
0.002249606970697748
0.0022475227776838943
0.002244657538449549
0.0022392148306308477
0.0022496877810099236
0.0022661147766533636
0.002263088452794968
0.0022629826983569783
0.0022715118857560474
0.0022614247901332003
0.0022557186346300784
0.002254332318770678
0.0022509159753175212
0.002248365710161938
0.002239462065212023
0.002239214881282632
0.0022213860269819064
0.0022196243187543574
0.0022103054503850167
0.002208856462485681
0.0022187277824579636
0.0022162999217578525
0.0022162991595116935
0.0022523037555096234
0.0022485297149976713
0.0022467287601137336
0.0022499580285201665
0.0022495932467133596
0.002261143102614439
0.00225544482050022
0.0022543971148308462
0.002251641325213241
0.0022617807894593465
0.002267841144123623
0.0022647602488108784
0.0022614613857888277
0.0022568881305503187
0.002262339403633366
0.002258881002568959
0.0022586803521271125
0.0022716698239314765
0.0022713113324950907
0.002283155392357603
0.002280554977081988
0.0022780228626371616
0.0022767094567324423
0.002275090268792034
0.0022776820549669083
0.0022611350268369784
0.002259565569539837
0.002253922047245462
0.0022515578011933868
0.002250986112223196
0.0022489294667871595
0.0022468995893778028
0.002251079475343017
0.002256666878039725
0.002247136978397966
0.002246105737147499
0.002245128522886722
0.00224829735514902
0.0022460409460637308
0.002241668649276102
0.0022404202958408166
0.0022400983706827565
0.0022364161347768036
0.0022323288304835045
0.0022341124236973753
0.002232124299912534
0.0022263773806161687
0.002225458839079208
0.00222397522299818
0.002226241489379574
0.0022251900282540087
0.002221658112999921
0.0022160075250046217
0.002214888130266904
0.0022120964270321134
0.0022079160082963405
0.0022116637923156584
0.0022099947037530327
0.002209665098890848
0.0021955817053525596
0.002193742666125539
0.0021899248050469933
0.0021884254818413267
0.002189904603529845
0.002189572462148624
0.0021894307907304135
0.002189735357458383
0.0021880793458564926
0.0021879489586418134
0.0021922585666407255
0.0021887162124110894
0.002186736291611182
0.002200211121550748
0.002197971945925399
0.0021962046346791905
0.002197477395556287
0.002197889299583649
0.0021957311179013955
0.002195682865276293
0.002195114175595267
0.002197327057174224
0.002196093838692559
0.0021922063384838446
0.0021895573638687042
0.002185681244060254
0.0021848277053372125
0.0021913620947287553
0.0021875336295437233
0.0021891283056379093
0.002190515967191269
0.002191272604136337
0.00218789063121451
0.002181559402210066
0.002164861443119845
0.002164788250575751
0.0021649500247566188
0.0021624448256316016
0.0021612338465755213
0.002190200972621197
0.002187137767227819
0.0021865717163818445
0.002183917986421118
0.0021840558336827668
0.002191472120465803
0.0021905752369784817
0.0021912777949141082
0.0021873041759996846
0.002185967424772688
0.0021880459022263297
0.0021880210657895843
0.00218404689866934
0.002181794023257022
0.0021802863676531766
0.0021567443174168137
0.002154277385961154
0.0021496847382064515
0.0021616456270252583
0.0021591965436068353
0.002157704390696168
0.002156445410728168
0.002160643983605139
0.0021568663845053103
0.0021580350926448544
0.002153904729948677
0.0021525927904359247
0.002151513735568586
0.0021510410394842286
0.0021399190092913248
0.0021403258393296602
0.00213861608499346
0.0021398298155917146
0.0021387943782328125
0.002147079785395845
0.0021471533129894136
0.002146267275017099
0.0021460900808621605
0.0021461537001059646
0.0021443466408085543
0.002140738809548839
0.0021421204710796718
0.002142050628574202
0.0021392929928275187
0.0021218214917035003
0.00211912892925313
0.0021126288870170346
0.0021096094471364153
0.002112416547890247
0.0021140139135211395
0.0021119009114795315
0.0021393339159898775
0.0022063833593947237
0.002203619435602957
0.0022010368900438407
0.002204101777402647
0.0021991568926006673
0.002194752376604966
0.0021954597986123606
0.0021852950438430697
0.002183922098144429
0.0021889577343855754
0.0021904824500116773
0.0021888621227820824
0.0021867825865660687
0.002189321944161896
0.002187443941093432
0.0021873450473501197
0.0021882487655773843
0.0021859022898853006
0.0021824249094745175
0.0021800951734150956
0.002179319367068021
0.0021806918066867727
0.0021834597866569284
0.0021844805872685167
0.0021961661528618645
0.0021957206626712533
0.002197923210139264
0.0021957530916038694
0.002207354692115923
0.0022011706573602974
0.0021992902052500977
0.002198258769235431
0.0021978677637389914
0.0021972064684884205
0.0021945574516819017
0.00219316903911008
0.0021931332315150197
0.0021996325156947126
0.00219787492378319
0.0021939206041406657
0.002198992754245561
0.002194579907723954
0.0021919402932283174
0.0021900090887187586
0.002183268373403023
0.0021817585978520272
0.002179774023013101
0.002156486500963631
0.0021569154647899484
0.002154634887742923
0.0022241805150232906
0.0022237388330447138
0.0022233299427915614
0.0022149413216965234
0.002213167574635034
0.0022109171321978496
0.0021996908529273787
0.0022047600673792238
0.002203589198259918
0.002194139369829921
0.0022006538592114055
0.002198764890226293
0.0021950148876258863
0.002228804314076012
0.002224819709076737
0.0022218835404652316
0.0022247219424441113
0.002224589812529825
0.002222690444933582
0.002219705325250938
0.002220399776095032
0.002221413006657748
0.002218499077274315
0.0022390800179443392
0.0022387920654278444
0.002239145715359948
0.002240170579944923
0.0022382317429384345
0.0022264101996629843
0.002235193784892066
0.002228215075880482
0.0022372730208427855
0.0022358035721766205
0.0022441793843134914
0.0022486555249508536
0.002251675563478427
0.0022354039929615866
0.002232435181527171
0.0022306618795352915
0.0022293149934719436
0.002237842256602536
0.0022356686335540375
0.002237715112951273
0.0022351607930449335
0.002232278105516462
0.002231528005154513
0.002228713315214189
0.0022304267927612032
0.002229217648004576
0.0022269251240039766
0.002221655274168124
0.0022215928212265226
0.0022213401501980723
0.002216405463870902
0.0022158323020132664
0.0022353363797090603
0.0022502001961033084
0.0022497931825377054
0.00224857123020361
0.0022448985418349015
0.002234034198369329
0.002231887960680672
0.002228455887042112
0.002251634832151832
0.0022471217336202543
0.002245990575140399
0.002242543771490676
0.002222875966571503
0.002233181449251429
0.002235871226164092
0.002237585278355437
0.002239588063323793
0.002236666277174528
0.002240770288015884
0.0022395414923006654
0.0022405736189862278
0.002229911154843954
0.002230651006187838
0.002229912440127812
0.0022273607750495413
0.00222386003608047
0.0022308904601297985
0.0022785450297549336
0.002277347128942009
0.0022759734794030877
0.0022744670839822093
0.002271354444229213
0.0022702888936874874
0.002265311532422876
0.0022544530176510833
0.002252710903127704
0.0022506646514982892
0.002249431276450812
0.0022481497803157695
0.0022465279545250075
0.0022487687628805933
0.0022468212844991603
0.0022455709905406076
0.0022437996789484303
0.002242957489758801
0.0022427122641608187
0.002242328734837123
0.0022457278891050317
0.002233790717612603
0.0022325408082775073
0.0022258178166947645
0.002227516539713019
0.0022253458615949244
0.0022225077241132232
0.002218772784262509
0.002214391909793705
0.002200763191283975
0.0022108920963025505
0.0022100271718741554
0.0021864048420799794
0.0021852177719055258
0.002182430179720743
0.0021879733550455565
0.0021873868257598884
0.0021865249631997574
0.0021866139049317775
0.002185577838821669
0.0021809922615044484
0.002179669876483842
0.0022200137503414962
0.0022193821373459196
0.0022180344226936594
0.002223806490507092
0.0022226990483484766
0.0022224187477679815
0.002220399027317197
0.002225019223233217
0.002223779613527262
0.0022198728941561843
0.0022180962764529553
0.0022191061727225275
0.002216490381339934
0.002221709662576123
0.002222867211078323
0.002220350052754875
0.0022210455176068285
0.0022197414349151593
0.0022263148997539134
0.002223757786269251
0.0022262551203929507
0.002225633235311462
0.0022250263611941845
0.0022242191404349323
0.002223741647517796
0.002224022461552956
0.002223445432242331
0.00221718947673638
0.0022164344360753097
0.0022151673244826444
0.0022138323148528775
0.0022155772883811838
0.002214994960745212
0.0022134443247319594
0.002209612969873333
0.002208378256622506
0.0022039475730265905
0.0022018578529160128
0.002201131039675251
0.0021998575287836574
0.0021969491874739735
0.0022054165716859572
0.002203556864256335
0.0022022932545601825
0.002199065535705952
0.0022067321437102107
0.0022044044563240437
0.002205592302269379
0.0022073664368115462
0.0022058987683124245
0.002251238416717804
0.0022527478808610103
0.0022402036776043863
0.002239082064688802
0.0022375777234990815
0.002238668297656029
0.0022375792438333324
0.0022346497569783732
0.002232305903099663
0.002300623523195012
0.0022988630584929097
0.0022957900677478193
0.002286279336162856
0.002284149542277017
0.0022804825437415725
0.0022789158482220554
0.0022781535324428942
0.0022760606840304554
0.0022761064568727267
0.0022820513145877224
0.002279824956846902
0.002274090835823012
0.0022780014043756805
0.002276472032525506
0.0022704758293531973
0.002271151774244281
0.0022697237876447016
0.0022676369573292965
0.0022657365939677304
0.0022646273723366216
0.0022618231647671106
0.0022630838743685805
0.002264648536005431
0.002266482317463438
0.0022688277215172636
0.002264891432578906
0.0022523288594740523
0.0022511990357847117
0.00225593134003747
0.0022602116825703473
0.0022599046237833215
0.0022560215622018536
0.002253658664639598
0.002246657689165014
0.0022372051326697757
0.0022356047988384697
0.0022405690711871395
0.002240397798060987
0.0022460199687329456
0.0022457485811899886
0.0022449631114756785
0.002227986439767417
0.0022391936260425177
0.0022381005516337424
0.0022364368343488292
0.0022392782677394495
0.002238504099593976
0.0022654342120751016
0.0022649245540665233
0.0022642203809701156
0.00226090823416087
0.0022554237091764774
0.00225418481095358
0.002253154013075698
0.002251420436339777
0.002250183808446922
0.0022466905996482277
0.0022491358602483172
0.002248309941998412
0.0022474175279713383
0.0022430686538432183
0.002240790639600267
0.0022418335645567077
0.0022427346889344274
0.0022393343811774463
0.0022389400623621394
0.0022378817847330617
0.0022206096678886794
0.002218943152606196
0.0022569828849463938
0.0022555680097910372
0.0022536366785729915
0.002251685170429226
0.002250746645981426
0.0022492227777160404
0.002248426865501925
0.0022438136794097475
0.002244209963681796
0.0022414804901301315
0.002240738100424114
0.002236728686031831
0.0022342290174187478
0.002231136356604083
0.0022291226149942617
0.002227595999455948
0.0022263238107895628
0.0022241126354090868
0.002223491096363096
0.002221525448916683
0.0022225669490678413
0.0022228646089206823
0.0022376794560808977
0.002234983268074441
0.002234257681682522
0.0022351843835201513
0.002234511840546762
0.002230050313598976
0.0022281735575572755
0.0022281650927681172
0.002227367098743837
0.002226902789315456
0.0022322824553205633
0.0022335024779603445
0.0022322952059244438
0.002231552539893007
0.002229791265353714
0.0022258272816725842
0.0022233972432934633
0.00222218885912038
0.0022347831995010777
0.0022347857523122346
0.002233986703398407
0.0022224657224870557
0.002233257591684932
0.002227589743466642
0.0022256862304458054
0.002224616712427843
0.002231972610379164
0.002230350450591261
0.0022292458502860277
0.0022726114715477196
0.002270809347667987
0.0022700602031129336
0.0022736744122052992
0.002278888800686733
0.002292369392726781
0.0022870769613742197
0.0022825981797229187
0.0022933619552232692
0.002292105838139877
0.002291873146583238
0.0022900976623690754
0.002286936667566579
0.00230120063345869
0.002300388629499674
0.0022989026974534056
0.0022931350353884573
0.0022612153478922545
0.0022602609309689938
0.0022556985359829876
0.0022564154085477654
0.0022579744925510527
0.002255931632636654
0.002257783113666191
0.0022565902830301078
0.002257472255516215
0.0022561314340779487
0.00225637003804646
0.002257783114229396
0.0022574006964431017
0.002256169514984995
0.0022533165519527548
0.0022510089505397863
0.00224854653167096
0.0022475307091629586
0.002247528185287778
0.002243779716791786
0.0022504310033237543
0.002245614570064445
0.0022471115135111784
0.0022423148243898732
0.002230322842861428
0.002230047105337134
0.0022287756695842233
0.0022305202669924223
0.0022299482665342836
0.0022289239435896173
0.0022288056899607374
0.0022274115423908266
0.0022276497969118277
0.00222695023314921
0.0022260123245535497
0.002226157385827456
0.0022251888882902603
0.0022245140406871996
0.0022278423216015417
0.0022187697825991307
0.002223385840269499
0.0022216981355313754
0.0022203685210998186
0.002218826960242486
0.0022171645727654143
0.002214429916994182
0.0022143853672323324
0.0022096426615540316
0.002190964463521095
0.0021916378813996128
0.002191009062593368
0.002188523900200234
0.002188009981216158
0.002190241379938029
0.0021907026238397785
0.0021892933673942744
0.002187881100096518
0.002186603763433476
0.00219117112182085
0.002190165162310548
0.002188789253712712
0.0021878897193921914
0.0021867244659280866
0.002184448254916434
0.002182095659325095
0.0021811075351092922
0.0021838156572481326
0.0022099496957287174
0.002218630828889129
0.00221681143603976
0.002216336263488533
0.0022144536752002502
0.002216332279981897
0.0022119789165769873
0.002205602642814276
0.002204515006689148
0.002202978843450866
0.0021951137439750286
0.002194791941470817
0.002195521972007399
0.0021935060156058673
0.002193191365078493
0.0021924411986285995
0.002199930167934497
0.0021969264604335555
0.0021957970350854608
0.0021965340153282664
0.0021899136641462293
0.002188636244554776
0.002191887550531941
0.0021902441469932826
0.0021819407713085256
0.002178623181266021
0.0021765957693564604
0.0021755935200567177
0.0021717472484730498
0.0021673869465337055
0.002168343019139445
0.0021656231332561494
0.002162535694749323
0.002163520917734566
0.0021628632607447584
0.0021657271824901806
0.0021696682830640427
0.002167519947676829
0.0021627696769557555
0.002162650532605708
0.0021611174510637807
0.002176260393452659
0.0021756908665145087
0.0022114100078910485
0.0022096423491953583
0.0022084179454108753
0.0022053393723131813
0.0022029967095289473
0.002201350711482512
0.00219639680227817
0.0021959067549895683
0.0021606148997052642
0.0021600348462829312
0.002158600209093082
0.0021596179044868612
0.002158792341607171
0.002157259578883998
0.0021550531527650832
0.0021542087315159714
0.0021524972741593785
0.0021514669482510383
0.002151000948683515
0.002149902689803523
0.002147292890523898
0.0021367136597831566
0.0021477460013273044
0.0021473347539221043
0.002142477965711586
0.002139479449599509
0.002124789171164093
0.0021201238249546647
0.0021187331159670674
0.002121901957076652
0.0021207997543157557
0.0021186547281729588
0.0021213385741357224
0.0021202504910364443
0.0021185377463620917
0.0021179497140501255
0.002117060288786239
0.002115615746722735
0.0020752746570439394
0.0020715139771355666
0.002068280042799809
0.0020698369562393154
0.002064234777949143
0.00206319524115432
0.0020587647912886082
0.002058643935171113
0.0020569166904588487
0.002074843091314109
0.002073086707991784
0.002071819330621557
0.002070157846053792
0.0020735268059874114
0.002060694995974641
0.0020596328018417293
0.0020563003082310987
0.0020551553029923915
0.0020516992462838676
0.0020508537671051386
0.002057361162091623
0.002025539892221931
0.0020230392366353345
0.0020215247945176
0.0020250402292231145
0.0020228554747642033
0.002024537186961852
0.0020239214183430366
0.002022096487069459
0.002027082536794149
0.002028285491874842
0.002022589420849673
0.0020167313740749827
0.0020155172396999045
0.002015601102219084
0.0020127878716543193
0.002010907448656375
0.0020097707609891503
0.0020085531470554184
0.002009584332910784
0.002009791824307382
0.002009248165343254
0.0020094058129354483
0.002006838465307232
0.002010394873321421
0.00200778409960737
0.002007077027406956
0.0020062492774330265
0.002005225543439026
0.002005433698982839
0.002003943791684778
0.002007112370603812
0.0020064626660928233
0.0020842842438837804
0.0020830869965111406
0.0020790532063914026
0.002079197299301808
0.00207757618707938
0.00207700791987283
0.0020773193681273526
0.002076545027731769
0.002075145529421293
0.0020769472544586724
0.002075425219261394
0.002070851358406687
0.002070218294545204
0.0020677326493362823
0.002064738420976288
0.002062896038328302
0.0020606966182100737
0.0020594717113347266
0.0020569729662056565
0.002051756727577554
0.0020511977020638305
0.002044756180904789
0.002045603477907522
0.00204238603875964
0.002042642818231755
0.0020427846181647856
0.0020399316342356436
0.0020362012679366083
0.002037831788930883
0.0020514283923044304
0.002061607542238508
0.0020588209479244926
0.0020576306967247655
0.0020580359142801457
0.0020573542544617186
0.00206571443184761
0.002056779765726354
0.002055816883654009
0.002058321158836558
0.002058130671860713
0.002068061364482534
0.0020669851986445877
0.0020660406816343175
0.002064368994055036
0.002064492127407244
0.0020647728789930362
0.0020381595367995435
0.00203596837934157
0.002039683342851806
0.0020391476722706717
0.0020339780880818644
0.0020325541494093696
0.0020321105988448337
0.0020286391823102537
0.0020353241138573596
0.0020400230306597865
0.002042843616198088
0.0020427244246850615
0.0020387057770889666
0.0020261047971122225
0.0020227045702829677
0.002020242152109865
0.0020191625790011124
0.002033870109662346
0.002033349520327827
0.002037892455545366
0.0020361796685221933
0.0020348909927601086
0.002033445892109802
0.002031269724447481
0.002030836190753472
0.002036374991358124
0.002064882507479052
0.002064979774245329
0.0020632752348801408
0.0020639438435845485
0.002076655657980831
0.002075567743218188
0.0020747132539050426
0.00207413654150338
0.002072643165045797
0.002074795958848818
0.002073446575318386
0.0020714826187529295
0.0020622373061393437
0.002060937293111816
0.0020603829701614186
0.002060776255398749
0.0020567584396120747
0.0020571060340236545
0.002056102641748763
0.002055493568887597
0.0020547421358746583
0.0020535956080772765
0.0020518045808764524
0.0020510321236103025
0.00205043417692337
0.002049465381357256
0.0020493214269663414
0.002029828645917827
0.002028719876682925
0.0020266370526726522
0.0020240920714615722
0.0020244085122487405
0.0020240837783456274
0.002020769484820588
0.0020268204874522937
0.0020277521765911166
0.002027371557493536
0.0020275044003511
0.0020236064670914092
0.0020218621895802405
0.0020188934565967434
0.0020215549798221558
0.002028119981191749
0.002036531723515381
0.002042154167000213
0.0020420916659991107
0.002041059147877979
0.002035917641145195
0.0020347056051948113
0.0020353247061928284
0.002034404554561787
0.002033349723079013
0.0020307707944271646
0.002029519211810392
0.0020285150985054853
0.002027218890297187
0.0020042917236211357
0.002006792283580415
0.002010341972800541
0.0020096783170202425
0.002007127736966874
0.002005798012566971
0.002004128467182159
0.0020024268103398623
0.0020039975680622244
0.002001567587843392
0.0020015298996282262
0.0020051350861143287
0.00200543583193394
0.0020051136790099353
0.0020009866986083545
0.0020005816876869495
0.001999223211616423
0.001999869888805631
0.002000818307218062
0.0020003959412385787
0.0019937347367355745
0.0019928027620419804
0.0019908449219272584
0.0019901939212199887
0.001991905638602035
0.001991352456267437
0.002002083759853584
0.002000855951830769
0.0019988626309156844
0.001993852345431552
0.001992714267822516
0.001991422353771009
0.001989519125595539
0.0019874678315828804
0.001986357990616329
0.0019868171831545077
0.001986614446030243
0.0019861372394731507
0.0019850401546220135
0.0019839371779282956
0.0019830838720349834
0.0019784993688588878
0.0019779202168075543
0.001976356485626402
0.0019779196464012544
0.0019719054175367915
0.001972718309737423
0.001970483831101176
0.0019675800142990507
0.001965851470768307
0.0019630975284819475
0.0019655857146487726
0.00196538255738531
0.0019628978673080708
0.0019613999082354104
0.0019604132137380575
0.0019493564490470723
0.0019470580374040694
0.0019350029963901324
0.0019373623652774962
0.0019366916772334886
0.0019365071410771938
0.0019321931208619002
0.0019329449830878494
0.0019297082372429115
0.0019288485898500164
0.0019185311281474048
0.0019211867663304542
0.0019198811908326741
0.0019185741426381165
0.0019204147427029537
0.0019309172079629514
0.001930590907445418
0.0019288328668449308
0.0019271417770792038
0.001925593003607034
0.001926853050603239
0.0019257296053891528
0.001925695102499212
0.001923332390535827
0.0019222402199272975
0.0019109114448230197
0.0018984004428106264
0.0018961073818133773
0.00189451152170106
0.001891997536631182
0.0018904528031250798
0.0018960709012322066
0.0018808866559465523
0.0018798270137228513
0.0018762870531925451
0.0018756777732595153
0.0018822290382084985
0.0018815007849376038
0.0018806188823977641
0.0018778101726393505
0.001877488516641908
0.0018650311606221185
0.0018715584289874282
0.0018659224272806756
0.001864762292249112
0.0018642233228340715
0.0018642610531959581
0.0018660519163497535
0.0018666856931215754
0.0018803826531481086
0.0018827050637224055
0.0018829524816391624
0.001881872882857447
0.0018807865761870067
0.0018780820118990968
0.0018775787720232027
0.001877687002555883
0.0018767951323559677
0.0018755889850380035
0.0018694839628430025
0.0018684883272935071
0.001864961384878101
0.001864130082763248
0.0018630638856495152
0.001861856002210882
0.0018633444803153975
0.0018617201295114422
0.0018571578227695041
0.0018564647663775928
0.0018557587958347448
0.0018493492768049764
0.0018498074025036656
0.001848690176360536
0.0018495326830158367
0.001849219811495956
0.001846080987440347
0.0018442742103110072
0.0018448282557900334
0.0018434929914042171
0.0018425911032627228
0.0018399408488426164
0.0018406309556018175
0.0018401859800635104
0.0018393631115358542
0.0018314752883119316
0.0018304824121466636
0.0018313707399946067
0.0018306579738730955
0.0018567238156781743
0.0018560209128959694
0.0018593503672859524
0.0018577690909889616
0.0018437216670810583
0.0018479414418895565
0.0018466657398205817
0.001849075039978775
0.0018485241337092514
0.0018479994691561394
0.0018470060036681855
0.001843932224250757
0.001842977292943815
0.0018423570146151968
0.0018422677986969574
0.00184679276656383
0.001845797703272573
0.0018460226724388638
0.0018453282468519512
0.0018479263506286775
0.0018476528666171012
0.0018539998634575262
0.0018532687647959917
0.0018515657484999852
0.0018529655797103566
0.0018520510063833148
0.0018511939564174668
0.0018636663938597074
0.0018629789127468362
0.0018624658922118756
0.0018611215698473701
0.001859707161871777
0.001858440314535102
0.0018574017881446932
0.0018544334036871006
0.0018518375632910358
0.0018513161377861566
0.0018489347791520246
0.0018479339273017466
0.0018439988422590862
0.0018446351282975385
0.0018439065876374825
0.0018428909622929407
0.0018508555710138284
0.001856015820532403
0.0018520552557763977
0.001851750548368062
0.0018510688398313227
0.0018503798057510614
0.0018502707941173587
0.0018520878292498594
0.0018504375922728073
0.0018493539351355714
0.0018487092496689895
0.0018490464583245918
0.0018498199324587107
0.0018399960540666166
0.0018392043875961603
0.0018343588727645877
0.0018477197502216167
0.0018577620601447514
0.001858431295329912
0.0018554311173378836
0.001854218214228948
0.001850988357231068
0.0018512827352300469
0.0018497409049264325
0.0018500653826133322
0.001845295443526077
0.0018397071085724747
0.00183659788304023
0.0018329871296389325
0.0018323849475090016
0.001832010315735272
0.0018312602267444745
0.0018282377238889387
0.0018354484451984898
0.0018313130833564
0.0018321710889415684
0.0018290731371095282
0.0018281577589331
0.0018281873977852412
0.001820180063786649
0.0018189435502991593
0.001820307958567524
0.0018193408342649451
0.0018056989816379232
0.0018049745614203939
0.0018049658390050618
0.0018045197021904322
0.0018034149015001162
0.0018010826838114377
0.0018005507456986163
0.0018055499598667783
0.0018044972896487236
0.0018035913739853234
0.0018002403858852318
0.0018014980743950339
0.001801411635809432
0.0018021199775442739
0.0018019872171500134
0.0017964773248976313
0.0017955623073630926
0.0017879747024542754
0.0017865922028347306
0.0017841870111436394
0.0017830308418080604
0.0017852117453295152
0.0017848686587223358
0.0017857282535684313
0.0017856971421460572
0.0017846693470181135
0.0017776448087706773
0.0017755873272411826
0.0017776270304312135
0.0017870883692722894
0.0017871617890614872
0.0017846706158367793
0.0017829116029408887
0.0017823637158718864
0.0017805164223976663
0.001779798330568186
0.0017787843746703894
0.0017795055183842468
0.0017793097726101618
0.0017786001270148467
0.0017767891180565415
0.001772571148991675
0.001771725412153616
0.0017695453992642395
0.001767645979507685
0.001765828752055242
0.0017638655915158824
0.0017632649763877515
0.0017619306631991116
0.0017609828796200653
0.0017593827350298496
0.001758743498417154
0.0017575418719877236
0.0017565188613567725
0.0017556412415519287
0.0017540398800737697
0.001753027710547045
0.0017534960116401769
0.0017549334402594445
0.0017545652920531265
0.0017543031763237787
0.0017530495448034853
0.0017541583654310873
0.00175197084628925
0.0017530474996415527
0.001752316732956696
0.001744074400707685
0.001739850203983402
0.0017390545066154706
0.0017253702320872157
0.0017328571630623579
0.0017315486999738485
0.0017312740162154791
0.0017313642394939821
0.001730380673800567
0.0017286846269282733
0.0017280506140282602
0.0017281212745924733
0.0017271285321849967
0.001737761211891137
0.0017368680112292828
0.0017353610030493264
0.0017344396803634845
0.0017361578149945745
0.0017352051634733968
0.0017344046821183168
0.0017398281325472279
0.0017373964458762547
0.0017349790857986741
0.0017338223975356215
0.0017327604873119656
0.0017324520162416918
0.001732960205338861
0.0017382397215072853
0.0017378959146421488
0.0017353297159296876
0.0017345200284076797
0.001734266691190789
0.001726073741105609
0.0017281199755350678
0.0017264055574240612
0.0017259390827753195
0.0017253640943166316
0.0017247452521490035
0.0017278461921698973
0.0017318378014758934
0.001731518239326841
0.001731470316102037
0.0017305413523478414
0.0017393340276620022
0.0017386391572850187
0.001741861134362659
0.001736906176498392
0.001735711741487369
0.0017326312127985439
0.0017315266921991669
0.0017418341062953265
0.0017411415615670583
0.001741247662862986
0.0017412084331981778
0.001740042264056092
0.001739764627727451
0.0017388262197372785
0.0017381736437644482
0.0017369744916782273
0.0017404427384304397
0.0017393673860913162
0.0017411741748564744
0.0017409782484837436
0.001731193067052235
0.0017300669007458173
0.0017280864992089355
0.001728902965569815
0.0017268344812138112
0.00172703134596004
0.0017263501107580923
0.001726959102698581
0.0017258325312620964
0.0017237664487015144
0.0017231692010341616
0.001723185653292565
0.0017215475405698458
0.0017202428355997989
0.0017389642541164063
0.0017385405040607194
0.0017374566132080868
0.0017362026703191889
0.0017346239282790951
0.001734692725710926
0.001732181212309313
0.0017297223817160088
0.0017293319910048996
0.0017308358033037497
0.001727309425135767
0.00172629208185356
0.001726909018932063
0.0017247950574009999
0.0017213734249458522
0.0017198946403723014
0.0017204111228318988
0.0017197933400001052
0.0017192435329446635
0.001717328044778257
0.00170345139968777
0.0017013643944950297
0.0017008966266194513
0.001686667557402793
0.0016856781009002974
0.0016849690829868606
0.0016834690520101739
0.0016842058220081408
0.0016843778534298458
0.0016838208890749557
0.0016857295271186727
0.0016848603921921213
0.0016864845375287
0.0016890579907033996
0.0016902997908767646
0.0016882075236355147
0.0016854362625592807
0.0016846527223049101
0.0016873930290473185
0.001695777103491996
0.001694003502931786
0.0016923946887653428
0.0016924428587069417
0.0016910792194035865
0.001690313547943306
0.0016894289619629316
0.0016860274555059865
0.0016700935331380488
0.001660398132148414
0.0016615390489553078
0.0016617642749370686
0.0016814928616776061
0.0016812029236293266
0.0016805440946636317
0.0016792633729894452
0.001678849896028827
0.0016792324500489776
0.001679719710856577
0.0016933095603850028
0.0016927934804331281
0.001692671065732163
0.0016966570097144771
0.00169720715613773
0.001696286368123439
0.0016963248447443224
0.0016944216111590385
0.0016937980692672064
0.0016924051077470263
0.0016916646985961471
0.0016457322529571663
0.0016468777472689153
0.0016814565471676207
0.0016804063112889698
0.001677080694279691
0.0016773317424104467
0.0016805453904876985
0.001679664337807218
0.0016772422675055709
0.001678447447166173
0.0016770243663145128
0.0016763628453987248
0.0016755943952161793
0.0016758069405476267
0.0016751266845595148
0.0016688020834913662
0.0016663763252124462
0.0016655815262573716
0.0016710246758365442
0.0016702856814469335
0.0016694839544249803
0.0016773697079792158
0.001696978949168501
0.001692864997532581
0.0016924605630342627
0.0016913203592202426
0.0016950379732474275
0.0016942555769186886
0.0016931739915054258
0.0016922509679081171
0.001695505943755665
0.0016935950171404312
0.0016977617768755653
0.0016852314383458543
0.0016851783252775628
0.001683108719360484
0.0016823624097298913
0.0016812588081881667
0.0016809571948170454
0.0016799263406376917
0.0016790426834431182
0.001678741289159578
0.001678036126425114
0.0016812377327304721
0.0016806516979931678
0.0016802900470107725
0.0016692063782588592
0.0016726100204542092
0.0016704279975006447
0.0016547040664363698
0.0016539886429001224
0.0016529738710422668
0.0016523275973233612
0.0016470950183222653
0.0016476381033980216
0.0016469245832371065
0.0016449220295591245
0.0016434912365434558
0.001642774860782567
0.001642382621395173
0.001640613042701984
0.0016401525038150099
0.0016386278705877928
0.001637797696466947
0.0016387489521499194
0.0016490163337633378
0.0016441125502023508
0.001643415812661725
0.0016418355432309564
0.0016332722109121784
0.001632753356985336
0.001632780581327533
0.0016318961957250942
0.001629118403589407
0.0016247437653554842
0.0016247171987330033
0.00162511610203327
0.0016223439349544288
0.0016231607073711426
0.0016244489240585512
0.0016233354204044437
0.0016226044778794421
0.0016200673441881055
0.0016195514611269544
0.001618737509784709
0.001618561426185065
0.0016181157387547842
0.0016162000199162788
0.0016146415573090444
0.001596304425110565
0.0015957095193101863
0.0015822234861968848
0.0015821460783149348
0.0015823031976774584
0.0015824086038223363
0.0015783265963893224
0.001577508664887011
0.0015771797965956178
0.0015776310220558636
0.0015760721854119117
0.00157558218175769
0.0015757198062266288
0.0015752320385668608
0.00157498921719707
0.0015787140671511607
0.0015774275218530813
0.0015798795246346107
0.0015809929400061337
0.0015814179664049176
0.0015845527425791242
0.0015834651599014554
0.0015843351823924612
0.0015839108458855211
0.0015852847540644538
0.0015836046087099151
0.0017462719031617212
0.0017453621984655978
0.0017348680897588192
0.0017343553222951397
0.0017369413943812224
0.0017377875010751425
0.0017370176529565653
0.0017360757076939032
0.0017341720591676514
0.0017335827740556301
0.0017313926682063323
0.0017302176105706709
0.0017301412908726952
0.0017271411927019154
0.001726559415010999
0.0017263093639202781
0.0017287124424596614
0.0017248045527668528
0.0017245127234448623
0.0017250221325792567
0.0017245039865791257
0.0017268715337578717
0.0017260400519720311
0.0017293423894947462
0.0017286388946246944
0.001724971427598586
0.001723899499245386
0.0017230423633187001
0.0017233265375642217
0.0017348707834664156
0.001735346605292855
0.0017348304401127465
0.001734463906911888
0.001733639173149064
0.0017335373349480336
0.0017353059159753938
0.0017340280929413917
0.0017311235170427088
0.001730538173192228
0.0017305335846580917
0.0017263527728687371
0.0017254889073168337
0.00172456281150711
0.0017203762866961389
0.0017200048063782756
0.0017230744539622244
0.0017231433412241584
0.001722045419322781
0.0017272856422697828
0.0017268096130326532
0.0017268052155060241
0.0017299937632427938
0.0017311097202874948
0.0017237458016469626
0.001722712182462355
0.001722982480813456
0.0017231770476950428
0.0017351971709604517
0.0017195296987948343
0.0017191435155186022
0.001719065041904099
0.0017192555544995065
0.0017181705927490508
0.0017162249728942874
0.001714727450556447
0.0017141266331453422
0.0017172352392433407
0.0017097315606410869
0.0017093241664918111
0.0017091567729054763
0.0017059155050088732
0.0017059668873992513
0.001703998938693505
0.0016967844281026516
0.0016987767779827973
0.0016995623118601481
0.001699737466893222
0.0016972066186785486
0.001697287710222892
0.0016982782523150208
0.0016971830021296644
0.0016964335127560236
0.0016961220337568725
0.0016944800565357073
0.0016993801342270766
0.0016983170766354254
0.0017004112644983878
0.0016989913616323763
0.001698501225245205
0.0017077894518923407
0.0017063615232830007
0.00170565222407043
0.0017050591402702829
0.001705712043940111
0.0017055100792793014
0.0017026452833887606
0.0017020122035583843
0.0017013751834938852
0.001692997663486253
0.0016931240557774903
0.0016927525210900876
0.0016941174890891867
0.001693554173065568
0.0016934762405939115
0.0016917082619266465
0.0016917181620570586
0.0016969534186852815
0.001697930409510425
0.0016973122656836735
0.0016970303288519953
0.0016960003163419555
0.0016983823475822642
0.0016976042627531338
0.0016971911410001398
0.00169653067346853
0.0016967769775733557
0.0016959019013621393
0.0017011900523655906
0.0017017759603915174
0.0017011191394256042
0.001699888939084922
0.0016982725968606503
0.001698157375220553
0.0016983906291826636
0.00169832674829947
0.0017012368069099014
0.001700215060162808
0.001699422952412632
0.001699466479463925
0.001699049624147187
0.0016983681562740733
0.0016985094141343023
0.0016972741839413074
0.0016959580595653865
0.0016959423726727373
0.0016961503048441573
0.0016951940915181899
0.001694827299961077
0.0016947122360453958
0.0016935864685997312
0.001693630850122562
0.0016985319971542603
0.0016980103608097825
0.001699604014564052
0.0016991013564867322
0.0016983591169058515
0.0016984786451460343
0.0016989984976404306
0.0016987042614589952
0.0016969740454847353
0.0016945522787012086
0.0016943982578076285
0.001694160393919427
0.0016931926983575795
0.0016922097047821626
0.0016905080406635193
0.0016854598876718475
0.0016849141870798967
0.001678332848899406
0.001679163092331287
0.0016809402030811126
0.001681506035684927
0.0016808523165511378
0.001677426855929474
0.0016766685505117244
0.0016753692345697158
0.0016745316210011207
0.0016757740991057463
0.0016752446071340687
0.0016738377029955063
0.0016749553374384477
0.0016761490168621608
0.0016731295485443657
0.001677906770475379
0.0016774982778272006
0.0016785665143237878
0.0016772226037157709
0.0016771050804046635
0.0016768687454952313
0.0016743468330439049
0.0016813815046520203
0.00168099582935426
0.0016801167693957534
0.0016809335350804133
0.00168080567570277
0.001681137107051673
0.0016777698309896809
0.001677706152552775
0.001680637818892264
0.0016747977646425275
0.0016740488786396038
0.001672372649084751
0.0016675185059955295
0.0016673635932723573
0.0016667139680799103
0.0016577464058439692
0.0016566793151773455
0.00165355352545265
0.0016517161648567234
0.001653409697355874
0.0016489431679686502
0.0016490297983927783
0.0016512927844111514
0.0016500508773369736
0.001649393442100685
0.0016491444698430947
0.0016538821406999746
0.0016527108497890084
0.001651461986008231
0.0016449337330786647
0.0016451306937287683
0.0016465562107240265
0.0016458032359524118
0.0016453374020758606
0.0016457126198355613
0.0016464758448722467
0.0016434896647567249
0.0016425958044712437
0.0016422984602398752
0.0016419624180436948
0.001638311472502874
0.0016375531422997028
0.0016388417390448265
0.0016075574695940818
0.0016066923841555932
0.0016057551113714975
0.0016062846121723152
0.0016060840338726077
0.0016058723867265845
0.0015998040060748757
0.0016001542747185562
0.0015999031634069331
0.0015994578697035914
0.0015986766299057713
0.0015978665960133239
0.0015972271514282847
0.0015964799808981518
0.001596322835225772
0.001595198951956833
0.0016042657225606403
0.001603872693203871
0.0016030601031371211
0.0016016173223917887
0.0016013073080618939
0.0016012659322777612
0.0016005448899360619
0.0015928153629157962
0.0015932194932375987
0.00159275407239321
0.0015925646995239675
0.0015901758976904345
0.001592893698852015
0.0015916862616250618
0.0015886129390270366
0.0015880354117806922
0.001588228681017428
0.0016334697846611052
0.001630627542574639
0.0016218192899906743
0.0016154917263752641
0.0016143020124437413
0.001613175208944081
0.0016118301258384938
0.0016113711761230939
0.0016106569038237984
0.0016084809376821203
0.0016057172156924988
0.0016077187407276838
0.0016073322964965998
0.0016081357948339087
0.001607694955608083
0.0016064103107746887
0.0016059425412661501
0.0016026017091022755
0.0016010539114959081
0.001595173005726015
0.0015917889487383782
0.0015913381268301845
0.0015882890328571177
0.001587909256584681
0.0015874951542163126
0.001582720513528769
0.0015832006660823565
0.0015831092114453763
0.0015844484923575243
0.0015835192844704951
0.0015835827284476423
0.0015830975563777246
0.001582609509514438
0.001582521382105702
0.0015805998170374657
0.0015793091772268399
0.0015784164918098361
0.0015768582953520865
0.001576585924255674
0.001576758944096192
0.0015677131033592054
0.0015668431105684952
0.001565447514415785
0.0015651085036903565
0.00156791435010758
0.0015673835599742095
0.0015672731424280606
0.001564308957940315
0.001564646775896305
0.0015641835721031355
0.00156402775424131
0.001563808826908887
0.001563788375306848
0.0015634185497404966
0.0015624146608550226
0.0015617779812485153
0.001554656049119366
0.001554479400717982
0.001556393181063509
0.001555494173002827
0.0015559543300399552
0.0015498474920383962
0.0015488725224359668
0.0015485408533507064
0.001548005589706189
0.001547308212204313
0.001546044785430063
0.0015471558608936985
0.0015460428581075471
0.0015459032559204614
0.0015445983162466564
0.001544247742872898
0.0015430826932920853
0.0015452389006187627
0.0015382567139793628
0.0015386137341561275
0.0015385896628628062
0.0015309708989847154
0.001537510991481586
0.0015372512929420355
0.0015366083925038745
0.0015352709180075509
0.0015356722019862611
0.0015353089829465245
0.0015379223275764
0.0015426492067271156
0.0015450353251628523
0.0015436748180865819
0.0015435281406601844
0.001552753204544972
0.001550238975815808
0.0015497489421053324
0.001551421349592992
0.0015505243772868486
0.0015497642378232799
0.001548025634066346
0.0015483968916027305
0.0015697568736368543
0.0015696894235621933
0.0015696112796703733
0.001569223444870303
0.0015687145635908909
0.0015681157431759276
0.0015649438843557647
0.0015644968740660037
0.0015639888010600378
0.0015727236297078835
0.0015722650434938483
0.0015733454785312418
0.0015718312910413081
0.0015720603277502906
0.0015713432461842288
0.0015666094482453697
0.0015874254512679513
0.0015870655543235076
0.0015805515574579077
0.0015828525189926902
0.0015830482831692045
0.0015823976451887264
0.001577456653253142
0.0015762494643342894
0.0015756504226243227
0.0015760224657440057
0.001574126687420386
0.001573465284516659
0.0015744892444425514
0.0015645313061482646
0.00156452219646132
0.0015643749443552443
0.0015641945042791324
0.001566999866862009
0.0015649256433921455
0.0015652218343584514
0.0015651485430897896
0.001565497746335582
0.0015603840787973512
0.001555666016415384
0.0015550239590749776
0.0015548847884654525
0.0015547233537230682
0.0015543091791275442
0.0015529238197674899
0.0015534878451932564
0.0015529283826768035
0.001551974245086426
0.0015474871985575376
0.0015492709551452155
0.0015491421192093693
0.0015537493717745563
0.0015520535987679322
0.0015516195659903893
0.0015542886109896053
0.0015540233780490412
0.0015521981040611903
0.0015535794879545767
0.0015520074118985938
0.0015533589017709152
0.0015534062354570694
0.0015505052974427779
0.0015493368167785698
0.001551730499187252
0.001551842096802135
0.001551337687580878
0.001551426058783277
0.0015519633931151415
0.0015525794643786507
0.0015487647292013863
0.0015450288759971621
0.001545396499364047
0.001543010457411865
0.0015424695884007225
0.0015418661168322566
0.0015408522090332951
0.0015409834011118812
0.001540569230198079
0.0015404431396297722
0.00153980477868647
0.001538959969237524
0.0015390851995047618
0.0015380114864656073
0.0015369979029427518
0.0015365812509422368
0.001535590623103324
0.0015342970884294857
0.0015339162303111737
0.0015332816906172217
0.0015354406077503927
0.0015344467877001678
0.0015248956329005302
0.00152351438328162
0.0015222414088844312
0.001522620926557981
0.0015207472946112681
0.0015199614185561327
0.0015147942373880813
0.0015142815451665962
0.0015128016648025715
0.001512340724409095
0.001506862429112606
0.001501723969551809
0.0015008108606371934
0.0015024350995305868
0.0014934658317172582
0.0014928972286440845
0.0014918184062822793
0.0014901152796527144
0.001487440910805029
0.0014871986865945463
0.0014873390683173644
0.0014873509918904276
0.0014868065808956675
0.0014854489316014508
0.0014851439330526176
0.001483690868622304
0.0014833297323344377
0.0014825052802570368
0.0014826212402081133
0.0014816333233539222
0.0014800638526762074
0.0014774360353853688
0.0014809461223515969
0.001479449397040611
0.0014792696124114925
0.0014769914134037455
0.0014765145331024426
0.0014769333716706792
0.0014780024288073737
0.0014803751904679545
0.0014802353861175829
0.0014803899302897859
0.0014789498894179829
0.0014783979856837618
0.0014779811002382827
0.0014871666563688862
0.0014844714541616532
0.0014990873001716593
0.0014987416393365486
0.001514776762825852
0.0015144506388580236
0.0015135973506340123
0.0015128350071748743
0.0015127169277482527
0.001533466508596054
0.0015358701605179225
0.0015433876323330017
0.0015428060510102233
0.0015421380740411328
0.001541902225412
0.001540665223876552
0.0015375509114579618
0.0015387597443480147
0.001540134439115313
0.0015394322421885685
0.0015429170913821612
0.0015426155566666314
0.0015422252677867502
0.0015422361334213805
0.001529760080350675
0.0015188915675407458
0.0015186491612168742
0.0015181440747917417
0.0015178382472653697
0.0015163527873398655
0.0015160292992678066
0.0015153866545016578
0.0015120234973691874
0.0015125571476953003
0.0015134318901596155
0.0015126944261785182
0.0015098537714136346
0.0015093953884530585
0.0015060834066053218
0.0015058413285827695
0.001503727612887724
0.001503616619887808
0.0015024942567544515
0.0014973884407216793
0.0014968449868661216
0.0014990453539544303
0.001498965330478708
0.0014971826405357556
0.0014974794712528886
0.0014968510561730966
0.0014969162916963312
0.001497620770114016
0.00149720625191967
0.001493625008353139
0.00148986937918397
0.0014901070565369124
0.001494468664866356
0.001542713721799719
0.0015420819581909715
0.0015412464705823784
0.001540640978376518
0.0015399304063775925
0.0015392918149800296
0.001540551453192906
0.0015401117954114423
0.001539767588845468
0.0015402143226675399
0.001538985762661836
0.0015367210896322552
0.001537930640946282
0.0015344789942927457
0.0015350958572756478
0.0015356501787914497
0.0015355195961727186
0.0015407566457610266
0.0015381913330212483
0.0015365576282966816
0.0015354455558235067
0.0015342113996481878
0.0015344002421557648
0.0015335418927481868
0.0015327218813474622
0.0015319852531319447
0.001530170925565325
0.0015328234879595697
0.001533034990355175
0.0015314840741589173
0.0015321656324798218
0.001530795911612658
0.0015295303041290937
0.0015288179894467169
0.0015289319830770179
0.0015282733398325223
0.001527563795661701
0.0015267722464932115
0.0015262240590960385
0.0015263561905285387
0.0015286949825040084
0.0015318977094995437
0.0015314169287495313
0.0015255171389030092
0.0015252728302451754
0.0015239081262531475
0.0015233466125855843
0.0015234065342300783
0.001520381101382855
0.0015190573944059698
0.0015200164604189164
0.0015201170259897144
0.001521482220061292
0.00152087276611954
0.0015203082764845698
0.0015226458345277253
0.0015218465696646777
0.0015222423957905573
0.0015224652273639217
0.001520974735085113
0.0015223907464673835
0.0015201918021202922
0.0015195014155465491
0.001523153502265241
0.0015231338277883176
0.0015241034192557859
0.0015227692546512144
0.001521908060619679
0.001522166347653233
0.001521485519795157
0.001521074946992864
0.0015198733940525937
0.0015189296808134506
0.0015180794638456538
0.0015223681062096067
0.0015224245412300318
0.0015229854170312844
0.0015199135535507824
0.0015187699373475684
0.0015177166512047036
0.0015169045952010453
0.0015164560568049171
0.0015162308434299315
0.0015161243067160705
0.001515776306770566
0.001514922963747129
0.0015148543402462237
0.0015160607108011483
0.0015154830723165934
0.0015155572846832957
0.0015142284144675441
0.001513378573909896
0.00151305069482287
0.0015123251089355328
0.0015112265634202194
0.0015109743646083275
0.0015106565114453075
0.00151028409221874
0.001509604365230331
0.001509426904824921
0.0015073000108169628
0.0015071206584393248
0.0015047783308886368
0.001504525865219915
0.0015034441163918355
0.001503383473013333
0.0015030618767764006
0.0015022760101650002
0.0015044685666171975
0.0015034331204404222
0.001502709783236685
0.0015023418097976807
0.0015022950020134912
0.0015031313585916165
0.0015009536052007497
0.0014988940083292643
0.0015002689439153432
0.0014995768766136802
0.001499208885994439
0.0015014546235132971
0.0015012624097063285
0.0015004219224710352
0.0015004226596435743
0.0015003142461983772
0.0015003124531739076
0.0014989122729493524
0.001499551313220877
0.0014995006463066932
0.001499017455670795
0.0015007331376539151
0.0014986984043348398
0.0014979547032351326
0.0014967772019237255
0.0014964977054231588
0.0014962921258520991
0.0014954639228421148
0.0014996773655117502
0.0014988026191767338
0.001496007222946997
0.0014952994049307823
0.001495367722401678
0.001494750012367258
0.001496975729500479
0.0014964295215910345
0.0014953334599937546
0.0014951515273724499
0.0014974932385602624
0.0015238810035039388
0.0015247003423511753
0.0015217799438488337
0.0015205629081548348
0.0015200537454126346
0.0015195889062777832
0.001521071657139345
0.0015211725506275925
0.0015177167131769447
0.001517748492863267
0.0015091585066529798
0.0015102029149567297
0.001515352548147574
0.0015149986940485034
0.0015147596165008463
0.00151388637998123
0.001513668958401055
0.0015127879930454762
0.0015121739730630575
0.0015114589823765317
0.001509619747252742
0.0015095382370355027
0.001509054995581323
0.00150904233192724
0.0015083617719974058
0.0015127639902999452
0.0015132301639499285
0.001512537548280404
0.0015124788156989388
0.0015119998953612276
0.0015137111202985247
0.0015131916796511451
0.0015126519413687222
0.0015177427275478463
0.001517060449640378
0.0015162296433994939
0.001513702666935047
0.0015113998781343993
0.0015117155940462146
0.001511036466360177
0.0015122477301476294
0.0015113976234005632
0.0015109526537467526
0.0015108736230960312
0.0015106355192415575
0.0015103143680097444
0.0015096422943792244
0.0015090108512810017
0.0015157104336678952
0.001515466535256266
0.0015150813460674852
0.0015148160987461785
0.0015141536212073532
0.001514204671559692
0.0015117626292915256
0.001512408602178804
0.0015119764982130678
0.0015113447469671194
0.001510698662855884
0.0015104749194350653
0.0015101445665775225
0.0015018844726013593
0.001504176326852968
0.0015039056794018998
0.0015031213040483389
0.0015027166087764037
0.0015056368223248635
0.0015050045543709603
0.0015045660708002547
0.0015058877511270297
0.0015061473289657657
0.0015073493082310378
0.0015343910305540582
0.001534342970098164
0.001534280972901307
0.0015343997775545178
0.0015345874865102902
0.0015339035370066452
0.001533511218196138
0.001533286977618209
0.0015320163604438685
0.0015295909048941958
0.0015295498289895303
0.0015294249512913677
0.0015292029679245993
0.0015298821863727798
0.0015295554870644404
0.0015292207018042688
0.0015291585761723102
0.0015290650448596542
0.0015290344057623726
0.0015288484592458965
0.0015287807913659246
0.001528358936328163
0.0015285238699771473
0.0015282863009708568
0.001526821823627858
0.0015266526738557432
0.0015261306395482309
0.0015286689315109556
0.001529292946692443
0.0015283877273182733
0.0015282384266803075
0.0015288445820591534
0.001527921819819675
0.0015246555850926989
0.0015273849206492627
0.001539740985492093
0.0015398966317079102
0.0015413374069852383
0.0015404370921170175
0.0015414829857076642
0.0015410517593699756
0.0015407871341346537
0.001540253570888549
0.0015403042131047601
0.0015398473050367582
0.0015392101291907953
0.0015389535440625151
0.0015367013402570002
0.00153261848938983
0.0015343702442021548
0.0015332564186136982
0.0015343464337344334
0.001534308372425418
0.0015303740843618547
0.0015297982369297523
0.001529000406068141
0.0015302200738475835
0.0015300132903916014
0.0015384284827840433
0.0015380729866425091
0.0015367496323265993
0.0015363203390241097
0.0015362307554460486
0.0015360839449734744
0.001538195636340942
0.0015374655577942886
0.0015365504638273212
0.0015376633640176963
0.0015371348582262072
0.0015370847255221642
0.0015371047369257538
0.0015348214155185512
0.0015359026456686876
0.001534358041399562
0.0015392017120978896
0.0015349226940737676
0.0015349888454352792
0.0015325421639027694
0.0015336908978376216
0.0015331844102090698
0.0015327180548143087
0.0015207507850254957
0.0015202102672803135
0.001519844464271454
0.0015197656864658915
0.0015213912084728384
0.0015204937525719752
0.001521502076425143
0.0015212738860216949
0.0015204611186082257
0.0015198812594454185
0.001518134291226436
0.0015174263540407421
0.0015167465272558007
0.0015158102133965062
0.001517533243628963
0.001516899931446596
0.0015176808387503383
0.001517231578417509
0.0015164388504263096
0.0015115559240737346
0.0015116726127432914
0.001511567498445758
0.0015096392819669814
0.0015109974495731721
0.0015042502365339963
0.001503742908283079
0.001503332501245235
0.0015025393635956384
0.0015018807629524457
0.001500193599945094
0.0014990017851747727
0.0014986069884184304
0.0014996383409080396
0.0014998989480520645
0.0015053541897068516
0.0015147127381065456
0.00151422270153756
0.0015137252068939005
0.0015126953907460662
0.0015091286270741506
0.001508805434438444
0.0015076738872256295
0.0015191813003070107
0.0015185610922431717
0.0015180770458133109
0.0015240055175615359
0.0015249649282657264
0.0015244751485140868
0.0015241181177201336
0.0015239106158922682
0.001522541975294596
0.001521963917552663
0.0015227562036665614
0.00152140525468065
0.0015233555697284384
0.0015229180448047784
0.0015198089182639756
0.0015185515639260076
0.0015188122820451338
0.0015113664324000514
0.001511009492159482
0.0015118955088713414
0.0015115904254374998
0.0015109828251779
0.001506836807802884
0.0015079914439241951
0.0015050430459286168
0.0015047440792345921
0.0015046798727437055
0.0015040512119118305
0.0015041951664681464
0.0015040071401498836
0.00150291506374806
0.0015015327561921775
0.0015013189602722597
0.0015009171023520945
0.0015009666631369285
0.0015001123588822517
0.0014991763610919025
0.0014987917735145686
0.0014983884301197673
0.0014978249078198842
0.0014962245475092226
0.001498795461010783
0.0014977058840992049
0.0014971785814548635
0.0014972323593522427
0.0014966839237815618
0.0014961000161422722
0.0015044785891436877
0.0014989666668416511
0.0014989284607165047
0.0014993742695043335
0.0014992944698040884
0.0014993162696405765
0.0014990571444294218
0.0014983941064892518
0.0014983806959888313
0.0014987139389668674
0.0014948620163324994
0.0014937895522226972
0.0014932184181779536
0.0014926106065543594
0.001491907906754432
0.0014912978878751442
0.001501700695447826
0.001503928470827258
0.0015034795757890409
0.001504299253288056
0.0015032636913118156
0.0015054528714944328
0.0015046407547616783
0.0015041385303429986
0.0015052129864655758
0.0015048211649497335
0.0015044267941588378
0.0015050726200535667
0.001503780032653587
0.0015035322832652972
0.001502803742838611
0.0015018397506414848
0.0015017710134854801
0.0015015742807689572
0.00150478789705956
0.0015040030765826019
0.0015047138025502177
0.0015039413051931186
0.0015034502317905704
0.0015057800685998996
0.0015052733268121085
0.0015046975856097826
0.0015041216991448312
0.0015026005229307122
0.0015026071094181813
0.0015022353336431944
0.001500799376495778
0.0015003758857686878
0.0014991807790692181
0.0014989971246132053
0.0014988801619660853
0.0014985032792668186
0.0014988046611922575
0.0014981851270153463
0.0014970624905123226
0.0014960451994281744
0.0014953347605837063
0.0014946740146480533
0.001494451391350769
0.0014913429762317008
0.0014917464409914996
0.001491574484563141
0.0014927875224342876
0.0014925094991957376
0.0014921746546542275
0.001491937496236069
0.0014912440741067282
0.0014903558185313933
0.0014898919504425846
0.0014918764146191568
0.00149096087274744
0.001490793646968127
0.001490495222437326
0.001491312825365024
0.0014909245556357408
0.0014867862332759005
0.0014856312382612218
0.0014846091623889513
0.0014857150854789654
0.0014808729497520277
0.001480218673439475
0.0014793032771230725
0.0014789556672149542
0.0014778643646382844
0.0014778609599236537
0.001476941831598161
0.0014776049112978674
0.0014772174971230364
0.001476124471018525
0.0014759727109306246
0.00147043874773081
0.0014874697674719813
0.0014876681203693295
0.00148737748907548
0.001487961859416731
0.0014876657060924558
0.0014868018085652556
0.0014863644982692442
0.0014889821302896114
0.0014972311903885779
0.0014967808519130606
0.001495319486433306
0.0014868390746332833
0.0014878017237608815
0.0014885509565903032
0.0014890711845519827
0.001487211741283704
0.0014817607527049068
0.0014814560570215038
0.0014816441419386482
0.001481477003048714
0.0014823654827940697
0.0014827221191904714
0.0014832997914192318
0.0014828787128417283
0.001482267483345217
0.001479992730221787
0.0014820949158853326
0.0014829201623946231
0.0014827738792008935
0.0014832225652282973
0.0014798072506931506
0.0014794739057393468
0.0014789610248406217
0.0014783168238984492
0.0014778119880445755
0.0014776264054985131
0.0014775668079459261
0.0014775497427193898
0.001477390338264303
0.001478181454164734
0.001477382442983979
0.0014762155906468046
0.0014791274103028707
0.0014787881059810848
0.0014596343760100335
0.001459923119708925
0.0014587677840946754
0.0015022620849530126
0.0015015559963048586
0.0015088477535717799
0.0015095258819278125
0.0015094162983269386
0.001510238382086643
0.001510618235506774
0.0015092387111734845
0.0015082158088037887
0.0015048955121206586
0.001520804882742334
0.0015124133882059789
0.001512194940063479
0.001511159555676644
0.0015326461793093867
0.0015270568996601315
0.001526160729829473
0.0015286607483988466
0.0015288085648645542
0.0015299318191683787
0.0015295805923433506
0.0015293149183100098
0.0015337759947979999
0.00153343404287488
0.001532564101208406
0.00153254837530624
0.0015272874328892958
0.0015262856478351406
0.0015267139382714723
0.0015258993402724927
0.0015245761513928277
0.0015236326128089668
0.001526732153041749
0.0015247012266537178
0.0015241209685586748
0.0015233964026803103
0.0015228811767341876
0.0015218593628690887
0.0015215975250986416
0.0015211400125645029
0.0015203877533432372
0.001520409605794032
0.0015025711708000372
0.0015022736001508103
0.0014911069735509192
0.001490565138617071
0.001491363705631637
0.001490667029970469
0.0014902041288564216
0.0014952518367273846
0.0014935044688825147
0.0014931796182774326
0.0014925886521651925
0.0014864755846133665
0.0014898567062595833
0.0014882145854822981
0.0014898198148535124
0.0014899501150586656
0.0014896352645479233
0.0014898705373173609
0.0014892482253048124
0.0014888624108239802
0.001486344299544155
0.0014856614907786483
0.0014852812985206173
0.001485597285429434
0.0014834582485341963
0.0014818422285825972
0.0014811990248774852
0.0014807815346279643
0.0014831057578621183
0.0014870711229164602
0.0014812528137963694
0.0014802815615474862
0.001490245948954512
0.0014898200917364203
0.00148911733966888
0.0014879423288017843
0.0014864483495597917
0.0014855640237609945
0.0014853488887627423
0.0014872636253542057
0.001484836102985767
0.0014843595807172768
0.0014839124280542873
0.0014842733984107184
0.0014829424296797043
0.001482457487560731
0.0014829394303668524
0.0014816655813811106
0.0014811407368746118
0.0014798423387221216
0.0014791399732802667
0.0014763593698497765
0.0014754615112299745
0.0014766655652801047
0.001475706910056102
0.0014732881422708166
0.0014721715882164
0.0014661509209688067
0.0014639792324625722
0.001462929435194126
0.0014620602590297265
0.0014622816388682603
0.001461348668608728
0.0014609457479160771
0.0014599174312516089
0.0014594749880364308
0.0014591244171465489
0.0014608104048584858
0.0014598686110453448
0.0014467600088097798
0.0014488714591687428
0.0014354121516040707
0.0014344758787124359
0.0014345186289315903
0.001434357603273951
0.0014338443153518806
0.001434019657064268
0.0014352412603545906
0.0014355073609200264
0.0014352464189939986
0.0014356523005743516
0.0014351649155289119
0.0014356519782632187
0.0014355265856826208
0.0014342462668512181
0.0014198621797125795
0.001419556416754997
0.001419222390821721
0.0014182062641401032
0.0014196362476258662
0.0014179749699806403
0.001417366055287354
0.0014112413295007367
0.0014106540706509362
0.0014112314479260701
0.0014189014360770085
0.0014185651194511826
0.0014181521062407464
0.0014177726110105925
0.0014164645043136914
0.0014162796347310209
0.0014151857346491835
0.0014131204691675324
0.001411069327478165
0.001410412535867134
0.001410081139103733
0.0014099990503640828
0.0014063666904752681
0.0014047642778025706
0.001403354747025521
0.001403885610496138
0.0014039013451106915
0.0014036919045847338
0.001404379112425611
0.0014043716687336097
0.0014037402067942786
0.0014037425719198092
0.0014033170788587087
0.001403338457982451
0.0014006132702963968
0.0014003147255978315
0.00138512006407567
0.0013846912805928783
0.0013846044482327918
0.0013838438546785077
0.0013804943346579384
0.0013800257350684733
0.0013797709899865975
0.0013796242937695366
0.0013792107429979892
0.0013792415788400016
0.0013803114222815912
0.0013788884828760024
0.0013791119537917926
0.0013779025850712316
0.0013775269170699098
0.0013757898588858738
0.0013787824241318968
0.001377755950906937
0.001377066166832953
0.0013761528105623437
0.0013770745278908023
0.0013665604013987978
0.0013663754395032205
0.0013589208183336706
0.0013585994343040702
0.0013504813676196651
0.0013498270395684699
0.0013430899011540025
0.0013426056623600335
0.001341314861137676
0.0013410243320773612
0.0013409381168738236
0.001341133188186364
0.0013396825008246517
0.0013391078306813605
0.001338245102644363
0.0013379329878793057
0.0013354169602274358
0.0013351428676815845
0.0013346518223761484
0.0013345953013942744
0.001334358356750318
0.0013333917075720062
0.0013326179837411475
0.0013349548214790312
0.0013342231922212702
0.0013334809407468716
0.0013324536588289082
0.0013321518117897146
0.0013315886998868454
0.001331014081911946
0.0013288700601862624
0.0013218606964381574
0.0013209327929429833
0.0013267742718234658
0.0013292252462981811
0.0013325563038049809
0.0013428455571747582
0.0013429858773217937
0.0013428315486003612
0.001342502999124746
0.0013420086754127823
0.0013422244378807845
0.0013431565009137246
0.0013427478997396726
0.0013408960916391302
0.0013406147417135362
0.0013378863928330323
0.001342650589022999
0.0013417550312818157
0.0013413211887575245
0.0013409158693641567
0.0013405421042386146
0.0013380734466767704
0.0013380554302811537
0.0013377432618129476
0.0013374284762106292
0.0013365560903643525
0.0013364497699827832
0.0013356479395735786
0.0013378080709057691
0.0013376963515206687
0.001337327915847163
0.0013372029763880156
0.0013431005683579183
0.0013427156826754023
0.0013418832263043781
0.0013417796130099945
0.0013299191535592735
0.0013301449193115337
0.001329754833256143
0.0013297259748749036
0.001335598333780064
0.0013352614258203088
0.001334767715548479
0.0013296510921703346
0.0013294233162019725
0.00132816093030891
0.0013293787160152308
0.0013294968122593179
0.0013299494833111647
0.0013356824087779357
0.001335327522850349
0.0013324921179875382
0.001332505695921934
0.001329548412174329
0.0013294655951300108
0.0013290462700400031
0.0013306355424527625
0.0013305465066414327
0.0013303142294275225
0.0013301293726082708
0.001329683631340424
0.0013254256203140756
0.001325101325928213
0.001324793263337873
0.0013244463586270967
0.0013216492153753918
0.0013212634747750535
0.0013213085390132804
0.0013208048068226912
0.0013203455283625266
0.001319218678785336
0.0013191742228444302
0.0013198143122011817
0.0013188920920384523
0.0013171837814759057
0.0013169872288476025
0.001323956072473343
0.0013262576487557774
0.001326571790718253
0.0013246366256137682
0.0013248514610819883
0.0013319037480640382
0.0013314625951963014
0.0013313746014169015
0.0013298592839300347
0.0013302209595385242
0.0013291564822801717
0.0013286235581281857
0.0013312202999219858
0.0013306600453400082
0.0013302802622496088
0.001330230072035726
0.0013354856579155267
0.001334188910110738
0.0013365358470948385
0.0013335531450589337
0.0013332835433775988
0.001333448048263168
0.0013329839662258045
0.0013384379573574585
0.0013390460185500987
0.0013385146456082952
