0.012376489117741585
0.00963135901838541
0.07798769581131637
0.05564217176288366
0.04880345333367586
0.07582213170826435
0.012684009736403823
0.021045914747648768
0.03610478024929762
0.03246514753184535
0.03001213104774554
0.026061031107719124
0.023677629418671128
0.022474090754985805
-0.0018914523534476792
0.00800777139032588
0.01142977964546945
-0.004500322043895725
-0.0022534672170877487
-0.002112466664541338
-0.0015134505758231365
-0.006648650230920835
-0.006283509059964372
-0.006925476696342233
-0.007379649404006512
-0.0038272217433485745
-0.0038661735265382727
-0.0038471690073994757
-0.003872099402360621
-0.0020914530877264308
-0.002391784750216178
-0.0019495510990082344
-0.0012719030834405767
-0.0008170294508870186
-0.0007132224919688397
-0.0014511524900995424
-0.0005066384879970265
-0.0038538882628274297
-0.003975758224260065
-0.0035524393159260138
-0.002981643092685515
-0.003683065811475352
-0.00381293667438017
-0.0029370078092647955
-0.0027651386234261452
-0.002745094827990586
-0.0017963718273676964
-0.0027373081681375633
-0.00432300312444568
-0.003917140539224245
-0.0020050142640964377
0.0015128617754803478
0.0012645929948323267
0.0012969704768197067
0.0014600633294321562
0.0015283555380607872
0.001422042757722321
0.0014783608553520671
0.0015297607363512085
0.0017630396349752504
0.0018706037963349942
0.0022832135566406746
0.0032433959859190474
0.0025469801030479915
0.0037609185656589062
0.008929616521432326
0.00877118362319272
0.008394111916287868
0.007279521170338348
0.007176021707545912
0.004728936528812886
0.004551288738770231
0.004102302114227534
0.003940833065037925
0.004232405001714236
0.004083393870356987
0.004267292291236419
0.005057423979727715
0.004107167621259576
0.004540462969560864
0.004560708196084127
0.004869034281000494
0.003897484716227544
0.003824728034327135
0.003907550253558817
0.004568811417717872
0.004571947017790411
0.004037361803956413
0.003961064407808913
0.0038051703166994415
0.003848358543346757
0.004738182991102177
0.004807692011223829
0.0048506282367988636
0.004391696507809684
0.004270235038141615
0.003978418699484699
0.0035974002734880262
0.0039440665580332285
0.004120893462902249
0.0036648862319541924
0.0034369823242564814
0.003566815661123167
0.003507994345965841
0.0037801589922241458
0.00713036642801539
0.008316063580827582
0.008386612707458507
0.008465068634938113
0.008379820088209873
0.008267144140388287
0.008208279448470713
0.008349272773780845
0.00875475491680529
0.009604375753230579
0.009485052874646129
0.009435621346741667
0.009348217386188884
0.010931014971962826
0.011184288993139165
0.01104313416070626
0.010974534268574265
0.010911692461494602
0.01095595483668149
0.010909214920719114
0.010879370349085359
0.010607149220959405
0.010938654402848483
0.010715842005223615
0.010874419311374318
0.01105464242970233
0.011023753692038868
0.010913694110601701
0.010776714152759981
0.010540336562211029
0.010360533595900907
0.010362762053483644
0.01031450249536111
0.011913861311040825
0.011882940310562128
0.011463980010094153
0.011202005334068225
0.011051763828921448
0.011032061872939617
0.0109234863783756
0.010836682101033734
0.010719203235222836
0.010605519977335717
0.010494221870321785
0.010424924865580902
0.010406839709551275
0.010549170737386097
0.010265452109198638
0.010210728542428592
0.010123568350443243
0.010165493901979164
0.010063843700675233
0.009933683780349988
0.010103354573220723
0.009595402157055628
0.009762495956642355
0.009301544760605273
0.008876344659678058
0.008795893806823059
0.008531531525904839
0.008484826677319922
0.008559753966221174
0.008666956778298852
0.00853292444919456
0.00848026230709345
0.008378772126296868
0.00788167831413933
0.007707836948423492
0.007663535297282845
0.007285165507710196
0.007287979344173083
0.007162917580480401
0.007303204644808303
0.006792540131492495
0.006604268495861746
0.006606585573715901
0.006562544301227301
0.006666766513618596
0.006491518900194841
0.006508373438664819
0.00653675960406119
0.006688539561551776
0.006302632774422248
0.006192789323425761
0.006093742519571985
0.006049343878203225
0.005998122306640746
0.005934993053406014
0.005991442194536862
0.005975048925949754
0.0056371203738059174
0.005619448214396607
0.005674629401849665
0.00570674254078768
0.0055402601877660735
0.005509020969713124
0.005460221170570498
0.0053648126427730276
0.005233607138365105
0.005200840199781019
0.005362409946890015
0.005233545583206048
0.005190394305636329
0.005021512121865754
0.0049991587142987565
0.00490625636261682
0.005023359146298183
0.004918137247697021
0.004776817720605413
0.004528122993010421
0.0047656308028317
0.004719659224832907
0.004694783323488021
0.005030648549092643
0.005497322602295513
0.005349988204994464
0.005294182485166835
0.005268205700563814
0.005230972281683036
0.005067773949508397
0.004945646031038629
0.004927607924241391
0.00498090061477557
0.004951867662780197
0.004776851382047083
0.004771255634264458
0.004685697936310036
0.004790804646516218
0.004708363649935687
0.00466515570871584
0.0044410442374695856
0.004497960424212112
0.004592855483469868
0.004584992860448747
0.004769152468113869
0.004758329072140726
0.00472552534070637
0.0047229030237535136
0.004696336438123866
0.004586699051613079
0.0046077439155446645
0.004677505086053118
0.004729450426095297
0.004677451819297866
0.00469954003521012
0.004507973971374762
0.004459156511326627
0.0044355086147405765
0.00444408884173826
0.004511435578137942
0.0044842368420548746
0.004317174867890213
0.004367286080614092
0.0040839321554253455
0.004068885838110685
0.004028950897085431
0.003990504797835782
0.003930423609056045
0.0038799794418254135
0.0038749596281931285
0.003871448866587858
0.003845246235163257
0.003781223421345981
0.003734802783367714
0.0037031760534857617
0.003693923767701463
0.003550654627837337
0.003604653613564539
0.0035117397280621672
0.003471286123069315
0.0034274915562117285
0.0035315062407874943
0.003537459857365471
0.0035449270999899007
0.003482167543681823
0.0035006013965764296
0.0034723378490210772
0.003598851756078795
0.0035476893685929744
0.003723965942394809
0.00431841406543279
0.004273648947067468
0.004210004919054715
0.004212599088024386
0.004225914050601717
0.004167356822669212
0.004169054255592754
0.004164122253419602
0.004134273430494344
0.004148879946729431
0.004088231556134002
0.004000696912349281
0.003973160386899254
0.004048295541918686
0.004034023361525772
0.0039741067064113485
0.003965418772075005
0.003942662390583892
0.003921110917466743
0.0037840562432226808
0.003748723835224012
0.003751265024256069
0.003717166599293899
0.003686644770899763
0.003690303126713147
0.0036640096432865267
0.00369984847309363
0.003699119168034891
0.0036773055526686687
0.0036155479707603425
0.003593781250635497
0.003629973997400769
0.0036661515880389295
0.0036364429529385286
0.00361838904465114
0.0036479671449025984
0.0036395129935286887
0.0036119070996560587
0.0036833093269692356
0.0037030122151628384
0.00368845586343498
0.0037229230973291794
0.0037318259332715484
0.0036361254562066463
0.0036096783767959424
0.0035697767485237545
0.0036404378910223204
0.0036329477419832787
0.0036157324222966013
0.003598933772775044
0.0036130810277543463
0.0035973023162560974
0.0035945890701594347
0.0035878260726937786
0.0035964061102052897
0.0036250998573929207
0.003630302357436474
0.0036304395285950805
0.003613891121610814
0.0034960051659512176
0.003477307516690321
0.003475514280455239
0.0034542849743878913
0.0034400805472562662
0.0034278512898695958
0.0034751812637213463
0.0034737506342646858
0.0034475567531778582
0.0032582357113452964
0.0032684003583219714
0.0033009839173261625
0.003286718628671696
0.00327168672170794
0.0032672085040151965
0.00322478613276048
0.003034702753432702
0.003053002930890912
0.003301947704240669
0.00326831243232161
0.0032152283286753475
0.0032140852707249166
0.0031883136573173008
0.0031899696669186743
0.0032027992398660633
0.003182399390793142
0.0032815633355596113
0.0032749175717186572
0.00320796290934547
0.0031495278965837058
0.0031200605361788097
0.0033118653890710195
0.0033144029514111436
0.003305543861354983
0.003308752214453359
0.0032995424609664347
0.0033019511835955632
0.003275632255454735
0.003290125270950744
0.0032963251104644953
0.003321827815376937
0.0033079085221666975
0.0032898818466604797
0.0033029457005812266
0.0033231823110373934
0.0033038602012734853
0.0032980555396887037
0.0032718660138546284
0.0032573480212672186
0.0030810551210218215
0.0030575489925633403
0.003047589892893917
0.0029468618136047945
0.002904730108972144
0.0029786614234763014
0.002915355546369183
0.0028898454472087885
0.002872400239925194
0.0028925456225815612
0.0028705356400431314
0.0028487622365556257
0.0028326946363758107
0.00283372764098721
0.0028383321774762614
0.002815053847024972
0.0028049776886749627
0.002800962389477882
0.0028028978379730854
0.002818688523271216
0.0028250721363906224
0.0028344377700565207
0.002862044488572871
0.0028544493816385287
0.0028702139106761442
0.0028573953015785273
0.0029299522921799196
0.0029349061441155404
0.0027987658692662596
0.002820884415858984
0.0028310093690422145
0.0029628058348098135
0.0029528126194451575
0.0029685717128014907
0.0029832774772968777
0.003031678433221402
0.0030604463091969385
0.0030518456459739645
0.0030436942167123126
0.0029449216513288334
0.0029388746642106233
0.0028522089625032747
0.0029309998154911972
0.0028820529347684362
0.0028326115167221413
0.0028567935794523163
0.0028617755454345157
0.002843216048883873
0.002825788468157701
0.002810947852865232
0.0027986330717273654
0.002774099196501044
0.002744182724944765
0.002757858636154462
0.0027901576369775845
0.0027964931016969037
0.0027904894048458606
0.002780644844254728
0.002778851242556611
0.002708145789019995
0.0027320967193380837
0.0026814919500586253
0.0026633494244598086
0.0026586093104471963
0.002649122365120874
0.0026301939039789814
0.0026217279475310644
0.002621310781140705
0.002583164735744989
0.0025721941431678273
0.0025507646191599885
0.0025294953446946254
0.00252529819777916
0.002521338595689825
0.002513771384161642
0.0025410889310420524
0.002531807116248142
0.0025466351070756073
0.0025802381536908633
0.002578244334760221
0.002570869327510565
0.0025836957330368474
0.0025683786569088087
0.0026600664299713094
0.0026608632885610894
0.0026279801642886064
0.0026237843884324625
0.002614798256825502
0.002519473403306127
0.0025318134101641734
0.002517099927849208
0.002113714035868231
0.002126320176965846
0.0021121126432501426
0.002119318330420018
0.0020946323659570398
0.001962022610895943
0.0020400108936942237
0.0020277909799332585
0.0019812382177825916
0.0020340455354384253
0.001976466908261856
0.002093623122151184
0.002095749497637586
0.002092840935452145
0.00211586582072778
0.002169170141479881
0.0021660108333411824
0.0021791896802140893
0.0021731527863483396
0.0014360493555605107
0.00149240576759443
0.0014869358688037264
0.0014857356393582388
0.0007654293150387635
0.0007569122359307289
0.0007612249222670664
0.0007459299661718458
0.0007042671651030292
0.0007037653271013764
0.0007029491833307199
0.001037203017728272
0.0010544942295952495
0.0010608896404899445
0.0009955314506964177
0.0008985382240028325
0.0008984486165884621
0.0009018944256240527
0.0009092007255396274
0.0009423716081851117
0.0009902346917494626
0.0009694734233375773
0.00098646175942695
0.000987738568283299
0.0010186916564143198
0.0010089190253430018
0.0009907733247481248
0.0009952746697677905
0.0010191146702060979
0.0010731496501209113
0.001014183579876621
0.000982261902086679
0.0009951434344564044
0.0009866584835986918
0.0009654426400472842
0.0009673547769866527
0.000936193241319895
0.0009285057373486682
0.0009393353604443196
0.0009366803195756398
0.0009314193228503218
0.0009286416786310932
0.0009477968839864684
0.0009439255380820351
0.0009313700420087318
0.0009155012155480875
0.000911671130636121
0.0008795737739474421
0.000873482966162755
0.0008611729575446342
0.0008730015573238658
0.0008743078117162555
0.0008396407670514511
0.0008370245932154949
0.0008306857934142511
0.0008070263299097363
0.0007953603560318314
0.0008017405633192394
0.0008105011386519775
0.0009040015443423886
0.0009091904706762618
0.0009042598431466777
0.0009097912921336202
0.0009130282726890634
0.0009143234663606138
0.0009173741517690638
0.0009289478996606328
0.0008874209551405269
0.0008885716980532075
0.0008844224826245387
0.0008821352651727449
0.000877547870661351
0.0008821115230127024
0.0008907858598038777
0.000885056611783853
0.0008926511494792089
0.0008871713770924578
0.0008796967061046898
0.0009191752158126961
0.0009380354773159933
0.0010138507834416798
0.001022195893031096
0.0010370627912598348
0.0010291937257849864
0.001039904020226631
0.0009683149832723121
0.0009716767326762451
0.0009558990003751158
0.0009738558690431971
0.0009675131401149834
0.0009632667132845066
0.0009720684464254455
0.0009654174588360948
0.0009518162158834166
0.0009339910564856327
0.0009475427075813083
0.001024715294168502
0.0009673932070539906
0.0010042264734670563
0.0009902256082906105
0.0009905511037588976
0.0009844551754177179
0.000977991009735209
0.0009986798048358726
0.0009899503244710302
0.0009949684262821538
0.0009609086805502658
0.0009602562140036564
0.0009542543079372108
0.001040467507945731
0.0010357310936305454
0.0010336255980220907
0.0010641823625859995
0.0010619278953197468
0.0010570133874972971
0.0012168400707342985
0.0012065534148198065
0.0011990069171845775
0.001164915252084148
0.002354430052340227
0.0023591195907909446
0.0023604572331551456
0.002368621013516806
0.002360166545861305
0.0023573093399548383
0.0023588845831996204
0.0023454366954838326
0.002319313027305439
0.002312787990043483
0.0023123421616744336
0.002237928662986284
0.002242860979403872
0.0022571412340669913
0.002261479277038572
0.002247602199920249
0.0022342709895838216
0.0022890588772892188
0.002286203521692974
0.0022826626294232427
0.002267570391878335
0.0022786569219829843
0.002269691328261116
0.0022674086666971877
0.0022545641086141196
0.0022472145136941584
0.0022495728922345202
0.0022504238621278132
0.0022824863441044956
0.0022855771768885975
0.0022737235106319214
0.0022743110798693913
0.002268170581152027
0.0022666198179771505
0.002266218303304698
0.0022641591022793824
0.002256814517728127
0.0022524998805703383
0.002252287008183072
0.00223082068619785
0.00222684071234993
0.00223333085637673
0.002200032015183913
0.0022071352384469994
0.0021938755801125336
0.0021951480848928433
0.002184406515000628
0.002176813398834513
0.00217819176582236
0.0021752542919457898
0.0020794887993417755
0.002083942726625271
0.0021137803835231572
0.0021144938149212297
0.002115961545719466
0.0022630573977563367
0.0022611716737789274
0.0022355149463403777
0.002218190776182498
0.0022274381054567392
0.002209196100309318
0.0022029332771989125
0.0021725178084186243
0.0021697265662241417
0.0021621701276714296
0.0021656232487517807
0.002301537808650042
0.002286925649379253
0.002286275943081407
0.0022706169418605622
0.0022699860692804623
0.002677791696770469
0.0026980695478539905
0.002692532020918641
0.0026575502531151363
0.0026516869914593433
0.002657906553566659
0.0026523361299980795
0.0026210062896903836
0.002618238027547033
0.002607051388663839
0.0025852571113170525
0.0026749608001131577
0.0026726067172645994
0.0026703769853552396
0.0026491091448149705
0.002627845953462951
0.0026194302317455224
0.002612043214182627
0.0026100817212634493
0.002542909861554354
0.0024497812555637254
0.0024474012445058198
0.0024535092455773384
0.0024410019355743753
0.0024345451216676514
0.002426609463105305
0.002403136053622798
0.0023844560398736366
0.0023709716693415144
0.002370655902178038
0.0023317721077032293
0.0023095573277546887
0.0023084450318164866
0.002310000511008167
0.0023055389477275425
0.002314779190195103
0.0023040237799353764
0.0023167554930102526
0.0023574745254340205
0.002362444220665574
0.0023997331966668224
0.0023824892886019087
0.0023612449040179635
0.0023579615953682543
0.002353058191011909
0.0023511154728947945
0.0023461170143425224
0.00234322458523046
0.002318983113173521
0.0023171851966234066
0.0022955578592084003
0.0022915055640662946
0.0022880314597083905
0.0022888701308483193
0.0023047989193528537
0.002299498265880784
0.002302851249795899
0.0023024815544247677
0.00229956495777672
0.0022939846425027613
0.0023048663582415385
0.0022921231017486846
0.0022785186166201514
0.0023048605316728357
0.002301603949520487
0.002310097265313076
0.0022779761895194124
0.0022736979262176758
0.0022573227651077345
0.002249172819326988
0.002253064023919735
0.00223924242720396
0.002204810408928472
0.0022017649633122977
0.0022439695580972092
0.0022365630448224387
0.0023049128021916275
0.002312549660240189
0.0023561546972902807
0.0023381942896294554
0.0023309855314437317
0.0023599343247079794
0.00235567202783631
0.0023321706801578113
0.0023108894964163026
0.0023124435810202106
0.0023050531760980862
0.002360705759480795
0.0023649047605148
0.0023580434634062186
0.0023593464769514965
0.0023661556334276853
0.0023741219344734095
0.002377524096003161
0.002372065153826061
0.0023871503660935762
0.0023805597062560003
0.00237805389046153
0.0023345340627658434
0.0023260320179702225
0.0023177433139922807
0.002318525279589273
0.002327333273282253
0.0023162161958311125
0.0023134928806064245
0.002312230933785033
0.0023074983709626103
0.002292556822059871
0.002308333210583609
0.002296446643942628
0.002294363351632779
0.0022917510134589166
0.002292183476716312
0.002267026018167186
0.0022537090796680864
0.0022489731180277543
0.0022739992502048448
0.0022722131242127437
0.0022677919447727326
0.00227037310636464
0.002265669511769688
0.002262389527922828
0.0022592753241527743
0.0022638770391948844
0.002256697455885331
0.002258796867717161
0.0022607760451210566
0.0022522890806119388
0.00222588806257658
0.002218522961220074
0.00221310060517157
0.0022068929916079175
0.0022247309864151274
0.002227289141455255
0.0022375573182888053
0.002230628206098667
0.0021763738774945
0.002168345418340324
0.0021734091235307423
0.0021755010914797316
0.0021723290152839414
0.002172510132437816
0.0021825779575797245
0.0022085406223263685
0.002205726279494441
0.002205864124871802
0.0021921823943029943
0.0022069869336305463
0.002196981088173535
0.002220368813244699
0.0022148594642182012
0.0022086821251615435
0.0021865686607959994
0.002182281431573156
0.002185414913715137
0.0021510912926169115
0.0021460249030770527
0.0021525418407793663
0.00216967950795192
0.002166984733435396
0.0021463804086193734
0.0021464597792095388
0.002137882670349863
0.0021342485003720975
0.0021380751412505526
0.0020806885335586307
0.002084040458366313
0.002069671912770558
0.0020638195245603905
0.002063540758542703
0.0021161681563644603
0.0021551449457627107
0.002155458973593111
0.002139767387288802
0.0021455975799535717
0.002122235325487578
0.0021110889427355863
0.0021199065889992846
0.0021206016851578963
0.002118105564800037
0.0020125560648406736
0.002000163335290145
0.0020201452646365758
0.002017308191728041
0.002014764508083347
0.0019970615699011524
0.0020029152773976626
0.0019967483004247315
0.0019942207015971195
0.0019957027445788025
0.0019931339423664156
0.0019882960221953554
0.0019909874802854833
0.001994271472056853
0.001989196077848475
0.001976379460368694
0.001982042618367904
0.0019909746595723633
0.0019931433106601055
0.001988413496682853
0.0019886623910958657
0.00198350279362915
0.001977466867460301
0.0019718270189398998
0.0020043148994365527
0.0020277036039947753
0.0020259115023532797
0.0020214298158533523
0.002023128480430031
0.0020213741156547152
0.002020849791665444
0.001978672269808086
0.0019843957823372114
0.001964289784675828
0.0019661591262328656
0.0019622336298158235
0.0019457611635454624
0.0019469904721821278
0.0019459216614793953
0.0019451228717886656
0.0019509606940297753
0.0019352623002817679
0.0019242439843115537
0.0019241755633031112
0.0019400370632127537
0.001939857817089196
0.0019413616634204073
0.001932581278214933
0.001921977993775158
0.0019172120791039985
0.001919456840574591
0.0019347446966681487
0.001936534345467719
0.0019274435222416354
0.0019170782927374096
0.001921042429079222
0.00192957163166788
0.001924715677528321
0.0019207464643424168
0.00192190416330373
0.001923275830250304
0.0019298910575833788
0.0019269282354045423
0.001922282197770588
0.0018683973426994588
0.001858767404492222
0.001858071670846472
0.0018388298452293485
0.0018459691986486557
0.0018463167503426328
0.0018378062196822461
0.0018360386639344908
0.0018333423819382848
0.0018341884871286335
0.0018285056214098305
0.0018195036878215008
0.0018192011595733783
0.0018061682007742903
0.001801081239338061
0.0017984665704853754
0.001795439513175291
0.0017782889317839745
0.0017655642634658386
0.0017587774284061255
0.001757423761839119
0.0017522534087371856
0.0017687089756342205
0.001766132886093493
0.0017379648842009157
0.001724857052652764
0.001709048040956139
0.0017011341395638227
0.0016884618154393456
0.0016823489387048955
0.001691029030010677
0.0016824245939394901
0.001684879322713611
0.0016835065177059022
0.0016880612786736528
0.0016928412745800215
0.0016813861917650624
0.0016770501426256752
0.0016630752185475667
0.001667929617558909
0.0016662634633603044
0.0016644272117427687
0.0016675970411215563
0.0016439123256974907
0.0016290831649106337
0.0016319293290729471
0.0016198450406785206
0.001610820371565872
0.001607397644142593
0.0015748249028444345
0.0015796197386178613
0.0015689874818575616
0.0015671844667747795
0.0015822234397620065
0.001586801968803907
0.0015869995329691384
0.0015858396999075804
0.0015787564742526874
0.0015789394841769742
0.0015680544832745859
0.0015628233768174796
0.0015727225666778404
0.0015514790689807392
