0.006079448387026787
0.010665231694777805
0.005969275953248143
0.007695783115923405
0.003936116738865773
0.0014321462118199893
0.002778438967652619
0.003641874012019899
0.0037560991011559965
0.003446763243780217
0.003446898665667201
0.0040036811797808
0.012194132108041749
0.010515747537525991
0.01139253605651902
0.009894849301096709
0.009313900874177408
0.009380609945908776
0.008983332561911082
0.008739095039865266
0.009158636308380994
0.008405404117302563
0.007945685824476337
0.008082922196481376
0.007626930665887461
0.006974986083891793
0.006696510854193806
0.0070286004519057935
0.00688550184519651
0.006670869073845565
0.006257580416786367
0.006048865602210614
0.005881324210135703
0.005650506625949803
0.005734499755716467
0.005639361618778893
0.005499231102906999
0.005298299524628627
0.004786352348310172
0.004703803371961748
0.004591889267820596
0.004589766165144132
0.004493732732292051
0.00433905611733078
0.003615585668898267
0.003567994281803157
0.0034759569468102787
0.0033936902841467543
0.003309767899918368
0.0031423639322347994
0.003081959762696965
0.0031429193043910533
0.003101229029299347
0.0030292189847056167
0.0028201495544440784
0.002764026670934469
0.0033271458712298553
0.0033017488458734956
0.0008591227832766874
0.0008719310021139074
0.0008460953998608939
0.0009235759755231088
0.0008959668973886877
0.0008734934030004422
0.0008332906359514281
0.0009043952656760815
0.000945151940841776
0.0010299355437672444
0.0005953607014557085
0.0005970744243800435
0.0008302334396780163
0.0008313805277769088
0.0008123868892161634
0.0007822995631189153
0.0007865794191275189
0.0007042499142557194
0.0006748918466165858
0.0006348713022471422
0.0006234308597640838
0.0006234281947040407
0.0006314674770559258
0.0002372431527293371
0.00023181395835351873
0.00032213861415905605
0.0003554754091034497
0.00035646059917069853
0.00036068975981090015
0.0005028203871956916
0.00024524678675435114
0.00022941008151414758
0.0002593093353544123
9.653933228682566e-05
-7.879645224246453e-05
-6.665969372797521e-05
-3.49206443199069e-05
5.647495343453606e-05
0.00020837163621614894
0.00022737944698636694
0.00022514780330311546
0.0001992151021185418
0.0002475188816699258
0.0002703907908494543
0.0002537065228037898
0.0002673316651496508
0.000273460339314006
0.00027384157209925256
0.00021460140947561268
0.00021058629861877366
0.00024572403412590014
-2.3180392458967402e-05
-0.0001114070932187269
-0.00010717793871518349
-2.349766233684292e-05
3.560912106046897e-05
-0.00019229380655690087
-0.00038315730456909143
-0.0005538939885193067
-0.000599057606954941
-0.0005665975289199807
-0.0005872379157259008
-0.0006279032921782826
-0.0006635614375604416
-0.0006999742450100333
-0.0005632169932214313
-0.0005801434510488884
-0.0005926973417516587
-0.0005721506673666002
-0.0005474850755673792
-0.0005474770487405928
-0.0004362577177091632
-0.0004313777752610229
-0.0004351623604572828
-0.00047208339271234267
0.00013931003471683354
0.0002022032889967434
0.0002489419494604521
0.00020585760470883354
0.00020731322557831627
0.0007262483934677478
0.0019386715767910276
0.0018744934314512852
0.001847099147809175
0.0019278461757418577
0.00191369956763961
0.0020740802982214665
0.00209648379010711
0.002083403493051682
0.0020843808584845185
0.0020556396266450364
0.0020417947608855932
0.0020355627519668476
0.0020300652423887425
0.0020436685967684136
0.0022143200448373397
0.002235872675777127
0.00225784199394682
0.0022506912380293536
0.0020738656521243452
0.0020623628787802767
0.002086615806976669
0.0020575041843821284
0.0020681850970627204
0.0020813505975860514
0.0020951673341848857
0.0020876588935179927
0.0020965664562408305
0.002079792412468166
0.002081370358927517
0.0020587631969593684
0.0019255157491967125
0.0021966667496535796
0.00619407707442453
0.0062890351757922515
0.006247211476781687
0.006147392279599856
0.006097444585955055
0.006074739004259427
0.006048647897811388
0.0061820176458443
0.006145325109474917
0.006126521690870564
0.006093761610062274
0.006089782672510725
0.006057588675626116
0.006136751042827053
0.006067398836037264
0.006035574707766499
0.005984347579359318
0.005944630090313071
0.005906900774598921
0.0057767190091245375
0.0057452194825713685
0.005741150121645387
0.0056466088877361745
0.005608145146012174
0.0055941873354082225
0.005486441907500321
0.0055865448095720055
0.005537612728885505
0.005462257837551539
0.005437108734386669
0.005417605377659514
0.005388444673844431
0.005359677779823669
0.005295074875099549
0.005263864095002574
0.0051494333542642864
0.0050951445050725986
0.004899662461104439
0.004873698725088477
0.004846044596365143
0.004819893263911452
0.004818842799569576
0.004753170068164932
0.004745924643707945
0.0047563128741429225
0.004743105603148427
0.004704534090448665
0.00461769993993254
0.004565964899035669
0.0045482743256109875
0.004562957618420335
0.004543565906333568
0.004470991238106056
0.004446950990305733
0.004343799764523091
0.004308035456161682
0.003969810144474345
0.003967862873745933
0.0039387338166657435
0.003912180195372678
0.003895732402422603
0.00387867759345837
0.003793913541379339
0.0037581962881138354
0.003610581909422089
0.003579878656469307
0.0035652730082604144
0.003502684344865279
0.00349466811940713
0.003481354301058208
0.0034891049180795102
0.0034630258692232036
0.003543561089040573
0.003509533582347822
0.0034957298364395196
0.003495993892373361
0.0034921389430517414
0.0034386819897408724
0.00342232379067043
0.0034038387442893838
0.003384121757694864
0.0033471983959846227
0.0033361237216013263
0.003336741360108421
0.003282149347987905
0.0032388403285441994
0.0028782686523549407
0.002902462376711742
0.002849976585971265
0.0028721345626958063
0.0028652761456605435
0.0028558577952563545
0.002858349854706729
0.0028451589653201185
0.002833144757862055
0.002829257872602272
0.0028379679665484566
0.0028229899280362335
0.002793179061006324
0.0027837181177788185
0.0027655331001576206
0.002736131258185517
0.002654757010651257
0.002661505004079634
0.0026514760676670246
0.0026747658631857863
0.0026598181117399164
0.002647739958859219
0.0026632776603635997
0.0026393036764699356
0.002622537462037133
0.0026539823057185434
0.002661833522327934
0.002548144422708884
0.002542264483592895
0.00256870592246767
0.002603536874426107
0.0022877493647244828
0.0022857900222862347
0.002312464142667599
0.002280869137269731
0.002300520840008734
0.002294559098694572
0.0022822197991973644
0.0022718641037205805
0.0022646448880318517
0.002259457841997411
0.002259524147090514
0.002273664564465763
0.002725972879482815
0.0027299860449953627
0.0027036435654604505
0.0027009082846517684
0.002692483496556475
0.0027025757201210978
0.0027097461583335584
0.0026896921459634523
0.0026748149311735655
0.002684290892324255
0.0028954520136477008
0.002901895361660379
0.0029219359125325925
0.002909641428107984
0.0028979909394780154
0.0029355264648508062
0.0029269514856961197
0.0029168252435096925
0.0029131762939925946
0.0028981731849564555
0.0028878223965932317
0.0028830904563391644
0.0028790519292591493
0.00288658768010814
0.002878172899833377
0.0028750398659148856
0.002828276266843495
0.0028332413993774545
0.002856271878370152
0.0024403450775698924
0.002430001376847417
0.0024269331916494203
0.00242286260013071
0.0024088525870146426
0.0024006402494586906
0.0023913436349278336
0.002383507558369756
0.0023287858083110777
0.002341931923006891
0.0022843728169594122
0.0022747528514495416
0.0022696666293131416
0.002269518811671822
0.002284214489987213
0.0022672368384340645
0.002274211663446033
0.0022496819323424
0.002248269082422521
0.0020794372110114145
0.0020727156310764248
0.0020310205086854147
0.0020333528453595102
0.0020224236868311486
0.0020597744156808616
0.002032020019475131
0.0019950166590731047
0.0019635836459394635
0.0019538881333269974
0.0019595351394400525
0.0019337481180149298
0.001930333763441257
0.0019246336781006859
0.0019407753541170229
0.0019367265318130087
0.001985574552817841
0.0019769946035403836
0.001977045586386342
0.0019784530065277434
0.0019725061941318124
0.001968606408502707
0.0022605940836852387
0.002281105266367633
0.0022616088584165154
0.002253211678088219
0.0022269784361624487
0.0022288331480538803
0.0022217557617300668
0.002207052753336915
0.0022025843551522224
0.0022887111334587377
0.002268872528170436
0.0022606427465064684
0.0022562787388977793
0.0022485070776501652
0.0022908241603144795
0.0023844526473507485
0.0023800270511490427
0.002376122713128982
0.002396890587246725
0.002390573289247194
0.0023851300824881813
0.0024355655889087653
0.002435128493369881
0.002428676421582574
0.0024292193080888134
0.0024235018510753055
0.002405232279122164
0.0024002109436962902
0.0022044575768313773
0.0021707258435533297
0.0021468446566631017
0.0021429649822636175
0.002138982369430809
0.002137101067174956
0.002139811200273304
0.0021355088300001115
0.002125089744532831
0.0021043077600610208
0.0021029819099301094
0.0020960157499003216
0.002066509059646197
0.0020766800612044747
0.0020583370079394767
0.0020557151000229023
0.0020476776585251913
0.00204526137109689
0.002740294194724628
0.0027363978622855028
0.0027281663237339535
0.0027123719903789046
0.0027050111448951005
0.002660609349059133
0.002654372231565404
0.002648243853537308
0.0026409469112454874
0.0025999058020982173
0.0027515088852545513
0.002743350331973127
0.002739988968447551
0.0027231312676043846
0.002719794116101356
0.002711084953984447
0.002703782230924462
0.002704021802278949
0.002696938650488023
0.002817829248316218
0.0028652242602689526
0.0028609206518029405
0.0028485069502122264
0.0028398797664548974
0.0028324907712902253
0.0028257636300052123
0.002817108413088499
0.0028121724378425868
0.002810390913995103
0.0028061937681429982
0.002787920820890937
0.00282181682415915
0.0028159674537366532
0.0026183121945984123
0.002633273685072696
0.0026336708857427537
0.0026336438520933006
0.002678973201733785
0.0026467373874343243
0.002670688377947877
0.002658611066490825
0.0029489387863482494
0.0029118556089839437
0.0028920084256131807
0.002887334932212148
0.0028740628331709018
0.002873993532998927
0.0028688265824017966
0.0027671196038459482
0.002799599289079292
0.0029138608302463806
0.002907955686145592
0.002898720504453331
0.0029442246813639935
0.0029373022164236326
0.0029282482700168848
0.002924971098368953
0.0029195299972803036
0.0029124086490046174
0.00290613023349556
0.0028941918445262956
0.002884427974670479
0.002876454688032483
0.0028560478968717106
0.0028476883827272905
0.0028002257237084525
0.0027937191398488114
0.002788671860875672
0.0027793369184300797
0.0027761045228738624
0.0027870893838337274
0.002761751238242499
0.0027187040532968545
0.0026391646778505897
0.002704556111542681
0.0026703146995862227
0.002667388583361053
0.002663121281324439
0.0026606139089667092
0.0026579306727206806
0.0025815851131958055
0.0025779549873449817
0.0025905368645871936
0.002585304102474751
0.002588656156638398
0.002583240996556588
0.0025719717228776784
0.002582619624960295
0.0025617853965410504
0.0025568561322978295
0.0025016987593073107
0.0024896893289290067
0.0025174641190460535
0.002514552147621456
0.002532542255121228
0.0025259930521909168
0.0025121765676340848
0.0025081762972476297
0.0024917099640122103
0.0024875519146472136
0.0024888525690462174
0.0024955038719262725
0.0025037186897756882
0.0024982843222743152
0.0025088186968153124
0.00250210391458361
0.002495633341389202
0.002493463085012903
0.0025091549079087425
0.0025253000163999307
0.0025196287615437637
0.002523360476414807
0.002528172743724046
0.002551650788076697
0.0025430602381504297
0.0025302414126464794
0.0025319305949904956
0.0025174869694680373
0.0025240746969872677
0.002516753417706271
0.0025122893731961853
0.002509277537892607
0.0025022947153687425
0.0024347718343844865
0.002491120677935236
0.0024893522655897024
0.0024838349146053197
0.002504398080558646
0.0024623417995839766
0.0024554669189306376
0.0024635877220313945
0.0022563838029833684
0.002251889502060127
0.002197111346198876
0.002062790183140678
0.002064084624945159
0.0020615131179872234
0.0023061055890597785
0.002301279588611982
0.002294145547933125
0.002285769916125641
0.0022824836236694985
0.002299690406727805
0.0022691029117237155
0.0022734882359663395
0.002267923716490305
0.0021794362874545084
0.00217814936816877
0.0021689287805105742
0.0021639722611628987
0.0021677677129708812
0.002161032679279471
0.002145463917191876
0.0021355220583476613
0.0021280607099845436
0.0020188845962570757
0.0020150055460860135
0.002018951352140939
0.0021221735704904775
0.001998194123348221
0.0019909305684327606
0.0019878552004248097
0.0019835270748287765
0.00198113165729668
0.001974817809638283
0.001972127457478277
0.0019704983540496804
0.0018518608384565413
0.001848961931860596
0.0018578393577304837
0.001853980835329862
0.0018559331629473042
0.0018520988753553548
0.0018401417870927363
0.0018230330717286128
0.0018174359294887746
0.0018145475042034072
0.0018106885955045554
0.0018014665009611253
0.0018005404097804494
0.0017982671603739863
0.0017916760608266563
0.0017707708143007012
0.0017688478778360005
0.0017468942332109654
0.0017251716849198302
0.0017211446613465307
0.0017079810355711761
0.0017005540981615526
0.0017105769977559951
0.0016980134545920705
0.0016761742337385417
0.0017187547257100162
0.001684149868764112
0.001681539399128475
0.0016766392842479374
0.001684858041814581
0.0016760582730619596
0.0016551743472536563
0.0016507054024112134
0.0016431442469554663
0.0016334861246243382
0.0016307271578889688
0.0016305443253532856
0.0016269791858342384
0.0016228043623881263
0.0016252546542971623
0.001620343488393699
0.001624015284813737
0.0017120521455584066
0.001767592940561057
0.0008456011661957399
0.0008560731991637427
0.0008539688630695701
0.0008526294236185366
0.0008552133507028087
0.0008527664334424127
0.0008495050356726788
0.0008505140677275058
0.0008442133451666248
0.0008400386688412361
0.0008575623168566793
0.0008757548847682962
0.0008157865931835452
0.0008146633780657246
0.0008024603798313537
0.0008010210748557376
0.0008271152868431695
0.0008289243358534213
0.0008496917990139342
0.0008479853192292681
0.000844141049884007
0.000844427632274834
0.0008497390932914343
0.0008262599149550441
0.0008227846201198434
0.0008339182934746692
0.0008311971563143584
0.0008318826703848885
0.0008301897823012616
0.0008228892515129083
0.0008236186180861668
0.0008237301138802683
0.0008277510244565677
0.000818709870258194
0.000775707558992289
0.000779811797785045
0.0007770793750190418
0.0008074463632822078
0.0008047018604727382
0.0008062298460174905
0.0008172356068695515
0.0008244158605928293
0.0007821843683528204
0.0007810582702009424
0.0007730256442257474
0.0007497285492712799
0.0007710492867557093
0.0007596961210184347
0.0008019706664912432
0.0008053077725484897
0.0008466174609306345
0.0009756354171339089
0.0009777162611074358
0.0009263603556131137
0.0009475072825357619
0.000947020349142626
0.0009452909929332611
0.0009438660258571952
0.000990940225040659
0.0009859797076488066
0.0010136714724278525
0.0010957092789175308
0.0010809541117969476
0.0010924712348420605
0.0010864407030479282
0.00108314368130502
0.0010678806702396767
0.0010665818363932685
0.0010764451323498083
0.0010741904708164655
0.0010714356353979536
0.0010791121165961393
0.0010829882365619645
0.0010816206704346335
0.0010827025488526483
0.0010384547399630902
0.0010335792774653018
0.001028083701516583
0.0010267497281266395
0.0010252353003597592
0.0010235659533419142
0.0010362261693393194
0.0010336416594653773
0.0010277820210805558
0.0010263337264575893
0.0010209244918583408
0.0010365816560068918
0.0010350803932628126
0.0010367905708926549
0.0010338594746444297
0.0010336168666900422
0.0010318291565024776
0.0010369329048089866
0.0010208268595734715
0.00098865296161296
0.000989820666097595
0.00098379772388053
0.0009821180612321332
0.0009803243591088044
0.000980234773181278
0.0009855437288779183
0.0009907774829614872
0.0009854314206859008
0.001148398465094265
0.001154451539675464
0.0011533716510922743
0.0011813041927774231
0.0011603312389836334
0.001155589420923353
0.0011376868068482665
0.0011349107725570756
0.0011297349877315488
0.001128293244786195
0.001125155091684509
0.001050795461894412
0.0011049604329742878
0.001100607487851508
0.0011064569691502364
0.001164143093007283
0.0011289678397933735
0.001064243497242086
0.001114344495879776
0.0011142744872809991
0.0011977961557230363
0.0011870332053929712
0.0011916221396485384
0.0011866940215374722
0.0011885975105980348
0.001190485369295656
0.001126106890409582
0.0011211722466836164
0.001117900075719022
0.001115755374521014
0.0011125777830681843
0.0011057306258993322
0.0010977222742387673
0.001092038536356328
0.0010941214089597163
0.0010702132074695823
0.0010621690582747559
0.0010615293568024824
0.0010596602004849722
0.0010911995910993313
0.0010704624964789063
0.0009869775645643091
0.001001375623750637
0.0010010797108571418
0.0009958972155851998
0.000999360084481532
0.0010387969955012895
0.0010375774106200688
0.0010383623785249548
0.0010282632088063088
0.0010112498911255842
0.0010090151224047279
0.0010050535437636523
0.0010044792157876442
0.00101123210384435
0.0009770262963747763
0.0009704703279359415
0.0009666061096521146
0.0009778944024910266
0.0009736221131012491
0.0009729878913914946
0.0009729627984805327
0.0009588119245350502
0.0009581512929581538
0.0009076393387124009
0.0009172077090780133
0.0009157373391084039
0.0009178989370780518
0.00093167584584762
0.0009156479606943614
0.0009151877799135624
0.0009218571613403943
0.0009149669767771327
0.0009188586842265617
0.0009184469255446967
0.0009195083477929424
0.0008852512599058178
0.0008804592532189014
0.0008862931131025768
0.0008845769145710112
0.0008806290080930658
0.0008811357855280558
0.0008957590243389355
0.0008932384595797532
0.0008864108139540988
0.0008860611493617558
0.0008907182917512723
0.0008795197251464719
0.0008793559784907091
0.0008771646663239524
0.0008690162521926724
0.0008726320121149125
0.0008728870227161348
0.0008854105734776969
0.0008913729114648889
0.0009079169714291073
0.0009161593343312708
0.0009142733376927426
0.0008961510946808464
0.000892990456337301
0.0008926340099566655
0.0008911585529775718
0.0008860798558804667
0.0008840222203643791
0.0008893261217758756
0.0008812151988108509
0.0008824051410903707
0.0008716961344250392
0.0008662906482879305
0.0008648626926893626
0.0008619114130294436
0.0008615011295078694
0.0008625304047682939
0.0008980019566269416
0.0008983048186452882
0.0009083499105973039
0.0008664925561732766
0.0008587828410508911
0.0008575688944063786
0.0008597900050795496
0.0008619045022196617
0.0008638586376245951
0.000861702279727266
0.0008418481165779931
0.0008400662681150229
0.000838595657804452
0.0008400376661944223
0.0008336102051624459
0.0008293247918646905
0.0008136699249244111
0.0007856492967071294
0.0007870352034325189
0.000780055288779984
0.0007786344241439534
0.0007821067459948339
0.0007923044986067203
0.0007911116420951049
0.0007918643357057342
0.0007829473354152341
0.0007807856867475688
0.0007805913619428838
0.0007777074942880377
0.000777306253928833
0.0007843447075387549
0.0007845959068543191
0.0007839293085207597
0.000785159555877035
0.0007860133194612621
0.0007580555265431843
0.000757758611922185
0.0008674462652542499
0.0008708260013002644
0.0008840446257554036
0.0008810865435361062
0.0008768178649115382
0.0008852356171631364
0.00088472907049362
0.0008865205696633188
0.0008804923658950987
0.0008790319360967279
0.0008777652078851173
0.0008688726784680268
0.0008744076812131543
0.0008869581508274434
0.0008800926704546021
0.0008793726271892168
0.000888726253284799
0.000889615277033898
0.0008864302571742464
0.0008800764843808687
0.0008788404521952153
0.00087844240139425
0.0008848345299225188
0.0009232181801073312
0.0009425297088130143
0.0009414787391977527
0.0009442177428903511
0.0009394983396842454
0.0009439209703886757
0.000942937720843377
0.0009432250267927709
0.0009378358301142084
0.0009343626879595394
0.0009329177154277536
0.0009351917496823996
0.0009154433414050139
0.0008816626120807707
0.0008811805133465189
0.0008810280566669208
0.0008658897078652255
0.0008915825784891828
0.000891020928854978
0.0008903053781737899
0.0008869811409287533
0.0008835955678904305
0.0008761874021380159
0.0008735374212905876
0.0008768822821928413
0.0008732735409750427
0.0008770956384790905
0.0008665543297452171
0.0008621052794001316
0.0008691976193947456
0.0008717909554964413
0.0008924591581944677
0.0008654430401326195
0.0008671099589679461
0.0008775455858894222
0.0008798055070946364
0.000877851024327815
0.0008822122276517005
0.0008779622512346668
0.0008780815185700377
0.0008212323893761956
0.0008179488402763337
0.000819097410186635
0.0007921334533328912
0.0007922867462376168
0.0007892815470385291
0.0007893936820635323
0.0008001038036146372
0.0007934762425323511
0.0007912418333479263
0.0007887017539593693
0.0007882309814818202
0.0007880995425529551
0.0007956203792470294
0.0007963914377380397
0.0007892627408542295
0.000781949889962302
0.000791055517612766
0.000792095602663949
0.0007931432472811059
0.000798064029486857
0.0008001749280426147
0.0007990146378032652
0.0007990799145107824
0.0007986773141419105
0.0008272480966157071
0.0008242712986839278
0.0008233435076834664
0.000820387941748289
0.0008138304805250008
0.0008127035153936426
0.0008121158520370787
0.0008481951791865863
0.0008458011400990938
0.0008379344898967933
0.0008286159477170331
0.0008279955040363788
0.0009327874901278018
0.0009318458387520339
0.0009611025444364582
0.0009529352751900096
0.0008662402679237099
0.0008650208888758641
0.000856310024182987
0.0008594224374741465
0.0008541797030269496
0.000855910344034689
0.0008037564575454491
0.0007790290263596949
0.0007266691604603075
0.0007263611099508801
0.0007283442722591552
0.0007302709998209048
0.0007291971446925882
0.0007301855483240746
0.00073757490492744
0.0007376928906128718
