-0.0066396016627550125
-0.007570495828986168
-0.006534532643854618
-0.005439879838377238
-0.004174470862684151
-0.003820427427334445
-0.006597361410968006
-0.006844936559597651
-0.0006562072783708565
-0.013058595020662655
-0.01019295770674944
-0.0014873230113432948
-0.0006046909838914864
-3.7245141963163325e-05
0.0002539011184126145
0.00018238977474324905
0.000190834324004957
0.0002293539950379029
-0.0001791509537724773
-0.00019690401053854348
-0.00016645153068979647
0.0022181987056366943
0.002221655785736706
0.0019918169511947783
0.001832404788449192
0.001911585224594024
0.001807500908658507
0.0024374028164010236
0.0030262581703330697
0.0028869739570279392
0.0028747544538418874
0.002735976176512794
0.0025957817432593878
0.0025675946322735394
0.002544998534883941
0.0024825397098587974
0.0024602087919208173
0.0024744593866694816
0.0023245169228175654
0.002212691912995424
0.0019020933984956216
0.0004011970419480009
0.0003543744070074435
0.0001647653963623774
0.0004907848146420133
-0.00016992058892278603
-0.0003340606466129733
-0.0002618058684415051
7.62904505245387e-05
2.117562975150107e-05
-4.363932888596683e-05
9.586271293953336e-05
-0.00015171969749240417
-0.00018271831372244796
-0.0002551908629746842
-0.00022553406214635626
-0.0001789917567231018
-0.000210443973320268
-0.0008387860415192941
-0.0008779303666937056
-0.0007823211508953281
-0.00010142632434883745
0.00011276761870249191
0.00010626144671382829
0.00021441727982495336
0.00023462648204625113
0.00023948408831047898
0.0005712864618491977
0.0005326296743338131
0.0005242345468501864
0.0004965421932057427
0.0004990491477855521
0.00048423244820819633
0.0003925892124728612
9.841201436326018e-05
0.00010560851584962739
0.00012226652567430102
7.673354982987908e-05
0.0013170085116144038
0.0013030776804324562
0.0012967233232324717
0.0012981441897250354
0.0012555271213863133
0.001404656419831821
0.0013784907364318968
0.0013930525680222472
0.001400403110231061
0.0013774860129702122
0.0016889325097306732
0.0015876234501375108
0.0009645190679609934
0.0009511044412921429
0.0010938688938040282
0.0011467535875884713
0.0011255764905702863
0.0010889631320395957
0.0010858773727834756
0.0008966424096742587
0.0008901886176317929
0.0008888535644158278
0.0008906533236286657
0.0010672108195631683
0.0010433964097711185
0.001160704520797091
0.000917659719905131
0.00042004973701610497
0.00046374477096833316
-3.7784244942077e-05
5.789005874912666e-07
-1.813866604992105e-05
-1.9984673339682053e-05
0.0021185746159666195
0.0020991505494876357
0.0024253093543887628
0.0026464487678383415
0.0026234460411405265
0.003064332508382889
0.0020141732516897135
0.0019929472004757073
0.0017423148972077554
0.0016517705532992223
0.001516627802452493
0.0015131713483447864
0.0015287620543385856
0.0021511088168716967
0.0003534270434775099
0.0003850246982324282
0.0004117382288609937
0.00047168265910631143
0.00046960304495443093
0.0005430911098687143
0.0005319182065913378
0.0003641106645162254
0.0003397465391942578
0.0003515987663751519
0.0003180823615054521
0.00031134640253646715
0.0002619916283280136
0.0003409769537289064
0.000616876965094315
0.0005827229061638644
0.0004798970137901079
0.00043151078327557344
0.00042218243846758137
0.0004204232482401472
0.0003873100485965505
0.00044443042188012887
0.00041568779593432076
0.00044020720733290873
0.0005978920050516623
0.0005668022783873698
0.000587163523234826
0.0007152983299573712
0.0006058708011199002
0.0005970129637157351
0.0005556968676877674
0.0005471840475688108
0.0004625819293901462
0.000396602343380437
0.0003849146556400593
0.0003214784292701813
0.00035549715843210254
0.00020112551154431108
0.00013156562181944619
9.617833461835502e-05
1.971893343470826e-05
1.5577859336363644e-05
6.113324076531082e-05
7.944284088272789e-05
7.845460496296888e-05
9.382736061525087e-05
0.00010505208227954385
-0.00010594248761798918
-0.00011938877457786064
5.576886521587541e-05
0.0003962827641119009
0.000421867428046293
0.000719915580662298
0.0007033747473340355
0.0007120266844803413
0.0007658785966318999
0.0008109312606234325
0.0007128620985816312
0.0007035648715729526
0.0007940459990124747
0.0006731682356100228
0.0014027101001278077
0.001398731283737265
0.0014076947597220025
0.001656279398891185
0.0016712542826932502
0.0016634402006977344
0.0017008718296920896
0.0017033919887184405
-0.0005046590892505967
-0.0003773295954723726
-0.0005967045161179899
-0.0007641034561806665
-0.0007758080210260231
-0.000754945597152946
-0.0007065571529406357
-0.0007457873686013187
-0.0007742455410134781
-0.00020216773906523886
-4.674891950573706e-06
0.00037084853175801475
0.00039199702010032195
0.0003972352278999803
0.0004281867088658537
0.00046932718630905506
0.00048531633773615443
0.00046774900682732917
0.0005280800019518721
0.0005705268797396986
0.00056372856094337
0.0006341294878447314
-0.0004294425813620589
-0.00020432628901302172
-0.00018700852593941483
-0.00024933540605338357
-0.0002471810036801905
-0.0001979146133875996
-9.110476467607696e-05
7.985850527701491e-05
6.207944434450376e-05
-2.4202165478739906e-05
7.003297756263671e-05
-0.00012256424348800352
-0.00012770713792238178
-0.00020572808389103409
-0.0001831389297186778
-0.00010811250272497748
-0.0001821619729075131
-0.00014558590789439472
-0.0002282440315049548
-0.0002477373000377306
-0.0002530942561372453
-0.00022257897752862242
-0.00010014429144575839
-0.0005090552130924185
-0.00039486734596180166
-0.0002551253080124192
-0.00024997136806930814
-0.00022678249572018837
-0.0002821608597913858
-0.0005075217085088761
-0.00047551702684887133
-0.0004921654388848523
-0.0005223266161920036
-0.0006260093783834981
-0.0007093477129346287
-0.0006669453680163281
-0.0006888094904415919
-0.0007284145579415408
-0.0007460621796724352
-0.0007296212952425938
-2.975649048205149e-05
-7.858856735210738e-05
-1.2551980230804833e-05
-3.2797319830396865e-05
-2.059133914774726e-05
-4.96868893958736e-05
-9.740273270091891e-05
-0.00012657901517638286
-8.102606323217655e-05
-3.3153749103980384e-05
-1.574367068776559e-05
0.0001673920457495887
0.00016729311828385125
0.00016345777987554944
0.00015368255323183449
0.0001607114625738632
0.00015557498661448592
0.0004273635804367423
0.0004697600830115626
-0.0009558384768975416
-0.0009648452531293003
-0.0009568787483599846
-0.0013231991803487678
-0.0013205019656013202
-0.0013500817937407799
-0.0013860649444019282
-0.0013816651749999746
-0.0013799308103523546
-0.0013180066336797457
-0.0013212550175487785
-0.0015773457051737852
-0.0015804683256628084
-0.00157375184300753
-0.0015697308516326276
-0.0014562083272235899
-0.0010407532483795038
-0.0010425868418357147
-0.001033107430740236
-0.0010289201870388774
-0.0009739087479412851
-0.0010491294578847162
-0.0009122894465155121
-0.0008997321717470183
-0.0008603363015108423
-0.000855734176961327
-0.0008438583531387365
-0.00019696201752594756
-0.00017520036979208164
-0.0001505839772660547
-0.00011479614081345802
-1.517932459692067e-06
3.12921696263037e-05
-4.3314887959912615e-06
-8.920341511324068e-06
-0.0001331164749689585
-0.00011298463210004525
-0.00011236323395452525
-0.00013428904318956567
-0.00012478783908222705
0.00014311124762826503
9.4800632254472e-07
2.293388456778431e-05
2.6311124133826813e-05
-1.269847475484745e-05
4.124107250187724e-06
4.912288784699928e-06
-0.00011467556192027233
-0.00017022649495629564
-0.0001686421109203095
-0.00017075166452888924
-0.0001867259018293156
-0.000229953441783569
-0.0002309986049526326
-0.00022450051977973703
-0.0003397996357986799
-0.00037104421304926866
-0.0004011059235800599
-0.0004021343787039155
-0.0003528221275571141
-0.00034381627176942846
-0.0003407536723198761
-0.00034350138787330576
-0.00031622596877294923
-0.00025062021712586125
-0.00023299726459374002
-0.00023522023476016044
-0.00027076337893197676
-0.0002454117176492453
-0.0002443313470062854
-0.00020205522343494183
-5.4949752770828357e-05
-5.0183434040521566e-05
0.00018738249011221366
0.00020648092071693603
0.00020016068738600167
0.00010251341791702831
0.00011855269490631382
0.00013622890358125085
0.00013069731335491207
0.0001264964523231183
0.00011672379050092337
0.0003875596921615018
8.530380625112864e-05
8.003956469700125e-05
4.8822975394770386e-05
4.043109839578434e-06
2.3092290295888234e-05
2.6940482238799054e-05
0.00013482945143322163
0.000205258602135763
0.0002237946198123533
0.00026106338899189557
0.000286556117655867
0.00029723728986000774
0.00028601359890574265
0.00020078761402368402
0.00021315765944773357
0.0001427243699048028
0.00014261163482358935
0.0001318719704051515
0.0001282801476244697
0.0001322863904593729
0.00011995188950478301
0.00016703300451596478
0.00023810478931561715
0.00020450841664417505
6.249405133000165e-05
-1.127911697961237e-05
0.00020977339132853643
0.000199246196319483
0.0001824490496501409
0.00019707345080296817
0.0003388617773732854
0.0003848649726686657
0.0003571773901540488
0.0003419745271249664
0.00033510886118312994
0.00033824201741423855
0.0003435660214517611
0.00012401594104546215
0.00012791656895822087
-0.0004472925780797057
-0.00044755480679668785
-0.0005169230976286851
-0.0005048557681247844
-0.000542461776971746
-0.0005493223880056579
-0.0005484986314974018
-0.000555332197879843
-0.0006067162266889803
-0.0005788910117617508
-0.0005435361658371831
-0.0005721044233146902
-0.0005722768488304668
-0.000525739076639863
-0.0005568578583604118
-0.00046767040983881127
-0.0004893029702466862
-0.000489835594547772
-0.000480599599419026
-0.0004900833120274087
-0.0004955414820123215
-0.0005003110967663809
-0.0005037287401936602
-0.0004977426033982088
-0.0004926636614956463
-0.00038520037572386596
-0.00038708931593539337
-0.00039371668719869585
-0.0005392406638775753
-0.0006498066592268218
-0.000646762606236157
-0.0006438359281631602
-0.0005871285964472033
-0.000591693090242457
-0.0005997857045806781
-0.0005524767903107575
-0.0005483615543156717
-0.0005138764849140616
-0.0005302303544429734
-0.0005316776536280425
-0.0005288831085296275
-0.0005330418550577378
-0.0005370055875167308
-0.0005125944926928905
-0.0005020712999201008
-0.0005227626090247108
-0.0005204518766925935
-0.000496107459690441
-0.0006699090131517582
-0.0006540553930887776
-0.0006510476236881625
-0.0006491537014921447
-0.0006496869562421671
-0.0006520419123970672
-0.0006059567312416758
-0.00060446083834864
-0.0005873837619399451
-0.0007037321214451552
-0.0006914358172983208
-0.0006911258836317239
-0.0006940247534467602
-0.0006682549476586834
-0.0006703931581547909
-0.0006876642366076736
-0.0006912317595510742
-0.0006150919873640487
-0.0006084483256907777
-0.0006208922703846106
-0.000620214793291037
-0.0006196107175423804
-0.0005718257875266869
-0.0004870591266421309
-0.00042606074526555486
-0.0004228997067295521
-0.0004212807991287674
-0.000420146303801288
-0.00043533103280137003
-0.00042758587176863554
-0.00034748408459571087
-0.00025544388235666424
-0.0002570676655663632
-0.00022810801101513746
-0.00023038218628877459
-0.0002548539216368826
-0.00028375923901957303
-0.0002655814980454489
-0.00026702590358141076
-0.0002678287727363047
-0.0002752443293797506
-0.00027379559371004897
-0.0002692215404307069
-0.0002833347867079055
-0.00024631446321203673
-0.0002455850794276774
-0.00019688969609657215
-0.00021501153156416717
-0.00013840273737018375
-0.0001286388908063654
-0.0001361216330313788
-0.00013996654125954347
-0.00011876784600406084
-0.00011993102551787114
-0.00013108600586622036
-7.8811885438167e-05
-7.016775456917191e-05
-0.00010249945657888552
-9.419670761309261e-05
8.512485079055977e-05
8.057026529277827e-05
7.33358589402958e-05
7.175156688944376e-05
7.296822792234163e-05
7.408459975776979e-05
7.209811465713799e-05
7.334144105322404e-05
7.132511586064138e-05
6.51152156015356e-05
6.899029012997822e-05
7.068998601068776e-05
0.00010561494071429465
8.391025245682286e-05
8.254785915106898e-05
8.137939594915775e-05
6.909120839175727e-05
7.09870964679141e-05
6.872713881858508e-05
3.226651779619928e-05
3.1771500337738307e-05
3.550699826964417e-05
2.7331781948857037e-05
3.3368262282303714e-05
0.00019841798540547458
0.00016980731447416758
0.0002167305332600647
0.00021535493550327685
0.000283737348561343
0.000284926285999871
0.0002658743534125079
0.00026436589867027526
0.00026536293211609487
0.00025221880378265574
0.00019767022324096518
0.0002089759649415358
0.00019833712482685776
0.00035356011486725497
0.0003510215237838569
0.00035419898495343
0.0003354664372886627
0.0003230990424315523
0.00032514154762972914
0.00032686210318658555
0.00031898043790451214
0.00035269923938967393
0.0003601903976021387
0.0003845256720741148
0.00038085903799865744
0.00037237618738357535
0.0003623141458139948
0.0003046177595053743
0.00022449832688975388
0.00022962084388875246
0.00024505434822848324
0.00031461807335361747
0.0002959380068735878
0.00024285246294486468
0.0002492750180676314
0.0002511381498739887
0.0002499783311146991
0.0002825690165545625
0.0002700193002914299
0.00027006769313244594
0.0002679927371086949
0.0002764366914647849
0.00048468141293298115
0.00047757882889186323
0.00046325436914347823
0.00046196983666564183
0.00045488537120440465
0.00044986978763402965
0.00045104057611261176
0.0004419462559990017
0.0004812179481036613
0.0004060935069668223
0.00040534246648714654
0.0003959744514024456
0.0004318824762216143
0.00040395958145133187
0.0004009436086394731
0.0003169776438564873
0.00030117894879813184
0.00030060358223361476
0.00029944040066704706
0.0002970108459033896
0.0003006077742021586
0.0002913501024918406
0.0003081958530069355
0.0003135848931279507
0.000318183311286239
0.00035746494882195676
0.0003248497222341526
0.00032679108768322217
0.0003265100687470601
0.0003227498050129816
0.00031768018002714687
0.0004159094833160382
0.0003154486740996374
0.00031782906350471917
0.00031535524005460723
0.00031957278709745157
0.00041086550682896514
0.0014830058478224224
0.0014889429141118455
0.001481961270008517
0.0014501705803197746
0.0014664715029288628
0.0015252066021732055
0.001523118325020755
0.0015144784238027692
0.0015155244668654355
0.0015276136879114482
0.001517381774572286
0.0015147923222450066
0.0014877916838045445
0.0013608665511923943
0.0013618902397644005
0.001358288003244432
0.0013284507605247208
0.0013350150855696997
0.0013221754476931578
0.0013294704587482054
0.0013218081206644468
0.0013523742832827375
0.0013659846655863588
0.0013553376033824077
0.0012069763772970877
0.0012077801005748823
0.0012354246409441256
0.0012350569107773305
0.0011708342214919096
0.0011903626841914827
0.0011849573638300376
0.001147669739566482
0.001137333317945295
0.0011352832225384197
0.001120446668657175
0.0011188492381107213
0.0011339247367947636
0.001138795520102926
0.0011390747918176632
0.0011582858318388957
0.0011945211767410587
0.0011922062170476875
0.0011856583420604978
0.0007257988587867452
0.0007286062300102549
0.0007267569671744568
0.0007290047442785806
0.0006940315331409768
0.0006995437129615436
0.0007011461559358262
0.0007027389165187159
0.0006906126003631286
0.0007153491427683042
0.0007255818022452331
0.0007253917145102432
0.0007067016856334634
0.0007117547391987365
0.0007113636092981331
0.0007099289531457193
0.0007196488909330644
0.000731573061958744
0.0007332843992035537
0.0007285055816406044
0.0007297643872204527
0.0007278486415740375
0.0007247597022581084
0.000715836683693515
0.0006991310384639093
0.0007085401969882728
0.0005763990219986721
0.0006866133653106851
0.0006824449500366914
0.0006819097052117002
0.000697170421141446
0.0006875233223343389
0.0004929439396592683
0.00045853072686467594
0.00045936452344490334
0.00045495829278070456
0.00045050503480482365
0.0004514383501626679
0.00033466226874304074
0.00034423413951463445
0.0003275696433911701
0.00032414843431273493
0.00032583658583630013
0.0003258272843425359
0.00032663826708415625
0.00034002344201016963
0.0003350642495164863
0.00033717998407563967
0.0004119796086784587
0.0004149641833429528
0.00041633028792584877
0.00043352593352010023
0.00043927696560786006
0.0004343811698763217
0.0004411382143001177
0.0008722273684340588
0.0008566080378240245
0.0008268902597213968
0.0008317117728899616
0.0008215467744286185
0.0008323936057463423
0.0008333359760814186
0.0008431143665517336
0.0008879855413957001
0.0008858864227919218
0.0008781702356166866
0.0008782151421972406
0.000872157359266167
0.0008718848337998178
0.0008718223436867974
0.0008775306421114713
0.0008701931021094485
0.0009451107806908819
0.0011798116472822714
0.001180316868471303
0.00115025546727606
0.001150082629664922
0.001145609688779994
0.0011449438552866532
0.001142083688359772
0.0011423483129213523
0.0011435486833291139
0.001146548949408838
0.0011350450957697655
0.001156524854670115
0.0011435095899630335
0.0012420800619498081
0.0012379372449505437
0.0011726019697537579
0.0011719567455742868
0.0011594676709720732
0.0011594236134203637
0.0011587163234478175
0.0011529820685621808
0.0011573657932227495
0.0011588939332881378
0.001174462957497261
0.0011817080565048725
0.0011800466721955073
0.0011491645445700584
0.0011549135876347026
0.0011402378138974144
0.0011376191821243914
0.0011339158680527448
0.0011441470305918891
0.0011749605152185747
0.0011642298426268393
0.0011664967348124858
0.0011655930813025126
0.0011689501491227805
0.001168574115667515
0.0011662424491736118
0.0011523752946041516
0.0011471292062196887
0.0011286682327470675
0.0011323528911695597
0.0011162328134635884
0.001138884962061954
0.0011389387930613385
0.0011255327703436698
0.0011231084850721119
0.0011238204573210642
0.0011304505258508026
0.001127499062154864
0.0011199872718224454
0.0011413172182930882
0.0010262296607572439
0.0010169743835900364
0.0010175905508684746
0.0009238067759864553
0.000921090082016827
0.0009272391762537475
0.0008620167705625405
0.0008688174802468873
0.0008680755539477929
0.0008632106602732149
0.0008536353689954663
0.0008207988094657087
0.0008189875503215074
0.0008105160292092595
0.000809203412162871
0.0008915392386330378
0.0008932492126024836
0.000994694126135108
0.0010853195104646518
0.0010891624775762213
0.0010891507380914223
0.0011627310090903747
0.0011555124146434544
0.001157306887203748
0.0011751838878502304
0.0011870339178837726
0.0011848838620250692
0.0011821323196781134
0.0013013503806315722
0.0013004394319426917
0.001298995222013858
0.0012960723171991156
0.0013197809165842365
0.0013262602724655999
0.0013553113718005306
0.0013728228463070489
0.0013716388148213034
0.0013775420389988073
0.00137623655650803
0.0013789971180212027
0.0013766769171015864
0.0013721994358995909
0.0013689865940073
0.0013505634417677707
0.0013515432095975131
0.0012960263619979935
0.0012875024426339404
0.001274100661993902
0.0012810589730243211
0.0012912184977896927
0.0012888346886697313
0.0013002436399364072
0.0012935409663737396
0.0014727345474139161
0.0014714049264057396
0.001470053246121665
0.0014683141592632908
0.0014474483841052839
0.0015569104762455733
0.0015538956661308918
0.0015345496515156358
0.0015374932312249808
0.0015299334455318916
0.0015279584460346112
0.0015256358021097378
0.00151825188844526
0.001516012377738075
0.0015152288969508341
0.0015068059025947981
0.001517141537431989
0.0015082694584085607
0.0015092978656032253
0.0015167249338735604
0.0015047744958948497
0.0015027992691367287
0.0014038679242967423
0.0014231916291856496
0.0014250280019147755
0.0014157546335477956
0.0014150889505380368
0.0014201791128579202
0.0014172207708076142
0.0014169547477565147
0.001413245538375221
0.0014119769389728423
0.0014126154923168636
0.0019024200235064734
0.0019275455045375182
0.0019240292881172647
0.0019742627667254818
0.001960563699947267
0.001961803491784219
0.0019470325760956814
0.001990902276505046
0.0019840966378144513
0.0019942815638423856
0.001991751070672595
0.001986778061520972
0.001972110830590932
0.0019353007785202028
0.0019339323727498058
0.0019401364368064717
0.0019347313997389952
0.001929842171058502
0.0019034329754314388
0.00190560254532359
0.0019074694863532398
0.001907924043838759
0.0018935782085973006
0.001886743120274929
0.002153649343535442
0.0021596137780510974
0.0021576751249330886
0.0021567624176787844
0.002153384402233635
0.00215233708760836
0.0021518503599916045
0.002148826898146528
0.0021369953799908847
0.0021314922726975005
0.002138999995430292
0.00213572573809544
0.002138266767869935
0.0021302056092373264
0.0021234637879831817
0.002120571564045653
0.002211461606386154
0.0022122854841081924
0.0022184348950723
0.002218784148399377
0.002225552328700318
0.002236901263082557
0.0022293485957741526
0.0022307170262391806
0.001943391122375414
0.001944156589631325
0.0019443121452183297
0.0019366738387247364
0.0019347170845476543
0.001897912416198988
0.0018969306451440183
0.0018891254213991506
0.0018829579765778067
0.0018098198468995338
0.0018098196393080137
0.0018104580361710113
0.0018075058584357746
0.0018061525810264486
0.0018025517652921822
0.0017948523656237288
0.0017977735064960126
0.0017874924670680547
0.0017970180159130476
0.0017946981439332156
0.0017916245650093587
0.0017942899715591809
0.0017911323477351785
0.0017982988214440235
0.00179908119045851
0.0017964679336359432
0.0017286750345039345
0.0019814104014389943
0.00197723050661536
0.0019775011477771464
0.0019769733446194666
0.001989513125114684
0.001982049773903133
0.001985950502964282
0.0019905567553907618
0.0019853985441364024
0.0019862287318048325
0.001989147334963251
0.001998019862114327
0.001993369514377346
0.0019902521915722295
0.0019921889105634074
0.001990620034544378
0.0019866917364168846
0.0019897669260435145
0.0020569255331181055
0.0020497602196649675
0.002045388740786142
0.002019490296167228
0.0020190222753735405
0.0020199610989570086
0.0020158845078697423
0.002014686116945462
0.0020077725743465934
0.002003046158185024
0.001995086727843613
0.00199276489009448
0.0019802123014470343
0.0019801933264519444
0.001989855521553853
0.0019944751051590155
0.0019757312540552847
0.001974223563256955
0.0019855575150219146
0.0019834209046405062
0.0019820482047717253
0.0019786827928670644
0.001981664201415589
0.0019808096781626047
0.0019854276656453467
0.001979927359663482
0.001972567259646324
0.001968064311006494
0.0019597209135672027
0.0019565052528914993
0.0019546683294656845
0.0019520379904169084
0.001946550322501992
0.0019313825824564899
0.0019292666504527733
0.0019275826460421568
0.001932824370898527
0.0019319535965975742
0.0019300211345804413
0.0019286668800147992
0.001928928318894863
0.0019325993176491235
0.0019343453594254452
0.0019309741814722658
0.001928733330107814
