0.029079515486955643
0.03372271607319514
0.028900227742269635
0.061177849210798746
0.04962349077686668
0.047495423816144466
0.04185212010634132
0.0311661451899757
0.027093104203231633
0.025378352644937957
0.02237685608755176
0.021838820199123945
0.020673450797663206
0.019309216473872466
0.020932889761752452
0.0201512486263014
0.019636900668653354
0.019691124840296417
0.01940054249716923
0.01887078959095691
0.018168122158385817
0.01751564741742028
0.016191589830365657
0.015883843069896108
0.023191199055872865
0.024008812512167632
0.021417237743402706
0.020848797048153043
0.019682922299640884
0.01877884572041372
0.01637176429358079
0.019509228842445853
0.02020424609209466
0.024140063400513362
0.02279497159826052
0.022535112680162533
0.02077001217434085
0.019913212963356044
0.01958950734115206
0.033346242788134195
0.03215063402673142
0.03142696193982523
0.030478408893527976
0.03154801725823846
0.030943923067989883
0.030398100381717086
0.021761836876976304
0.019561022296737954
0.019489885536022482
0.019279729908186136
0.01886105639949584
0.019535129806378258
0.02475141032374705
0.024633071355691007
0.02434103186325436
0.024861183495407824
0.023968120478896487
0.023868892961418475
0.02347154980525374
0.02295469056020994
0.022979006651909117
0.022136064334994265
0.01873199787223711
0.01911597194579931
0.018542611915053738
0.017738193384747
0.017741769278312426
0.01828200213503146
0.017859688002083977
0.01672259101670392
0.016786248707729903
0.01660062240640798
0.016216790737785595
0.01607964400822917
0.01852027919314997
0.018174350158879887
0.016877029371710532
0.016827823022451196
0.016955015872372307
0.016848203881333262
0.016774650555240297
0.01685801626979765
0.01675208067587975
0.016649123462026603
0.01686127072871597
0.01632228391459104
0.016358424957037303
0.015933612220282296
0.015892237274804044
0.015529052809822357
0.015522802628212318
0.014673939770868701
0.014567447063374385
0.013651979979323704
0.013971370635166134
0.013723646156182599
0.013712801400343972
0.013682935292823136
0.013839667700231064
0.014965140694143737
0.014880482700890759
0.014508112803897221
0.01648374973760487
0.016342098438846202
0.016046662792950014
0.016035882830097565
0.015356209219640319
0.015262662198121113
0.015145608067343174
0.015468994268795116
0.014195232016001157
0.014564586090401996
0.014662579857956676
0.015253898675513002
0.015297762499640464
0.015015244639168177
0.01428428440260053
0.014282094029036635
0.014407042379025365
0.014246746701426984
0.014203139538800369
0.014177493474680955
0.01430610110307292
0.014270622815936797
0.014066984097192441
0.013980265459280425
0.013671933602381607
0.013456455036607931
0.013308853750976799
0.013185390756458379
0.013400635253426357
0.013193008281584625
0.013076427436100116
0.013255660403174926
0.013262450155760976
0.012988005195452016
0.013074487213220819
0.015290944677904886
0.014516472053115383
0.013967639728654037
0.014353876154620561
0.01396759675809188
0.014064997261609978
0.013975914794919555
0.01387259594726133
0.013724533248642057
0.013398813237939523
0.013487121468447388
0.013447144655510772
0.012832600725136242
0.012715401903015403
0.012451710718154313
0.012433995223640418
0.012198086284221171
0.012157666601407787
0.012244920972971961
0.012087459561025974
0.011932503973842596
0.011835238771163851
0.011895423387726818
0.011853343292633867
0.011563704449089201
0.011573925032280377
0.011575889810355315
0.011502268159248668
0.011535832464965442
0.012105119876477615
0.012048934566025123
0.01337654288919806
0.013202252058783396
0.013658739113706415
0.013688185641533993
0.013442422730658172
0.013560042026386188
0.013590722880921507
0.013291486772106119
0.014987774472225844
0.0150064793405612
0.0149921188716285
0.01431037715760969
0.0142522095782544
0.014193579477265645
0.01409158657169545
0.01596561650072248
0.016129549671908303
0.015960551025457962
0.01601464999251393
0.016009662053042703
0.016054507755784694
0.016052499675881883
0.01614173584099867
0.01606245371307983
0.016110656049088123
0.016197778910804428
0.016305771100985782
0.01619165932090696
0.016180431560232203
0.016103625445551776
0.016130064752069285
0.016141022975436067
0.016067332931042698
0.0159683564484
0.01594979613825367
0.017029801285371352
0.016913907387117545
0.016778176427134955
0.016675574227589925
0.016534681571758917
0.01643333474695238
0.01628183561732541
0.016212895597146705
0.016142275775760887
0.015995874549436292
0.015830804911160526
0.015702594305535215
0.015617666904458309
0.015566353148934549
0.015423823327685111
0.01533631692132488
0.015139574450503906
0.015118726873183027
0.014930649063311876
0.014564534690829783
0.01442242971724933
0.014335885172116402
0.014344524877301779
0.014093904337322884
0.014076512077148164
0.014113557450068377
0.014325169626687891
0.01401956705175789
0.013947843215248416
0.014005418362406385
0.013952576886228417
0.01388615795008648
0.013674715044613496
0.013655138595280144
0.013355515907015877
0.013385620001160222
0.013196026158607963
0.01307951783076359
0.013213990058811229
0.01308675858642539
0.012958280759274346
0.01301966482069252
0.012991002653367239
0.012812697090163461
0.012765414432162435
0.012716368461959058
0.012667008834256529
0.012608159957120987
0.012580066432499067
0.0125765648338665
0.012521292892850784
0.012299023025661876
0.01222385840530322
0.012402803446671582
0.012368040766142679
0.01230991379751895
0.012255311237070063
0.012224683388783273
0.012617131950114158
0.01255165297841427
0.012479081614610716
0.012582183141555436
0.012794969015674527
0.012775647476551799
0.012746643416971296
0.013192629224310314
0.013152240703356658
0.01313467736027258
0.013123986236205247
0.013089595734733186
0.013056707038459448
0.013434569832220992
0.013424175709069092
0.013395824980513327
0.013062672798044465
0.01329235277038865
0.01326490343909617
0.0132493037740363
0.013343562334183556
0.01337982630062008
0.013372811938129487
0.013295036882253263
0.01327737770448941
0.013279002255229789
0.012968662074061301
0.01297900412584943
0.012953463492153323
0.012853236669636232
0.012786478358845346
0.012740105964705895
0.012592707010049173
0.01249871398967287
0.012777737856870789
0.012766038740347534
0.012706513022131782
0.012707813646799562
0.012742640374017946
0.012742045373248774
0.012684120351706829
0.012611240841674996
0.012528193953492833
0.012661398812258006
0.01264439954373875
0.012641906303613639
0.012518212597811142
0.012272635475552119
0.012232890999816061
0.012153358563246458
0.01219299846862891
0.01219067017578928
0.012163129230473356
0.012174377731074083
0.012156503256307521
0.012143650653394244
0.012205019399456575
0.012034833785219223
0.012203986241882568
0.012052492492019493
0.012044610866870222
0.012001216365958632
0.011953271017409848
0.011937749155359957
0.01185108477496099
0.011724062695909027
0.011696243306585094
0.011565673671959122
0.011512011595230727
0.01149657945862566
0.01145729375199075
0.011484403237435551
0.01142708896485559
0.011398691918570646
0.011424836281546065
0.011421280980906463
0.011390229951862264
0.011305175147443886
0.011274942658811554
0.011254225769393372
0.011259984229446943
0.011215684486371669
0.011078065445147226
0.011028934488506338
0.01102478337649963
0.01100619302978256
0.010980220092927494
0.01095439591877427
0.010931763296848696
0.01089507010824903
0.010889020850341068
0.010749257647492882
0.010780185942774178
0.010754030079808427
0.010716490915465135
0.01063539684384633
0.010603675176130077
0.010666779975549096
0.010754325980168348
0.01074138156476671
0.010738876233577775
0.010719799443345071
0.010738400580705932
0.01069287107296826
0.010556661875662189
0.010544470519285492
0.010526751859938876
0.010495908138329601
0.010439118443526353
0.010378883007766104
0.01036476776479485
0.010292650127277902
0.010228311917744566
0.010226579094763854
0.010210572181464673
0.01017421779990264
0.010152154703167472
0.010181490837069412
0.009833263497606513
0.009724053613054041
0.009686253687996629
0.010231397711625796
0.010132099794792362
0.010112095079227904
0.010101937541187048
0.01004096060017958
0.010013813064176251
0.009988812985083745
0.009969173881607571
0.009994148567636077
0.009966707983618216
0.010012628584757417
0.009951404831961634
0.010029420859563726
0.010011719713064944
0.009991037116465545
0.010070481792764544
0.010044982570107084
0.010045470725024978
0.010013415170624955
0.009999293224451589
0.009945203652167408
0.009938809785554982
0.009917619215780998
0.009907129309620673
0.009895895889391841
0.009886465496201435
0.00985725395659711
0.009820445771827618
0.009840934209862394
0.00974689673696651
0.009598224300380506
0.009563293264539216
0.009586997994259806
0.009612702745866094
0.009576393125643375
0.009588727675576145
0.009559941655191194
0.009521904213170382
0.009438041230979249
0.00942065348341207
0.009382514049955822
0.0094821913669105
0.009472681141399427
0.009606995798409668
0.009628455552531444
0.00954006213042451
0.00951816972485895
0.009489834336174995
0.009451530892639079
0.009421416374964442
0.009337729241694693
0.009371829653244427
0.009401838952534484
0.009345435466536364
0.009323725151270206
0.009286573082198029
0.009281309345599521
0.009295322717686953
0.00936021691907779
0.00931787957636005
0.009342267556348819
0.009353814858765335
0.009362486899765671
0.00898807002747144
0.008997032132746038
0.00898123076076688
0.008952873897893976
0.008856950631569618
0.008805104078306711
0.008812658180622488
0.00879374108741897
0.008888584130013793
0.00886362870177867
0.008852287259562193
0.008814403159680118
0.00873566381425307
0.008730423546386078
0.008721888186298963
0.008689556911626022
0.008668645868152306
0.00867847264076961
0.008643960963524084
0.008621347693140853
0.008614872059509627
0.00854472477863639
0.008505577116019172
0.008539628857459403
0.008497882359305247
0.008510070456087326
0.008493587748299163
0.008464568726352975
0.008516770722344523
0.008368811933538967
0.008353786677731288
0.00831826265987056
0.008309583609344322
0.008282594184856867
0.00857561927776699
0.00886462516387098
0.00888093969327693
0.008894676700511504
0.008862788617111669
0.00884100572141884
0.008805273242487938
0.008590189518920361
0.00858047805990308
0.00865898596393705
0.008646111717483678
0.008588041362733148
0.008740895715141651
0.0087485616437069
0.008691984353201333
0.008709331386912269
0.008683415932976219
0.008635831150800423
0.008722075396721327
0.00869572450243868
0.008680237891215704
0.008618054435629234
0.008664458144870891
0.009209853832587777
0.00890738634982764
0.008745372235561488
0.0087310560284131
0.0076625267514412645
0.007633312960056504
0.007639690254604918
0.007623865471199635
0.00767926037201505
0.007645923017749297
0.007634648967150178
0.007654630715588053
0.0076520896341666115
0.007655980059160081
0.007641166360045578
0.007627724014224417
0.007606873383897787
0.007589948004748021
0.007571390074841906
0.007548437222756488
0.007504691242307908
0.007466936122537369
0.007445625129984444
0.0074714863795673995
0.007455413708212842
0.007426807676690203
0.007406370107629248
0.007381094076360265
0.007342721451567556
0.007334682303716692
0.007318541226639981
0.0073227068361451965
0.007319414211044421
0.007316726592440484
0.007331554034852931
0.007279791619977697
0.0072477668622957046
0.007218117085018653
0.007189607547984433
0.007156531888610831
0.007322903319778987
0.007273722865080476
0.007450498498536153
0.007448279600627924
0.007447785772230257
0.007300628542150276
0.007347281574779612
0.0073404260442005665
0.0073325309229245305
0.007329527153103032
0.0072960960888892165
0.007273582059487295
0.007245848202414594
0.007233085910067766
0.007229746497992681
0.007206140054451892
0.007212698511232569
0.007191030632377866
0.007365095540203791
0.0073355089453422005
0.007327081987368855
0.007351971307276968
0.007325012319157303
0.00735673778473787
0.006798991353079284
0.006752966407259681
0.006772134015224299
0.006771160137194129
0.006756727793793292
0.00677661029675798
0.006849352557600298
0.006842821451035609
0.006841690564973151
0.0067108192036119604
0.0066707036772659855
0.006730318195775666
0.00675614881896261
0.006844267740466176
0.006832479970592481
0.0068545063796727115
0.006844919580419638
0.006820667442382096
0.006831745022350408
0.006833161174700859
0.006842522042121208
0.006771084594436333
0.006775103791634614
0.0067868265910834445
0.006792404480890851
0.006784091711495444
0.006771051332400404
0.006743359789222931
0.0067117259968654235
0.0067125534451269436
0.006700295400947882
0.006693424483287366
0.006688717557553899
0.006701779457712979
0.006549248924029085
0.006524735723885091
0.006504247605383153
0.006480480867971028
0.006483581057404286
0.006312303581511714
0.0062426183557794225
0.006156643524229579
0.006253611747238434
0.006113143932387164
0.005804949469403654
0.005867916062524768
0.005842843440754556
0.005834636804732927
0.005833305732255225
0.005842366294357609
0.0058515037848967544
0.006092174009576829
0.006102896927181828
0.006072630994098754
0.006069373316253189
0.006058588934238974
0.0060604185632072574
0.006036451708571986
0.0060355454652526305
0.006043399843854081
0.005953225889289529
0.0059438673255129285
0.0059254567110670784
0.005943388994124521
0.0059288986009465305
0.005801841033404503
0.005798112282047285
0.0058382424472292185
0.005902858056871544
0.005898352635772517
0.005883158702207334
0.005925025162168636
0.005974383763668809
0.005973598978788388
0.005933320787479604
0.005960649049731874
0.005956431584834389
0.005971975350353592
0.005922209932935573
0.00591363707391604
0.0059139968454676095
0.0059049558618700735
0.00588232463006324
0.005851774974989012
0.005857085125573317
0.005837733266833429
0.005845309544127897
0.005847086597417075
0.005838787627486985
0.005833699051076346
0.005835548813883312
0.005881292064953664
0.005867288266546726
0.005852297235816734
0.005842958176337966
0.005823697442802364
0.005805910612954069
0.005797217941372058
0.005783471891993176
0.005848261342665619
0.0058661554807160595
0.005852215593743034
0.005829719965886531
0.005894979870392025
0.005789657944140863
0.005813424723500655
0.0057947144235911945
0.005825320225924734
0.00580365396515134
0.0058096651310026145
0.005791625075595474
0.0057779778050452806
0.005766911586525723
0.005769476260627151
0.005765395595026718
0.005743601079510336
0.005706716020758688
0.0057026830083354045
0.005685034547699951
0.005670789698654987
0.005687466802555713
0.005684389278226079
0.005672720375266663
0.005660118506815314
0.005694039885957002
0.005702266199431951
0.005687289359945442
0.005739471939410808
0.0057212382390002545
0.005490314584835715
0.005484581102687463
0.005477286270146423
0.0054908965286449484
0.005482423450681875
0.00548199670547002
0.0054867549806917335
0.0054862656523007175
0.005468062156809699
0.005425531236366125
0.005432040146030045
0.005425751359012211
0.005411254531499952
0.0053966233911382925
0.00547899500316738
0.005482667583370186
0.0054805809577654595
0.005496851986211182
0.005504124584059076
0.005497208474714151
0.005489458081842106
0.005489137135846549
0.005452327024130411
0.005441656941507564
0.005357646103003788
0.005340090379403665
0.005299763168511975
0.00532832054754311
0.005295510530303196
0.0052303436023267156
0.005211802852137314
0.005205233786490188
0.005622658536624766
0.005607286823254828
0.005597753165327659
0.005538385486555642
0.005503717696001639
0.005499110640683564
0.00527914894256126
0.005253558816271515
0.005252521110215541
0.005229575328992962
0.005232203838562575
0.00524117322996529
0.005427731682228138
0.005421760859590139
0.005406337192093745
0.0054016738479643394
0.005411936041247411
0.005403217992952264
0.005353548566315513
0.005332856848491989
0.005323379932775612
0.005330818286126788
0.005351169290882626
0.005344051059589044
0.005331941205563869
0.005332925161110565
0.005338198146960136
0.0053327324402209966
0.005341938993414676
0.005328859664039934
0.005320340175755575
0.005314967730258727
0.00534115665917023
0.005372613600418254
0.00534737656157077
0.005330718663472047
0.0053370217358605235
0.0053277121021764315
0.0052768367119458304
0.005278326820454521
0.005280000368647597
0.005254499220203115
0.005241930175803051
0.005230778872559918
0.005217127329337064
0.0052037611504091984
0.005178933647994493
0.005195146032569141
0.005184383901335633
0.005157812146832365
0.00514092671786392
0.005139979494113225
0.005115555703934228
0.005127533064710627
0.0051048072872342636
0.005070491584291983
0.005064385966434896
0.005063646655056078
0.005050469476445914
0.00505351120988551
0.005058663741590132
0.00503229828852765
0.0050317394712662555
0.005037374070304916
0.00505381250422369
0.0050610240072118074
0.005052507638897592
0.00503379342924416
0.005088984934179873
0.005096096268314972
0.005042894731180447
0.005009896087613013
0.005010726146050291
0.0050042418365240735
0.004993454747852736
0.004957825409771759
0.004939148372425319
0.0049384793457814885
0.0049320225093713935
0.004934696514166066
0.004927832515654411
0.0049758183572622405
0.004990993531381493
0.004981563805441628
0.00498445377853953
0.00497345534176594
0.004981781033037707
0.004966235205275175
0.004965939045326002
0.004968966902021605
0.0049657353698017255
0.005031308995257413
0.005034264780678268
0.005013739038818205
0.005008693999023246
0.005001279378491531
0.0049989424899545
0.004979116778411183
0.004912670011942677
0.004896168135282871
0.004895865079654441
0.004854935488953948
0.004848349783657829
0.004842958912691894
0.004842022837312679
0.00483258895148725
0.00482349503589487
0.00482448631641761
0.004842730613280442
0.004807433607283173
0.004805929060625485
0.004806894862052836
0.0048028324343035375
0.0047872244058474915
0.004785239256907102
0.004769604860674486
0.0047717238915188625
0.004798659079549357
0.004247426835058909
0.004236816378733972
0.004228568229832802
0.0042089911592398345
0.0041308099737149525
0.004125407149356911
0.004116724440788384
0.004137125863104486
0.004115008802543941
0.004115906027878717
0.004164712572661296
0.004157613829207834
0.0041447870591012955
0.004130630047151242
0.004117081819406928
0.00411672461566568
0.004114777863996646
0.004117874613863628
0.004113089843253426
0.004111959422688755
0.004095579685600077
0.004075346157390114
0.004071106712736554
0.0040662763866424635
0.004064742545918031
0.004072222410762092
0.004064997343025367
0.004044160867686376
0.0040390743214770075
0.0040526240368370485
0.004049951953777857
0.004069124114901729
0.004062237971146039
0.004049919727483276
0.004043509047222084
0.004041363191545375
0.004002709842367688
0.0040232086515584005
0.004016345913198348
0.003994133551728554
0.003991460627201615
0.004004156316679309
0.0040043217923698545
0.004000372083051902
0.003991160932437051
0.003987896553190598
0.004023721193934372
0.004023501795864509
0.004028525593165077
0.004037520431925906
0.00403268981196501
0.004040305996116638
0.004046998285865605
0.004042455144226549
0.004031061068214432
0.004030450700499329
0.004039909123367774
0.004008119540552778
0.004004331167468293
0.003999042774192886
0.0039909693113165685
0.003988819670687028
0.0040160007938758995
0.004006988024032047
0.003992748591930292
0.003988609374796952
0.0039859751954997025
0.004119580339271514
0.004129403298008226
0.004099004822386644
0.004066369696108939
0.004043453445806202
0.004063318662651454
0.004033925090460912
0.004029364872359273
0.004002745736199942
0.004003772959261947
0.004015383821822904
0.004019659347014145
0.004024217291632019
0.004022701086510097
0.00401611090355486
0.00397086496492727
0.003967766164519109
0.0039792679498201165
0.003975921651923549
0.0039703049841097295
0.003959344554833597
0.003968228154160814
0.003967895909771218
0.003950302605330839
0.0039481105241822205
0.003953751446433752
0.003949461511496951
0.00394885342119044
0.003947403256461251
0.003938350965994987
0.003934523567380177
0.003976648493210111
0.003956586507592483
0.0039560303829571306
0.003967331527271004
0.00396861016516615
0.003976755611694987
0.003970203245376374
0.00396330653632908
0.003969742595886007
0.003970415438709331
0.003966314537858728
0.003961061315646496
0.003937283010330459
0.003892855344597273
0.003878760411974551
0.0038782221586719304
0.0038730691177135054
0.003864210072139467
0.0038575799205119283
0.0038332083942382456
0.0037901031603982944
0.0037747073133545792
0.0037745333675640205
0.003793798240351382
0.003787922935935596
0.003788261350444404
0.0037869032752904748
0.0037797004416562276
0.0037893336542885203
0.003788318127311904
0.003776193606832883
0.003903617710159878
0.003926654892401112
0.003922800406486451
0.003963572343817511
0.0039117876636514705
0.00391229909311007
0.00391077039238721
0.003913024506868402
0.003908405726127133
0.003921581553447416
0.003921914827013342
0.00393384350851651
0.0039300523405273735
0.0038543399043966297
0.0038410249078805582
0.003848283478998591
0.0038408607107055137
0.00383709020228311
0.003829400188646963
0.003827097139287039
0.0038257624658958223
0.0038189149583108197
0.00384734331980903
0.0039016416992742613
0.003892955236973643
0.003897604413355147
