0.2692753076553345
0.176274336874485
0.15289148315787313
0.12467213943600654
0.06754710587362449
0.05802309900588755
0.04970912380667869
0.03942570981517848
0.03651080859126523
0.03280885163059627
0.05765256829909048
0.06091382513001847
0.07027632092025929
0.06648336773893485
0.06233780517504783
0.059885714429101955
0.055968630030595996
0.04934437593175587
0.04766618125722742
0.04582443275111947
0.04972416442416776
0.047663754748140004
0.04780711265145024
0.046236450304277234
0.0428068617117018
0.0482691909333139
0.045464502585153756
0.04128992962570668
0.041541093778020385
0.037812322321828566
0.035647007116494926
0.03479962378641534
0.034162410401383084
0.03363591973071119
0.032949238190970696
0.03218081985235315
0.03190581587841734
0.031243817418073423
0.030648953668423927
0.029132975506732554
0.027716571833783135
0.0275472771771642
0.02705871300316754
0.026892443614390985
0.024541509168161803
0.025538207480109272
0.023297643242888924
0.022486386775533305
0.023329222716856744
0.02319863441573711
0.019921273595313177
0.020524258771471956
0.02048518221730504
0.02087592011190612
0.019700683281241377
0.019108096507312558
0.018481673554372805
0.017855166862087348
0.01717671631874205
0.01653277300886015
0.01644717760181294
0.016408068166735262
0.01589419019910564
0.015590891319040486
0.015652368457240017
0.017477736980376284
0.017380777518744298
0.017208224518454045
0.01759136218544361
0.017291823987403067
0.018180032605111286
0.018414696737524272
0.01792689292798624
0.017628303451153137
0.01834502912549253
0.018017500217145235
0.017927207018380076
0.017498659761327823
0.017182954495365263
0.019200497664752653
0.018950509496612422
0.018293526426170867
0.015162443563375348
0.014937296661767444
0.013580330386270524
0.012830238338377877
0.012755206102156075
0.012638655285811403
0.012669993733935467
0.012842418322759256
0.01322485506914191
0.013149621399490016
0.013093821262257128
0.013198688169206045
0.012865188700137265
0.012319557650792455
0.012322584636347856
0.012194493418615868
0.012519227927550666
0.012709315377518085
0.0157781826861787
0.015853578559330936
0.015610414342238345
0.015111603055681494
0.014993417566589442
0.014696070678514708
0.014957766167181363
0.014507585929262386
0.014444620803591197
0.012511103571317078
0.013231595410616132
0.012883829791510917
0.012777191356004193
0.012798577520753373
0.01251915682323983
0.012343365657262692
0.013720770119847254
0.01354597896893172
0.014377191474583618
0.014166406792596226
0.014309308505006377
0.01405030199538583
0.01415956451279682
0.014053763328120111
0.014143914588549661
0.013997853207438597
0.015419159486555145
0.015562583593102966
0.01472056083416996
0.012849851641164138
0.012092519320448802
0.01231339472500061
0.012207648629989862
0.012189594811449446
0.012396788406048844
0.011977851570984958
0.011867766190941133
0.011832918073955197
0.011798984657174773
0.011544287568024286
0.011286190205948872
0.01153494030159045
0.012161119149014767
0.012008622378624718
0.013921067514137861
0.014263911502195054
0.014439452678669949
0.014399004850111552
0.014250906668603422
0.014147558365177537
0.013951212521581177
0.014046017626860467
0.013947211834148494
0.013747280859388413
0.015088047091222299
0.016971173108211324
0.01654432827085139
0.017350774327931494
0.01743236798720318
0.017176454758809547
0.017265236441385185
0.01726185508640883
0.01712725568696198
0.017027344796665466
0.017025324116960304
0.016818752985665143
0.016854684161704173
0.016596529979297354
0.016535170934409565
0.01649306144780474
0.016289956119794096
0.016374219692785914
0.016285108891449566
0.01606548593179988
0.015973453510179588
0.015832013218718882
0.015994195684756605
0.0160800339858953
0.01611669959157654
0.016093085900409594
0.015966966607195973
0.016010633117297942
0.017312740686579873
0.01935204479157472
0.019246586597830025
0.02268762198179702
0.022954268945118497
0.02282726650542664
0.022824956713808024
0.022721276013302524
0.022209333425053056
0.02135364396118806
0.021447975989599175
0.02173129648197061
0.022104048183810315
0.02213280591676438
0.021987610884043725
0.02203969665084634
0.02194435292331037
0.021765228198141574
0.02199475751615748
0.021868673520818765
0.02164573459395245
0.02134455952668427
0.021239875983085167
0.021054583403691297
0.020980660116317905
0.021048433430332466
0.021217144735246194
0.021256242293899805
0.02103811619530942
0.020949970101150624
0.020143518791203262
0.01964273445069964
0.019551257288117935
0.01972512986236317
0.0196240326793386
0.019786185819919325
0.019841062109282416
0.019883976095646832
0.019767012376850062
0.01965673402423717
0.01952640631290187
0.019715207025615716
0.01969591273196801
0.019610123168628382
0.019630465437282855
0.019536130906371962
0.01939423491946757
0.01933097723576401
0.019338647782080526
0.019241675495006695
0.019355313406979116
0.01911778996947491
0.019011962555373064
0.0189730312112441
0.01907212892186511
0.01902904625716339
0.018841344351252117
0.018717527946303197
0.018612406688296425
0.018840565513199077
0.018772500654270795
0.018456100515976133
0.018272917289241918
0.018278359246323837
0.01824491100711797
0.01816298135297504
0.01829844171210427
0.018311724360149644
0.018980108138965186
0.018614221935120447
0.018577580439491957
0.018499802547226243
0.01851327982632258
0.018373861754277347
0.01803299694173374
0.017936805697640293
0.017681390186156117
0.017628932881387154
0.017685524397096457
0.017634245318534605
0.017558497443160674
0.017429392597965374
0.01734344100281362
0.01704560131583869
0.016991604753144873
0.016966780718014815
0.016823999798712255
0.01680690391837386
0.01678787075396782
0.016769359107719903
0.01663943772472105
0.01656429242284505
0.016504157300242597
0.01597412863170725
0.015949262359119695
0.015878606562039127
0.015890709757565825
0.015593106047512599
0.015540652209325264
0.015459498233672387
0.014878116713102655
0.015016743692154852
0.014702943285002792
0.014744065845807472
0.014718921246589585
0.01466078198359593
0.014674054406802108
0.014334927450097824
0.01426510348835721
0.014132411126454645
0.014089151509163591
0.014231135912675632
0.014467424211476558
0.014581889166782457
0.014483224821127356
0.014473803956803326
0.014606234746606803
0.01464558034955233
0.014564796167648249
0.014561149711490518
0.014521900502634388
0.014567745158870597
0.014590984629857098
0.014543109553183917
0.014505693314276882
0.014938382016169751
0.015087223077247372
0.015055186561635604
0.01501042975542079
0.01493781515250777
0.014900856798414268
0.014868337763260905
0.014810116356174269
0.014749052116365707
0.014626377158435505
0.014737506010461995
0.014674412603426409
0.014626440212627054
0.014511099207276132
0.01457357536425604
0.014528576600702031
0.014509936923456685
0.01448229150947484
0.014393502886099863
0.014360265985776183
0.014303191114044742
0.014269228544038616
0.014241256305725996
0.014048505946722098
0.014032133977153001
0.01409619480210622
0.01405479580276029
0.013991911936327183
0.014094234227822237
0.014112814491314726
0.0141873802778268
0.014165393922431756
0.014152512895743945
0.014095502074173745
0.014067445633773108
0.013995036733789228
0.013983663540557923
0.014022844775475248
0.013924268411711661
0.013866713507933592
0.013819503575774593
0.01366353560426174
0.013598842020194655
0.013590886754214325
0.013526637874098135
0.013432144962711926
0.01341226072772899
0.013431114052284032
0.013642711780650008
0.013638651676681855
0.0135974656114135
0.013508390061785286
0.01344966418723354
0.013389229417711996
0.013379937869930568
0.013325972205795846
0.013286323453282173
0.013338362936337958
0.013324046533687081
0.013408001978780755
0.013394405213091598
0.013407726903844047
0.013429832055663006
0.013412910637075547
0.013453308281486545
0.013416729549222755
0.013532586992291434
0.013504888218255698
0.013465776752851315
0.013397248552888262
0.01338616138101295
0.013232509857909093
0.013240041340686935
0.013167618924920419
0.01321680495606198
0.013206601705443683
0.013079563170171043
0.013042764870790414
0.01306704383871239
0.013072180095947536
0.013049248992508842
0.013128774864964785
0.013099242988957493
0.013065727083887074
0.01301055626296315
0.012979479704761647
0.013157466147868625
0.013131225780494856
0.013155127594182081
0.013081292404353588
0.013084985593744955
0.012976435728087396
0.01295421762930311
0.01293388994970848
0.012899396775145082
0.012841190871245781
0.012825217300826228
0.012793665764037034
0.012654584352705354
0.012621198356439498
0.012681089756245548
0.012662207655695276
0.012636750349793389
0.012623115630490666
0.012603742553246202
0.012518233239628532
0.012438338386990343
0.012416783801025046
0.012402765655157856
0.012638610824626507
0.01280039163581559
0.012753837275314666
0.012746937127377154
0.01272562556581875
0.012771949523364448
0.012750735605979316
0.012795141587643355
0.01272954878429671
0.01257709452225496
0.012613955777086539
0.012611416837865111
0.012592318715415315
0.012608247595897832
0.012677281979247525
0.012649028933200817
0.012701568574799416
0.012746889528653858
0.012520808845267427
0.01245611489530536
0.012418123701175097
0.012355666031806685
0.012358510734636445
0.012331596889451018
0.01230305661932631
0.012365266557108326
0.012226048708472024
0.012287272883774047
0.012269059719624598
0.012237193914953585
0.012223188054284571
0.01219843826941833
0.012195606557555356
0.012170952264052529
0.012222445920627194
0.01228149909214257
0.012263743698578763
0.012299723898036328
0.012183097680718418
0.012165749481634895
0.012126006201672429
0.012162214185042505
0.012143651935500967
0.012166663888068387
0.012220719156821333
0.01337126019395327
0.013339121478660183
0.013324186496182496
0.013264750136376536
0.013157000842887363
0.013286032596446085
0.013248231991643229
0.013214866034197383
0.013216266248306227
0.01319618828356552
0.013127554217792796
0.013111216545539458
0.013084397031956262
0.013135875049204928
0.013138786067902333
0.013011799774808031
0.012992396588868175
0.013007651533098406
0.012986897914739394
0.012893255370848046
0.012852536998169772
0.012822839607079837
0.0127862438641443
0.012736190980954968
0.012693012321160612
0.012662666477197377
0.01273183266498108
0.012712539773825228
0.012636058794576613
0.012589046344989432
0.012558431363208592
0.012509565248545537
0.012935034199317949
0.01280065190149476
0.012732453215652957
0.012636873832312143
0.012594044699879759
0.012563388981885512
0.012554280128091354
0.012449082205160401
0.012428898993856644
0.01239720224784544
0.012367363012710467
0.012339392517769956
0.012313062475776786
0.012312134702197934
0.012276599760065985
0.012250283901270382
0.012196412851557608
0.01215319215614841
0.012095890948568205
0.012140677823552163
0.012103968063280107
0.012096237259730384
0.012072936549578523
0.012041206808535352
0.012018255140034169
0.011988589392617896
0.011958177391183388
0.011946979161046166
0.011951613149377096
0.011912629989630998
0.01188009557738302
0.011854376224076122
0.011908093984955636
0.011846371656302482
0.011834447823856814
0.011781541466134174
0.011744945287940591
0.011733411190510756
0.011725976756332914
0.011692179423437088
0.01200128359979598
0.011928926118452553
0.01191606927987512
0.011881981250817233
0.011862450971334862
0.011861618786766759
0.011857736197304779
0.011831664524112646
0.011811682418904025
0.011776168915891026
0.011755610149970001
0.011716433297809697
0.011714950515710927
0.011903160025883364
0.01195556872492196
0.011933689232815105
0.011912603486637157
0.011884125153011306
0.011963515107232155
0.011983709333474804
0.011908687598429633
0.011850452855554548
0.011858361882841699
0.011854610680549296
0.011832054458815345
0.01169611606843059
0.011676999927194811
0.011645162673763398
0.011653699440809035
0.011626179643510556
0.011582262490683372
0.011559438232219141
0.011537963396881306
0.011512679095150663
0.01148456264412958
0.011453422465031813
0.011433631474207869
0.011409042537147451
0.011422506226906288
0.011417589504609435
0.011430421442972783
0.011389211144104494
0.011370670662243995
0.011365516734947767
0.011355249981790185
0.011332788161962527
0.011311798351889968
0.011308297227102587
0.011283424413966864
0.011271631879611811
0.011278784577759646
0.01125694942244336
0.011267883626386579
0.011236483545810166
0.011188644534183459
0.011167857536115742
0.011264586766659564
0.011240150291627832
0.011222697159183738
0.01118193253930537
0.011158264797408834
0.011119170207789074
0.010988854326977994
0.010962982162511811
0.010919686132064989
0.01093641960258538
0.010889433478161167
0.010875318457390478
0.010859537824539894
0.010849435067842975
0.010822634916576517
0.010803906812503358
0.010806911357927228
0.010790835009773129
0.010771110382743303
0.010855070945399352
0.010831769048919375
0.01085623497900183
0.010844769831341363
0.010826795392201239
0.010816740782148728
0.010796663171371533
0.010782297536421527
0.010756352461553688
0.010678587914998377
0.010651351080671325
0.0106385014069444
0.010596125068033898
0.010561268524320787
0.010547532199570228
0.0105464166025864
0.010530326443397223
0.010505912101466808
0.010490344923066912
0.010466626161730344
0.010441719646503715
0.010436313156457879
0.010433741158971018
0.010603703614836524
0.010589546047057261
0.010604376089690424
0.010587662380523583
0.010576669497822879
0.010564580653599508
0.010541644949816785
0.010513229505602338
0.010465423529030076
0.01049512039589276
0.010487131356278599
0.010449047912329689
0.010410620096442379
0.010229232784903708
0.01026423869430657
0.010266247142636182
0.010254028148938653
0.010235178359289422
0.010221148297889785
0.01020137266802237
0.01019184126820268
0.010194823406899717
0.010178993195586373
0.0101633952917504
0.010111020876085753
0.01015118008015186
0.010140962885559431
0.010125323916530982
0.010116610516386397
0.010105108870643108
0.010114011055793662
0.010102179666450481
0.010082849979834347
0.01007799497325847
0.010128767959077755
0.010118789047819357
0.010104174658966129
0.010050355258070668
0.010054764367060806
0.010039427823953487
0.010025070652643405
0.010006745199151516
0.009970367975539478
0.009945156520856226
0.009941614681154206
0.009894083029868968
0.009896490936597798
0.009895292806226391
0.010099643504693846
0.01008523386655213
0.01008418024017803
0.010069935032232837
0.010048178064432527
0.0100276934811176
0.009903734525213793
0.009870744350665036
0.009853506910976507
0.009821886082078195
0.00978582954734344
0.009748983071824506
0.009572769719562621
0.00960236357972494
0.009587240869105248
0.00957036368394277
0.009561695108447647
0.009552658767109444
0.009560007245641837
0.009539662779913801
0.00951832026641073
0.009508143665415863
0.00950104380788831
0.00950993834049479
0.009496130538823212
0.00946780403619182
0.009452074138625723
0.00943601080152957
0.009422833317018799
0.009389913653039528
0.009429088571333113
0.00943283139487617
0.00940501053560534
0.00938111872976039
0.009322492763637386
0.009304958763431128
0.009285051081737687
0.009276016540088854
0.009296491135922355
0.009287446240897326
0.009262793182337513
0.009256073102471337
0.009249004462265224
0.009254250176644802
0.00922816830108159
0.009221754388003942
0.00922973863388778
0.00922132649804633
0.009205772666971151
0.009189655469427101
0.009175905618117408
0.00915189591649552
0.009137630396726113
0.009162238999659676
0.009148669081609813
0.009115153717046907
0.00909185398645784
0.009065804254382507
0.009056431859474827
0.00904749203315029
0.009053529047569585
0.00901217403917314
0.009345700357332665
0.009319540500939033
0.009318597085651675
0.009260956673303872
0.00926351390866564
0.009305048671374485
0.009309286180468581
0.009281954967407127
0.009272313200252569
0.009262556231978457
0.009261757280862079
0.009255176946290064
0.00925420651485834
0.009240927470181737
0.009226601084720336
0.00921385117165404
0.009212276624991977
0.009198570585996147
0.00917618797966223
0.009149207610118969
0.009139599980560865
0.009132966487104287
0.009116576639834563
0.009118415807837286
0.00910257811932162
0.009100047229812473
0.009089109999201797
0.009070942413306414
0.009036553533491944
0.009024695056864812
0.009001011178574795
0.009040547056217704
0.009026783882000027
0.00902192095550492
0.009055449371426535
0.00905191546884463
0.009041520899609062
0.009014657788112612
0.009232822418079567
0.009316582755531273
0.00930602878353809
0.009288772717596037
0.009270660800161963
0.009268365470083714
0.009261414192115415
0.009298870657906544
0.009209728287464693
0.00918658487615729
0.009175694892562298
0.009159804442935298
0.009150772699008339
0.009155069134759029
0.009150429607107996
0.009170732351511609
0.00916167194288074
0.009144972119048784
0.009117584093610458
0.00911116182192019
0.009095171874859014
0.00909393255457426
0.009095413114223976
0.009078798233232788
0.009068364825565018
0.009179594632744481
0.009162025094251786
0.00913918396603514
0.009122216330638798
0.009123928566960223
0.009108774654234444
0.009098516330268838
0.0091011554779061
0.00908856952452771
0.009072926933182618
0.009057490406897116
0.009059298088887164
0.009066459377404655
0.009058893757854314
0.009052949343236933
0.009048752984829725
0.009031186824221694
0.00901291785403805
0.008991696137854896
0.008962654977830517
0.008939549165231242
0.00896706995246515
0.008986390884850029
0.008975774036128571
0.008981492398269921
0.009021681206539792
0.009023208034416445
0.00899137589184641
0.008944278879822801
0.008917335184243268
0.008906739873916544
0.008861398274012427
0.008852057115178388
0.008828269040921575
0.00878835678213365
0.008746806061076053
0.008725410323573672
0.008715651448932285
0.008709862598863773
0.008698741243675178
0.008689681345331829
0.008673332268039239
0.00866928011854092
0.008653815228399005
0.008628675785756292
0.00863459425417731
0.008607190950987036
0.008550412363717983
0.00853739299609368
0.008527822381323592
0.008523484518978029
0.008512875187727156
0.008501743056286254
0.008500778667318909
0.00851377585690794
0.008508276777619093
0.008496147311816814
0.008482210816044111
0.008461954460025735
0.008451046789530346
0.008439053926236423
0.008448380687681374
0.008448277091253594
0.008452183377017216
0.008442103278168543
0.008436935470383307
0.00842231249483564
0.00841627802202507
0.008429665620238906
0.008414028014347439
0.008415578433829648
0.008401340320641007
0.008394873976188178
0.00839671012124177
0.008388246528019503
0.008382873995403444
0.008364265508918552
0.00836110244349899
0.008334550099357237
0.008321636691740476
0.008273654905015878
0.008258287150887856
0.008230754471778803
0.008222486271340078
0.008239097077701332
0.008228522674079647
0.008217549684086256
0.008214123088871112
0.008208588743268228
0.008192922893868363
0.008175804522863941
0.00816714976030374
0.008145547893646285
0.00814610448531989
0.008148121076964259
0.008105859599330701
0.008091961966634644
0.008084722011649403
0.008085637745739222
0.008095480609569107
0.008093407296256124
0.008113949033762554
0.008106715168943634
0.008099441137361756
0.008082794743469502
0.008096635234805135
0.008084072501149663
0.00807515200755737
0.0080509450931608
0.008023745028066399
0.008117176945051275
0.00811665457070952
0.008104799885132807
0.00809636552401452
0.00806747440329556
0.008058770163705927
0.00806626562700565
0.008061868571850072
0.008067784242669844
0.008063624961721742
0.008052755896870224
0.008050974887313716
0.007987129075343501
0.0079967129254431
0.00798090972964402
0.007950039150682707
0.007945524736088923
0.007933111732946623
0.007922727915892337
0.00794699842888922
0.0079697887095969
0.00795798453990104
0.007951167897613394
0.007933216188313429
0.007928187592551709
0.007915858423040626
0.007886664216466164
0.007895268065539071
0.007884115912999087
0.007881576106654159
0.007872659808024965
0.007868137527760928
0.007860527711668161
0.007848110534630727
0.00783816336236718
0.007829047831063495
0.007827698427710503
0.007819101098321863
0.007810987890315775
0.007825866367822436
0.00782517116033481
0.007821214591057063
0.00780775110929323
0.007814097322999893
0.007795256431465245
0.007782092120140285
0.007776366406275697
0.007769154120251582
0.007708147918360547
0.007715612297195782
0.00770394139569663
0.007707007121723757
0.007734957228346842
0.007718450671672619
0.007717851639901407
0.007703199442910959
0.007692316994754603
0.007679449064384734
0.00767123793284892
0.0076288882510077045
0.007626683005217617
0.007642115467808478
0.007565341955170768
0.007599672213738951
0.007571173655616113
0.007559733526391919
0.007549853587951732
0.007541335230686543
0.007533637283932054
0.007528358947349488
0.007516447458314167
0.007514372250814372
0.007500740373163978
0.007499738965364254
0.007501250179800526
0.0074812443671647974
0.007477380450653438
0.007486140363754927
0.007508509165418085
0.00750325047185069
0.0074831751948857906
0.00747218021734939
0.007431822101607918
0.00746962778488947
0.007463327475787094
0.007459571897402009
