-0.0033612377010285854
-0.000832958457370599
-0.003012949600815773
0.010254204273223877
0.0061992810418208455
-0.0016812714082854122
-0.001932719285832717
-0.001979647126669684
-0.0044547428609803316
-0.00436549508859488
-0.004167103596652546
-0.004261423905308429
-0.004072399710171989
-0.004130658196906249
0.003804283041972667
-0.010030789574717773
-0.009464504603076622
-0.008988442394183949
-0.008604021223436576
-0.008557657416011872
-0.008222165939514525
-0.007142665754224214
0.0018066265632417835
0.001835682467790321
0.001785558649526838
0.0015135732559159543
0.0013113944369251846
0.0009948953450256
0.0009679991436617765
0.004000112023336002
0.00364047186985772
0.0036316401405422243
0.0036061021070482265
0.002802018082417947
0.0026940108764392794
0.002999641290296348
0.002527226558748609
0.002613631733439458
0.0032742979583417777
0.0032287836667553465
0.003372070393067719
0.003350964294906252
0.0032554971995440705
0.0033266274682116808
0.003215086027288952
0.003034899911305749
0.002981585971610912
0.002861189130605769
0.004128388899553102
0.005763129264689234
0.005605053848110122
0.005386362706458214
0.0052882766249240385
0.005101657110340471
0.004882177664122928
0.004803786106589415
0.0047442101111238155
0.004620042952395171
0.004605733195057838
0.004482243239896785
0.004431614351145278
0.00436183218294496
0.004422826890049692
0.004482222743592083
0.004409687795762722
0.004285550027531434
0.0043135470454324296
0.004291236135084521
0.0042139340535088995
0.00393884662562542
0.0038937226468584024
0.0036698652342462617
0.0036147684387853258
0.0038898331697176537
0.0037994598075640276
0.0037307269705305277
0.004309367362554604
0.004197284647984184
0.0041351252913955265
0.004087492942710892
0.004036960011545469
0.00399026515208471
0.004128825854769233
0.004090077750323177
0.004055423568494261
0.003965367548182425
0.0038169297898672416
0.003743351697287355
0.0037955899397881395
0.0037605721606798785
0.0037748316141875448
0.0037416544715030207
0.0036986558393146754
0.0036151719271928376
0.0035667495229366386
0.0033516380676373225
0.0033775798158841323
0.0034913727336015215
0.0034959854120097606
0.0034701974339504276
0.0034375906128415804
0.003399882471110918
0.0032546203190297394
0.0032035235591354756
0.003175406699603698
0.003143852269391218
0.003104202071645653
0.003066896237331496
0.003034929485478314
0.0030148854852299575
0.0029921944279911804
0.003945130639914549
0.0038651059448806865
0.0038126656030173147
0.004273893389271791
0.004244526939115362
0.004221335021257048
0.004170951299822282
0.004142372368247989
0.004075855790124631
0.004076382992517198
0.0040104940789893705
0.003917812493572487
0.003938240986200983
0.003911896911703814
0.0035997183816314986
0.0035812021850460977
0.0035354237471727046
0.003526978991598861
0.0034612176906742283
0.0034168158148752312
0.0033382189571043446
0.0033580636701836804
0.003354548017766019
0.0033465093274571726
0.003283449455336874
0.0032629570475588843
0.0032240815766167467
0.003243399410504418
0.0031073882717413005
0.0030762864174083567
0.0030472113064390965
0.0030490956842186305
0.003071931877137357
0.002875372562425896
0.0028595233625743474
0.002880287250779993
0.0028556333357685473
0.002772278798414241
0.0013609584917226478
0.0012860860874513366
0.00016799861338108457
0.00017192070483904547
-0.0009505272783797156
-0.0009004245841471186
-0.0009452256517355746
-0.0009301645929749767
-0.000879580081889328
-0.0008778207150498912
-0.000849636034517235
-0.0008274222147273009
-0.000810245346321517
-0.0007855836104171436
-0.0008216559266932574
-0.0006826159275867623
-0.0008948838093748835
-0.0008735707144209977
-0.0008754824928301452
-0.0006242659080753031
-0.0006197693279286699
-0.0006290310236583393
-0.0006305282166519729
-0.0007064640281980188
-0.0006002577687779957
-0.0006159885128495658
-0.0006226938946131801
-0.0006089610567746741
-0.000493622401305837
-0.0004940024794551477
-0.00048272204509799765
-0.00041779826478687075
-0.0004126042305890079
-0.0004918164680060238
-0.0004948135412681984
-0.0004817406652070898
-0.00048212135121298384
-0.00043991145480020284
-0.0005546461713959807
-0.0009000575054271475
-0.0008807811802722431
-0.0009499103126321021
-0.0009535399231356383
-0.0009154405430008487
-0.000858516422270509
-0.0008603244449269743
-0.0008711569256599514
-0.001008900589820565
-0.0009996109480774201
-0.0008847699801117398
-0.0008825830367668307
-0.0008778272514055135
-0.0006733957993920666
-0.0006642155365661164
-0.0006250195857563337
-0.0006171632031836641
-0.0006184159428109558
-0.0005868724924417046
-0.0007035431769452573
-0.0007000873760262023
-0.0005654784112766488
-0.00058801310163135
-0.0006971128091657138
-0.0007029841411584063
-0.0007044617895803095
-0.0006887099230476032
-0.0006534204898980938
-0.0006495839128163394
-0.000669482081391492
-0.0006527406102329455
-0.0006456890522923232
-0.0007034494839637495
-0.0006922625556717101
-0.0006487213075355855
-0.0002803342408798101
-0.0002846515511017816
-0.0003015756504679398
-0.0002877941089792042
-0.0002704433840788441
-0.0002733622535584863
-0.0002710772220595135
-0.00030534914633884247
-0.0003033868408331716
-0.00030032322232976486
-0.00023835106994931808
-0.0002356546071604159
-0.000265155987756842
-0.0002659099604706989
0.00015049709193335566
0.00013839219078969853
0.00013838161734784068
0.00014070532511855412
0.0002438738780039177
0.000238938762628156
0.0002422935389070215
0.00023097928821765273
0.00021972103063361327
0.0002192904567275578
0.00022384324458186617
0.00022610171680571646
0.0002099529752972553
-2.6864406367714468e-05
-2.3051458785931138e-05
-7.213190431462641e-05
-7.210805796442747e-05
-6.96134879376573e-05
-7.700789958765735e-05
-6.762973357545975e-05
-4.434238342364982e-05
-4.0705914132277826e-05
-5.500022538489678e-05
-5.210357075441457e-05
-5.36483966461246e-05
-5.778197478458764e-05
-6.251525861992953e-05
-5.4369267166846494e-05
-0.00012098065783899177
-0.00015506247003560882
-0.00015359127217406783
-0.0001532701587334642
-0.00019289416576111803
-0.00018768201115402364
-3.47110227789997e-05
-7.314525176490443e-05
-7.40035658765741e-05
-5.777326657772412e-05
3.471620734328387e-06
4.930057493385974e-07
8.95410935740081e-06
7.625956901134166e-06
4.582152965195348e-05
5.40293514846625e-05
3.020241588161716e-05
2.801554574931333e-05
-9.766661693758551e-05
-0.00010934565038219869
-0.0001019622377815193
-0.00011328717649424287
-0.00011264583766403902
-0.00011683324124093914
-0.0001486896396125735
-0.00017073481270528203
-0.0001641240955982822
-0.000164793468158466
-0.0001835462870569572
-0.0001556400829203245
-0.00017884504235222477
-0.00019445040872853266
-0.00018472733085291235
-0.00016894344672133718
-0.0001666987289390685
-0.00018599352650752865
-0.0002191426533004626
-0.00021707423447399883
-0.00021463200153179777
-0.00020151770715730978
-0.00021811918734158622
-0.0001319130739841943
-0.00012055240613129475
-0.00011221484920468004
-0.000146752486383119
-0.00015079286995154197
-0.00033110848721153857
-0.0003254590532390217
-0.0003188389193152051
-0.00027977276463216186
-0.0002905592965112682
-0.0003044663509006202
-0.00029014559707357527
-0.000298693540617022
-0.0003032425690585201
-0.00031358182817293925
-0.0003089872295640241
-0.0003092531091910861
-0.0003297004224105654
-0.0003313573721979812
-0.00033312752585329663
-0.000257841564145963
-0.0002569780187588598
-0.0002540326750022347
-0.00029197877036088123
-0.0003158114081285798
-0.0003276862270585403
-0.0002873686888944597
-0.0002826483070992839
-0.0002767706147919625
-0.00026966051706520436
-0.00020480455270831876
-0.00018228629452367217
-0.00017896431146415445
-0.00015999141625979332
0.00027529842199652956
0.0002722884477004175
0.00027162642017660804
0.00027529837599908364
0.00030332942141827053
0.0003021526205677533
0.00030625590564644376
0.00031051835618789187
0.000307661508268212
0.0002995891377719214
0.0003074884296190506
0.0003043776184697078
0.0003029542662631493
0.00030908506526775806
0.00030283540142458183
0.0003067904348202784
0.000305523450121183
0.00030642892040272173
0.0004363359151385449
0.0004231543440215035
0.0004217509786181613
0.00035797303462960423
0.00034706499798550956
0.000323509800643342
0.00031999649850224216
0.00019387033551028057
0.00020696366118500093
0.00021350047731555092
0.00020794688151343934
0.0002047155351149594
0.0001417651850109307
0.00014131367125426155
0.00015246943305470724
0.0001658200792347399
0.00016406257859768146
0.00016454772329555818
0.00016768908321552014
0.000159050372679839
0.00016355642644492495
0.00023223349905213578
0.00023257897003232066
0.00023855380127303787
0.0002322242015300928
0.00023049064473454713
0.00022924205005094199
0.0002265676048503672
0.00022668874949773794
0.00021426470478599284
0.00022036154718639835
0.00024565866114595585
0.0002454046493488827
0.0002482059548262979
0.00023390734961213915
0.00023487166713781826
0.0002387192810537546
0.0002395774382084466
0.0002366784233459509
0.00024245541605790388
0.0003051575965946549
0.0003054167734496211
0.00030838250355164965
0.00019313630540497114
0.0001810215010727294
0.00017545813389904425
0.0001858612622840917
0.00019227193653611075
0.0001635992823638871
0.00015760928735109752
0.00015674610799689664
0.00016422512825780216
0.00016349751240341082
0.00016349710109158898
0.0001595413980438666
0.00016287797024047246
0.00055307964990229
0.0005445102789736311
0.0005945046429531258
0.0005930136516356855
0.0005918427988252103
0.000592060031632301
0.0006279634799456822
0.0006016790543131907
0.000594678663922956
0.000587976070442786
0.000586427458360554
0.0005771113384503607
0.0005965605077252702
0.00059424818173623
0.0005941626321738269
0.0005960817000892977
0.0006621161401872769
0.0006638064464770897
0.0006993826153011643
0.0008459425315557953
0.0008495022218560682
0.0008500725009520725
0.0008460238165491624
0.0008461409395787094
0.00080413308258523
0.0007941590453054056
0.0007916670678801338
0.0008414952263709597
0.0008360860901866387
0.0008327168521400694
0.0008291624102549896
0.000826533938664579
0.0008370666116661601
0.000829765752207059
0.0008296035728482018
0.000820672494353378
0.0008177283969545533
0.0008133771673122953
0.0008146371896594609
0.0008133465503815793
0.0008107176318413916
0.0008314631103206315
0.0008221314783123183
0.0008297535116352607
0.0008163084448429095
0.0008345941100140775
0.0008474838480797356
0.000862860889255762
0.0008574038973102728
0.0008598857799917969
0.0008495035921355872
0.0008323973132812423
0.0008327160277177536
0.0008281470142190228
0.0008236276295761825
0.0008176711530114717
0.0008294653378131561
0.0008280759475286962
0.000833810126598786
0.0008292885720546024
0.0007787049333029339
0.0007841682730086911
0.000784960163838307
0.0007824904055639408
0.0007656260587282314
0.0010307641765439173
0.0010232821776117672
0.0010163866785317804
0.0010105462351028358
0.0009881877440889616
0.0009529916564500402
0.0009478321874758538
0.0009340822353344098
0.0009351611677031112
0.0009361080520926531
0.0009353752247692816
0.0009297935218004638
0.0009317105606424541
0.0009186646371958732
0.0009170628442944067
0.0015845850837121695
0.0015811895719676436
0.0015765999453588788
0.0015722022612963183
0.0015606355705240285
0.0015599678595308241
0.0015633124096049616
0.0015608033091679247
0.001549616840242784
0.0015486555557529733
0.0015419461073208028
0.001537543431004093
0.0014991429466816079
0.0015681121945882053
0.001565270497567505
0.0015619268273005683
0.001556139551013303
0.0015558172979804673
0.0015507010507303587
0.0015762419112363506
0.001571859855683342
0.0015695585500923163
0.0015719148714302567
0.0014636301020169741
0.0014625303121787374
0.001444560671972617
0.0014413698363464446
0.001436231654551616
0.0014203306634829097
0.001372076441738977
0.0013788688466488037
0.0013814893177239076
0.0013836484782366444
0.0013893628671480566
0.0013856301648939857
0.001379948504043966
0.0013732149951342458
0.001424124147717869
0.0014075202634830592
0.001383793580799503
0.0013833360737217886
0.0014247129844110094
0.0014177448619392935
0.0014176390713768886
0.0014179545698560236
0.0014157119101266735
0.0014131645976700662
0.0014132470685005027
0.001406323821517135
0.001411788831432905
0.0014081765749281092
0.001407950911451713
0.001407088817279517
0.0014001701238886611
0.001395110585568049
0.0013989138993423618
0.0013957913689554896
0.0013949497273212017
0.0013907714174271957
0.0013863099672881932
0.0013843700219583928
0.001375830329012433
0.0013737098756580071
0.0013719582802129567
0.0013587282576606537
0.0013401956201378256
0.0013381022766474429
0.0013391477596362117
0.001326585064455536
0.0013157892656982337
0.0013578499026856523
0.0013496153423319546
0.001336109951756645
0.0013367201304734274
0.001335275358226346
0.0013318893893364155
0.0013224163125847117
0.0013242679420349883
0.0013315691996993691
0.00133074901005982
0.0013256966366397029
0.0013222299292046033
0.0012910772284378442
0.0012850767253441261
0.0012807067468609847
0.0012769876722215946
0.0014496110524714972
0.0014516820159251912
0.0014480971284720986
0.001445545841398465
0.0014392207958735515
0.0014310048096234148
0.0014279300846289325
0.0014274250164529984
0.0014263212390764905
0.0014180902085564832
0.0014414949037018223
0.0014349983231216334
0.0014330805450801726
0.0014237754531165562
0.0014743116798915348
0.0014631661626048553
0.0014600464692619624
0.0014378084997041685
0.001399093645159154
0.0013888474536777624
0.0013855212001420822
0.0013834606553196195
0.0013908845674522547
0.0013896659666995611
0.0013790388576987596
0.001383658240378958
0.0016283606800195558
0.0016295411497849982
0.0016211974655934527
0.0016165442458763958
0.0016144649778094041
0.0016136778952313816
0.001603882669938382
0.001602834444190186
0.0016010775224777395
0.00159792910624149
0.0015905551015889918
0.0015907254201598514
0.0015890619491748957
0.001568722259656311
0.0015683539660098743
0.0015689337374862982
0.0015666065808499035
0.0015693190973252052
0.0015678917633937875
0.0015640845159298929
0.0015619602728194615
0.0015163363433377854
0.0015028351761718524
0.0014925611133631105
0.001492171247966463
0.0015251781341051867
0.0015214439621048295
0.001517564442841057
0.0014434925212968523
0.0014558658722950376
0.001453510059022233
0.0014545352847941345
0.0014498921777430943
0.0014535340531086237
0.0014586058707571961
0.0014562398454915431
0.0014542245933637254
0.0014543500233576048
0.0013666990109227897
0.00138415150096112
0.0013825738441381765
0.001383813700520053
0.0013870351178719331
0.0013843356320562409
0.0013832700503812387
0.001387707555845645
0.0013792862948365766
0.001369832450213383
0.0013676452180023744
0.0013731995104909358
0.0013760661871950412
0.0013211347299829515
0.001318374116850794
0.0013207758816316437
0.00132025857002545
0.0013165281406382681
0.0014183969060906675
0.0013639991022528254
0.0013413678449894087
0.001336714431346862
0.0013331109017969702
0.001329527924017669
0.001326721183638133
0.0013254960453271862
0.0013382136645586358
0.0013341059146662938
0.0013192966375390276
0.0013213859183424902
0.0013212841404203252
0.0013207961998982559
0.0013162118814608994
0.0013018397804177688
0.0013016873147695571
0.0012999982168052984
0.0012962092753794874
0.0013514186365167348
0.0013503785732333108
0.0013484725200194677
0.0013484003973766544
0.0012948012867169904
0.001280921963318051
0.0012821503169872625
0.00127674590989625
0.0012999157471601324
0.0012992101082632298
0.0013466091051568879
0.0013481880209824872
0.0013354301876526676
0.0013304044214655518
0.0013214987904870432
0.0013192896302249896
0.0013178604034606515
0.0013206850960705188
0.0013171060005663393
0.0013189659588108728
0.0013112717990553663
0.0013465991299467935
0.0013430638848626413
0.001340122910653172
0.0013380785780771765
0.0013332283172834034
0.0013222240166225012
0.0013215883662858574
0.0013042132014214837
0.0013099776587796941
0.0013282502053415216
0.0013273315012933679
0.001324997557745594
0.0012803021083893527
0.0012803673583866738
0.0012789802524195662
0.0012540107680616116
0.0013762429912377318
0.0013737483696457267
0.0013715568369198348
0.001371385635143753
0.001369076122319806
0.0013711875615689637
0.0013658803263175633
0.0013610756365717489
0.0013704527131327198
0.0014321792807122774
0.0014324283662287204
0.0014291845277418717
0.0014285920835510424
0.0014264703910544668
0.0014223882894826936
0.00141703426356025
0.001417703661840989
0.001415485300518113
0.0014130855092930547
0.0014143474778314513
0.0014119745301188129
0.0014103915962504028
0.0014091792283305138
0.0014123724364623245
0.0013702345345776726
0.0013706465821514751
0.0013707994873582096
0.0013671579578159862
0.0013644069110151976
0.001363077858116792
0.0013522193593477516
0.0013528294582795732
0.0013512003448882515
0.0013517161459944318
0.001331954483726075
0.0013293487149551322
0.001334580881096867
0.001334828909326134
0.0013337744514362352
0.001329360024873026
0.0013240562929767246
0.0013220630399209698
0.0013028311732914447
0.0013019586951431587
0.001300647758731877
0.0012974102563663005
0.001301415235654624
0.0012885154138569332
0.0012706932310872316
0.0012720348836487145
0.0012690842426049394
0.0012860468726323732
0.0012839366715049153
0.0012809367965482767
0.001280716167057766
0.0012803681287914517
0.0012785816182905676
0.0012737353793207552
0.0012654468377065729
0.0012898030520484944
0.0012870471481269657
0.0012853401328500231
0.0012752725852920158
0.0012714128297816672
0.0012692282312224163
0.0012682201918792929
0.0014547698608757787
0.0014566841178110374
0.0014171985832742075
0.0014502830429434072
0.0014500139463513122
0.0014430721968223426
0.001441142244687518
0.0014402881326123927
0.001447182824937521
0.00144476965168614
0.0014596275314170955
0.001457494145453238
0.0014545730657830023
0.0014513925334073846
0.0014559809939964908
0.0014553267395963309
0.0014610587882848824
0.0014600067597768673
0.001458743188732341
0.001472255902333035
0.0014664092799215338
0.0014635813234245827
0.00147249984765589
0.0014763060465486136
0.0014747958234367592
0.0014726904743348457
0.001469895241763001
0.0014670233718578633
0.0014654694899525638
0.0014643761135982002
0.0014620740969036757
0.0014723210514933744
0.0014715836271007477
0.0014717305951044742
0.0014702051618702922
0.0014612811770374928
0.0014487479219388456
0.0014815387563554471
0.001456571498953424
0.001466309650797594
0.0014648404674156065
0.0014623429931447125
0.0014470760135807078
0.0014464070129499515
0.0014276830085549021
0.0014266643447670626
0.0014236937521358273
0.0014219488184826418
0.0014178205207654674
0.001414251798264749
0.0014102768429925965
0.0014081347113827924
0.0014152672418380969
0.0014139144717886624
0.0014658283399988986
0.0014618200663998767
0.001459225104688147
0.001456392095614808
0.001454037778927521
0.0014519046157179679
0.001454286721764005
0.0014518147464753644
0.0014497143765765947
0.0015103781677207185
0.0015211536463774638
0.001517867254519827
0.001519779402355745
0.0015171328728408795
0.0015142612585313166
0.0015118785786281798
0.0015079569089959195
0.0015003892019227515
0.0014844032142260868
0.0014768286492083038
0.0014719615217642105
0.0014700521315779524
0.0014704454532138936
0.0014702178938689335
0.0014749363071705044
0.0014757924778804167
0.0014664573057145466
0.0014523297131441284
0.0014508602989526107
0.001451134970110908
0.0014486883375385577
0.0014471791049388823
0.0014458606253414678
0.001442836583309961
0.0014420813855453233
0.0014482609949107953
0.0014382577453561601
0.0014364717943642182
0.0014364430034819013
0.0014339426756013755
0.0014845766602361854
0.0014824542139919013
0.0014804371012545824
0.0014796632980544964
0.001479821577597077
0.0014779597746424045
0.0014771487884844697
0.001475782277156508
0.0014784134242569337
0.0015027219467195064
0.0015000765264855723
0.0014976251515137573
0.001498700233425365
0.001497044944507683
0.0014948617862108435
0.0014917363307400421
0.0014895200627457988
0.0014731693649439347
0.0014597191695149968
0.0014592929121350442
0.0014758663521772383
0.001474598733073922
0.0014729644171328946
0.0014699888866292784
0.0014811768497300334
0.0014846508809991147
0.0014874627692350595
0.001488223460076088
0.0016256920715319208
0.001625097648679457
0.001619462313709057
0.0016140073269422775
0.0016118235422302527
0.0016153023586211793
0.0016121986854332475
0.0016124493984554517
0.0016131893966597221
0.0016147830950697622
0.0016124169942129667
0.001607685431848993
0.0016003734729605162
0.0015985533941439683
0.0015996778099520513
0.0015798246290728085
0.0015828564929896464
0.0015872609508113707
0.001583680612957932
0.0015795579552364749
0.0015826722944737033
0.0015814156042649639
0.001579980520659529
0.001578054636440559
0.0015755679504424376
0.0015761174899499113
0.0015756589666234425
0.0015743080422703677
0.0015747950867748878
0.0015774511975381474
0.0015767793433554196
0.0015369347631225248
0.0015369385596135
0.001538132898953699
0.0015366368409418108
0.0015347216561621706
0.001530893717067633
0.0015309794561641174
0.0015250625845002884
0.0015221624013976045
0.0015203717815402262
0.0015159052661585114
0.0015125029957715392
0.001513070714025335
0.001512716353310312
0.0015117567687442325
0.0015095116844042848
0.0015107258876004856
0.0015098931608198837
0.001508718006810805
0.0015073439398006262
0.0015065233016909702
0.0015049750803958276
0.0015247693341388314
0.001524151882840518
0.0015052309713057656
0.0014952375617990372
0.001510739522460435
0.0015211757938390208
0.0015217556145465099
0.0015372784906608737
0.001535374730216856
0.0015380236381480642
0.0015349492326935236
0.0015314976728419839
0.0015235444823333694
0.0015371905472988353
0.0015332072089763523
0.0015321649157456583
0.0015312761586508473
0.0015279141949718375
0.0015433070075604135
0.0015400461502190872
0.0015365642508106548
0.0015316529512762107
0.0015304597257982887
0.0015274241785424767
0.0015198075580472707
0.0015404243866760593
0.0015392116366394583
0.0015378605782352826
0.0015711045478997612
0.001559027175883812
0.00153382100024305
0.0015289679787539145
0.001523386022466231
0.0015250756385749875
0.0015210768251563427
0.0015205934537279758
0.0015170379714291745
0.0015161210512323051
0.001511862259851389
0.0015095980336554933
0.001507072167118491
0.0015063355251382358
0.0015056733352147582
0.0015029825180212055
0.0015009272969064343
0.0014896107163034577
0.0014907413725885141
0.001488246152810404
0.0014888398666701485
0.001488725299231471
0.0014949594149136305
0.0014926268989368088
0.0014911898778941005
0.0014911223458118962
0.0014847351792179576
0.001486002913189287
0.0014842602101820504
0.0014816299219292024
0.001403039764694085
0.0014015399267758347
0.0013996594763194114
0.0013973414751616432
0.001387522748839268
0.0013847104455138044
0.0013862866035551861
0.0013771888075106975
0.001375069912029542
0.0013644511930186217
0.0013619595016373766
0.0014061596506861273
0.0014196688004060394
0.0014179172380757994
0.0014153551484487113
0.0014200164296269005
0.0014185410544710968
0.001421038227526457
0.0014187118441961358
0.001417478861714597
0.0014159890063299395
0.0014301452486086836
0.0014227113269053519
0.001420823132364589
0.00141860608607429
0.0014120651104066978
0.0014213529735501147
0.0014200578561957737
0.0014190030053897059
0.0014116913843635584
0.0014093734419252544
0.0014205473745962426
0.001413830061985683
0.0014104862279843398
0.001406490888362768
0.0014074180678403058
0.0014054693712276882
0.0014025745739479928
0.0013989743474236962
0.00139966564557655
0.0014001179022445822
0.001381419521766354
0.0013613353231730868
0.0013598669468193473
0.001360941769279559
0.001358806557153658
0.0013588485384371971
0.001357911745318159
0.0013571404392503483
0.00135794988614435
0.0013555083165621078
0.001354339815962898
0.0013389452300650773
0.001336357393918307
0.0013360957529664663
0.001334014921806283
0.001335045062587596
0.0013355492302154915
0.001335747409786509
0.001337632305717855
0.0013365748676939012
0.0013324981408071898
0.0013285863497306328
0.0013407351086517601
0.001337605734208589
0.0013364750641131579
0.0013379330614722259
0.001233019519684228
0.0012201470989564075
0.0012196854757429022
0.0012207998266725612
0.0012822229874297896
0.0012812108250746096
0.001280190181984965
0.0012785414491983745
0.0012698396653025466
0.0012684604271180012
0.0012660597612191007
0.0012658887719927576
0.0012626746715771035
0.001259385827421702
0.0012541663572747809
0.0012529102213631894
0.0012523582133050616
0.001256895356074145
0.0012570447034454116
0.0012558783403343872
0.001253826411261083
0.0012512140090731054
0.0012622281746212385
0.0012607235278478868
0.0012429766244593766
0.0012526051075176592
0.0012516737552170213
0.0012502152009661917
0.0012488522912312721
0.0012500307089810976
0.0012482882301024986
0.0012549156005173924
0.0012558972508593864
0.0012509774324900107
0.0012482888638390124
0.0012395336390899772
0.0012385221259806883
0.0012402247909707568
0.0012395330453974077
0.0012379104540450499
0.001236456014173247
0.0012350783930316085
0.0012363356759672421
0.0012309101067331436
0.0012231298406949406
0.0012444044172118033
0.0012413392936708625
0.0012384437763029198
0.0012384848476044061
0.0012369470241954466
0.0013306001977929245
0.0013292151479434061
0.0013293278841953436
0.0013264482190978241
0.0013235065440791287
0.001323257808649147
0.0013026561334957736
0.0013009558962777206
0.0013004127800753831
0.00129861529016975
0.0012954362215362295
0.0012951918257447681
0.0012933755385794283
0.0012921199235440815
0.0013112349960947927
0.0013102156644622114
0.0013141782008132285
0.001318349067496029
0.0013172305233334102
0.001316201660766475
0.0013175044499123567
0.0013162820140676012
0.0013141557478893017
0.0013133617357134523
0.0013129156513279098
0.0013124179747672571
0.0013063526699208673
0.0013052141712548051
0.0013078637347371423
0.001306976950472588
0.0013053509041375045
0.0013024286659932816
0.0013019199901364489
0.001302036930914686
0.0012999198291277607
0.0012967558829426002
0.0012931700426826503
0.0012918645498918042
0.0012895983832583286
0.0012777042877117292
0.0012782326326846085
0.0012602775976385844
0.0012517961411701722
0.001254698265247336
0.001252680860920533
0.001251567798659953
0.0012496233732709834
0.0012536815516528653
0.001252986126584457
0.0012523591101369998
0.0012508759667808709
0.0012526184896838074
0.0012532011226077504
0.001252158802902268
0.0012500194609145626
0.0012487914791685709
0.0012506240646389232
0.0012491691762873045
0.0012516756452083
0.001240552358975182
0.001239739839344038
0.0012397389291132488
0.0012378235083399499
0.001236766908168936
0.0012355719909677044
0.001234932685847821
0.0012361440156491703
0.0012343683749141362
0.0012328880956377656
0.001231660967879553
0.0012305529293715255
0.0012314289253305226
0.0012339531003606875
0.0012312798440189715
0.0012294901878779135
0.0013404123437989893
0.001384490322250791
0.0013842329155638218
0.0013830508343663534
0.0013831250657383289
0.001378496447126796
0.0013783516026174565
0.0013788313077109586
0.001387366368107398
0.0013849263585590786
0.0014149232218345453
0.0014136681359912375
0.001414940564518549
0.001415391534563099
0.0013995568497654066
0.0014025047236915502
0.0014011666608814998
0.0013973959566655257
0.0013533761332040456
0.001352421835501328
0.0013535096105176082
0.0013145102086818722
0.0013097010691987898
0.0013076426994671415
0.0013070520628669056
0.0013065342882298543
0.001318062429811296
0.0013138418047254137
0.0013842157444260508
0.001369355486064794
0.0013619981906263512
0.0013615086633196204
0.0013608134331376503
0.0013550252380336227
0.001359843241425917
0.0013586238575463247
0.001357227002766172
0.0013561162340395712
0.001356846813374735
0.0013539253379625737
0.001325937810947039
0.001326697932603647
0.0013247254415184723
0.001322792066087153
0.0013212466064645297
0.0013209152728009875
0.0013292933921694116
0.0013285102507257108
0.0013294519073415586
0.0013254830860826173
0.0013226031038677416
0.0013199415663992912
0.0013199287863639158
0.001317661697445561
0.0012934415852832758
0.0012946255954412733
0.0012966838601206933
0.0012955678412426347
0.001298885771210641
0.001295413789852691
0.001294007704508609
0.0012936705026285777
0.0012929399784912998
0.0012940377843106792
0.0012927886197462166
0.001305357040349302
0.0013040208851252356
0.0013016108017429744
0.0013014552219356885
0.0013003351419001773
0.001303588077001554
0.0013019957599150562
0.0012994883840822702
0.0012988965413498698
0.001303117369878711
0.001300317418174405
0.0012971255615530511
0.0013180398330049404
0.0013177727073507958
0.0013151149822501894
0.0013142223172224327
0.0013188344493738824
0.001316635033186602
0.0013148264631507895
0.0013136576281988122
0.0013025691398384587
0.0013011631728593353
0.0012989153519629047
0.001298230003320531
0.0012969142942949054
0.0013174343435460635
0.0013198881551021418
0.0013187578865001728
0.0013184465596575911
0.0013157632721541627
0.0013150755346058847
0.0013291676539529398
0.0013302087274095933
0.0013259964512794145
0.001323957378373531
0.0013245684532061485
0.0013235083042673068
0.0013141679331133255
0.0013144725030079015
0.00131341292754793
0.0013127074214487583
0.001301445951004673
0.0013009917730029549
0.0012992677388965542
0.0013230185176132982
0.001322825934105524
0.0013200906375683732
0.0013269248202222085
0.0013263932231594206
0.0013318902243561342
0.0014771811013021487
0.001514320379332236
0.0015148405446418485
0.001513800346744552
0.0015136914782898322
0.001511943106736168
0.001510564753879771
0.0015112023178536227
0.001521838265214593
0.0015205309979294077
0.0015162621381938145
0.0015147436602204302
0.0015033321273907284
0.001501718720173324
0.0015014279111737645
0.0015000514446180087
0.0014998020739080324
0.0015018533682472324
0.0014988236045632047
0.0014964392251741023
0.0014938092223711257
0.0014933171307426269
0.001492045848679681
0.0014903876559547024
0.00149034434622283
0.0014897917656497314
0.0014876757758047353
0.0014910942736471207
0.0014916710582357333
0.001490610475668888
0.0014868683942212365
0.0014882415708278578
0.001486769151787604
0.0014863411836427462
0.001488564872632945
0.0014860482818293001
0.001484768038086117
0.001483726541555744
0.0016202979540008806
0.0016191035878344359
0.0016169475266516213
0.0016084637065503142
0.0016088782162359172
0.001603675635177239
0.0016022453929183335
0.001601944082458159
0.0016017310417498819
0.0016001138236803626
0.0015986137948611264
0.0015973960167294454
0.0015960712283411044
0.0015969487809480646
0.0015903729827939322
0.0015892393197721203
0.0015885539837166807
0.0015856831829918123
0.0015850752283327163
0.0015784165008377506
0.0015788186893203632
0.0015774843137636057
0.001576303042951055
0.0015743688492105836
0.001572114179370348
0.001571646292197618
0.0015708789495358045
0.0015684369452149804
0.001569730409698224
0.001568325327237179
0.001551903168966005
0.0015513533422622015
0.0015576407763716125
0.001556817703180919
0.001556764789399178
0.0015510358974047409
0.0015474213219931693
0.0015495317504706097
0.0015488892793541218
0.001547669378362643
0.0015454653890017316
0.0015465304453049786
0.0015511209863251856
0.001547794840576392
0.001545079106061951
0.0015346373367630848
0.001533484537457239
0.0015354288205319845
0.0015347567476947151
0.0015336279233894763
0.0015336785531415325
0.001556998692170507
0.0015563680425898863
0.0015554060908781646
0.0015534649712454478
0.0015808934539159338
0.0015805903439683436
0.0015750610635185854
0.001575608490645135
0.0015741594581818869
0.0015727910334114783
0.001570077629166597
0.0015680796192740723
0.001564440524661232
0.0015539374793972205
0.001552488378350248
0.001554920695150405
0.0015538652227276024
0.0015572350553741167
0.0015592938132001357
0.0015748465748287766
0.0015745231937460884
0.0015729373375162282
0.0015709029782404894
0.0015719503761334795
0.0015710658048750975
0.0015701706644449575
0.0015687710566490687
0.0015730688722715616
0.0015704818155804245
0.0015698155541605564
0.0015694744291561839
0.0015566583740410855
0.001555250778555302
0.0015557779124016182
0.0015543773028726953
0.0015545723764657366
0.001553137493597207
0.001537946028711352
0.0015338586959123763
0.0015312427744645905
0.001532005219510475
0.001531809083069793
0.001525579895608261
0.0016206762044664905
0.0016203041382580696
0.0016189969442128938
0.0016179099771733035
0.0014912062994399612
0.0014896814437252923
0.0014880716467973655
0.0014868663397207187
0.0014825160064585448
0.001481795274179696
0.0014806155018805879
0.001479719858249076
0.001477676474765063
0.0014682298210526817
0.0014666683269880453
0.0014676611464901255
0.0014677477052109944
0.0014700348755409842
0.001481781165152958
0.0015257536176343104
0.0015234451977561977
0.001617723407140266
0.0016176014070092709
0.0016131430056236069
0.001612115300370417
0.0016135321174636675
0.0016105439017264067
0.001607687946585176
0.0015988413724943855
0.0015967747454819809
0.0015951391444681926
0.0015949744995125727
0.0015960499549887337
0.0015946124890674489
0.0015920270231371612
0.0015919496890550663
0.0015908480441085757
0.0015897703747825486
0.001588597066198746
0.001588683680139797
0.0015879409329087172
0.0015859133469163836
0.001573667869745499
0.0015899330214061138
0.0015879887876668127
0.0015904277232181806
0.0015892467951545669
0.0015874427941640736
0.0015854350558861753
0.001583153085418252
0.0015817531760460178
0.001582570468669355
0.001581662998683436
0.0015787534019839472
0.001574419637096771
0.001572818757630743
0.0015724224159580716
0.0015719464077150677
0.0015689694118510877
0.0015679738882889121
0.0015672644923419576
0.001565475999271041
0.001570173527807126
0.0015700015872062282
0.001569706346940074
0.0015508952542616558
0.001556820594862139
0.0015629054111267271
0.0015599439489700907
0.0015597082856688134
0.0015622866424526442
0.0015604172008967803
0.0015601231000557162
0.001559234476458989
0.00155763237042113
0.001558707155235833
0.0015574908194747703
0.0015557603019793792
0.001555008747949668
0.0015541087000873102
0.0015537543192764333
0.0015550462096812687
0.0015582120752803208
0.00155727660725641
0.0015558230489304662
0.0015552933506734691
0.0015545669143412757
0.0015417527852418483
0.0015403394092906968
0.0015395301647346219
0.0015400346429047893
0.0015392491300433792
0.0015375975788183168
0.0015368667968250179
0.0015354234554172154
0.0015353730424065386
0.0015335469999868184
0.0015343212313201186
0.0015339238868216857
0.0015339295357045617
0.0015488240758419548
0.001549231909889875
0.001548072012787877
0.0015457388676701556
0.0015449570864441765
0.001543485732421361
0.0015580314123226325
0.0015571834240159827
0.001556206467075854
0.0015552718629086731
0.0015531085606704507
0.001550074094996168
0.0015501001218222019
0.0015531964958951593
0.0015582294661508759
0.0015577009563762644
0.0016431836966645584
0.001643522245098467
0.0016413612933260054
0.001640441092961871
0.0016428778490726213
0.0016395759182233074
0.001638640509220665
0.0016378806267967792
0.0016355247061268403
0.0016460260716300169
0.0016447367701921999
0.0016435874289487213
0.0016403210368011237
0.001639691701115836
0.0015966141298933184
0.0015957937676087078
0.0015874406812499632
0.0015863821692200753
0.0015884539305777978
0.001586205391264541
0.0015840116325621242
0.0015668118308900583
0.0015666628023449922
0.0015679160513363153
0.0015668385376659537
0.0015630929545129536
0.0015620797074075165
0.0015607417704356092
0.001559650923800299
0.0015592975379068552
0.001563124330763604
0.0015629285956438954
0.0015624840865777689
0.0015607594142234673
0.001563305735189214
0.0015601479971500867
0.0015594226735301815
0.0015588606902152118
0.001556689454380863
0.0015566328044628202
0.0015553669336655187
0.0015518665560224707
0.001552935278773967
0.0015498071199925125
0.001548431283478101
0.001547698188372987
0.00154734476204064
0.0015496727244525086
0.0015495901594088837
0.0015531870742272733
0.0015524841454405303
0.0015506693022661413
0.0015499719691809556
0.001552530885724053
0.0015516210937352023
0.0015494299444358038
0.0015487167862185173
0.0015468036879896208
0.0015457289855453794
0.0015433501567923326
0.001541049980337216
0.0015411222291431554
0.0015400886662337776
0.001556374844839228
0.0015558148800612413
0.001554677774951658
0.0015504930901731348
0.001549606124480137
0.0015487766484380916
0.001547539494515331
0.0015484117981306251
0.0015475928885036853
0.0015478652084348198
0.001546616999579869
0.001546241172007688
0.0015420284061722098
0.0015409277839948583
0.0015385462637779817
0.001542626878741762
0.0015420071025843895
0.0015408878769420454
0.0015398581952500738
0.0015405845455096826
0.0015401102713518107
0.0016450809886422145
0.0016437964943767057
0.0016419826817823406
0.0016298138418901636
0.001628350121313019
0.0015989048221738895
0.001597338426465125
0.0015957575907448087
0.0015938258353302762
0.0016006634098777188
0.0015968615340711666
0.0015950916333517513
0.0015937433456844293
0.0015948699496947927
0.0015965851656623083
0.0015958260886271562
0.0015952104197495235
0.0015962901215287025
0.0015923516661813999
0.0016154976019986294
0.0016151785422392432
0.0016098311929537597
0.0016091742968997278
0.0016293591553626838
0.0016282288872344016
0.0016278750007285457
0.0016269006462460713
0.001623420345592043
0.0016219640140425486
0.0016210968736317419
0.0016145371237596547
0.0016136518261073167
0.0016108241687784834
0.0016059790832686487
0.0016043367372397855
0.0016004050099384219
0.00159889462990041
0.0015975840586737405
0.0015961254451465961
0.0015953623991583983
0.0015943425602206176
0.0015931962629947979
0.001592919286107213
0.0016512903888984214
0.0016487786440326558
0.0016548394022780767
0.001653010316016137
0.0016510578431321312
0.0016483154948299722
0.0016473320997778033
0.0016348679909044368
0.0016335906634576056
0.0016337742945388646
0.0016299132498006391
0.001622481611159333
0.0016218941484273657
0.0016238154165936491
0.0016222401527318257
0.001622763697345028
0.0016209856668100613
0.0016189439069404514
0.0016182766554560112
0.0016179252022274577
0.0016175337107812492
0.001617024767854101
0.0016128483535901247
0.0016132219671013415
0.0016124145461177159
0.0016110670045386087
0.0016155239455057737
0.0016147357225901433
0.0016132853329643188
0.0016091402619698577
0.0016077171143461162
0.0015953943255575115
0.0015938796366085461
0.0015930038606781854
0.001591953064491318
0.0015923854163308335
0.001591284155764912
0.0015895033810762653
0.001589227754173602
0.0015888353035744748
0.0016057445936748206
0.001605218107083906
0.0016112587161605453
0.0016095532877685417
0.0016111248512850724
0.0016128203821003302
0.0016116057468077275
0.0016099189596590743
0.0016086499461176423
0.001607697420275401
0.001611213932646525
0.0016108444584028874
0.0016100794015432907
0.0016083493462279248
0.0016096622996077641
0.0016103059552901387
0.001608766963762962
0.00160749647739946
0.0016071903109537535
0.0016056159692983416
0.0016044824338943581
0.0016002916737027004
0.0015968763684968837
0.0015974107531304585
0.0016052583025950736
0.001603005975295818
0.0016024424073736762
0.0016016240058279688
0.0015986056749508792
0.0015976514711133814
0.001587780438780008
0.001588181534755737
0.0015874168589330394
0.001586515642127759
0.0015884171555920973
0.0015875344895806946
0.0015876796179241852
0.0015874767115790027
0.0015873421949429117
0.0015862629370663884
0.0015849012251268704
0.0015837897408683
0.0015829271997430425
0.0015829651121081754
0.0015841184586731386
0.0016201057734135077
0.0016191405090299539
0.0016172994029896683
0.001616924665023837
0.00161618888899756
0.0016150267044985707
0.0016134389252948286
0.0016197896332252686
0.001621002392046568
0.0016181256328250946
0.0016170423429405323
0.001614206129478974
0.0016073237589196748
0.0016093062631903823
0.001608789007891065
0.0016079127304139014
0.0016076145830750178
0.001600529498801028
0.0015993013641860425
0.001597708213856575
0.0015972529411506639
0.001597157231373493
0.0015964240218791308
0.0015973336386960692
0.0015870578092903086
0.0015872044410558017
0.0015858579436450128
0.0015917826860195273
0.0016488286952221587
0.0016484086372386124
0.0016488200965280963
0.0016444418306531584
0.0016431095646322312
0.0016428297732581337
0.0016507270176779238
0.0016515646320485824
0.0016502805549370174
0.0016493429691302585
0.0016492315850549625
0.0016451962003518233
0.0016467033880990414
0.001645681223396172
0.001646472346382993
0.0016422471126959475
0.0016414836214607906
0.001639395619331786
0.0016394735954746561
0.0016386712086833512
0.001634616255679139
0.0016343716051867945
0.001633435209094063
0.0016343359945034765
0.0016336785664118703
0.0016326957822888415
0.0016382599878664629
0.0016348755111600338
0.0016340264134267323
0.0016305672668713502
0.0016317693963477746
0.0016303803271576207
0.0016285096103545503
0.0016281719883338161
0.001627144076704714
0.0016217194789931988
0.0016237428915465454
0.001623436665461821
0.001626993176250243
0.0016308203020630205
0.0016294601026343833
0.0016307738787421854
0.0016299213327852524
0.001627140195343933
0.001627266181230143
0.001626454662252777
0.0016651883599215261
0.0016628590001111704
0.0016619498384280755
0.0016607342217386085
0.0016600287965795235
0.0016567748784244486
0.0016559630253994155
0.001654711644177398
0.001654735676101886
0.001653726290710019
0.0016524525459648074
0.0016505026960152572
0.0016490320384679978
0.001647762000396072
0.0016464267983251851
0.0016460241474977593
0.0016457539570448793
0.0016430876227603271
0.0016419005008729251
0.001640747670273968
0.0016400924817670313
0.001639436213915088
0.001638608208394001
0.0016383760848153411
0.0016378275725598115
0.0016351937022916956
0.001633419857345814
0.0016433043104510147
0.0016510658568104858
0.0016501978073846818
0.0016487208261640324
0.0016479726677040803
0.0016489825881309144
0.0016404444925837696
0.0016390230460830374
0.0016321059179180582
0.0017016110971633256
0.0016989821564106066
0.0016979955243770484
0.0017539638695403077
0.0017514547636806352
0.001750560826865947
0.0017492549596604301
0.0017498975151188834
0.001747024650505996
0.0017462532191370092
0.0017459646523716572
0.00174538332390563
0.001747644606076053
0.001746308808567096
0.0017453966761779751
0.0017446825039508168
0.0017425414127994214
0.0017404983157005718
0.0017400814168204797
0.0017394556539450737
0.0017387962583444172
0.001751307541716464
0.0017433116731339234
0.0017425807195126403
0.0017411523737024467
0.001739738000506064
0.001747284049199868
0.0017461678321275915
0.0017466019261379313
0.0017456362730369499
0.001744583546423202
0.0017437253817527674
0.0017439923830120092
0.0017431032534176792
0.0017357435130273741
0.0017349973994981805
0.001737404448355824
0.0017365243322050201
0.001734593113830537
0.0017357124739590258
0.0017349029382497851
0.0017336187882549359
0.0017327033603101636
0.0017321368897763646
0.0017318690166453923
0.0017310562381361355
0.0017301510050557638
0.001733480348332816
0.0017291580290742985
0.001728225071990768
0.001722082847641406
0.0017348201851690517
0.0017342054608200012
0.0017417567556939424
0.0017385524013577803
0.0017368487628657467
0.0017354824754776351
0.0017344774983982533
0.0017334880950183357
0.0017318062844666163
0.0017315965282974025
0.0017310980725749301
0.0017303159753892074
0.0017308309505959566
0.0017300662206540711
0.0017256202139813047
0.001725565295927313
0.001724430650611197
0.0017182387504290587
0.0017170354495829993
0.001716936472210284
0.0017157379174953219
0.001710200916324825
0.0017092616859402826
0.001708482056639537
0.0017093262722547489
0.001707515997419123
0.0017065031569635626
0.0017042829342803054
0.0017052724170695628
0.0017044439955341583
0.0017033245089118085
0.0017024995536868864
0.00170291891627663
0.0017014901399132268
0.0017005219571383688
0.0016990663082135022
0.0016970766944877525
0.0016963488018171967
0.0017082407651591886
0.001707221173982225
0.0017072695872173494
0.0017072044962905923
0.0017071686316530036
0.001706179668334737
0.0017081140162152027
0.0017079381907606638
0.001704949815328789
0.0017032839696157576
0.0017035627220546845
0.0017022981520852373
0.0017009711828122984
0.0017005660420108956
0.0017007892716767855
0.0017022751851682163
0.0017014953647430287
0.0017004219066988815
0.0016993703224787197
0.001698152124497721
0.0016964845873822683
0.001696104463172972
0.0016951962655986233
0.0016966976326650695
0.001695472573564579
0.0016940521134520188
0.001693260305455757
0.0016920481296864782
0.0016897554506896495
0.001689051158914528
0.0016888178415810154
0.0016878794959216909
0.0016878581230342592
0.0016932581307579726
0.001691531325072613
0.0016767636104485057
0.0016756440834545968
0.0016711992554378121
0.0016698930898964427
0.0016680715546314253
0.0016674990539414204
0.0016666303217654692
0.0016656538026247488
0.0016648711695413665
0.0016636628165724305
0.0016602400979088417
0.0016588655314852371
0.00165809769144765
0.001657029219414533
0.0016577385804035344
0.0017367495972025215
0.0017348067310645147
0.001733569176279917
0.0017326172123585
0.0017317561517887874
0.0017314843359893986
0.0017310195975149267
0.0017328258834459452
0.001732575159602184
0.001731739737132823
0.0017284870587099955
0.001728588891688301
0.0017279086285077007
0.0017280810681290478
0.001730499427905109
0.0017331135733166284
0.0017318746090222812
0.0017315883147207638
0.0017324776442891674
0.0017340309626128626
0.0017352693533125676
0.001733523938718308
0.001732483068816656
0.0017321039467231205
0.0017356223805298063
0.0017344669056372124
0.001732762049890231
0.0017320550286359059
0.0017313988212465411
0.0017305264905357102
0.0017321336618742634
0.0017314570120237666
0.001731477413176312
0.0017300152807712048
0.0017295910460024882
0.001720303955667272
0.0017190810522591004
0.0017179323608835402
0.0017046432638848452
0.001704081995692762
0.0017023801130966003
0.0017022963474038384
0.0017017859972462165
0.0017045243360146393
0.0017032837335960878
0.0017024527331360444
0.00170155866127576
0.001696787417578736
0.001695925142497289
0.0016988413544622052
0.0016978108416298779
0.0016967771257898967
0.001697316909637032
0.0016999838777656388
0.001699090728838478
0.0016983201323220415
0.0016973080827170739
0.001696234105218162
0.0016970331250324455
0.0016958110812630128
0.001695366555759824
0.001695604476695448
0.0016957882699218968
0.0016914024485026856
0.0016904693516397993
0.0016895251978703936
0.001687829942719598
0.0016865905245140287
0.0016857991833609622
0.0016846985311474087
0.0018336072705332192
0.001832339287532988
0.0018320353523428997
0.0018309426616282696
0.0018283827988953753
0.0018256357563310904
0.001825023571706736
0.0018268057186865193
0.0018254509202752997
0.0018166818869268958
0.0018162943335181818
0.0018157484471632505
0.0018399191067928486
0.0018398068393972017
0.0018353597512262177
0.001835262647437218
0.0018344154236821259
0.0018334105121817043
0.0018326053814371984
0.0018330058618538068
0.001832172640250919
0.001948957406970077
0.0019478028156450344
0.0019470688666577765
0.0019459655126284772
0.001940890243342026
0.0019392364728335859
0.001940545624367883
0.0019400710464208607
0.001939134703182226
0.0019378756708078705
0.001936634275137392
0.001935602372761646
0.0019343760936858703
0.0019341130844724155
0.0019334650617990775
0.001932628565258695
0.0019294546763512987
0.0019281392926782982
0.001926734311376521
0.0019264427268854073
0.0019262018790440693
0.0019247087159473732
0.001923524654707583
0.0019277206755348877
0.0019288619553345734
0.001928777057876274
0.0019291274633010498
0.0019276096033109215
0.0019245726920291933
0.0019231934528582105
0.0019226246091523678
0.0019216807230626619
0.001927623739283092
0.0019266185038259388
0.0019256273443387613
0.0019143162620335692
0.0019186729505118343
0.0019190279104002801
0.0019181791554407882
0.001918112166005883
0.0019187191113116345
0.0019168786323667199
0.001915920588364006
0.0019155037940027742
0.001914496133902142
0.0019137139338548542
0.00191256499510509
0.0019129877619691177
0.0019113313769916363
0.0019106670657626742
0.0019102501080171194
0.0019044364808810967
0.0019052433938111335
0.001905521244213278
0.0019044690745723609
0.0019046847371969355
0.0019036311146814566
0.001903874612618239
0.0019016465780248746
0.0019026425514503459
0.0018972781671272743
0.001896881497309327
0.0018985292097666252
0.001895621644847493
0.0018939563335592545
0.001892051939621411
0.0018900426662724434
0.0018773627438775978
0.001876417104318258
0.0018745600951453707
0.0018697614506703905
0.0018682222996139427
0.0018676980393737513
0.0018685269634762056
0.0018672878480298415
0.0018590144805141822
0.00185827492696196
0.0018545641338811455
0.001835215326341254
0.0018340925562823807
0.0018351026577757916
0.0018327181633127467
0.0018286565665934546
0.0018281285533968887
0.0018274384961800695
0.0018277454100829808
0.0018265288283391262
0.0018252181919694416
0.0018243234277292367
0.001824630938937502
0.001824200692918411
0.001824348009884805
0.001823727403710307
0.001829943938922846
0.0018404208122282807
0.0018411608833303074
0.001840749946855011
0.0018395393262414159
0.001839002170217256
0.0018396556378105775
0.001838749431274182
0.0018381893716751122
0.0018374637619642884
0.0018357790362717912
0.0018350007271851496
0.0018326711427253037
0.0018317972045203252
0.0018310702553554293
0.0018304325871744088
0.0018296918565183992
0.0018288754729557963
0.001829282545919721
0.001830586336277669
0.0018293676748011348
0.0018284545579303655
0.0018275184836622049
0.0018267284428161252
0.0018269775355933594
0.0018260683349047694
0.00182631188335187
0.0018260860364549454
0.001825140842330928
0.001825673625106256
0.0018252073000846257
0.0018268870020571421
0.0018247248613040739
0.0018244977046043035
0.0018239042803718454
0.0018234447907766907
0.0018210337332584645
0.0018241661879914084
0.0018234317691811159
0.0018164460402421072
0.0018158023937555588
0.0018140949374524846
0.0018137427395601958
0.0018139383039455503
0.0018121316871611316
0.0018096685091179353
0.001809973552513299
0.00180908016808895
0.0018081299868578952
0.0018077235987642624
0.0018082126949086987
0.001813334074015898
0.0018124392679012876
0.001814212024293871
0.001814129698347572
0.001813321641491417
0.0018102671796557347
0.0018090617087847102
0.0018088285988490244
0.0018082531579718885
0.0018073772552469503
0.0018059360681602617
0.0018052002819058444
0.0018044240931304617
0.0018094118233581812
0.001808691420704659
0.0018097935651106543
0.0018081028963365775
0.0018070172180598733
0.001811930921160483
0.0018237084947880372
0.0018232755883909523
0.0018223548835289937
0.001822287188920761
0.0018213098107587296
0.001820772159071398
0.0018348304732462785
0.0018333871290231235
0.0018308384265629766
0.0018294093847009674
0.0018285836500405688
0.0018316152156686515
0.0018307378372575292
0.0018299755383755583
0.0018288199050007577
0.0018286751450054951
0.0018303709333171152
0.001829104864310588
0.0018301514717044335
0.0018290409223984934
0.0018302961888377956
0.0018354663770981034
0.0018347862751925106
0.0018291635566344668
0.0018334037988948291
0.001833772684401137
0.0018333575699719308
0.0018328414826485754
0.0018315158049321495
0.0018340669252237892
0.0018329477186648443
0.0018324324163782422
0.00183037753253653
0.0018303723010524066
0.0018291241900689824
0.001827620718139018
0.0018233453102952154
0.001822538423158256
0.0018215670241790434
0.0018206380365321038
0.001820374109768987
0.0018191610207688308
0.0018165712475081322
0.0018169213044771683
0.0018183581707830495
0.0018170435465340634
0.001816275036684292
0.001815589244076879
0.0018136388988445956
0.0018188613670858437
0.0018182385520733476
0.001817545270549663
0.0018165257325621158
0.0018104398927979856
0.0018099356504513778
0.0018119206226328763
0.001812755199972751
0.0018157406473500205
0.001814953450616377
0.0018147359310949193
0.0018139470292260233
0.0018131876605362528
0.001806033230445877
0.0018047149485227575
0.0018027447379234372
0.001799453768592914
0.0017987751255893283
0.0017983247685846428
0.0018110763596263537
0.0018104095257772288
0.0018098199059013015
0.001809198313388042
0.0018075751572286442
0.0018060101278806792
0.0018070318700893894
0.0018063542747914407
0.0018062414399879622
0.001803536825903277
0.001830257117843655
0.0018317552239020753
0.001831192538180711
0.0018290338136915721
0.001831313645749171
0.0018306021542004686
0.00182975958742916
0.001829068644268053
0.0018283012821101632
0.0018410498105069294
0.0018390935586501136
0.001838462710831901
0.001844703768314786
0.0018436959395124264
0.0018428988233039289
0.0018408284859701687
0.0018390225042426425
0.001837523275546709
0.001836090087166536
0.0018354912907725517
0.001834851851799573
0.0018338983465660394
0.0018318263986144816
0.001831211222562467
0.0018296891064649707
0.0018290050026490237
0.0018286210521551917
0.0018300145342582603
0.0018290543873641064
0.001827711119428881
0.0018268823800266889
0.0018273651000835734
0.001826418738838635
0.001826337561391633
0.0018256306908753961
0.0018255408777523433
0.001823779873365533
0.0018230916765236834
0.0018157533852448157
0.0018263176472566888
0.0018238824611496811
0.001822609949582279
0.0018202553327874987
0.001832640862527392
0.0018322916928938714
0.00182990667820861
0.0018241579955063567
0.0018233795919262107
0.0018176901064807158
0.0018167314616674348
0.0018161581379093844
0.0018133147488668833
0.001804102805168389
0.0018046662960668892
0.0018005822143503391
0.0018068136912241654
0.0018062659641291357
0.0018052632890723334
0.0018079681932866459
0.0018071146360498502
0.0018066993707479572
0.0018060626577901429
0.0018063028650099323
0.001805636636461323
0.0018046033751236178
0.0017934628216806905
0.0017884323606753524
0.0017867076104313817
0.0017851482200954357
0.0017768984483883562
0.0017774805942902465
0.0017765625739547101
0.0017503639171938421
0.0017494500020944295
0.0017535115427128318
0.001754204681757735
0.0017539720717229135
0.0017519923327957306
0.0017513311525922776
0.001751884276908404
0.001752314183165837
0.00175338253093896
0.0017520593112639034
0.001751381030033148
0.0017505217064406242
0.0017514816172872353
0.0017500251374349199
0.0017506550186408714
0.0017503650740189757
0.001749452684268276
0.0017482443210816458
0.00176067019243157
0.0017623507769992126
0.0017616162388904046
0.0017611628319704972
0.0017595855765933032
0.0017600766902018997
0.0017760598894960222
0.0017211995062747505
0.0017200071665193402
0.0017196221221554115
0.00171889806468264
0.0017161681361387295
0.0017160285659018493
0.0017153103138414989
0.0017202764025594204
0.0017196690387628194
0.0017190379282724494
0.0017199181810980055
0.0017192481081087082
0.0017188483398065787
0.0017212223173732732
0.0017215806815312899
0.0017183729391365792
0.0017171437935502999
0.0017158274335429718
0.0017158690478981523
0.001715134613274839
0.0017144195931078259
0.0017136319953433572
0.0017130133013348611
0.0017123501799002016
0.0017114572611432789
0.0017104138996947723
0.0017104162804127035
0.0017092548805675075
0.0017080620107001185
0.0017073356622425893
0.001707692151169744
0.0017070125565801842
0.0017053501933292801
0.0017051351931686928
0.0017043536933035743
0.0017037705585142234
0.0017052447679690556
0.0017050105516936526
0.0017040426606331376
0.0017047725358383195
0.001715893601254707
0.0017143300850518534
0.001713802281929805
0.0017133157616902287
0.0017125932797431
0.0017145388634227572
0.0017139783582949437
0.0017131717706019628
0.0017125040167479298
0.001712237897411931
0.001712442054820884
0.0017123404832279131
0.0017121336812024601
0.0017108420578608931
0.0017431982188241084
0.0017410082876729493
0.0017407084468593198
0.0017399663105402174
0.0017381616029942008
0.0017375507815738788
0.0017431575577895682
0.0017427945530905536
0.0017413403170662414
0.0017218721113533896
0.001720785105735146
0.0017197504995097755
0.0017182996001151982
0.0017190593647048182
0.0017179311000137926
0.001717708733252337
0.0017142203013533522
0.001704970685367572
0.001703997395428798
0.0017034928084140122
0.001702839505169452
0.0017016503567579674
0.001701882356355521
0.0017030315236829254
0.0016967712022045878
0.0017008360978867194
0.0017001147155892024
0.001699846471267209
0.0016978059747694934
0.0016953930794307624
0.0017004329490964759
0.0016979029664085513
0.0016976007819450073
0.0016931901261963485
0.0016927396888258618
0.0016926899992107656
0.0016894007967721751
0.0016895541840542068
0.0016890652233838707
0.0016877883331769886
0.0016872280160478488
0.0016868081958719442
0.001686940429855355
0.001685610629041507
0.0016843112336024902
0.0016762832412124434
0.0016771212623574985
0.0016765515579637864
0.0016747151662508668
0.0016740893210994002
0.0016725946697322947
0.0016695702004498126
0.0016689725515166899
0.0016680915809878963
0.0016674400060330587
0.0016670085094502
0.0016668966485642873
0.001664483536766189
0.0016639962272339188
0.0016629941255546482
0.0016622448351382726
0.0016615815694344472
0.0016603028777925643
0.0016596295858929031
0.0016599241244276218
0.001658954052213163
0.0016607911251359784
0.0016614373865118674
0.0016613055366658243
0.0016627000348763193
0.0016641955451958351
0.0016626980981078081
0.0016689885812907334
0.0016684033707425959
0.0016669460398434138
0.001666539631690757
0.0016656642518404264
0.001665548658512319
0.001664858324752103
0.001664198450792823
0.0016639510932800132
0.0016595885312241181
0.001658833316657918
0.0016576757216359957
0.0016579336036214821
0.0016570636275083728
0.001663374735999971
0.001660998881177778
0.0016609051516276977
0.0016601739782548875
0.0016594563863742153
0.0016583224468206229
0.0016582784938903574
0.0016576631989586718
0.0016572758346403208
0.0016563679227451138
0.001655068668405454
0.001655044146977247
0.001649833664390615
0.0016492000403030584
0.001650393054009743
0.0016509800846513465
0.0016499819756397305
0.001650022013663908
0.0016507188490100448
0.0016499733290183138
0.0016492226547076497
0.0016901496105871986
0.001689274452728372
0.0016887223508305733
0.0016885935173487552
0.0016885382994428315
0.0016874905635132682
0.0016869351162426564
0.0016864524887901951
0.001685423788353595
0.0016859794001990614
0.0016848781439016052
0.001684444603793411
0.0016843404790712405
0.0016836848682963554
0.0016836672201351903
0.0016828416406126547
0.001682173317187041
0.0016915834928570624
0.0016908549896126489
0.0016891374579989583
0.001688649644218638
0.001688439294486649
0.0016883245222518084
0.00168752705751169
0.0016828424756578251
0.0016856499634208858
0.0016856483134606126
0.0016825823056071715
0.0016835546393630307
0.001681990912093407
0.0016892850550467354
0.0016892429154110376
0.0016883324895551647
0.0016861331419766386
0.001686093441839645
0.001685589103240237
0.0016854751760162104
0.0016851315268378328
0.0016838819278063263
0.0016828999234775458
0.0016806404149038573
0.0016803561310347397
0.0016808158611945425
0.0016801017844378663
0.0016794630007782676
0.0016789607054578247
0.0016780361954388987
0.0016765212331992846
0.0016757960529258267
0.001676048950242392
0.0016738165533754874
0.0016731741930442494
0.001677478269681032
0.0016783366784317655
0.0016801457710434013
0.0016793649791995745
0.0016783386111833656
0.0016683378540372936
0.0016675925336508744
0.001668932108205608
0.0016671917280250046
0.0016669460726806069
0.0016659405249989864
0.0016655186858267684
0.0016649443091900139
0.0016645433404414735
0.001664062445151104
0.0016618546739387147
0.0016622315564456785
0.001662175491718846
0.0016617616036952276
0.001661215686416339
0.0016602770515921498
0.0016525227408206325
0.0016543236372887806
0.0016539342862734497
0.0016530078927227611
0.0016874916082239406
0.0016882108713977156
0.001686912089563768
0.001686359319188494
0.0016870486791932444
0.0016863864724442994
0.001685888317724259
0.001684294127150048
0.0016894487763476256
0.0016891443320595878
0.00168841772360442
0.0016794431558712557
0.001678784060480394
0.0016772547990972378
0.0016766651608526295
0.001676018798363153
0.001675559431665873
0.001675430101650975
0.0016757798262418727
0.0016747044784931559
0.001674007125419505
0.0016717455542066416
0.0016720833953597053
0.001671449950180263
0.001670969874706152
0.001671247069832272
0.0016699049363559915
0.0016715610234467441
0.0016708954377022043
0.0016706033989153303
0.0016701206503069565
0.0016686553740344835
0.0016680237613882244
0.001666902099038731
0.0016663601485781177
0.00166575501327961
0.0016651562709772837
0.0016638478843819607
0.001663903533900149
0.0016631986735788158
0.0016617430011236353
0.0016615095694100103
0.0016613511842430977
0.0016692047316856497
0.0016823226427481153
0.0016815699550170094
0.0016949854558074339
0.0016943509674297655
0.0016956328517047955
0.0016962698603857575
0.0016966801504716333
0.0016939612455416336
0.0016925937990441811
0.001691334238526475
0.0016906104161507956
0.001691339565035476
0.0016907751933450106
0.0016900635194004882
0.0016910291182935587
0.0016908866447583222
0.0016910572128946636
0.0016903102186889578
0.001688840185192804
0.0016917440279900426
0.0016917428208154583
0.0016904180204177846
0.0016899024218667625
0.001688613793844735
0.0016881729603602552
0.001687095343568135
0.001685019939798081
0.0016843590806120607
0.0016839287813772788
0.0016832939788088905
0.001682519810759374
0.0016818535524678595
0.0016806385314507614
0.0016802991692693046
0.0016792971447537506
0.0016797220203961245
0.001678960484160166
0.0016829005402902585
0.0016821415911733122
0.0016815653244349204
0.0016809066743049606
0.0016779167389080955
0.0016769622795275798
0.0016737179545708366
0.0016706156680307731
0.0016694675332056723
0.0016676931305822152
0.0016690751539956616
0.0016685603198801284
0.0016680916588576605
0.001666602111444269
0.001681311258956761
0.0016729624055193241
0.0016720877469950705
0.0016729570777508586
0.001674238120765526
0.0016728258886167223
0.001671072069914999
0.0016879843114884574
0.0016840410464512656
0.001683163454444032
0.0016824694612633127
0.0016819256633868772
0.0016817518715334257
0.0016813800170756429
0.001681797540280821
0.001680177318808796
0.0016792677536839641
0.0016784671511585626
0.0016797455763072424
0.001679168867272754
0.0016792492070339187
0.0016782971424266465
0.001677456392306673
0.0016768464069010693
0.0016760915283321074
0.0016748544385600734
0.0016717250364901278
0.0016717793619073701
0.0016833653247080218
0.0016810299766050088
0.001683740399558703
0.0016828373270650614
0.001682418729897974
0.0016812126091475586
0.0016808964106083705
0.0016803223961723056
0.0016790595592599761
0.0016785765307041963
0.0016782017465336125
0.0016776854212793737
0.001677565418411648
0.001675683894083555
0.0016756799020608707
0.0016748063308795926
0.0016739918565657794
0.0016706822219302792
0.0016702280897299714
0.001669471553220024
0.0016690522564946017
0.0016687781039027277
0.0016680257279971164
0.0016675473945648661
0.0016672622865977831
0.0016664963323557466
0.0016668267884926383
0.0016656995155059425
0.0016651743538229594
0.0016645113366668017
0.0016654836490310027
0.001660949839873049
0.0016603978225239358
0.0016595888713993809
0.001659087903655769
0.0016589617591472264
0.0016564365667822605
0.0016557677382411915
0.0016542677375272613
0.001653838996946311
0.0016526713303977327
0.0016502835442738643
0.0016501834720029005
0.001648597736984664
0.0016479097795459743
0.0016353820559304878
0.0016348681978935742
0.0016339625121614798
0.0016385104727147345
0.0016381455656373858
0.0016372849656435626
0.0016366594815761467
0.0016361325041650545
0.0016475176939661261
0.0016445310104902275
0.0016441980799921023
0.0016438342995630506
0.0015967031317604156
0.001596438497312059
0.0015955928378414415
0.0015923501602035561
0.00159164250035536
0.0015910711769022477
0.0015899710536285004
0.0015897039386583152
0.0015881154476515948
0.0015874566599140716
0.0015813453158324568
0.0015808181735687162
0.0015810224482894072
0.0015931569093383812
0.0015926860433821905
0.0015916000768738047
0.0015895909099887218
0.0016148758161818526
0.0016138836830893307
0.0016139262741572526
0.0016135593201047293
0.001615743844277524
0.0015998968043884633
0.0015996581679250815
0.0015991589631553591
0.0015989056424984846
0.0015981579432681656
0.0015980308749762497
0.0015972476437809656
0.0015938532558478532
0.0015917353420220896
0.0015900955175376448
0.0015897099397084399
0.0015891794274355475
0.001589830652457585
0.001589345148050329
0.0015889309081717842
0.001588485149555982
0.0015876827206014867
0.001590670902440078
0.0015919275457791948
0.0015888775663702517
0.0015885838522099684
0.0015882210362449783
0.0015915065140386627
0.0015909933690922303
0.0015939541382719933
0.0015946210334241869
0.0016052114721856999
0.0016045394648971938
0.0016035692507914302
0.0016135361953509046
0.0016130990507253198
0.0016122115250802548
0.0016134335477902132
0.0016133632978936753
0.0016135936164696817
0.001613196787696566
0.0016125064586868319
0.0016129190081146016
0.0016121747512841767
0.0016118290271327112
0.0016115228986386461
0.0016106442863495199
0.0016112572673722641
0.0016109567811809513
0.0016077171682870178
0.0016074603858689475
0.0016068728342997407
0.001604872240758544
0.0016042861398938165
0.0016049000114817108
0.0016024439799797413
0.0016019325078464866
0.001601364828235432
0.0016011496090050732
0.001620081022750611
0.0016208133467824988
0.0016202289786050948
0.001619598088330298
0.0016191846268346953
0.0016188648257550536
0.0016180865655561006
0.0016231270022665663
0.0016234742829913742
0.0016214263825514651
0.0016203528722643875
0.0016195899177129905
0.001619153466495053
0.0016182472766890653
0.0016195849180164873
0.0016191598206866085
0.0016170708976107346
0.0016156407244587228
0.0016151723090507251
0.0016151401339163172
0.0015982179372355319
0.0015857731745090122
0.0016241642870889281
0.0016245852229137866
0.001624395514651627
0.0016258682988070875
0.0016259642318829555
0.0016253030395360875
0.0016257122365159584
0.0016250728925187082
0.0016247192185118889
0.0016241120204567865
0.0016237333995689997
0.0016227799217152328
0.0016225979481381974
0.0016217986522328058
0.0016212654853929975
0.0016201726638184145
0.001619691867074466
0.0016188282248189101
0.0016194299025010467
0.0016193745838439392
0.0016188445538347555
0.0016176821552679244
0.0016199212020531018
0.0016206340365078954
0.001619883843878912
0.0016205699389232825
0.0016192125936547027
0.0016184275492049241
0.0016184132171289636
0.001622666013806104
0.0016217925713782019
0.001620262636421841
0.00161994905086618
0.0016193699285415174
0.0016190354248190638
0.0016294050315890294
0.0016416765884198373
0.001641634902071313
0.001641312723904699
0.0016403632493695813
0.0016385795959653442
0.0016378854226189532
0.0016375229620068036
0.0016370036765360884
0.0016378517500134483
0.0016404228309701927
0.001639218302409971
0.0016382862115249996
0.001637898234764217
0.001637244052629227
0.0016377148024174532
0.0016371640684631002
0.0016367332138787216
0.0016375821610924105
0.0016377791307670556
0.0016408125373678798
0.0016470437652401444
0.0016467450726966222
0.0016448802460160379
0.0016444398412922478
0.0016426853350407229
0.0016425321680070921
0.0016417129652512596
0.0016364917843049193
0.00163565439289938
0.0016350410704283724
0.001633558405506612
0.0016333130724052673
0.0016323962019982917
0.0016432158862618473
0.0016415463553591837
0.0016409773020915825
0.001640246532070155
0.001639310011882093
0.0016388865713062098
0.0016385038559089912
0.0016276600043694388
0.0016272762187345743
0.0016264450218126314
0.0016260585602710705
0.0016263670845039979
0.0016257771523697866
0.0016258446583425137
0.001626478379992419
0.0016256363733075654
0.001624817886241215
0.00162279841848009
0.0016222192496065486
0.001617558692448541
0.0016123582720056887
0.0016126586614403382
0.0016011816049920436
0.0016067627985319446
0.0016061840069501961
0.0016021426603135568
0.0016016228636862968
0.0016017918370020623
0.0016013753687295093
0.0016008955659987537
0.0016024457023731515
0.0016018320023402143
0.0016012766890355524
0.0016007641609514566
0.0016002515931814168
0.0015994274881553276
0.0015991869028589378
0.0015989656441171532
0.0015975544652653889
0.0015953408159603425
0.001594476823288679
0.0015944042417582846
0.0015934711819843156
0.0015929649165189043
0.0015913378908473292
0.0015910656579467529
0.0015905558485106647
0.0015901095522391508
0.0015897873144386481
0.0015896630863284431
0.001589279168014575
0.001585874660375608
0.0015853037833612601
0.001584910359842424
0.0015847949823449925
0.001583661145279719
0.0015838630451424495
0.0015837045439784367
0.0015831649970946852
0.001585633211166435
0.0015836592869853873
0.0015837672322902092
0.0015871280983047104
0.001586429290315179
0.001586973689862865
0.001640809872691734
0.001640420885530411
0.001640006926927691
0.0016401370372078634
0.0016395859873583039
0.0016390054402901817
0.0016367631091042108
0.001637181713765369
0.0016379584888370517
0.0016376196913969934
0.0016376153845130447
0.001635833261635772
0.0016352947598467023
0.0016360306540322122
0.001636739682784693
0.0016347929392508905
0.0016335379727706152
0.0016327064390778594
0.0016329421038374886
0.001632642859279279
0.0016304752914185032
0.0016306538777153203
0.0016305443807311149
0.0016084345953291434
0.001608197985194035
0.0016413212765117005
0.0016398228222825907
0.0016373460416717871
0.0016370103384083894
0.0016343784722169497
0.001633451199741563
0.0016355602297798042
0.0016349951131242493
0.001644225979353999
0.001643822921344383
0.0016432407566153108
0.0016448385846306274
0.0016442648766661198
0.0016441327076617534
0.0016437616897271683
0.001643558987575451
0.0016423092412016509
0.0016421001619769569
0.001641670961661191
0.0016534207316367588
0.0016568970131007918
0.0016562061894825001
0.0016608883015509564
0.001658587967405799
0.001658892930728531
0.0016581770799757773
0.0016571257493223667
0.0016566178293909598
0.0016565560600092129
0.001656338976174283
0.0016524899091590092
0.0016521427699314807
0.001651450557589402
0.0016513282821972197
0.0016509329969086007
0.0016465034267492016
0.0016461190434527873
0.0016521109305065096
0.0016514277099421621
0.0016510547520171837
0.001648309625267966
0.0016478539770938402
0.0016459885480057104
0.0016452472661852443
0.0016446818962066176
0.0016396822078584585
0.0016384313471157045
0.001638584970991458
0.0016357184260660678
0.0016351967946592711
0.0016345846525064594
0.001634695537197556
0.0016334583722522858
0.001629410806841581
0.0016284638288389366
0.0016278664731551357
0.001627542702110156
0.0016269014461214963
0.001626309039654332
0.0016227189748216856
0.0016194629327901538
0.0016190719316412426
0.0016186344293099922
0.0016181566017673882
0.0016174090501391441
0.001616635854207427
0.0016168159111550327
0.0016175862414338216
0.0016168939744924575
0.0016144255014877487
0.0016145946207652827
0.0016140136102324497
0.0016140401647651596
0.0016150745979286011
0.0016136635994165847
0.0016154162596869884
0.0016151467162260117
0.0016147533820140534
0.0016146044122604879
0.0016143008111082781
0.0016148956732152677
0.0016135015759109763
0.0016133703907293658
0.0016122022111906044
0.00161143186119656
0.0016201988739672612
0.0016158861976277232
0.001615014499945356
0.0016144979526149566
0.0016142718030061752
0.0016136352365224477
0.0016131556782817693
0.00161339351327997
0.001612583896757869
0.0016122504579449437
0.0016117471617529886
0.0016123990256529802
0.001612274401408614
0.0016111984082533286
0.0016113771563085286
0.0016109959590665524
0.0016107450106134615
0.001608241036605979
0.0016079313999104769
0.0016118435802389731
0.001611047236748231
0.0016093666941984458
0.0016093326990730956
0.0016089149191380577
0.0016083676857827466
0.0016078193488871068
0.001601887848833744
0.0016016282117062813
0.001600049620315236
0.0015997536209584038
0.0015993817040221745
0.001598898472953977
0.001598792569921345
0.0015988327233238003
0.0015981596006984684
0.001596979136963781
0.0015969504902149593
0.0015995495638345299
0.001598986571841285
0.0015980584156255508
0.0015975009675864506
0.0015972494634823903
0.0015967067051845453
0.0015991216161365914
0.0015984349902321622
0.0015978123519521724
0.0015971193270002651
0.001596629818813305
0.001597005007016969
0.001596452792487182
0.0015973132654054964
0.001597089536355025
0.0015977274535021071
0.0015969878415762787
0.0015979937108174926
0.0015974443063430748
0.0015968274395558998
0.0015965586512534922
0.001596072002961369
0.0015957177723318146
0.0015962497259505578
0.001595740713598147
0.0015956071069400874
0.001594866459361142
0.0015943277991208942
0.0015936652786570067
0.0015936658678966352
0.0015926677165065287
0.0015927529536093794
0.0015878519125363101
0.001586905709325265
0.0015862061005790737
0.0015861323177820455
0.001587733452294219
0.0015871642624887543
0.0015850663752335617
0.00158486420704952
0.0015853123210054548
0.001586227297601981
0.0015852594046291322
0.0015848241318850264
0.0015856621896720793
0.0015811969775813585
0.001580766212345812
0.0015805966423872034
0.0015802770161804614
0.0015796295707610822
0.0015801491755520086
0.0015802411892995056
0.0015798114780680493
0.0015792659993803513
0.0015794519656376035
0.0015780421905123008
0.0015775217492655215
0.0015762522851601873
0.0015760551477512043
0.0015751481811957708
0.0015745737933385723
0.0015742796621842164
0.001573786892606742
0.0015785376363367343
0.001578350503640473
0.0015770028333512314
0.0015766360656838342
0.001574278600210322
0.0015737494354764832
0.0015727112254029832
0.0015726896928114442
0.0015713562359630294
0.0015711815910769015
0.0015710033733880111
0.0015695895877444381
0.0016093812012750626
0.0016090796417961933
0.0016086748250735425
0.0016076164218073567
0.0016077122007829322
0.0016062348375180072
0.001605797084938653
0.0016052450344510448
0.0016047398137721805
0.0016042394888038174
0.0016028695345734415
0.0016011092517177006
0.0016002359280716774
0.001599626274985335
0.0015990314487593583
0.0015986609447880874
0.0015991310776684385
0.0015970192459962313
0.0015965872512873158
0.0015954751905934016
0.0015951132563277834
0.0016367077167365187
0.0016364104996087559
0.0016367654593090063
0.0016378130043377876
0.0016375650923841703
0.0016377634173937244
0.0016360906731590526
0.0016355297682807855
0.0016369461912972131
0.00163654107073262
0.0016369805585941992
0.0016310268197388368
0.0016309752183641935
0.0016309878305381508
0.0016296383487266746
0.001629629538753901
0.001629111446048359
0.0016280997911149054
0.0016284704916133287
0.0016254059301766387
0.001625324396110064
0.0016244920325794766
0.0016239268392296518
0.0016227067689422259
0.0016208840889799664
0.0016202311651200502
0.001614659316462634
0.001611916950959372
0.0016121680038266731
0.0016116117451007972
0.0016135940008948665
0.0016134653236998563
0.0016122855325866456
0.001611681255109821
0.0016108998196794416
0.0016111548626243323
0.00161130834285289
0.0016108617619353255
0.0016125010584218406
0.001611981704876922
0.0016113512671947139
0.00160908175114679
0.0016062582795690501
0.0016079625080915357
0.0016071756246357777
0.0016065981773062564
0.0016060670921852396
0.0016055455063655154
0.001605146098473939
0.0016045390415355557
0.0016040681443626704
0.001602711284465746
0.0016024047372128838
0.0016013671092624875
0.0016010582036890117
0.0016008221108326404
0.001599320518930525
0.001599876515144676
0.0015956087266308454
0.0015955264489830928
0.001594883203893467
0.0015946252297738342
0.0015946576009118626
0.0016015877617859833
0.0016011143503793773
0.001600078447171907
0.0015995682188565613
0.001598937347015944
0.0015991116156819727
0.001598638239690768
0.0015981376628431858
0.001598228037358057
0.0015978637845817962
0.001597316037136004
0.0015974231776205885
0.0015968984461634725
0.0015971138091795591
0.0015965697045148698
0.0015960520828839897
0.0015949406946648603
0.0015944638858572321
0.0016187176308409949
0.0016182883499992393
0.001618002090877638
0.001617397270880462
0.0016172384267970983
0.0016161548419626219
0.0016144783041124463
0.0016141228890543893
0.0016134725678537995
0.001612982580104521
0.0016105316388563672
0.001610208311245986
0.0016094845382799306
0.0016097833566180726
0.0016092633974701532
0.0016088621450130733
0.0016092017983360474
0.0016091222486680696
0.001608978454871454
0.0016083166638238603
0.0016064235743701904
0.0016061646978025427
0.0016053939332250388
0.0016055767249558818
0.0016050337981824438
0.0016044221856771875
0.0016038848249866411
0.0016039127717260597
0.001603422270122592
0.0016029112879384878
0.0016038961566239736
0.00160259044837704
0.0016037634344316261
0.0016034373575124726
0.0016032510321577762
0.0016027649605820137
0.001602370071931731
0.0016043438531852994
0.001603605117921911
0.001603357009388167
0.001605568263787755
0.0016048362609915577
0.0016021762076580384
0.0016016997189637538
0.001600910647027615
0.0016001797040501732
0.0015997669257675699
0.0015990510303552957
0.0015985429556640836
0.0015974368113385242
0.0015971749623082466
0.0015967515438395931
0.0015957612546428186
0.0015948623827790934
0.0015943522447714096
0.001590550063935455
0.0015895200435178567
0.001589225459700532
0.0015919855930521338
0.0015908860637124035
0.0015904960056266134
0.0015893899848763626
0.0015890733674550782
0.0015893341505315152
0.0015887701181261833
0.001588768854588154
0.0015872400335613939
0.0015869114986297626
0.0015850105033464908
0.0015858706069380977
0.0015851936745413357
0.0015848995691580376
0.0015844853137357252
0.0015765495941226736
0.0015764292734397872
0.0015758954859542574
0.0015758154624545611
0.0015753642496193893
0.0015750562840946398
0.001573022689019646
0.001570603447428792
0.0015751251559487883
0.0015741452745277836
0.0015725029175456178
0.0015734883337169593
0.0015732159707600405
0.0015735950911003101
0.0015728188638152538
0.0015719512921402085
0.001571360070632997
0.0015713978314806328
0.0015717354252093134
0.0015713604659973108
0.0015712351625165088
0.001572315405650838
0.001571744267264504
0.0015715828191222526
0.0015707263945763763
0.001570129815258096
0.0015701501347524858
0.001570420656626096
0.0015700805652385094
0.0015692920904984697
0.0015689191942800684
0.0015692089575277024
0.0015692566034444682
0.0015687485717308229
0.0015688476946622274
0.0015658194229342102
0.0015655203005099777
0.0015651196054061287
0.001563636684637763
0.001563201774170966
0.0015634112846168403
0.0015626114148070156
0.0015621737019806394
0.0015622120023948674
0.0015605037470451078
0.0015602911105448817
0.0015649249298808707
0.0015643163060221972
0.0015645870164866017
0.0015642381225986787
0.0015637042655815812
0.0015632779186093959
0.00156606474334943
0.0015665725118557824
0.0015665402586608047
0.0015688645302030706
0.0015699650119502659
0.001566669144576106
0.001565893723200029
0.0015607450987963343
0.0015605008192072433
0.0015630760697483593
0.0015626470977659504
0.0015662506555953572
0.0015679361269547965
0.0015674109538986757
0.0015669485071262608
0.0015666724305915453
0.0015662946274287634
0.0015657864913919417
0.0015653394086738708
0.0015647016797368765
0.0015643525166382211
0.001563726552920638
0.0015633417837640953
0.001562939017617755
0.00156245370534195
0.0015620127864662586
0.001560873187228229
0.0015604055758761742
0.001559470929733773
0.0015592201693069054
0.0015589681420465405
0.0015611124713957754
0.0015602414646800266
0.0015597463040793373
0.0015599747813227814
0.0015595841323738653
0.0015598819740646108
0.0015594036906900032
0.0015587203613794316
0.0015589448262768142
0.0015583950044451669
0.0015579359477080534
0.001557445077031006
0.001556863035800177
0.0015563484255033018
0.0015596175676307793
0.0015587262662608578
0.0015611647814585583
0.0015607407140133599
0.0015605042642274829
0.00155922272733481
0.0015577642246819134
0.001557115540325246
0.0015571832865869612
0.001556750931681353
0.0015559652739895423
0.0015557003395398298
0.0015544515591610633
0.0015540304495314562
0.001556774350636559
0.0015560929111941043
0.0015551310023699332
0.001553802910321779
0.0015527867827200875
0.0015500536949182785
0.0015460989406259995
0.0015460739645437834
0.0015454024123164366
0.0015450409508870658
0.001545728260002906
0.0015453656302669668
0.0015449408930947517
0.0015449817463170131
0.0015446082807264885
0.0015441907869213284
0.001543464321983053
0.001543361063717143
0.0015464295078007223
0.0015460539541597503
0.001546523754235698
0.0015459807581161187
0.0015458659172087512
0.00154553672715528
0.0015449939120397089
0.0015434386434009665
0.0015431966540715956
0.0015426160446999056
0.0015415799389317194
0.0015430230517323542
0.0015423370375739175
0.001541859660628179
0.0015386244505625713
0.0015419497206397733
0.0015417325679520154
0.0015413465933529485
0.00153585685063652
0.0015367354806500848
0.0015364351179341068
0.001535162141784876
0.001532663637661065
0.0015322821526296039
0.001531683728864481
0.0015304923376032104
0.0015294101016889259
0.0015287622730129316
0.0015287687913846904
0.0015285405784824758
0.0015308777239976057
0.00153052288209891
0.0015298882637195083
0.0015296626256314783
0.0015289477973553331
0.00152855146169069
0.0015284483246151006
0.0015279533197227401
0.0015293047991777158
0.0015287748783110963
0.0015313238435476061
0.0015305178201037344
0.0015297980541983235
0.001529730513143609
0.0015294082815414877
0.0015308210458033905
0.0015319640623736943
0.0015315463553210694
0.001531214556829234
0.0015315059546366354
0.0015297055974571672
0.0015311158273449046
0.001530724294191609
0.001530242179507864
0.0015300585874655425
0.0015294464016779644
0.0015283208113561642
0.0015278871792988448
0.0015279547759724098
0.0015274219347274729
0.0015279004237025925
0.001523322706433286
0.0015230402441650252
0.001522847909016049
0.0015222571986026037
0.0015219239264223222
0.001519012068039906
0.0015186668698753856
0.0015180479565243675
0.0015169696736744998
0.001516325530938447
0.001526495401303748
0.0015260073074015183
0.001526495179410804
0.001526065617625741
0.0015265130730780557
0.0015316001156007385
0.0015306877267409812
0.0015305829774472778
0.0015305573787299483
0.0015305799524532445
0.0015312456997856223
0.0015306530230218712
0.001531281302654258
0.0015306355701867843
0.0015292865950715072
0.001528839487571413
0.0015288837540853406
0.0015283921712065797
0.001527308769124191
0.0015269187506329045
0.0015260043065270102
0.0015273430778262838
0.0015267913585501115
0.0015259051172274024
0.0015249664570863343
0.0015130599008870934
0.0015119000556716121
0.0015031255995806732
0.001502511509875998
0.0015025582708831197
0.0015016081086487417
0.0014976873579444327
0.0014971958860232164
0.001498360602675095
0.001499959780758595
0.0014995104655314122
0.001499117272348834
0.0014986604763005196
0.0014981547655979117
0.0014976164076457494
0.0014972274169251431
0.0014966971827115633
0.0014956560829413265
0.0014952984279321055
0.0015011610141607505
0.0014918743028818674
0.0014924478223551623
0.001491939184034459
0.0014915810449289706
0.001491430343372214
0.001489614240551926
0.0014876724859200728
0.001487235855480237
0.001486853523510098
0.0014850638572740213
0.0014852916084332093
0.001484835917474302
0.001484447595466733
0.0014842859417143837
0.0014841672781921128
0.001483783100355106
0.0014837244077245382
0.0014834956726356076
0.0014832947886446195
0.0014828771727320783
0.0014824515089292226
0.0014817822588909567
0.0014814138014151072
0.0014813210683988227
0.0014797091670403413
0.0014792999811216356
0.001478935205998315
0.0014785001929923632
0.0014776744157487204
0.0014779369190595938
0.0014775953342462394
0.0014771964019380977
0.0014768229548288126
0.0014761473136102724
0.0014756027598957875
0.0014749877149037225
0.0014742704697014608
0.0014732346529025624
0.001472728605159761
0.0014723969316473295
0.0014712376437329903
0.001471333120599663
0.0014716537062936417
0.00147105819328604
0.0014702931069009572
0.0014697104016852356
0.0014794019923426572
0.0014789683530964512
0.0014786998254484906
0.0014787941886991282
0.0014780546944369462
0.0014771997754964154
0.0014767722399687212
0.0014764406754908302
0.001476379037600027
0.0014758524385761215
0.0014761973899087902
0.0014755557259607719
0.0014751885184981126
0.0014779373244938453
0.001470372027715779
0.001470308066078361
0.001469902393139458
0.0014695458518481847
0.0014687310955073315
0.001468783139551305
0.0014685866975083718
0.0014670375605355637
0.0014703949181340333
0.0014694413872472921
0.0014691953579928526
0.001469492828212687
0.001469099424841547
0.001468699154793758
0.001468365173136295
0.0014653430014638289
0.0014657579348114787
0.0014654830348378473
0.001465132180385544
0.0014648553994952383
0.001463141177720202
0.0014629041464788253
0.001463166861535026
0.001460753734299656
0.0014604201106116783
0.0014605264236401323
0.0014595215343234848
0.0014586496704651777
0.0014583571401896593
0.0014580447998503296
0.0014570032345544094
0.001456687553618033
0.001455782326137982
0.0014534569341677422
0.0014489217386966906
0.0014487431570500892
0.0014486720360820046
0.0014501039603071338
0.0014492333925736395
0.0014486634882173914
0.0014481901245908767
0.0014516175277414238
0.0014509817775565676
0.0014505392797873526
0.0014494975570281809
0.0014484329714892982
0.0014523689728426295
0.0014525863997724325
0.0014522132713117124
0.0014517442151140984
0.0014520181449768452
0.0014519349417637705
0.001467589625660465
0.0014672304911867618
0.0014774151435703088
0.0014781194984965235
0.0014766448186396839
0.0014758235674307628
0.0014755664662004526
0.0014768987809477075
0.0014761516933240327
0.0014772578825642479
0.001476658126714779
0.001476515973983865
0.001471829733257185
0.001488890187397828
0.0014888224356195484
0.0014877798714507682
0.00148806388205203
0.0014871176197483113
0.0014868411765891522
0.001485039344179441
0.0014843423761596748
0.0014815815341934972
0.0014809423627811793
0.0014754104804725041
0.0014757516869470647
0.0014752863456235646
0.0014747700015371834
0.0014745273068359156
0.0014701513125099975
0.0014700112256163453
0.0014696469109010948
0.0014693861896287244
0.0014689854724010607
0.0014685978353915921
0.0014682175936713148
0.0014693562604894237
0.001468780313492206
0.0014683922493844454
0.001467976987882604
0.001465285717707099
0.0014644286959690513
0.0014647712774189785
0.0014632516838606305
0.00146250893314976
0.0014621789210281474
0.0014609143812986923
0.0014628242377530477
0.00146328696830776
0.0014617271189247567
0.0014609189321952965
0.001459064369576446
0.0014587426789097516
0.001458002809416573
0.001457280277402036
0.0014574050432822879
0.0014554184717683646
0.0014565815380834651
0.0014547979659172857
0.0014542948386139746
0.001453957806383139
0.00145385660332145
0.001453483702414154
0.0014529149277752369
0.001452907963930377
0.001452480737388648
0.0014524826642329618
0.0014503258944246172
0.0014501366435410964
0.0014496526490829344
0.0014485849212911444
0.001447907589086959
0.0014467066518923676
0.0014467793948225787
0.0014465053283371364
0.0014457207891516186
0.0014443218876537408
0.001444020294056201
0.001443417887340964
0.0014436259343146263
0.0014430653488393173
0.0014426415649804406
0.0014410373720818766
0.001439958298257781
0.0014403793260050449
0.0014407488036106027
0.0014401811842597186
0.0014398236725179719
0.001439440560724134
0.0014390509005481583
0.0014387277041548023
0.0014381982224421067
0.0014371840754029992
0.001437277012649238
0.0014369051712323378
0.001437295106528474
0.001436974894355435
0.001437266661265689
0.0014369259874042052
0.0014363340897894212
0.0014354937244924508
0.0014349776165891316
0.0014383934888068774
0.0014383539187673932
0.0014622098795179668
0.0014604963136315185
0.001458907994661241
0.0014572632245135671
0.0014582762994615264
0.001458236077103445
0.0014559814328123258
0.0014556260447986752
0.0014548863727753018
0.001454851786055702
0.001455337306016967
0.0014549498003878054
0.0014545304861105512
0.001454195099929939
0.0014537986373354022
0.0014533802858222608
0.0014528495353625804
0.0014524687230431524
0.0014521513435960805
0.001451971878597642
0.0014580941587549955
0.0014596334012231928
0.0014587402519308395
0.0014538227464832743
0.0014530077144161114
0.00145240834483872
0.0014520834252186973
0.0014486707864281192
0.0014481815098911239
0.0014478230256437026
