0.036112137138843536
0.02592762823527058
0.017485671560280025
0.021708933915942908
0.017152588271225493
0.01356767417330827
0.01734835357638076
0.015452704062530149
0.013398141862126066
0.016503870217341253
0.022430615873114824
0.02142707550844464
0.01976247163007169
0.01968621454434469
0.01829636262482381
0.017400727877804237
0.019091420596750033
0.018717187698807956
0.017765544864232645
0.016819457055091674
0.014822129348017778
0.013965468102074021
0.013183995244617105
0.012256220893468703
0.01183420121714544
0.011338582583616863
0.010847412708764227
0.0104031168859741
0.0111531352410869
0.010635337050658675
0.010516512886169943
0.010065184463394067
0.009802631525363878
0.009735170098221191
0.00920402764232777
0.008713664422503894
0.008504207828082139
0.008300393707871145
0.008071812536218198
0.007816172900564236
0.007705835129378269
0.007577532450235335
0.0072314317089463105
0.007076137406854988
0.006864085775779797
0.00676788668336465
0.006602524195235061
0.0071639360418087
0.007030475304927671
0.006924579773719106
0.006850221162984285
0.0067607124713864476
0.006617708051904893
0.006541284395974463
0.00655455035199078
0.006417545340873556
0.00629167621031981
0.0061874604602423205
0.008029541897121812
0.008015848845090772
0.008835060127650292
0.008475451903890754
0.008360015333892074
0.008458402856754565
0.00833022837336598
0.008188646213749224
0.007928148018168829
0.0077915420617395295
0.007681304208069503
0.007505625510968683
0.007457773024927717
0.01609712852362849
0.01577929928238075
0.015503700175322587
0.015224912306477652
0.015129096435636953
0.01487119273634818
0.01505058414237927
0.014880488044582304
0.01466579201780719
0.014501873416564899
0.01474555412514965
0.014597922146397949
0.014525810129228317
0.014336918767671595
0.014160551152181348
0.013981195542411028
0.013655312741279933
0.013500615186057982
0.01327204423608606
0.013127155156246809
0.013067841153999947
0.012946481075561404
0.012930017760893522
0.012833328997354931
0.013358227526661024
0.013325808457828275
0.013181218787771412
0.01298631719284458
0.012823492574152802
0.012800569253158756
0.012797851413567506
0.012701938602381583
0.012772542550616588
0.012686054804087793
0.012574659338140443
0.01221592040464101
0.012246056442488619
0.012317336274215699
0.012309338947546225
0.012159468597539155
0.011863736311886546
0.01178768651918386
0.01160001008665068
0.01155290437299269
0.011510141780669607
0.011400334680821926
0.011292250623228035
0.011177103064013264
0.011463605450256542
0.011405921500838431
0.011256559371211899
0.011165707525393496
0.011057762327836833
0.010919019061793019
0.011070776964752305
0.010821921692013356
0.010725331050749921
0.010619926576439946
0.01057202954272712
0.010496776192281475
0.01042532056847525
0.010283752971149834
0.010181993926676961
0.010109369185717221
0.010017038960082898
0.0099593297647147
0.010041927431145582
0.009984413327973543
0.00992332272300108
0.009839225149488833
0.009827323618362882
0.009786885253359094
0.009751301990011075
0.009689570018863763
0.009635838951011116
0.009580538266163794
0.00901496928945441
0.00899586426191188
0.008991210228980941
0.00883170015176324
0.008765700850917303
0.008653962832925452
0.008554874029528781
0.008646656239132156
0.008750494883379428
0.008676830914403511
0.008614429251661348
0.008320039018326508
0.008242829115114111
0.008141350014930038
0.00867531102588487
0.008625161530423022
0.008572787199051229
0.00857061873694514
0.008529387650292302
0.008450108720483393
0.008302680714293215
0.008199082300116607
0.008147253969975973
0.00810224597186134
0.00805833682202031
0.007977890809029468
0.007937538027638642
0.00791771559624977
0.007871605783293496
0.007822090377149852
0.007889878820875398
0.007843992254129269
0.007789508942927907
0.007763503980670953
0.0077204586759663275
0.00744768205126805
0.0073978933836475105
0.007348207543175036
0.0073639328612458595
0.007303718179366818
0.007250931461702943
0.007605455749963821
0.007569801686820764
0.007475342121665569
0.007434595637320526
0.007473258854175946
0.007359318746118036
0.007358238165635368
0.0075670996860575665
0.007521374403821567
0.007496535985026546
0.007440935963422823
0.007403042372346536
0.007357687610877272
0.007342337699398564
0.007365383801180888
0.00733082982808744
0.007286812019602513
0.007273766184221467
0.0070255465858771035
0.006981783915422785
0.006952779283476834
0.0069186418013875125
0.006889212864923642
0.0068533449097137045
0.006798079435798732
0.006773112765628429
0.006746002653387599
0.006706621288543215
0.006680616028528131
0.006647385761454616
0.006612243977889944
0.006570600642622782
0.0065441889362789964
0.006489966632836169
0.006479625652673355
0.006537580659981668
0.006515432514032134
0.0065404736840574944
0.006519163253247639
0.006455988876525913
0.006437530423389276
0.006436446752330924
0.006419745276052087
0.0064012443322586975
0.006321709218160623
0.006284370295303394
0.006273130366488186
0.00624397808685531
0.006222652120398561
0.006195972106283368
0.006578841011560151
0.0065260214932589995
0.006498755744427752
0.006489272895917052
0.006478330584823354
0.006494091609546361
0.006396023646179013
0.006362191871472458
0.006320107651874665
0.006295246182363271
0.006271689560409874
0.006258001335043387
0.006245378265486499
0.006214970365869994
0.006180976503891886
0.0061737968323024184
0.0061115020263571365
0.006090385476196353
0.006063383941583987
0.005833471390697618
0.005821905971886463
0.005803997786203808
0.00577796950176175
0.0057409548119275846
0.0057058130786103835
0.00568298921771546
0.005772394997237785
0.005755060146941439
0.005898975628544801
0.006049500134706264
0.00603762945126316
0.00598137378315137
0.005960263134698735
0.0059617679530591435
0.0059357117296693265
0.005914358122761114
0.005811563813092997
0.005778343229624365
0.0057739773207208505
0.005774140419203988
0.00574655652276956
0.0057252292709592525
0.005705014840391775
0.005672953996454394
0.005665010083069158
0.005618138809733327
0.005598904664804872
0.005563313881838246
0.005546298024859835
0.005527680781955924
0.005482390666167772
0.00546506990122936
0.005437435691020847
0.005414424534333215
0.005349086832273346
0.005347097169714435
0.005326418368231569
0.005351991068218255
0.005340018511328684
0.005327860660555881
0.0053097014789818845
0.005299127106171918
0.005284229843258179
0.005270154429880121
0.00526792612349949
0.005258050905330662
0.005257255015107261
0.005242714692223428
0.005209703183322454
0.0051922503611375095
0.0051820242586414255
0.005167624439867862
0.005144985615679155
0.005126703358205121
0.005113600137664654
0.005090670491474509
0.005078869859868139
0.004746577693511185
0.004678544957264341
0.004657914025461245
0.004592746698335764
0.004577901891591917
0.004566432018928822
0.0045566901929252005
0.004761804547870499
0.00475521233662641
0.00473849159236705
0.004776843875781523
0.004758869875575599
0.004772450818740739
0.004764908446999144
0.004750354095614306
0.004754478508490492
0.005138627372029404
0.005124207527188848
0.005098680102087408
0.00509021956293596
0.005165704292183378
0.005144402683416686
0.005127731382760641
0.005138741761338148
0.0051188173788259
0.005114553916672785
0.005149019378111512
0.005133113542141541
0.005137615279586436
0.0051204999567718125
0.005194739842063063
0.0051750307918165634
0.005166045663803938
0.00517572452867171
0.005150334893845547
0.00520130774471413
0.0052320706599445444
0.005226809604004314
0.005212675274676042
0.005102650679311433
0.005079334967269785
0.005067644792622903
0.005019348465880022
0.004918911782402173
0.00491551843685791
0.004900859257819594
0.004929568811559336
0.00475774774807448
0.004699207825087052
0.004656141917079707
0.004645537971656921
0.004633112253664562
0.005032856905648959
0.005048113940417378
0.0050393981350202385
0.005036966747083886
0.005049827143660094
0.005039400041215733
0.005046035160504593
0.005028773613958039
0.005018496447601308
0.005009787259310813
0.0049978701982080175
0.00498025556922872
0.006214972383966316
0.0062599152326050555
0.006253553415393621
0.0062244955014421075
0.0062105456695592575
0.006209160342586042
0.006214702233754266
0.006197379073633672
0.006181124815318417
0.006162589832876202
0.0061958099937151605
0.0061744963343012315
0.006161223480538065
0.006080451544022916
0.006068012133922984
0.006040845039520224
0.006028783280349348
0.005991578912009995
0.005978457879105569
0.005967424193477203
0.005904974725335186
0.005895062173050378
0.005881872255996128
0.005867555492454138
0.005856911610577682
0.005842426071682397
0.005833571264355819
0.005816270252776746
0.0058029966927625925
0.005776874808965126
0.005762855122564077
0.0057486638036351395
0.0057350513549619085
0.005737957707894481
0.005713995202922777
0.005690026209112356
0.005655911539094153
0.0055961201245449226
0.005590575644008753
0.005573981865815029
0.005556104344880204
0.0055460840478052265
0.0055316802806479074
0.005600557734242271
0.005562654226669107
0.0055451191956094785
0.005535138865031213
0.005541493694351549
0.005528986165583584
0.005520924225450911
0.005504096376639679
0.005491049517735919
0.005468486710880367
0.005451307040798819
0.005420276733488643
0.005418243111983533
0.005401530081385718
0.005356610693072324
0.005347699504991372
0.005336587202493149
0.00532782809255679
0.005311431216553525
0.005293957068424291
0.005278687657001014
0.0052687554303988285
0.005255227677782234
0.005278887284506301
0.005309068900357612
0.0052919528573942744
0.0052417875288584635
0.005230944433285408
0.005222236453492419
0.0052737241395207895
0.005262663095758963
0.00525410325425692
0.005247409413258486
0.005235576139274152
0.005223839377620159
0.005197829091691913
0.005195268757392032
0.005179721993486871
0.00513967037113616
0.005134311154253173
0.005116755697881982
0.005097215932196814
0.00508498459041509
0.005076251364739586
0.005101681717876172
0.00508815101913185
0.0050725271316936224
0.0050685080846871915
0.00504595771445118
0.005039080221447884
0.005024585223117917
0.005015759483120695
0.005006018640568131
0.005014660779895127
0.004990298152874683
0.004967580474532763
0.004959672344527156
0.0049424919085526275
0.00493268521776866
0.004922698093669806
0.0049255454790353165
0.004867400525536231
0.004866262712806206
0.004848391159358229
0.004838864002104837
0.004835717567049367
0.004831040572085206
0.004943067899667095
0.0048894724647497445
0.004882168875460303
0.004872829015630667
0.004848883180135877
0.004841058965534862
0.0048196724946498164
0.004809993045239979
0.004801234978466722
0.004796264179632995
0.00478499572646958
0.004783622547844977
0.00477701999389642
0.004758396922769612
0.004743031331218112
0.004698427809998684
0.004702153521051712
0.004688825129666986
0.004676046000870421
0.004666782280615089
0.004656208059356366
0.004636972306741423
0.0046228669241926675
0.004610203336034208
0.004614224896067749
0.004603739960474236
0.004598453632324868
0.004590387934421969
0.004574339144680598
0.004569254242736717
0.004558750629975169
0.004552095938842807
0.0045407955971814426
0.004589506867241718
0.004580472939692079
0.004589936102407595
0.00458105834106211
0.004572006294438321
0.00459110101742475
0.00458979543245217
0.004592656147908091
0.004587836950990898
0.0045712615340530015
0.004563963303270734
0.0045585001414918044
0.004581639517628394
0.004558626858571071
0.0045366203495451445
0.004525753725245583
0.00452396312512401
0.004515114802654783
0.004507919862408684
0.004489000851116277
0.004482549072744242
0.004477905085841149
0.004466733924479302
0.004458813150112185
0.004474553760668188
0.00446739411741204
0.004453259425962723
0.004446147093212377
0.004430068661679176
0.004404446525924676
0.004398716055345342
0.004402224496998067
0.004392976051460482
0.004388487748192459
0.004380614588329839
0.004378600230736012
0.0043796701204753055
0.004377823729090243
0.004377788079593261
0.004368826838930428
0.004353141932473112
0.004348686021166457
0.004346578165759412
0.004334997491453398
0.004336574939373693
0.0043249871298784905
0.004295521665935344
0.0042976391350191085
0.004290536345538096
0.0042815527664206935
0.0042564178461694455
0.004252221168185907
0.004239661712972518
0.004244852688554325
0.0042353933521235825
0.004222738940719335
0.004214830841273992
0.0041931992504261216
0.004187342485338344
0.004185962191786684
0.004175905582561015
0.00417019925396153
0.004156593324706146
0.004113101667748942
0.004118931632571921
0.004127908416592645
0.004105050420616476
0.004100871245965145
0.004092416993075489
0.0040871857996615
0.0040798354833902276
0.004124391132436434
0.004478580478047318
0.0044702983313266225
0.004464604647690546
0.004456956359617666
0.0044471338112877365
0.004439817389264894
0.00443210624911311
0.004411686309971414
0.0044094637628374475
0.004403722483529093
0.004397965684757305
0.004514865994431757
0.004505632481093351
0.0044999673662426964
0.004497244582224263
0.004483079033862432
0.004499663817090419
0.0045055958568823076
0.00449853243331591
0.004481832808848069
0.0044548465000182405
0.004448623279262616
0.0044416876556737945
0.004433640047573253
0.004428547949012887
0.004422241604543701
0.004416024829812199
0.004533714824958769
0.00455062663812173
0.0045438793648267155
0.004533398434537062
0.004537125290402112
0.004258791499373176
0.0043281980839290305
0.004324871636506738
0.004310584091346175
0.004302259217057108
0.004295332011604707
0.004288622510409859
0.00427536055928978
0.004250125311829502
0.004246095423777189
0.004235785920458038
0.004230230848654446
0.004217188262020954
0.0042062746486325985
0.004202564769744821
0.004217155113165656
0.004222772984237352
0.004220057529581858
0.004212274882361171
0.004261524205098674
0.004253156001893475
0.004243899130873479
0.00423502296335825
0.004237316293294019
0.004242371756878863
0.004243432115425143
0.004242885626247027
0.0042382136362410176
0.004232802926808069
0.004226603170697272
0.004223436767220448
0.004205492095156076
0.0042032041703681565
0.00418055569298441
0.00416913013198134
0.004157245397280398
0.004143651022962123
0.004138324426211805
0.004128419817597923
0.004121406283820828
0.004113400302383219
0.004138231801280388
0.004084982378649397
0.004079077202958508
0.0040760482886092915
0.00406990340653069
0.004064528955096494
0.0040529117452873225
0.00409532816948315
0.004089577212113184
0.004085824296911982
0.004081563821124768
0.004078784370005236
0.00406687261632918
0.004199488729658338
0.004192447988689268
0.0041846497849627115
0.004164267592605823
0.004159516224152873
0.004165351246749241
0.004154584914336143
0.0041582527112347355
0.004152523727774992
0.004144027464119321
0.004141213554238163
0.00413597453590998
0.004141553446865805
0.004136413185747939
0.004127851149651282
0.004121795709665721
0.004115924530520078
0.004114645624353676
0.004108545435623714
0.004120916764571323
0.004115565211891161
0.004120883267149868
0.0041076040971988305
0.004100637533278814
0.004097803802929521
0.004089160467724165
0.004082592835854642
0.004071920931743432
0.004078179978489675
0.004118546411504692
0.004117341221184217
0.004111643463182069
0.004102204452732727
0.004097843970653642
0.004092652614824079
0.00401999045829209
0.004022357596356786
0.0040177766364973685
0.004015022587181091
0.004009137180164871
0.004003593108599919
0.003992624912504928
0.003995917504603087
0.003990383359336632
0.003983623843011752
0.003994617765846467
0.003991453071079038
0.003991255781313311
0.003985356041044875
0.003977466631742758
0.003989906298114567
0.003990133262231377
0.003985489607821216
0.003981845032613405
0.003972629381510358
0.003964246912445767
0.003963794399198852
0.003963565379128738
0.003963930153111359
0.003958998549182151
0.003952353760677204
0.00394107219465207
0.003936590764795412
0.003930896258904777
0.003936497776282763
0.003947959277325591
0.003948498105336983
0.0039489435242750556
0.003948579807639665
0.003945024988857626
0.00394043035938476
0.003933532447147181
0.00392710432125648
0.003923247950504278
0.003913101776628605
0.003909213596179789
0.0039038348036456835
0.003898050064550102
0.003891806521345357
0.0038909688298146097
0.0038929480418780304
0.0038163846634418548
0.0038157460207746013
0.0038142572613520517
0.003810530215645482
0.0038043635159895907
0.003798779961347995
0.003764441859529864
0.0037679612602076243
0.003760170604821568
0.003754665591683372
0.003744562874898062
0.003739062445994407
0.0037329480493903137
0.003725572427722057
0.003724037859607366
0.0037042094187751625
0.0037015458377626194
0.0037003180604910893
0.003733814921330769
0.0037303701251228815
0.003751324447218522
0.0037453486248820392
0.0037475650516397238
0.0037495141695756402
0.003738801984092103
0.0037358476293696836
0.0037310868986634837
0.0037202691960961216
0.003715580247239785
0.0037112396035129244
0.00367631909728993
0.0036692358037219786
0.0036629624077490143
0.003668333033889742
0.0036645813900804286
0.0036352168613040963
0.0036307845564508253
0.003628590464968511
0.00362315703841319
0.0036195201897961603
0.0036187872105604415
0.0036160628109183873
0.003611199956115043
0.0036056460872538492
0.0036139792604356754
0.003628184093544729
0.003620812998559283
0.0036119404046873146
0.0036112019221803526
0.0036089908377564327
0.003604606184071352
0.0036010117973889586
0.003599159299112795
0.0035819428507434777
0.0035778396471993867
0.003590995369770168
0.003578324782524142
0.0035745469940149793
0.0035775114458272512
0.0035703442476948542
0.0035649771598842564
0.003561980496184348
0.003558870223447833
0.003554918609862763
0.003548722135162014
0.0035453394544490108
0.0035430774152900558
0.0035371886676647934
0.003535842305094057
0.003531171637571506
0.003522327027322668
0.0035143194894754555
0.0035096333990508564
0.003506293724571689
0.0035032722931654953
0.0035012153191902456
0.0035094711149323806
0.00350825907575026
0.0035079260792053183
0.003495861993198856
0.0034907488924602924
0.0034866094575112506
0.0034784162200153126
0.0034689738861251145
0.0034647760387395143
0.003475416558463826
0.0034453072966017734
0.0034813900173792382
0.003471902779244119
0.0034677489868574544
0.00346393165713111
0.0034627122995537682
0.0034591499545675417
0.003457609938726749
0.003449664886262078
0.003423625153243417
0.003420239438153601
0.003416026493319211
0.0034126048540814385
0.003394008093022495
0.003396071867759932
0.0034037532466889503
0.003400075448087463
0.0033939595889557117
0.00338971409335063
0.0037754392025046444
0.0037741471631294343
0.0037694277935969123
0.003812830586003215
0.0038201220539105297
0.0038149398435848637
0.0038123032795353206
0.0038064996907820107
0.0038311878764711095
0.0038272630265144504
0.003822049372483431
0.003814639774832154
0.003820645717198863
0.0038189498484533712
0.0038220992459598252
0.0038101563056061253
0.0038081012165204946
0.0037662589226357384
0.003760830096081349
0.003779698419955577
0.003774764823017017
0.003770616947810365
0.003778798835207523
0.0037751757915545385
0.0037894164882839123
0.0037876032311582714
0.003782432761052554
0.003771553610307787
0.0037818874389391292
0.0037795474972344098
0.0037707669421363317
0.0037214443988307366
0.0036986801572008203
0.003684870408303062
0.0036825171466822577
0.003678808620909011
0.0037538790693361075
0.0037508907616466474
0.0038786131533696186
0.003843682665808989
0.0038397793885106817
0.003840421051604952
0.0039268334209247345
0.0039054865789727245
0.003896736795946995
0.003891476706804035
0.003848711999104061
0.0038376013477189113
0.0038389451983358094
0.0038339744751957863
0.0038284522412370937
0.0038260411372416127
0.003825737259451315
0.0038264832335611985
0.0038226882645961582
0.0038189609513880653
0.003784050957556916
0.003778154563262581
0.003773945178224964
0.0037693690300356257
0.003761541642218398
0.0037676992026388005
0.0037637235764670686
0.00376479822776726
0.003782497370449348
0.003777657270932242
0.0037768415364490904
0.0037784240056821625
0.0037873519804090135
0.003782773466402215
0.003777048369298808
0.0037734446544166714
0.0037695994462720074
0.00376286320188209
0.0037839206706539977
0.0037795523637126744
0.0037820572983869407
0.003778045416124986
0.0037726123617860727
0.0037536193678107477
0.003751462021590427
0.0038683882011574773
0.003870551102054856
0.0038659776574871438
0.0038719187286380256
0.0038676714224319783
0.0038639299695876566
0.003857861511954484
0.0038539106507981553
0.003849044373150258
0.003834229371032451
0.004016836578865782
0.004011616161801613
0.004008977845186452
0.004003800283251304
0.004001954920693707
0.003996383494724865
0.003994302272652169
0.0039935694930029065
0.00398808181754439
0.003979684159103198
0.003975288965890987
0.0039702183077398095
0.003966788995834359
0.003953841627475631
0.0039460244914065155
0.003939172245131616
0.003945366839336483
0.003927323386819137
0.003923173517596986
0.0039235100121674076
0.003904950551405243
0.003932636366524241
0.00392500661370881
0.003921344309305554
0.003921483203901429
0.003912651346966198
0.003908842558617086
0.003905029895929531
0.0039073306897353995
0.0038987540657891145
0.0038915108459037237
0.0038962245752345265
0.0038940767959221565
0.003891314750996071
0.0038903339256267876
0.003912650936538663
0.00390745198520704
0.0039059995996938643
0.003902654496372506
0.0039001293010812654
0.003899792015059997
0.003899326419392308
0.003893950033623742
0.00390897173044092
0.003911807872373264
0.003910433327476481
0.0039059225579220393
0.0038997868609252566
0.0038923201775508355
0.0038882132220177945
0.0038835115687308633
0.003879997743681789
0.003881358965720027
0.003874095782082609
0.003872967949367795
0.003876147708586401
0.0038721842590872567
0.0038615170299342166
0.0038581700861449308
0.0038539280426207155
0.0038510260213930414
0.0038479700966954434
0.0038435321807289272
0.003831006847795564
0.003844445608337493
0.003837729665910671
0.0038342324249579837
0.0038310813069132852
0.003752540042838967
0.003745405121988347
0.0037445955717615633
0.003738921566167562
0.0037299743190628036
0.0037231203472006995
0.0037190261947566156
0.0036401131308055577
0.0036377417088915343
0.0036369040984775324
0.0036267706738775797
0.0036236692707994483
0.0036350580548960678
0.003631480240472647
0.0036396968323508896
0.003606845534395931
0.003601625302018989
0.0036030692978480734
0.00359888398593306
0.0035974577947308355
0.003593634344283421
0.0035893455553988804
0.003585003556980689
0.0035738808404268967
0.003569189089880805
0.0035703244826685247
0.003566991261288432
0.0035623799199897242
0.003558032869415685
0.0035553119343782738
0.003552324691065795
0.003550673781977826
0.0035457016049231373
0.003544887942340243
0.0035371195323823743
0.003531101534024755
0.003525543976600597
0.003513857300639297
0.0035083119856194195
0.003506418287558412
0.0035066179633210922
0.003522548990812527
0.0035167963200147382
0.0034837174557149947
0.0034906111783396384
0.0034854054811216534
0.0034829736024134033
0.0034802060616797186
0.0034801445577393795
0.00347785763996598
0.0035323238458598223
0.00352895218937003
0.0035250683519243166
0.003523376800586884
0.003521093489774999
0.003518276644932019
0.0035178223054640307
0.003515248905467669
0.00351275659321452
0.0035246729961891524
0.003521687201879544
0.00354871592679394
0.0035433571401338754
0.003540623339258587
0.003537885422695276
0.0034735024657939735
0.003468855437854857
0.003481232095835654
0.003477533285716838
0.0034758865026726614
0.003474012636900323
0.0034712987714716893
0.00346760880285341
0.003468209916457204
0.0034622302951211777
0.0034899943415944413
0.003489000708524042
0.0034872528859075124
0.003485763536739041
0.003491508586054161
0.0034880946060605665
0.003498140908700224
0.0034972588118983763
0.003493702570968861
0.00348792516873944
0.0034845470340017196
0.0034742183973036304
0.0034719270968012247
0.0034697683753652972
0.003445814739198242
0.003439156246030396
0.0034362221454371272
0.0034374548957363843
0.003433207285050748
0.00342484145383798
0.003424841730031107
0.003423465167318989
0.003419592784307479
0.003416221894989978
0.00341231374500118
0.0034102718009525737
0.003408035013037193
0.0034138773160817372
0.0034094162073037343
0.003404672289916214
0.0034092815690313413
0.003410956667999364
0.0034079400829796196
0.0034056089674561097
0.00340068199759603
0.0033977693667284216
0.003394286638482131
0.0033895031228702707
0.0033880076613346105
0.003381112886846133
0.003376289066651802
0.003372195600192575
0.003368849352214975
0.003350804857400042
0.003343520337209803
0.00334009863614727
0.003338140824431977
0.0033380649707472477
0.0033345108808450997
0.0033287304017006925
0.0033283191487688143
0.003315301411416399
0.0033905024377558412
0.0033894754921222673
0.00338770805408401
0.003400191849751575
0.003401500117338076
0.0034008403623269584
0.003346030939698311
0.0033435383171045554
0.003340062446888603
0.003337428762872715
0.003331582715176114
0.003328396408870373
0.0033250846617930894
0.0033186008231815604
0.003341521709512872
0.0033385614027002576
0.0033383003983467013
0.0033357386907150914
0.0033314392767848453
0.003345173866588425
0.003344739684171438
0.0033565013459574
0.003355431541118983
0.003352422976811518
0.0033539600525695577
0.0033497510152883034
0.0033513764882797136
0.003348992555396057
0.0034220003082226164
0.0034175751717354826
0.003426339017532635
0.0034231942940740594
0.0034213783294976922
0.0034325402368249125
0.003485551200858196
0.0034833945915679334
0.003481624364952443
0.0034788121733122707
0.003474922711721839
0.003476709243420645
0.0034701111325432027
0.0034695824815404084
0.0034682255086728353
0.0034650898418212136
0.00346769206796166
0.0034636804583008897
0.003456371870967509
0.003450704039103122
0.0034496836872823567
0.003438075353184716
0.0034357543071960386
0.0034390125178944022
0.0034422262931121618
0.0034265665667194316
0.003421779357954588
0.003422615417854686
0.003426087335826518
0.003423161134849354
0.0034214419633001305
0.003419372645667755
0.003416877287667797
0.00341261710456947
0.003412878812941686
0.0034044694998664575
0.0033981769888482387
0.0033987208187680465
0.0033940172987714772
0.0033912745099689665
0.0033956070345682677
0.0033989066135172814
0.003397111467427367
0.003392502395216403
0.003390677726370968
0.003388809487793604
0.0033800422063131764
0.003379051978014774
0.0033770524904903725
0.003380795436197803
0.0033749916153708475
0.0033860072114270997
0.0033839715816498203
0.003382638015901916
0.0033811224170426533
0.00338008814676989
0.0033808777762790107
0.0033793157475343802
0.0033801615006004496
0.00335797617454032
0.003356940967347216
0.0033351211988712076
0.0033286469208699
0.003333888706220753
0.003332417392491033
0.0033800679691136904
0.0033752217542279625
0.0033743674484415895
0.003373197356954915
0.00337048958242727
0.0033935335590062087
0.0033909477981986834
0.003387336333511096
0.0033880000669301966
0.0033883856297515693
0.0033875400076606773
0.0033856317193680296
0.003384119180213152
0.0033716085930170676
0.0033685143076180855
0.0033633378992653272
0.0033559941316557906
0.0033523348429428004
0.003352551149509963
0.0033411683915676397
0.0033413541555109734
0.00333224095941427
0.0033312433568094936
0.0033216339621847464
0.0033164853773854897
0.003328710090981871
0.003317962078131113
0.0033174741382746295
0.0033020268650579966
0.0032971405980745643
0.0033018195045202343
0.003299212309095413
0.003305332989277604
0.003301120057007268
0.0033166807060582
0.00331984842341768
0.003314129225855325
0.0033118534097836614
0.0033091860577493665
0.003306481850863231
0.0032983067223947317
0.003297704170155377
0.0032944709645208897
0.0032924161810178485
0.0032818845639074937
0.0032830848990670343
0.0032849831724778913
0.0032825561869660467
0.003279606931366471
0.0032772181795502394
0.0032747757040438143
0.0032683642396944467
0.003266632524138467
0.0032636316009820106
0.0033240824552214256
0.003327258648703624
0.003285653882770189
0.0032829445475841355
0.003281918981772282
0.0032773516726979984
0.003273750986385481
0.0032683508876964985
0.0032630318721447935
0.0032605354686282445
0.003257777562134469
0.0032551954340896724
0.003251700310992123
0.0032502144575885924
0.00324951950595817
0.003303465796399744
0.0033016582789776425
0.0033636811342040917
0.0033623617130493404
0.003360479945255671
0.0033653949181036724
0.0033629353860754408
0.0033611987756026534
0.003358622984572752
0.0033577036223100287
0.0033547207305610403
0.0033524133396767024
0.00334990964998828
0.0033512619124284565
0.0033466685054925178
0.0033422650014334272
0.0033393806182683465
0.0033379648817505286
0.003359707010432024
0.003357242123842269
0.0033487698675455924
0.003346154770429012
0.0033426001511165345
0.0033415021611279405
0.003339076343952421
0.0033376717707497613
0.0033334588279279823
0.0033325212940544364
0.003333462509164605
0.00333073448878015
0.0033289622627971365
0.0033273988954178537
0.0033251633674266073
0.003319157292665734
0.003325529394128857
0.003322166797447637
0.003319176767551259
0.003317520975449955
0.0033169873122944177
0.0033131004172484995
0.003346859781943917
0.003346117051794704
0.003342700418067146
0.0033403216561184983
0.003342134504224999
0.0033433883609838987
0.0033828643187026083
0.003373789740502947
0.0033723109549743395
0.003374468129478262
0.003371424017398408
0.003369804820124208
0.00336552989879716
0.003370141320951706
0.0033678888775357596
0.003368706847660283
0.00336685717548145
0.0033653222199686414
0.0033670677514947055
0.0033641334081224734
0.0033625967086206485
0.003465102412807601
0.003474746319309925
0.0034715064648124477
0.0034709802760385243
0.003468409272650954
0.0034440414532827326
0.003447676326939161
0.0034418718312228705
0.0034223289315958934
0.0034207453337484223
0.0034176795861318833
0.003419876716312078
0.0034171467686921844
0.003412297408123661
0.0034055640875538945
0.0034032982747136385
0.0033975258780956563
0.0033930014391146774
0.0033896445441063427
0.0033862997390307474
0.003385034818287621
0.0033818853721582515
0.0033895427464634984
0.00338738423535038
0.003390160847550687
0.0033847370753154744
0.0033869904486123585
0.003388960093503619
0.003390218580954034
0.0034894804859962793
0.003486887881624185
0.0034830013690997875
0.0034782706564330636
0.0034763401669580876
0.00348261275991829
0.0034816527734660967
0.0034779281305294184
0.003461061154922819
0.0034595975133802975
0.0034568303761115192
0.003456282871580979
0.003451300864600035
0.003449169779363283
0.003447738441028237
0.00344605820511345
0.0034437442762694343
0.0034422128571649944
0.0034399634999131147
0.003438744974002731
0.0034401113435408863
0.003436692753166172
0.0034183514411160413
0.0034163379934170264
0.003410880956992903
0.003408683483698453
0.0034095745893181276
0.003404068164522898
0.0034013982439911462
0.0033964490877347905
0.0033934218518768327
0.003390386432800772
0.003387730901721043
0.0034081919199528193
0.003405742022448523
0.0034038180871601978
0.003399438718527952
0.0033972369364065544
0.003394152385068875
0.003391655121492028
0.003378439995542363
0.0033664748192245094
0.0033640956375233697
0.003363599358485199
0.003377670137499459
0.0033750945333039374
0.0033735116087346335
0.0033697068586042737
0.0033680272097731693
0.00336694218189398
0.003362478808451292
0.003359096921536805
0.003358027831262294
0.0033880052046781715
0.0033855233388686923
0.0033831003692621677
0.0033688663864363997
0.0033676812647013368
0.0033628177694131215
0.003366422025229713
0.0033460934958894307
0.0033444702379575968
0.0033427073397963923
0.0033408034565276237
0.003338998129438058
0.003336497699542422
0.003345394692981633
0.003343077757718132
0.00334102516827348
0.003337457532760388
0.00333266346968053
0.003330772621503079
0.0032680464670951175
0.003252958276823725
0.003250989732425692
0.00325428456011949
0.0032528248157116246
0.0032511399666353908
0.003252464941214561
0.00325726416520025
0.003254905686561962
0.003244409135399261
0.003242312956360603
0.0032484450656353383
0.003246376246264262
0.003249372603655666
0.0032453079636202173
0.003243445466299077
0.003164045517155534
0.0031612491541542433
0.003154770730871099
0.0031524674984455396
0.003143277582045252
0.00313456228800451
0.0031347430099837484
0.003134162306670673
0.0031289449479155614
0.003128561427943652
0.0031253816658782067
0.003123922246152047
0.0031226546315788603
0.003121029666112211
0.003120994704098204
0.003121644239538986
0.0031221679879212447
0.003117907620999287
0.0031181927961502452
0.0031204193141873412
0.0031170949461229547
0.003114969071685238
0.0031131388997620783
0.0031109626370961862
0.00310825442086996
0.0031084314282461404
0.0031072491388493702
0.0031045742045013617
0.0031054289715837817
0.003104774822061936
0.0031026307662740823
0.0031019274941127928
0.0030999115750492273
0.00309787679378558
0.0030960571646095423
0.0030904023127716774
0.0030881973862812288
0.0030858696142027774
0.0030852463416045084
0.003080557701055777
0.0030806015191181956
0.0030881860792988697
0.0030857133491638935
0.0030962321029184585
0.003093570987766017
0.0030949263673758537
0.003091447982555489
0.0030869392253026905
0.0030858354818192983
0.0030837479043155534
0.0030826124548785296
0.0030665884864145756
0.00306111058810566
0.003057684293913189
0.003030007377480455
0.0030274996003523767
0.003026096982248421
0.0030262471259527106
0.003024193933965858
0.003020949823492939
0.0030177496127130037
0.0030180745586616564
0.003015877075285786
0.003013636835297029
0.0030120050945924106
0.003018781549474092
0.0030154195252728266
0.003012306966139909
0.0030164076712706246
0.0030162991688688586
0.0030173614931756033
0.0030179385175928396
0.0030159434590216957
0.0030150718346218593
0.0030118259322356234
0.003009110200745426
0.0030050874094010825
0.003000593734088282
0.002996143063480627
0.002994969720486914
0.0029743473155802165
0.0029712209982336946
0.002969822362542271
0.0029688655535130702
0.0029640096865272804
0.002962137404946353
0.002984100229483214
0.002979870758358409
0.002983341486841114
0.0029772087938566543
0.0029779764561260794
0.0029848944736453765
0.0029838510938884366
0.002982516801971237
0.0029805219168423007
0.00297497091338138
0.0029703359568655696
0.0029681138607818634
0.0029638190190568237
0.002962514428802171
0.0029614109939032724
0.002959779356823674
0.0029568255423957236
0.002949052906573751
0.002944512490792887
0.0029286366418655617
0.0029238231252077212
0.0029236215119467506
0.00292164895626832
0.002916933036402213
0.0029206884181749207
0.0029208226865678386
0.0029187031055123405
0.0029170821832125637
0.002912954906235688
0.002909325136690233
0.0029089645555867754
0.002905215094312297
0.002903093274415565
0.0029033148160683055
0.0029016283739750964
0.002899887328868564
0.0028976859404200726
0.00289639423199226
0.0028946068800709056
0.002890750624205804
0.002888842741191904
0.0028867055180679165
0.002883986554641124
0.0028806242619581553
0.0028761052191644677
0.002873854889701203
0.002873217425851545
0.00286903175726344
0.0028660461579681847
0.0028545302041841267
0.0028522664365990117
0.0028519805498238007
0.0028502173360295167
0.002846875028294366
0.00284488126506085
0.002837729118381914
0.0028353130751739824
0.0028333600122025415
0.002832040585593987
0.002828619607404917
0.002825451828562665
0.0028237068852699837
0.0028131600846692537
0.002810152469313137
0.002811417030186715
0.0028200357780021955
0.002817854873528533
0.002813973565702125
0.0028111436938207577
0.0028081262782557867
0.0028083761322727024
0.0028102570719532502
0.0028101867438199953
0.002808189250160914
0.002808114256594395
0.002806639934531804
0.002805844805127185
0.0028036353842829796
0.0028051701791304306
0.002805931684355341
0.002804305794162874
0.0027971431932981385
0.0027958345582585063
0.0027842597830885682
0.0027822510512327055
0.002781143093574699
0.002778372956244383
0.002775976431060123
0.002776586588331052
0.0027730832042469036
0.0027722218901283305
0.0027652640251047815
0.0027650659949064954
0.0027630215317065053
0.0027608907586187986
0.002754007438607142
0.002752059526197121
0.002740188032635447
0.0027381642193902186
0.002736442072138578
0.002749113798815763
0.0027462053022580253
0.0027444574370671746
0.002742937061766169
0.0027457426230492314
0.0027477356947061445
0.0027460461603216347
0.002747511082640054
0.002748533868450857
0.0027332219803437303
0.0027307082433780934
0.0027287830440493877
0.002727134584043129
0.0027270600669806635
0.0027271365510496645
0.002725239275082794
0.0027268554838825666
0.0027253268470171905
0.002714408531559012
0.002716126863935114
0.0027134775785356514
0.0027129046335884026
0.002713917456097771
0.002711991661519697
0.002708464860507293
0.002708678542776691
0.00270762448211483
0.0026861618660476328
0.0026842250463967473
0.0026828861150834755
0.0026818987806556138
0.0026799062643077984
0.0026781291260408796
0.002674562169005661
0.0026721276407811185
0.0026705735069874805
0.0026688480102303874
0.0026672668155826185
0.00266583514221735
0.0026657701743745895
0.0026641659887995644
0.0026628327647952414
0.00266201360315878
0.002668348407776816
0.002666719401439944
0.002674247851318797
0.0026633586951650677
0.0026599248336723487
0.002646635053187757
0.0026507355087948404
0.0026468811363368813
0.0026441039480332934
0.002635837874076256
0.002635099518601281
0.0026331962686063164
0.0026309148032859094
0.0026332893776993783
0.0026317637496278508
0.0026311332196977547
0.0026281481652096665
0.002632037141014652
0.0026293527377692014
0.002631385262676053
0.0026298129011243006
0.002626243920769972
0.00262468033384007
0.002623506610702764
0.002620799025667427
0.002618098579259365
0.002616212580986825
0.002617181035196285
0.002614770586620084
0.0026139094410013745
0.002613244125170746
0.002611077348835602
0.002609934264625381
0.0026110607183312796
0.0026077689945510495
0.0026057533793978163
0.0026043730635367337
0.0026032098711239503
0.002601836508200399
0.002604449121108278
0.0026041136313267126
0.0026092614388673403
0.0026079758519632697
0.002602234703010207
0.0026003708753005723
0.0025996303727321797
0.002594204111062257
0.0025942396323608407
0.002592908336632546
0.002591550346022574
0.0025892589710852787
0.002583614774540379
0.0025867586534088697
0.002564322921133484
0.0025533331256737514
0.0025524983266867517
0.002552393991357361
0.0025516686477459103
0.0025504413214176283
0.00255072475156074
0.0025490437293778125
0.002546185707196162
0.0025436846505515415
0.0025180018898609473
0.0025139000046909494
0.002467847291189406
0.002469636530340921
0.0024680447957253523
0.0024665321686062353
0.0024645215367158366
0.0024628409158302966
0.0024601868594419964
0.002458984458523819
0.0024575330399553524
0.0024560345211247143
0.0024566264235047802
0.0024547756279796416
0.002454734094221245
0.0024541825564142732
0.002452274344961975
0.0024500749319023144
0.0024488603708070684
0.00244498948832037
0.0024419647321984464
0.0024403660140275727
0.0024395448753716073
0.002436748023011634
0.0024351580068117324
0.002434033828403685
0.002437323021292647
0.0024360076699134897
0.002435161271574903
0.0024346966917606766
0.002433614032034885
0.0024336825732145548
0.002431976002679261
0.0024302062671780794
0.002429805094293894
0.0024283062279212863
0.0024313244000752714
0.002422296592923905
0.002417864001341843
0.0024165013670885073
0.002414689753948161
0.0024124734823137285
0.0024092741550752845
0.0024070107172160784
0.002405049835116921
0.0024042878804462348
0.002401091075063057
0.0024023391512621927
0.002399674171957591
0.0023985122845126983
0.002399312340338106
0.0024048496715556133
0.0024007805744218455
0.0023990166239475875
0.0023982375052711484
0.0023981517798796438
0.0023965807853573986
0.0023949330994455565
0.0023937082273318543
0.0023905151810004995
0.0023863028038844667
0.002385222706058073
0.0023839891338081004
0.0023818928791389487
0.0023821265348817366
0.0023807895197415895
0.0023796295079259867
0.002374725019388988
0.0023723631903259973
0.002371491808548796
0.0023701799577175884
0.002359615246398058
0.002357425249595074
0.0023563235948284647
0.002353719999230452
0.0023583263594161297
0.0023577005832227525
0.002357414773622232
0.002356221911210728
0.002360671881325748
0.0023600298714728245
0.0023560121587164907
0.002361025355064377
0.0023600294201256166
0.00235800268357396
0.0023566972264207017
0.002360079987828942
0.0023582214994011313
0.002357032895614871
0.002355487865773227
0.002354554833196584
0.0023745794752504895
0.0023736122603459126
0.002372501384883861
0.0023713146148024214
0.0023708468682859607
0.0023692700411217923
0.0023670297502522844
0.002372054917305311
0.0023716462408185147
0.0023692795721333166
0.0023667087258453317
0.0023649992095348543
0.002364873089247564
0.0023633519096918527
0.0023630389152284443
0.002365078989774478
0.002357001149289693
0.002356686855413851
0.0023540648991642703
0.0023520514474514266
0.0023508329357419533
0.002299732569510099
0.002285671049788021
0.0022854911628220264
0.0022836342880637396
0.0022794470220348674
0.002277457622756076
0.002276203394049053
0.0022639521302155723
0.0022619615405526303
0.002261919648149094
0.00226130921496225
0.002260325260953628
0.0022578011903809695
0.0022583240947117666
0.002259305801724352
0.0022570108607186733
0.002257259955223435
0.0022759271308395775
0.0022787067142722803
0.0022793171053935237
0.0022771011213607167
0.0022770975558796054
0.002277472475724573
0.0022947329337316695
0.002292949938297716
0.002295810182844772
0.002294215214954039
0.0022872327916713857
0.002286559511148005
0.0022718564309177625
0.002262255303188556
0.0022614955834618813
0.002257745040620708
0.0022583528199830944
0.0022567566043428093
0.002256007567708408
0.0022557393482247495
0.0022506636904016187
0.0022520138970785744
0.0022547583840189065
0.002253659707568833
0.0022537474292767786
0.0022526067607941546
0.002251393259310687
0.0022499007095093163
0.0022487001665760275
0.0022473850497322745
0.0022445778764660098
0.002244486559525097
0.0022419748685978762
0.002241469118100171
0.002239376623225565
0.002233329469169969
0.002234757741958096
0.0022341025853723053
0.0022325225736406305
0.0022417798376429847
0.0022406453122625672
0.0022462895891147564
0.00223926218775164
0.0022388283330728614
0.0022377983781104306
0.002231224928179791
0.002235735704997235
0.0022343585940245952
0.002233901034118215
0.0022352216315232876
0.0022334995351185796
0.0022331219901091087
0.0022317370070966502
0.0022301383286072868
0.0022269924636536716
0.0022250807108815194
0.002219732495208515
0.002218579957063588
0.0022130272178254797
0.0022110777514354266
0.0022099463509156654
0.002208431259196523
0.0022061351313170953
0.002202328096952949
0.0022008463024817803
0.002200677267329516
0.002200902758120265
0.002199006166584148
0.0021266550263992537
0.0021277996150617638
0.002126739212936661
0.002122587014010698
0.002121265908588283
0.0021203688173062024
0.002117811482573326
0.002116036562329469
0.002113595142435623
0.0021126132282852047
0.0021130014399455377
0.002102814735434559
0.002091096732971683
0.002094590406695883
0.002085047924810809
0.0020952873601044948
0.0021094995989878423
0.002106873924886717
0.0021195060730794992
0.002116843832692005
0.0021328987348163578
0.002131529758620578
0.002128844380367949
0.0021274300569206488
0.0021262277966207933
0.0021265735417954645
0.002126521516394896
0.0021252005619181356
0.002125801071523141
0.0021245741231217274
0.002152587069911002
0.0021523453679958902
0.002148228405832937
0.002148576073868721
0.0021474118136464476
0.002146789674474113
0.0021462145651469046
0.0021448873500688036
0.002146056754012995
0.002145190167503133
0.0021463820806698277
0.0021472978018840625
0.0021455288734450553
0.00214204129951674
0.002154592741972535
0.002154019455998818
0.002152987223961304
0.002147945921908484
0.0021453917730161524
0.002140937314260645
0.0021316772733384203
0.002118579122867011
0.0021149562224416505
0.00211228107430102
0.00211434698435876
0.0021134752716527325
0.002113723404011626
0.00211163507864263
0.002106001393900916
0.0021049602805871905
0.0021048520990635724
0.0020572358705348275
0.002054057552954088
0.0020528498818263258
0.002055483176716559
0.0020547225194560473
0.0020520834036521626
0.0020516319132206666
0.0020513200031450156
0.002047941275776183
0.0020471982580973188
0.0020455615527492795
0.0020438178553974454
0.002042396334079314
0.0020453861062101385
0.0020464426117490515
0.0020440905450425082
0.00204379840949064
0.002044226220566826
0.0020412445528669595
0.0020412508766964764
0.0020404119951765087
0.002009995709003802
0.0020052761428453916
0.0019951905299425933
0.001993540236295867
0.0019933979605545557
0.0019921329371100217
0.001991009680134588
0.0019901771704483352
0.001999294215333688
0.001998311689738197
0.001995546144256422
0.0019990181554783884
0.0019955618954843714
0.001992479884760759
0.001991866881243454
0.001991177966251077
0.0019915270555514565
0.0019986425130531283
0.001996693652244543
0.001995908223087246
0.0019944007435479063
0.0019939525399861216
0.001991837211565542
0.001991382840815698
0.0020195626543666806
0.002018728207882421
0.0020274923225835893
0.0020264559430169795
0.0020234399216043863
0.002021926722195921
0.002022568101031527
0.0020217225176085247
0.002020143418869458
0.0020193461418329724
0.002017691349431374
0.0020193294041062166
0.0020178899709569122
0.0020167207142745636
0.0020247544952773063
0.002025489502407759
0.0020244465142098553
0.002023915423938401
0.002022949705050168
0.0020225912144683613
0.0020291994631315463
0.002028714799902992
0.0020247637488376175
0.0020278761779410864
0.00202722449462601
0.002023328582099302
0.0020221068934743835
0.002021139602659777
0.0020204198951506262
0.002018986469459306
0.002019271403968742
0.00201170585767974
0.002010438033420995
0.0020158236614661253
0.0020153805716236284
0.00201640568004288
0.0020110836798720682
0.0020088046854945573
0.0019991976795342573
0.001997864400931736
0.0019982582650499704
0.0019971879787739773
0.0019959790893160126
0.0019943213024351137
0.001994520471446921
0.001991912805094187
0.0019893166336703108
0.0019894806008487484
0.001986291099281649
0.001981913350947121
0.0019820062990271808
0.001980862597167428
0.001982144589000628
0.0019736634223444923
0.001972629349181039
0.001978604080775248
0.001978036943419414
0.001978492362438724
0.0019784257326425385
0.001975901187280579
0.0019773822208402083
0.001975888774812673
0.0019738884342411956
0.0019720810892617127
0.0019755908413464627
0.001975220322069457
0.001972000874907506
0.0019713240242646315
0.0019700532205020496
0.0019680467438285255
0.001977141910638626
0.001976197917202563
0.0019755775516776
0.001973954602609456
0.001972204580165485
0.0019706924443706406
0.001969824079137646
0.001968688601066398
0.0019677756215366916
0.0019688824326977708
0.001969704195126833
0.001968125101746849
0.0019677806104226514
0.0019631578611836735
0.0019618122752423587
0.0019583413727103705
0.001957628358339984
0.001935947395023501
0.0019249445748624806
0.001925103712683663
0.0019238192005291402
0.0019230945557840201
0.0019441889330771079
0.0019433831495806813
0.001941464345203336
0.0019407073596243234
0.0019385248067008204
0.0019425053291624206
0.0019411311481864137
0.001940701116287345
0.001939488175282281
0.0019386089149915123
0.0019382413469876281
0.0019376683505933363
0.0019344669428120055
0.0019340306300443945
0.0019313794449643692
0.0019303135512420942
0.00192960647066626
0.0019288707706865693
0.0019290120715830506
0.0019276461702140166
0.0019269054034939648
0.0019252017514137152
0.0019257989402894087
0.0019271763246000934
0.0019267238455093296
0.001927293927867394
0.0019167903173829518
0.0019141737876226987
0.0019275403937892223
0.001926123518241109
0.001923470185541971
0.0019396203975072651
0.0019429324930392228
0.001944222405563535
0.0019434833936218215
0.001941603083853741
0.0019386319632277626
0.0019380695328451358
0.0019370431876663153
0.001936145406533481
0.001933729300279583
0.0019337107587972327
0.0019273336344597844
0.0019270554864900002
0.0019265134309788383
0.001928745488178847
0.0019277737567671802
0.001927884598654331
0.0019254830041190473
0.0019275030727974826
0.0019264706059158921
0.0019226447588320866
0.0019215291502179697
0.0019213658175559873
0.0019205414710871602
0.0019194513327823813
0.0019210811201538142
0.0019201960391355597
0.0019202690011059001
0.001921024800083975
0.0019208086898502774
0.0019171527188521944
0.0019163623230604024
0.0019184815748146437
0.0019174428962473878
0.00191666258688898
0.0019138947941033733
0.0019124933627361128
0.0019132607260080358
0.0019130272908069988
0.00190517649743565
0.0019039686705596998
0.0018897403133313789
0.001881085930457013
0.001878121239890624
0.0018774348250117552
0.001811242226221359
0.0018108703816211373
0.0018118415654341288
0.001810698394581829
0.001819185925387082
0.001818374882324758
0.0018192415010627253
0.001815153055147441
0.001813676048625899
0.0018093907811774677
0.0018099596524550692
0.0018215965373140548
0.0018386665741812838
0.0018380441709016397
0.0018852747460432072
0.0018771859970064448
0.0018763291132115974
0.0018742687795718683
0.001876714167879625
0.0018756244351787817
0.0018772833041665116
0.0018747943548683478
0.0018741117435845194
0.0018729554678645287
0.0018730909281939193
0.00187247191922909
0.0018713117913746636
0.0018701646493764312
0.0018702252909065247
0.0018698440169307884
0.0018694172308882638
0.00187142586880178
0.0018707022323281636
0.0018699869113643806
0.0018685485060439125
0.0018814047288268822
0.0018825579281623993
0.0018815882288015099
0.0018850763341776127
0.0018850516478212816
0.0018843693008325424
0.0018840035201404726
0.0018814717290888336
0.0018683893182376656
0.0018660022338500334
0.0018650023130343742
0.0018645707088708811
0.001858693382899115
0.001858108630576704
0.001855906811275344
0.0019421301308306174
0.001959150387275944
0.0019591960700961054
0.001958530611411093
0.0019577781358870363
0.0019578164227245995
0.0019570901357414566
0.00195516550923072
0.001954727722028747
0.001954068371116677
0.0019488613028145574
0.0019472235881322067
0.0019470175996158894
0.0019464353174820186
0.001945243036392705
0.0019452645350012965
0.0019446104241631667
0.0019432860950159092
0.0019422523906760857
0.001942006479675086
0.001940577254790513
0.0019416157676883524
0.0019405732747446646
0.0019394801955785017
0.0019391648000511128
0.0019374190612050516
0.0019364985546760402
0.001937757717365187
0.0019410252059786908
0.0019406258902836002
0.0019400917361156655
0.0019412491132892206
0.0019425075642664808
0.0019413452071564564
0.001940490055069726
0.0019394446988831623
0.0019385813588265158
0.0019379874880354293
0.0019375795089384535
0.0019365411382947593
0.0019364071681320333
0.001935666735998882
0.0019347628882998703
0.0019313111604013996
0.0019262921788403093
0.00192494785812096
0.0019240061290434686
0.001924167351168559
0.0019233891348026267
0.0019215916487882816
0.001920730911861442
0.0019195162686613855
0.0019222029345623032
0.0019214544634135195
0.0019203655941416324
0.0019393181943044176
0.0019387292113825668
0.00193810931275182
0.0019374990845684595
0.0019369532983492604
0.001936235828642108
0.0019350938183445288
0.001935085549842905
0.0019341532096999847
0.0019335936479141452
0.001937724062209244
0.0019368476834989447
0.0019180593802399684
0.0019172331914298066
0.0019161471371297706
0.0019195773543764347
0.0019209130977126353
0.001919553562253814
0.001917074055228201
0.0019179399260509699
0.0019169653020830663
0.0019195198933998651
0.0019207702569332473
0.0019196379718907886
0.0019186896808135953
0.0019178128773772046
0.0019171585599822645
0.0019151488356163825
0.0019133461208199862
0.0019115735575629428
0.0019088028587006336
0.0019082050878926283
0.001906881340457761
0.001906665069371628
0.001905727998633329
0.0019052524654841652
0.0018919918273520092
0.0018931142130410522
0.001891909896717914
0.0018903728959026513
0.0018876870459510577
0.0018868825008122635
0.0018853855411152917
0.0018816757828726415
0.0018723911494312017
0.001871236702914522
0.0018704016377113664
0.0018694101420320105
0.0018701458863420552
0.0018698946815923928
0.001869195073603919
0.0018684634411280962
0.0018682525741712942
0.0018674175907268384
0.0018678103488963564
0.001867157514109263
0.0018661664229108917
0.0018661438145880667
0.0018670719017159921
0.0018630902541310402
0.0018588242015204514
0.0018579767248624237
0.0018572016395030505
0.0018575567411540594
0.0018556249804822314
0.0018553149051206677
0.0018541362861152072
0.0018529420976278084
0.001850566666105084
0.0018498286127366307
0.001885605636602647
0.0018853646050625208
0.001881930188411275
0.0018820398672672687
0.0018814098074806552
0.0018721900730696
0.0018710837075350672
0.0018711161426544479
0.0018696644188635335
0.0018693822288356032
0.0018566026563603504
0.0018622735028011315
0.001862706534475086
0.0018619827321785768
0.0018621594033341833
0.001861073506594503
0.0018618104613444663
0.001861513430142386
0.0018603370324742712
0.0018598582074720572
0.0018595942605913898
0.001861805541531013
0.0018591045504729995
0.0018590487142472814
0.0018587404965365766
0.0018565560023351122
0.0018549785254384085
0.0018540255111148284
0.0018539856003046515
0.0018532955311574603
0.0018504124897588694
0.0018489009656390727
0.0018481109052919723
0.0017982521511598244
0.001797789355697745
0.0017975505081243772
0.001797926841629082
0.0017976442958448368
0.0017965264396605284
0.0017955338421517203
0.0017958386000273103
0.0018026230484756533
0.001807716448338555
0.0018071044095863352
0.0018067052571021334
0.001805933955803721
0.0018053502198742072
0.0018043512314312733
0.001804630609846699
0.001803477834787895
0.0018028350460223578
0.0018069089069965342
0.0018062863949817353
0.0018046947065180744
0.0018042177959569897
0.0018027354846326725
0.0018020410401625377
0.001801952803257426
0.0017966471669835676
0.001796240051192975
0.0017890598411376974
0.0017872568582097223
0.001786789823440485
0.0017852428990837311
0.0017893929922620819
0.0017882024058767441
0.0017873644557906813
0.0017871867353047436
0.0017864368070724633
0.0017847840838689907
0.0017870665528873333
0.0017857414824021184
0.0017870179054348162
0.0017869650190033622
0.0017864974089146742
0.0017862965270610922
0.0017855898941915027
0.001784834482930191
0.0017838926802649265
0.0017829466227168513
0.0017826245044470252
0.0017816099920812457
0.0017811015323354789
0.0017817221222036393
0.0017825225438696688
0.001781847710632783
0.0017814505817792335
0.001781035672420374
0.0017801495750532847
0.0017931219073290124
0.0017921017042226996
0.0017916427729489127
0.0017862181156986826
0.0017849715310372257
0.0017849944060165663
0.0017848403013750482
0.0017840152372332958
0.0017850340526568162
0.001783579862547007
0.0017854036499839456
0.0017877013042214799
0.001786094893962814
0.0017858092294007926
0.0017855685559705972
0.0017853730432726134
0.001785192869354765
0.0017844630121646291
0.0017829575752315134
0.0017981296969849223
0.0017969875551283215
0.0017957719337637961
0.0017943781035323677
0.0017949835939652294
0.0017946985783048328
0.0017940766379859346
0.0017930370626924636
0.0017924262382452809
0.0017963955134948537
0.0017962549108144247
0.0017954343912481331
0.0017955376082116163
0.0017951160318238368
0.001790866007197504
0.0017897438217316926
0.0017891889730373791
0.0017887181409087718
0.0017848071993996127
0.0017859482867755828
0.0017845271103105686
0.0017836278422172825
0.0017820714438620325
0.0017821944441603955
0.0017814497837661547
0.0017812199594462279
0.0017805987697866892
0.0017795736992292557
0.0017787126263459996
0.0017782565499223817
0.0017773713479975666
0.001776747807582286
0.0017756341990971007
0.0017749554751594666
0.001774248332587061
0.0017763906019536133
0.001776497803966189
0.0017758897148824379
0.0017751147118941425
0.0017752799195781255
0.0017747971038437624
0.0017761535649332871
0.0017641062024935648
0.001764405700181142
0.001768075944343541
0.001766955438146986
0.0017660804392885129
0.0017761775094459874
0.0017916470940604792
0.001788701425645425
0.0018011833820496294
0.001800432007753766
0.0018006741327962238
0.001799523604973482
0.0017989337100000368
0.001797423935307325
0.0017918049034240603
0.0017864817602103
0.0017851985555904237
0.0017843984100232285
0.0017843822077135863
0.0017829020267556507
0.0017810922034796302
0.0017779168961241166
0.0017771839783921036
0.0017689379443635044
0.001767207819553257
0.001766386692405298
0.0017615697948215267
0.0017605123667744247
0.0017605868034413343
0.0017596840205895857
0.0017611188223770847
0.0017598616909860114
0.0017592977373424995
0.0017620217032426738
0.001761540917056004
0.0017608335250354032
0.001758241711370322
0.0017575225285251528
0.0017570519903216833
0.001756728058196287
0.0017571378877645697
0.0017569130967672567
0.0017558260303862326
0.001759691629364089
0.001768853711847833
0.0017680361508757617
0.0017673715157522718
0.0017666571607958968
0.0017653426020600728
0.0017645952983490806
0.0017622582392586743
0.0017554723865676348
0.001770383061775873
0.0017723302283055463
0.0017716351959632926
0.0017690311656664165
0.0017704320862018423
0.0017704810102450543
0.0017699189996433701
0.001770015593573237
0.001769440202278067
0.00177019620630262
0.0017692750204852854
0.0017683525006386709
0.001769664154783585
0.0017686682708161993
0.001768141409195775
0.0017673200337049173
0.0017671976658044262
0.001766489197743025
0.0017658273844503333
0.0017644141627470532
0.0017639120215956776
0.0017644159409964703
0.001763229658149207
0.0017626454279033173
0.0017618713824642041
0.001761678036012757
0.0017611088948701584
0.0017606136645081925
0.0017601626322046348
0.0017579279596264398
0.0017574129573091546
0.0017564080837153004
0.0017814429397065975
0.0017806295969748384
0.0017806771337503234
0.0017801002716836128
0.001789591233502056
0.0017891130664963628
0.0017882429473070735
0.0017870407201833352
0.0017859212081965067
0.0017854539415804315
0.0017850173084024957
0.001796298223668359
0.0017950595967583592
0.0017951281926931546
0.0017945884008325453
0.0017869761603450534
0.0017932300480206955
0.0017928782994589912
0.0017913837045887093
0.001790889373032318
0.0017905695940959412
0.0017897441805360113
0.0017886632358425974
0.0017865737940691482
0.0017917461965790502
0.001791003118114791
0.001790075673154704
0.0017896585762092688
0.0017882748618742712
0.0017872252051727181
0.001786549197192723
0.0018007040445457252
0.0018009691116205643
0.0018061221557061264
0.001802694262611051
0.0018022756871921392
0.0018020020196188734
0.0017998246598174862
0.0018066351534948143
0.0018054710807214637
0.0018041001211695506
0.0018059776369445733
0.001805839435717199
0.0018053403391937097
0.0018048460986244852
0.001804449276755718
0.00180338347824712
0.0018036670622755611
0.001803535257479135
0.0018023575110291952
0.0018022134045857941
0.001803024722147659
0.001803280737839331
0.0018025654062398663
0.001802051917828153
0.0018015251198385377
0.0018007487055366476
0.0018005032603289229
0.0017995400663573223
0.0018048600244373006
0.0018039890322644222
0.0018020977069480595
0.0018013071589215166
0.0018007115860834038
0.001799469384803453
0.0018000771673174149
0.0017987336018050726
0.0017981994889053907
0.0017971747826778298
0.0017968258391013138
0.001796000603257316
0.001797534647734609
0.0018014060508673173
0.0018016516095797574
0.0018015454927021322
0.001801957235137497
0.0018014797136980387
0.0018013805009401687
0.0018010113270949992
0.0018004200426859952
0.0017987346612563116
0.0017987149301056918
0.0017989573366467247
0.001794271594032181
0.0017986018093460328
0.0017990491563196645
0.0017975431690278511
0.0018062289657388895
0.001802882957544967
0.0018025748944954577
0.0018021570090069312
0.0018005000984517132
0.0018002489043640803
0.0017999958074822135
0.00179912248828273
0.0017980313215472897
0.0017970764404252131
0.001796726300316745
0.0017969573007717299
0.0017963858204124133
0.0017956489362592827
0.0017937153032214306
0.0017935684724986623
0.0017930040767927774
0.0017923815972956383
0.0017950140556415254
0.0017938361407492727
0.0017933595096849045
0.001793020989251532
0.0016870619539874996
0.0016864329128191426
0.0016861421857205698
0.00168601743542678
0.0016832851432966374
0.0016802377867671963
0.001683006756605656
0.0016838265676150563
0.0016818651119148787
0.0016813370691573148
0.0016813660756983724
0.0016788116285038136
0.0016793779687822566
0.0016793383903743572
0.0016781194209865079
0.001676634505499901
0.0016757822205141625
0.001673447065768498
0.0016730823270686697
0.0016723647158583027
0.0016692690769449124
0.0016691406292423897
0.0016682873176766498
0.0016680160220484842
0.0016670550017743838
0.0016662437168913316
0.0016667383462448736
0.0016665081318142881
0.0016660021527985897
0.0016654779258536297
0.001666746890278486
0.001669852152126117
0.0016713461919119431
0.0016684635054946377
0.0016674421834166364
0.0016664417413662005
0.0016657917447075005
0.0016642774372138628
0.0016685058919012595
0.0016679587442541316
0.0016674960936463095
0.0016655367338897708
0.0016647586363763565
0.0016586626158904367
0.0016579987710576302
0.0016581554076668622
0.001657526615149183
0.0016570629686695796
0.0016568011898482515
0.0016564011225616128
0.0016567454286726142
0.0016562455175684664
0.001655783054421952
0.0016558259015530678
0.0016538556641128314
0.0016532824954620248
0.0016525702128594437
0.0016534188962569491
0.001652642708412609
0.0016393722110234373
0.0016389556554614253
0.001644394067912108
0.0016514389941092646
0.0016470607301499907
0.001646875534739377
0.0016470495921598997
0.001646193309186178
0.0016455924840174012
0.00164431420792132
0.001656711702583267
0.001656185183307748
0.001655417430338895
0.0016554681747656768
0.0016518906421888367
0.0016514566855021886
0.0016522538438336035
0.0016509763638949803
0.0016510722989787187
0.0016503795184044645
0.001647311763049908
0.0016466270743247422
0.0016465028081889747
0.0016457258283541954
0.0016533676974420897
0.001653591590435715
0.001652523686246699
0.00165167443287789
0.0016610759989248104
0.001665142408066263
0.0016642126815940134
0.00166316683860248
0.0016626426121428793
0.0016620814543265392
0.00166153047494545
0.0016610295009590267
0.0016574540280625048
0.0016544779448605218
0.0016540180624536945
0.0016547505147166811
0.0016539797465240497
0.0016539667003209846
0.0016535755748634205
0.0016535282239315003
0.0016531954209915373
0.0016518272711493012
0.001651216203498514
0.0016508197614973897
0.0016495811370190769
0.0016487321472901872
0.00164817392717141
0.0016474677471189007
0.001646917347862206
0.0016466442581107934
0.0016461333189031124
0.001644550959637141
0.0016442684244375296
0.0016428846623031284
0.0016434650889790249
0.0016398765514082751
0.001643179927788255
0.0016420799336836407
0.0016506909512441822
0.0016505937013601996
0.001650367001323637
0.001649470920341633
0.001649207451741709
0.0016489927661920917
0.001648224375184178
0.0016483023570251052
0.0016491093011558045
0.0016478995436265034
0.0016470381205690146
0.0016455150143527063
0.0016456845041586214
0.001644425708915441
0.0016463124381432223
0.0016454347960627408
0.0016468886412426373
0.0016462578966164017
0.0016457446356886469
0.0016435945448246315
0.0016453171644735586
0.001644611422044063
0.0016441105067804638
0.001641985551640328
0.0016415133837934537
0.0016408211105829156
0.001640825740143088
0.0016402033325784078
0.001639545817115026
0.001641400049502882
0.0016384429159154467
0.0016427020498321148
0.0016413763784195057
0.0016344781015318614
0.0016331367853319248
0.001633255317888772
0.0016330686193038089
0.001632967179579757
0.001627988346504061
0.0016331016497666598
0.001632671725570248
0.0016249034514313394
0.001627747102014265
0.0016284681162840413
0.001626931073837257
0.0016263737959722815
0.0016252068077311096
0.0016259408384087023
0.001624770839138317
0.0016231889212073474
0.0016254261028724813
0.001626473874271104
0.0016257925830911147
0.00162525834594602
0.0016274113393179362
0.0016268796068733596
0.0016259577198784092
0.001626275885576028
0.0016280651812109015
0.0016300054390401629
0.0016214872908702543
0.001621905312591757
0.0016204034704603856
0.0016190668348289366
0.0016182351387086045
0.0016168151828523916
0.001616405066720018
0.0016157723741277714
0.0016155975683129096
0.001617495672609624
0.0016170541249632734
0.0016176000845264926
0.0016153136534452065
0.0016147411267006166
0.0016149953013816548
0.0016117271951719152
0.0016110186301550621
0.0016108029473880887
0.0016104531246516774
0.0016122210263160956
0.0016187351041239975
0.0016179701079493687
0.001617587223540176
0.0016199857493053875
0.0016194830515821003
0.0016191903885208671
0.001618578879515255
0.001617876320328103
0.0016183832730154732
0.0016182644961411782
0.0016176583884748915
0.0016173358150544247
0.001616698359900153
0.0016160055185848242
0.0016153830860415762
0.0016148822596575168
0.0016143981016366199
0.0016153752257212343
0.0016138941180041274
0.0016135744656720103
0.0016130806737793637
0.0016121213183999375
0.0016117305332816582
0.0016126587230900415
0.0016126052160489114
0.0016113103062223592
0.0016107978856124236
0.001610689447415859
0.001609783452691856
0.0016107613337026517
0.0016064925746043146
0.0016059928680340573
0.0016076368656376691
0.0016068780657716504
0.0016061089232390136
0.0016057439624965093
0.0016058646644836721
0.0016041642613977324
0.0016087408345238452
0.0016041496655744107
0.0016036561833719023
0.0016014454045608988
0.0016004060909493689
0.0015995376365569986
0.001598892942269273
0.0015981712102102865
0.001597721812251782
0.001595355648851775
0.0015946838040983035
0.0015946269262439492
0.0015940508223498278
0.0015916529034621027
0.0015916178640136927
0.0015911564958595175
0.0015882388182902889
0.0015874916255182853
0.0015871395359500508
0.00158518198721871
0.0015849576026875079
0.0015845332412742115
0.001583342579531713
0.0015836326863145728
0.0015830434384011673
0.0015826059914112733
0.0015823588857618916
0.0015815401189132015
0.0015799877646761765
0.0015801913924213989
0.0015788893194509258
0.0015777785068927061
0.0015770318219929132
0.0015765745879904869
0.0015761040553267532
0.0015722922098071455
0.001568609466322405
0.0015680424940588415
0.001569877556616851
0.0015689898064505353
0.0015690378788192152
0.0015662966713289293
0.0015655312501511014
0.0015653337267459437
0.0015648124502579705
0.0015640099026818892
0.00156394513384715
0.0015636589216477506
0.001562684712578714
0.0015637555413965094
0.0015630260183301034
0.0015623013047589764
0.0015631327546054218
0.0015626481931109567
0.001562185511806622
0.0015629947337369137
0.0015566526087735873
0.001555987852121071
0.0015549546686077834
0.0015537170993000235
0.00155285115327299
0.0015537741271904645
0.0015534384798620972
0.0015542102745170594
0.001555101967447719
0.0015545909679624877
0.0015538566481491396
0.0015533856854456905
0.0015556691952726554
0.001555423889681902
0.0015545850234660263
0.001553960878589053
0.0015539475669042065
0.0015535340101108862
0.0015535704426578192
0.0015531363286607192
0.0015536496351798933
0.0015538294308013885
0.0015531216070951224
0.0015536206199600053
0.0015531043427560712
0.0015521447752395907
0.0015520519093499881
0.0015558371251445013
0.001558994757080338
0.0015585187736582517
0.001557878472223473
0.0015571748186496742
0.0015567690949526913
0.0015564354672975322
0.0015601122454538634
0.0015601045432532788
0.0015594956317699275
0.0015590058484008748
0.0015584415802498757
0.0015577198480447696
0.0015570470748185123
0.0015567781179473157
0.0015563271771068987
0.0015559610387787866
0.001560054425070303
0.0015609282574809216
0.001560419533895783
0.0014741850082595515
0.0014758244298743186
0.0014745824029304877
0.0014768426530298966
0.001476164172680434
0.001475569655714839
0.001475266199782335
0.0014744712497020032
0.0014739666576933854
0.001473982815470448
0.0014753423050370004
0.001475040449973736
0.0014746323834094798
0.0014752016080750187
0.0014746570399100417
0.001470940908824224
0.0014708648722219662
0.0014697023908285302
0.0014680747431924596
0.0014671965072660035
0.0014669418896069049
0.0014554969523008325
0.0014556075032195839
0.0014556112427746787
0.0014547996790853174
0.0014555117071286157
0.001455066862111132
0.0014552507402907082
0.0014545752471162767
0.0014540728693030346
0.001454092446467103
0.0014517537061776958
0.0014511731599317103
0.0014501873577758102
0.0014488402663749322
0.0014488113214291402
0.0014487547559705622
0.001448008008870212
0.0014476157317582468
0.0014469086850919884
0.0014466250732897178
0.0014471182053947364
0.0014466588229750904
0.001445771381215796
0.0014453852689891077
0.001443543116584314
0.0014414339925965225
0.0014423890665564213
0.0014416101355834003
0.0014410557981045344
0.0014296613743313103
0.0014285520479637144
0.0014287254174281012
0.00142651213440165
0.0014256075401413851
0.001425504630739315
0.0014251474596883977
0.0014259653732196962
0.001425450489855504
0.0014249695738620094
0.001424506675265287
0.001423753200459647
0.0014229060796383574
0.0014221099289749434
0.0014207911359059254
0.0014204609009639772
0.001418671298136758
0.0014183502435853679
0.0014178650660160606
0.0014177351409563944
0.0014172196921927135
0.0014162514494387784
0.001415982762408132
0.0014153112857177644
0.0014147071360058124
0.001414262039539716
0.0014131063419306625
0.00141261875552513
0.0014115394894914789
0.0014109270667704106
0.0014099600634561458
0.0014111661017014682
0.0014077421735699891
0.0014075213693860208
0.0014062542308862312
0.0014066810799937342
0.0014067406898189024
0.001406834970950491
0.0014062783289503953
0.0014059646387382838
0.001405385326655978
0.0014051885092252203
0.0014072209239235686
0.0014068781933104669
0.0014064524889435643
0.0014069393907033595
0.0014062320819751698
0.0014055807357283509
0.0014053256134123548
0.0014054264456564965
0.0014050237913940682
0.0014062847064206766
0.0014058577417627976
0.0014054861689186068
0.0014091552426426805
0.0014083229875065518
0.0014082467413819267
0.001407972137140269
0.0014081400859851264
0.0014076107660054796
0.0014069112256363625
0.0014060949892219165
0.0014061502316274799
0.0014058828273266284
0.0014054027264848478
0.0014049057033800423
0.0014046239301543225
0.0014042410432768917
0.0014048861226090051
0.0014043892370657514
0.0014068085448347162
0.0014063341070029978
0.001405223037805923
0.0014053639577991004
0.0014058172937004005
0.001405785060459435
0.0014045557019633172
0.0014037244028084095
0.0014034833504338086
0.0014030397485254782
0.0014061047089013955
0.001404854097397106
0.0014042690655870712
0.0014039045780199798
0.0014033840613657687
0.001402537618186938
0.001401694300678372
0.0014009054348475777
0.0014007117997029207
0.0014008034342307262
0.0014002561549592044
0.0014006895751059183
0.0014101972409505737
0.0014102939673682013
0.0014239353145449858
0.0014233506575729274
0.001423275858889483
0.0014220594930236554
0.0014225768352250864
0.0014207873123728162
0.001420858534600986
0.0014202117765676277
0.0014199387244029503
0.0014197792711637528
0.0014195207248319732
0.001419170329570164
0.0014237478285287943
0.0014243012951757382
0.0014442301457304621
0.0014451244754358412
0.0014434655740551184
0.00144366976095861
0.0014433203934185001
0.001443234097800777
0.0014426854726340406
0.0014422744644262376
0.0014415817901652398
0.001441158249822872
0.001440998553212146
0.001440503759851647
0.0014396154511242632
0.0014391968656854537
0.0014381829899252747
0.0014380626950074784
0.0014582389883666825
0.001457747398911625
0.0014573615382042267
0.0014570788504445554
0.0014527360089081982
0.0014516412049860273
0.0014512065524661766
0.0014497935481416796
0.0014485889219934282
0.0014465319702145361
0.0014463275451735771
0.0014459144698052249
0.001445836568333099
0.0014451010141696668
0.001443637323969385
0.0014446800981155494
0.001444554043043621
0.0014439937854303314
0.0014436129075619353
0.001442719225737898
0.001440771862589338
0.0014420481605970925
0.0014418613107243545
0.0014426637536566693
0.0014425312903235694
0.0014421450019600276
0.0014424118935705491
0.0014415732070034207
0.0014411277355779295
0.001440519364990886
0.0014393263245383247
0.0014392102893015083
0.0014387291849726417
0.0014384655309176379
0.0014385334243745215
0.001438239802128499
0.0014373012353566961
0.001436757764144351
0.0014370497410725923
0.0014367078944621259
0.0014385763437122945
0.0014382765892577858
0.0014384574643745663
0.0014383535856444258
0.0014418144947146952
0.0014421161619823037
0.001442144721884043
0.0014414300447241504
0.0014417350641705664
0.0014413263793467003
0.0014393723676017402
0.001439155829477752
0.0014390958794718316
0.0014404178567930307
0.0014395462422561796
0.0014390484898185103
0.0014372186901235786
0.0014369166211702295
0.0014365628445129998
0.0014327197545278647
0.0014321574290676422
0.0014315427428444978
0.0014310831862669807
0.0014307877855736211
0.0014298716211589724
0.0014309185766271796
0.0014306768983850923
0.0014319294632861063
0.0014314376901554441
0.0014310089505654262
0.0014302555839194174
0.0014297880970405615
0.001427535885368916
0.0014268839051351492
0.0014260762534658929
0.0014260756748568253
0.0014257153775170668
0.001425535369985582
0.0014238625822416303
0.0014239365214314477
0.0014230390507961037
0.0014225494249083914
0.0014236578110626188
0.001423518834183038
0.001422673071120735
0.0014187400229000468
0.0014183823715121983
0.0014181299223435403
0.0014209503208836788
0.0014202528555321333
0.0014189689050896435
0.0014214561019150489
0.001421129367364424
0.0014208888894721595
0.0014191158363638665
0.0014185653489298144
0.0014154600901563291
0.0014161481643044486
0.0014150005505086378
0.0014145076089072013
0.001414425615174339
0.001414160496695887
0.0014137465874638608
0.0014156007190406932
0.0014160904998824044
0.0014154332160351512
0.001412600433834198
0.00141224636558049
0.0014112900152903226
0.0014129550137616184
0.001411165927516131
0.0014085666051490279
0.0014087676399731357
0.001408855214257981
0.001408047273047097
0.001407421710667605
0.0014033872019878339
0.0014024533314182144
0.0014022178967326726
0.0014015474961255533
0.0014005698825282575
0.00139885417918378
0.0013980849120615222
0.0013970216787896437
0.0013964200996195392
0.0013977849924761507
0.001397125122949603
0.0013966703388681844
0.001396673662685401
0.0013955628389377087
0.001395351140380134
0.0013858465540050467
0.0013854296363366204
0.0013857048505228004
0.0013844254680243887
0.0013794657967704737
0.0013790866819852813
0.001389626565232713
0.0013892914219937322
0.0013872189877986514
0.0013899639146310206
0.0013878474712205229
0.0013872244254382934
0.0013917097349254676
0.0013893590899105742
0.0013883636544872755
0.0013880198066521044
0.0013885855140293056
0.0013882109168294433
0.001388343168358452
0.0013880816845578765
0.001387333914383801
0.0013870997612586485
0.0013862454860818223
0.001384548965155714
0.0013840091250438842
0.0013835342830859406
0.0013828550204812618
0.0013824530895728874
0.0013822833973150112
0.00138291356097569
0.0013825927729570222
0.0013820390736871604
0.0013812127923390378
0.001381345705496312
0.0013814505745046903
0.0013811782198632611
0.0013805868724782774
0.001379557351680399
0.0013794468610432765
0.0013789796715463914
0.0013836511893070868
0.001383580023164762
0.0013832287250212572
0.0013828272026539209
0.0013758689274989467
0.001375795390049043
0.0013751906202093972
0.0013748833785220094
0.0013753806235782362
0.00137500118851897
0.0013713794391117654
0.0013742965129149472
0.0013736718916945792
0.0013724521540060132
0.0013722049946412395
0.0013719580187106376
0.0013713128957691587
0.0013707164056923672
0.0013704398911770505
0.0013710398272199801
0.0013719865043657568
0.0013683075424074996
0.00136805066696967
0.0013671000234686175
0.001367116984780857
0.001366829038994766
0.0013665128783924656
0.001366195958474575
0.0013715327635264365
0.001370311532895319
0.0013658387301328575
0.001365563002139346
0.001365091010123544
0.0013651042418827248
0.0013646186537738232
0.001363862784869388
0.001363139923327247
0.0013647578091456937
0.0013635065668786432
0.001362506892707916
0.0013622006804011571
0.0013621870114961174
0.0013574141246564303
0.0013562070780369633
0.0013659131550201884
0.0013652426684045249
0.0013660067680941696
0.0013655986548819126
0.0013661993412555356
0.001365993605938804
0.0013614652412582585
0.0013799919173844357
0.0013801705810353997
0.001379855264447384
0.001379709848699188
0.0013869638987386915
0.0014613898722169352
0.001459940831174061
0.0014597776836250333
0.0014598571364102975
0.0014584747919464637
0.001457790766806218
0.00145699001655724
0.001456529213819847
0.0014561943676248044
0.0014569654491671507
0.0014565200950124185
0.0014562013388976945
0.0014559955070199762
0.001454335820093188
0.001453940754722739
0.0014546416868617305
0.0014548494723681357
0.0014500608017145435
0.0014485861861029525
0.001445731184607415
0.0014460238735774858
0.0014487970058043873
0.0014486346632399008
0.0014471435951185256
0.0014472716583872986
0.001446869983341395
0.0014446268799610158
0.001443834017651847
0.0014432565279812667
0.0014428056566854182
0.0014422036503434546
0.001441830075629142
0.0014409874495916973
0.0014399377017871862
0.0014385118202248188
0.0014382388882234478
0.0014393180389313976
0.0014346529812872234
0.001434397015037363
0.0014335842572120736
0.0014344597138143604
0.0014333436395314119
0.0014324775734964005
0.0014321381400157276
0.001431372588514264
0.00143060098462742
0.0014288570413979785
0.0014292730814616911
0.0014284402051062252
0.0014282753242637967
0.0014279461185168314
0.0014248462943164755
0.0014240959858777733
0.0014226392970481444
0.0014266997103439848
0.001426342011000486
0.0014986462467351622
0.0014947892413334199
0.0014996661250884754
0.0014997835644249774
0.0014990758492731077
0.001499651599007331
0.0014981843740051325
0.001496776561022243
0.0014965143162288888
0.001496029899148462
0.00149533693308054
0.0014948458953817317
0.0014941600641699933
0.0014915017527436837
0.0014911123454733933
0.0014911196977864536
0.0014911406879984312
0.0014872162237931621
0.0014866472597046133
0.0014867420410639314
0.00148649232663917
0.0014862608680170399
0.001485905904423003
0.00148526591342348
0.001484639513280606
0.0014897618175779136
0.001489197674164745
0.0014886715480050428
0.0014888422149603021
0.0014890182347574573
0.0014886349686593712
0.0014881204647905686
0.0014863315133985388
0.0014844275039689147
0.001483722721701057
0.001481039291788716
0.001482330446104803
0.0014816023620317002
0.001481276784864915
0.0014796233100908141
0.0014790721151920335
0.0014786082931951144
0.0014781722079402428
0.0014777572933105264
0.0014799733553470694
0.001479550109380077
0.0014800311153431323
0.0014796862414312609
0.0014801320248174544
0.00147931396977917
0.0014792556530514452
0.001495581468365533
0.001494957971692475
0.0014942128373964863
0.0014935874211875677
0.0014932230881619063
0.0014928965179156885
0.0014925705671356966
0.0014937615432023005
0.001491441580410105
0.0014916749944238303
0.0014912135876358338
0.0014929460939288152
0.0014931099001998134
0.0015048872604430414
0.0015033133094520502
0.0015112737051412712
0.0015097908820284533
0.0015094409640561913
0.0015095331298667022
0.0015077719545722344
0.0015074121185981396
0.0015069357452572273
0.0015068536619697852
0.001506343977671789
0.0015055846426641397
0.0015053047824119567
0.0015054137260886793
0.001505656289287822
0.0015051381841634298
0.001510662247342691
0.0015101124770875575
0.0015096058927448822
0.0015098093669945014
0.0015090144490382622
0.0015089566786772157
0.0015085851822513694
0.0015084365703010214
0.0015080953605301872
0.0015074137312614856
0.001507636731884499
0.0015071844047481072
0.0015112343478639269
0.0015110877717766716
0.0015106541177185872
0.001509681487724023
0.0015137477105625608
0.0015133930716137707
0.0015125901070925376
0.0015099065893930637
0.0015129955590291201
0.0015211929831359635
0.0015209455127516982
0.001520640593028987
0.0015201912264530826
0.0015198635532386695
0.0015173017247365281
0.0015163906220082954
0.001518676018039901
0.001518554050574525
0.0015134410818040081
0.0015131494983724057
0.0015133621060001556
0.001512607854113689
0.0015121414042678749
0.0015101899372337287
0.0015085488142011344
0.0015079929876655508
0.001507316067533793
0.0015068902398725822
0.0015064370479150808
0.001506266333629274
0.0015069600500977759
0.0015065479134259217
0.001506186171598268
0.0015056713598990703
0.0015052305255478535
0.0015058103920034425
0.0015079966162511664
0.001507705227433723
0.0015050294742742626
0.0015043904390025832
0.0015042149267754117
0.0015036576274471026
0.001503045471772734
0.0015026370038581113
0.0015023545604770279
0.0015020987550011286
0.0015016945489354978
0.0015107455725760688
0.0015106772199607508
0.0015103973971832111
0.001508692941319565
0.0015077734131897585
0.00150711338089837
0.0015089471360981454
0.0015086798095072366
0.0015068922769601797
0.0015069820661369141
0.0015074235769084424
0.001508811681634719
0.0015095729050273398
0.0015088611190816322
0.0015081800359009788
0.0015074145162602135
0.0015046814866002498
0.001504507258710148
0.0015050795488518204
0.0015032959114350286
0.0015030460196300609
0.0015013915647647967
0.0015006684216373356
0.0015001055854151455
0.0014994227210850914
0.0015000626594384443
0.0014994938318479043
0.0014996810275006106
0.0014999484122427465
0.001499761522228718
0.0015027432723335754
0.0015022105014403286
0.0015028818168454216
0.0015025439957026027
0.0015020792361246733
0.0015017799787247462
0.0015010413090128568
0.0015091421904818486
0.0015084074433962258
0.0015078001177938267
0.0015077329461720649
0.0015073979649633006
0.0015060713175360566
0.0015056627010161063
0.0015046280844272567
0.0015023700705152142
0.0015013944840839269
0.001501537685072302
0.0015010792696559432
0.001501347620194225
0.0015008034114085517
0.0014991338876756866
0.001498673682949529
0.00149855543830864
0.0014980998431780045
0.0014959211052293965
0.0014957797623123465
0.0014957456565656616
0.0014951098298090768
0.001494646037566492
0.0014955823650526752
0.0014954133932196811
0.001494912984750131
0.0014945224322249417
0.0014942141591069754
0.0014938255014432227
0.0014934359930015057
0.0014931944289759667
0.0014924350947991948
0.0014919296312196385
0.0014920771684852857
0.001491875019423241
0.0014918485010944598
0.0014918371572716909
0.0014933454141505022
0.0014930035617125583
0.00149190723727349
0.0014912735093489434
0.00149084423399432
0.0014911354085325402
0.0014910323481128766
0.0014907093249488705
0.0014896686241332563
0.0014899959791099889
0.0014895554409933094
0.0014847676205180496
0.0014838900054046195
0.0014828874761090125
0.0014824005216468833
0.00148206919172171
0.0014819378688281108
0.0014815050227182638
0.0014811903811156283
0.0014857843829628379
0.0014853828121293962
0.0014852529514432008
0.00148479020348201
0.0014847174625222134
0.001484384820199888
0.001484338128050812
0.0014833298064517826
0.0014830197895953604
0.0014828669825848182
0.0014823798165827702
0.0014818016976930577
0.00148131752907837
0.0014808357073329663
0.001480361710407902
0.0014801486539542793
0.0014798073183596922
0.0014788374483950704
0.0014794686764738722
0.0014796607738936773
0.001479597066011481
0.0014791457373828528
0.0014732471803979375
0.0014727237848056196
0.0014723239175110736
0.0014728293343071665
0.0014724054059183959
0.0014719258615001752
0.0014713802675559277
0.0014707006728746383
0.001469940082425829
0.0014691926736940565
0.001460862073433266
0.0014604992351117988
0.0014604071445016122
0.0014601094699827238
0.0014595292824305232
0.0014609698593298296
0.0014603008639786262
0.001460036941590842
0.0014597905562405767
0.001459821892194988
0.0014591181797698862
0.00145881100852246
0.0014581004773680877
0.0014576939319295823
0.0014575859129108122
0.001456476365649696
0.0014562788258633249
0.0014559006597842977
0.0014546099755062944
0.0014544488415476834
0.0014538071570826567
0.0014522798984606049
0.001452056172238938
0.0014513902062983262
0.0014515701806800058
0.0014496379305323703
0.0014511527534837808
0.00145004159435026
0.0014502237287274695
0.0014496677559445066
0.001449070252102016
0.0014478833351392925
0.001448284957135799
0.001452360372723301
0.001452021360415334
0.0014514859278002739
0.001451334001277262
0.0014519058798398497
0.0014543453144761878
0.001455465380274467
0.0014561959938158935
0.001456089903163379
0.0014546879200126347
0.0014543731057358096
0.001453663971703582
0.0014592092908557322
0.001458821037936662
0.0014585224160639286
0.0014579098049035501
0.0014569885518539874
0.0014568394061200488
0.0014564957014457692
0.0014572017257530388
0.0014567827623878688
0.0014561583084735797
0.0014538458261290563
0.0014523925210321042
0.0014523131457553158
0.001451189477072916
0.0014508173325420144
0.0014505678259040089
0.0014599046676060444
0.001459386748029852
0.0014589552973452123
0.001457578702019503
0.001457581421099841
0.0014587092346948238
0.0014583478741087385
0.0014585691274527665
0.0014581155017978397
0.0014565840279501313
0.00145638871582855
0.001457622925470815
0.0014571762371695808
0.0014567699911827857
0.0014567565812581352
0.001456299616602867
0.0014658507790176664
0.0014654852758334358
0.0014652167469183161
0.0014618198843875368
0.0014620048988653255
0.001461973902203273
0.0014628729540054693
0.0014612259143365026
0.0014605258433642505
0.0014585615438616082
0.0014583830785130118
0.0014584398630290997
0.0014580781201451122
0.0014577113253054024
0.00145768177098592
0.0014573307240929997
0.001456850457396013
0.0014568355103692146
0.0014563293174360906
0.0014557658261578226
0.0014548670362893124
0.0014561811424781313
0.001456135205507595
0.0014559520520968864
0.001457196963297851
0.0014555106392999085
0.0014542375862922556
0.001453751071460795
0.0014539116817760974
0.0014537088719623465
0.0014526612091345767
0.0014524613035297959
0.0014522299184301253
0.0014513890065358844
0.0014501787750002225
0.0014472216844527031
0.0014469466910991607
0.0014464978136731904
0.0014461828246726378
0.0014460069970718434
0.0014455461289528927
0.0014469445883496684
0.0014448281568758823
0.0014444508538144507
0.0014434739836979564
0.0014440977501888278
0.0014422675703303306
0.0014384585413892142
0.001439058834344077
0.0014389790074339473
0.001437960949849791
0.0014375964608153357
0.0014371883474793327
0.0014449568570908448
0.0014449294085375358
0.0014448497415415706
0.001444919262163338
0.001444314352677363
0.0014440123361758846
0.0014444245095290775
0.0014441034087963227
0.0014437792192759033
0.0014431170127725292
0.0014382720477297993
0.0014384783929422688
0.0014369824852101325
0.0014366198412935141
0.0014363496562424713
0.0014353520718204027
0.0014349755174535457
0.0014340691549714138
0.0014337002720545052
0.0014329192000649877
0.0014327853027055369
0.001432540045535126
0.0014321191589433942
0.0014325636832831364
0.0015644127942704322
0.0015621949855495255
0.0015615506346496086
0.0015608800822264717
0.0015610233439874205
0.0015606113642553082
0.0015601145651294342
0.001554138117894534
0.0015534904509204347
0.0015530107998091684
