-0.0066396016627550125
-0.00950233917683363
-0.012969553703442216
-0.009887790866196157
-0.009749090919891994
-0.00792381849272975
-0.0038450783176813283
-0.004004005627292726
-0.003256256086751819
-0.0034296168437735605
-0.0030813414438550053
-0.00286705357183774
-0.002758319909584576
-0.002405293087940664
-0.002574933158030036
-0.0007410653599757054
-0.0008340179952534133
-0.0008199679983877832
-0.00042624369962141005
0.00010198196174488096
0.00011505299798128199
0.0005900686019626641
0.00013693405586915643
0.00011480962624773317
0.00032336904013600997
-9.334520479940215e-05
-0.0001553827293849157
-0.00010715132571178834
-0.00042731460610715105
-0.0003448798332453501
-0.0006507099005830247
-0.0006653602414933801
-0.000610909152515781
-0.0004560329036654112
-0.00060885990872824
-0.0005876108330699646
-0.0006009423829566105
-0.0005805767469633472
0.00026980433904100155
0.00021521477085515442
0.0001579164499638686
-0.00028428740983525724
-0.0002554463280830536
-0.0003494750268550386
-0.0006183279936363842
-0.0005633205576661105
-0.00030359128383376354
-0.0002823582475016619
0.0010528745292685921
0.0009727190024968159
0.0008814656914462545
0.0008632585050467889
0.0008480614611741013
0.0008391062850767573
0.000821447641750897
0.0007600627299357332
0.0007372911269816662
0.0003028805056878883
-0.0006129379612199655
-0.0006112868637113729
-0.0006163320443104776
0.00197746302232161
0.0037485203270080083
0.003477887027055168
0.0036499660914573306
0.0038004467987504073
0.003767905591196134
0.003560642116665975
0.0035283755797926074
0.0034745012587887357
0.0033368642733775135
0.0033427585472116787
0.0031576664080824454
0.0031227977197462076
0.0029759449071685884
0.002973319269798382
0.002928343251905739
0.002800114691195586
0.0028371354008413625
0.002802780633547953
0.002761727332055183
0.002752861967071869
0.0027360147765388585
0.0030398065960445613
0.0030015334290679724
0.0029676839046584363
0.002960895377162326
0.0029199082897178145
0.0028983769716837246
0.0028274045976654097
0.0026423337085757156
0.0025890049390352135
0.002539049230727735
0.0026099986456469397
0.002489947938101978
0.002453337227727633
0.00243615462817133
0.002172614976198112
0.002097051205782919
0.0019277265486434237
0.0019251997701027071
0.001908931250370886
0.0018707110294389384
0.001869440050878829
0.001694334590591201
0.0014455112938444945
0.0014441774292208724
0.0014369402751230444
0.001529644201483197
0.0015022143429755618
0.0016249660229732405
0.004546645451187717
0.004508366232856356
0.004454992560204119
0.003811683034592566
0.0037778600040200357
0.0038214755426822004
0.003764722767132414
0.0038157967199367714
0.0037814514844510946
0.0037165569723822322
0.003760661989118246
0.0037279410242908565
0.0036168424278730533
0.0032173886924976532
0.0032271520858199714
0.0032097836107141124
0.003311894201089686
0.003223972304280883
0.003202434908798611
0.003343084060333874
0.003303276007855836
0.0031757707150050075
0.003145634468873376
0.003184064986164551
0.003060084648356419
0.0032207013435359786
0.0030766292941034603
0.0030119976158727827
0.007733135292300763
0.007660555518515126
0.00746965135736277
0.007384679645333059
0.007331992792073991
0.00728621862998969
0.007168607542676959
0.0071404016095117625
0.007105088643022599
0.007659939894122846
0.00756674160321616
0.007487085773774243
0.007444028197723025
0.007447731291006662
0.00734490785558122
0.007302646722121443
0.00738035487061126
0.0072125126017350384
0.007157526150219134
0.007105273782417496
0.007067625941502605
0.007000699091647364
0.006971211048279476
0.0070681350671071485
0.0070501785343477594
0.007043945340699857
0.00668826783597009
0.006644801910841209
0.006592340925043673
0.006554873582225647
0.006624881296683433
0.006569001872480309
0.006532984122319678
0.006461457757566299
0.006419400187358924
0.006348461246489022
0.006336464544401061
0.006304548772492083
0.006190801967164973
0.006162564988497048
0.006132938856730436
0.006135981124496356
0.006108975525302276
0.005853504761272113
0.005822001489876718
0.005785823058069717
0.005548726139234671
0.005369962816714292
0.006104336026024253
0.0060303771617901975
0.005981529945296145
0.005962888314343215
0.005935470801383047
0.005909086829522435
0.005877840699022037
0.005871629654634766
0.006160606406549307
0.005930422615707319
0.004396092435406477
0.004368172047907136
0.004387242888434631
0.004367511945164018
0.0042596041576006645
0.004314066001967931
0.004745051010139852
0.0051976007235477175
0.005232034007929248
0.005129896883213052
0.0050856514372801575
0.005043374695829003
0.005037637452621969
0.005013345058786105
0.004868050139824237
0.004083555229903071
0.0038976740385107903
0.004164310485942189
0.0036357258423580247
0.0036049145092966603
0.003565055453263703
0.003560541900448945
0.0035642861279714805
0.003540593964062937
0.0035245557589850054
0.0035135200649035266
0.003462320331341793
0.003582868590166449
0.0036547079094247635
0.003034939970108863
0.0020607661865229654
0.001783171892431867
0.001979384794128247
0.0019849821873604316
0.001986551152548727
0.002001437818311635
0.0020409074295535076
0.0020685838437387587
0.002060223567394837
0.002051903198188475
0.0020785007215929152
0.002026596802291654
0.0019565130907827715
0.0019715781476827765
0.0019531313095427663
0.001942891833304664
0.0018901955750913412
0.0018645221935594603
0.0017964989226170046
0.0017793961992391546
0.0017176548008064558
0.001645362533279694
0.0006179839621466836
0.0008846221946499543
0.0008955523892804579
0.001252128200547762
-0.00043438995090386355
-0.0006365625807802649
-0.00033756547663197815
-0.00032730476491698364
-0.000387572062549696
-0.0003719171181168914
-0.00042056890641217857
-0.0008350329091265903
-0.0008473165979309672
-0.0009175494632279774
-0.0009130008060722354
-0.0009165510527143624
-0.0006714555423328317
-0.0006631853851905001
-0.0006440846450915947
-0.0006256565079739737
-0.0006174004139040167
-0.0005876007839748026
-0.0005855788846692971
-0.0005819228052690184
-0.0006004179339982915
-0.0006080104726277285
-0.0005966159417369621
-0.0005736574935751952
-0.0006343289331648184
-0.0005655374114992036
-0.0005527244307211808
-0.0004996365692312934
-0.00046098595285580914
-0.00039804961995966134
-0.00038841069755634646
-0.0003998406809205977
-0.00036214445650704165
-0.00050226300613253
-0.0004940856054584762
-0.000489939599607044
-0.00094286826508411
-0.000954465549586705
-0.0008609341597542134
-0.0008161609948234207
-0.0008037795443916541
-0.0007621448482520493
-0.0007690223289993894
-0.0005013730613110067
-0.0004620826574405317
-0.00045194905920652715
-0.0002926040099093701
-0.0002962093587713444
-0.0003126621759833201
0.0008960351424320829
0.000869586554138356
0.0008610304325379221
0.0008811929189419547
0.0008751987988944162
0.0009729066846890727
0.0010725609923435012
0.0010705120361618205
0.0012312845401771856
0.0012337615935335727
0.0011689090011470838
0.0011091196928949406
0.0012895348294869454
0.00120901195260796
0.0012057645590690335
0.0012435428627590038
0.0012834298952839162
0.0012968093033689958
0.0010636668737799867
0.0010368828622994788
0.0009353943173608305
0.0008994039725691367
0.0008984434814228065
0.0008958362850868955
0.0008842706205231058
0.0008298093494626561
0.0008333154233475922
0.0008693869545559183
0.0008528001580341069
0.000824180035834416
0.0008156650564960946
0.0008287160336769728
0.0008110321774611727
0.0006131133870726026
0.000586878373229066
0.0005881311570240629
0.0005933736374786616
0.0005940514420537425
0.0006040941333440432
0.0005916961116285901
0.0005948670125711263
0.0005894105593788611
0.0005338805995314956
0.00046003756261972804
0.00046261155537273384
0.0004616034150298383
0.0005591229711093803
0.0005702249551731878
0.0005624888583704224
0.0005264292175455476
0.0005267408013305661
0.0005327163620779786
0.0005431558659366916
0.000535169617890534
0.0005292857397320371
0.0005506926528625656
0.0005389270459191821
0.000557694465055458
0.0004927449449170019
0.0004228811101576173
0.00040465337696042565
0.00041641323493908406
0.000729218532081281
0.0010685094042042933
0.0009219397726037246
0.0008728454102601775
0.001001200985676307
0.000998791877285143
0.0010247577474826834
0.0009777372850113904
0.0010123952458591452
0.0009945670567297685
0.0009927899477491897
0.001001742789728705
0.0009903060952195324
0.000975301301479708
0.0008930583376480313
0.0009074121926149738
0.0009184893617907499
0.0011181310429414077
0.0010860607292215718
0.0011221628396487614
0.001135060356412966
0.0011098333456203372
0.0011059180010540997
0.0011004760536241912
0.0009631734895848263
0.0009143104867698848
0.0010354514595338534
0.0010480536319020398
0.0009944206770706857
0.0009717215918729533
0.0009779954896363752
0.0008278290314631543
0.0008383166347250073
0.0007375019892348786
0.0007528042588819519
0.0006811207843604187
0.0007670892347362758
0.0007672409110883988
0.0008546510519832145
0.0011001856286900788
-0.00029280751903731765
-0.00029523386335382517
-0.00029768804283687077
-0.0004029127198907893
-0.00036314092044116585
-0.00038054459276518456
-0.0003791883194652944
-0.00034572107055828795
-0.0001622477897408006
-0.00016558133212972898
-0.0003598040709850743
-9.381555488982996e-05
-0.0001054868098870853
-9.445927800723995e-05
-0.00010843281225312387
-0.0001069150145155665
-0.00012041157326976617
-0.00018566918107196576
-0.00016605589498451637
-0.00017437028404160867
-0.00016684063958679625
-0.00010816119339991011
-9.749530604877264e-05
-0.00013960916409214676
-0.00013752312454947267
-0.00012036145908116251
-0.00012733234790276662
-5.544370105360828e-06
-4.576656268372888e-06
2.3149923975419076e-05
3.285004794458802e-05
4.1522233982973465e-05
4.3957986904533796e-05
4.1054746235247935e-05
5.226035765107657e-05
0.00016508801768179117
0.0002309814962949311
0.00023197764040677334
1.6730370368131465e-06
-1.0278045194576747e-06
3.92647000445254e-06
0.00024746681486206444
0.0003903355156710731
0.0004199216787766601
0.000421260177714026
0.00041663861633980557
0.0004064738242428513
0.00038723919249476914
0.0003946639536772262
0.00038869717730219487
0.00037966404494925486
0.0004637483524589616
0.000507144808174949
0.000505755636255178
0.000518808330715452
0.0005155928451754762
0.0005038365161926308
0.0005070509145274706
0.0005442867852001783
0.000541837867261762
0.0005699307291169928
0.0005680461868103315
0.0005692014838598717
0.0005419558475860386
0.0005732208999379123
0.0006023799923185316
0.000657957478725328
0.0006553791602433565
0.0006402026389613515
0.00051207818005136
0.0005112949771241155
0.0005057544292017149
0.0005108127568967286
0.000555032145184327
0.0005554097516627132
0.0005372232780985445
0.0005057763577104624
0.0005180575663376194
0.0005635430567083915
0.0005715135385320747
0.0005715909180923181
0.0005622206922014319
0.000580593297466995
0.0005481301382867765
0.0005407176611289311
0.0005421633800148378
0.0005428179742662408
0.0005898762562332972
0.0006559512800412629
0.0006646201230886615
0.0007027309724024594
0.0006943511129197646
0.0007035665529177916
0.0007239990220974414
0.0007076482051052161
0.0006973610102513184
0.0006995793384225283
0.0008700710342211979
0.0008520483132174601
0.000857552335284061
0.0008535864111864322
0.0008420787443529962
0.00105056576142051
0.0010474567192474897
0.0010447845938067672
0.001070555651044645
0.0010463545456786967
0.0010520641764146636
0.0010404106406658054
0.0010186743630928184
0.001022752539332336
0.0010134622959484944
0.0009908263769781074
0.000987080690049009
0.0009993602349333331
0.0010242371964259457
0.0010248343939750226
0.0010169135964427502
0.0010190243121389422
0.0010539725890737924
0.0010510860820466437
0.0010511986703096777
0.001063936585276018
0.0010446393998257916
0.0010516935963302261
0.0010360881107751457
0.001048652992154476
0.0010499406675742616
0.0010930439310688149
0.0010903428464792849
0.0012644667190012228
0.0012619057001985675
0.0012533198085117596
0.0012416660794638383
0.0012390231622568402
0.0012463193412938168
0.0012519949925457717
0.001244816391779844
0.0012911363373324788
0.001274405017766435
0.0012633068654528434
0.0012718469097208354
0.0012794406213062599
0.0012855705900439223
0.0012010883704484019
0.001194478925721071
0.0011573032145637287
0.0011490718599987365
0.001143402219462101
0.0011418875973873042
0.0011166146861744388
0.001115503794717631
0.0011016260617659646
0.00110125650750883
0.0011002778160868081
0.0011326602169141546
0.0010910025614254122
0.0010935155144225985
0.0011067372808275836
0.0011242862562113234
0.0011224512484598436
0.0011218995471526843
0.0011197778561400922
0.0011192336146042944
0.0011156654414790268
0.0011160831679585962
0.0011061019784875917
0.001104537461468637
0.0010966556921997992
0.0010992516998869723
0.0010963307438234746
0.0010945443584009888
0.001095182515282399
0.0010981450708553234
0.0011114888787891806
0.0011389731375317015
0.0011376322673044012
0.001132298275653838
0.0011286899288067724
0.0011234021517269022
0.0011184641769264722
0.001382673496439548
0.0013758946978031704
0.001376672296522735
0.0013829438114968929
0.0013829342961920398
0.0013763740353661465
0.0013531019452674244
0.0014528055173703167
0.0015290306323939664
0.0015604260287051485
0.001583795154311614
0.0015798481889392234
0.0015487962196684454
0.001554076171742053
0.0015555076659351005
0.001551113278166842
0.0015440740707816137
0.0015615485534854442
0.0015548837447658267
0.001553567336891814
0.0015573708989823928
0.0013762195559665034
0.0013497870790405875
0.001350287819180072
0.0013483622997451214
0.0013485174878440287
0.0013711102771459577
0.001397488143946141
0.00140822496444055
0.0014081975531045421
0.0014091377977958786
0.0013786979109778976
0.0013789624400885984
0.0013773465158714486
0.0013732637335256113
0.0013729439642848561
0.0013711785775778233
0.0013621863502358345
0.001345497932657599
0.0013509324447552374
0.0013482145862237945
0.0013518773175399317
0.0013532845093535523
0.0013471426850643062
0.0013453438951626115
0.0013090507819711833
0.0013097484357127952
0.0013339043319603927
0.0013248614803475398
0.0013155705826464993
0.0013130322033442544
0.0013464108663222446
0.001352158752181683
0.0013255806199367717
0.0013381020741836144
0.001352948160903532
0.001344403215410791
0.0013429078329106866
0.0013398817053394993
0.0013454663479618143
0.0013405506705267529
0.001294580296023833
0.0012904928389027958
0.0012953187832205838
0.001299948252614311
0.0012962054286930246
0.0012923750408793543
0.0012852174322438047
0.001273184164159732
0.0011645981772167807
0.0011682799029937635
0.0011774059449416996
0.0011627522526810239
0.0011531401623814776
0.001150678890305867
0.0011163049866946546
0.0011208014087802428
0.0011162691948318597
0.0011128111984239385
0.0011303948959576553
0.0011228125251494863
0.0011055217927099068
0.0010737730409632964
0.0010648361834872918
0.0010639667341091092
0.0010606760399371395
0.0010625701698425808
0.0010748437853612613
0.001078621500874525
0.0010777635747777265
0.0010697566736253955
0.0009088587558408995
0.0010029244760559896
0.0010053666021549899
0.0010060208375699392
0.0010429220820961133
0.0010381292246954006
0.0010597819588322411
0.0010643264381376431
0.0010651691478659108
0.0011222171635098224
0.0011148725722895784
0.0011153850804415232
0.0010994191157278957
0.0010976072808472554
0.001136753908717686
0.0011416977442742877
0.0011773778063200499
0.0011828534098018777
0.0012291562429657032
0.0012666587210706285
0.0012640400351160927
0.0013203308920704763
0.0013547805560145726
0.0013521243959056482
0.0013380725471496227
0.0013524316660760123
0.001361140851816923
0.0013260716851264012
0.001247348171663266
0.0013938813407197686
0.0012799161277298019
0.0013175934649160268
0.0013286343593483228
0.001333092013975696
0.0013340963169877103
0.0012828109364133385
0.0012831145002829834
0.001325060563447716
0.0013313989082275562
0.0013279697795570969
0.0013266860000219415
0.001316922677674212
0.0012906595686824104
0.001291724371793422
0.0012352919168575217
0.0012241012264739657
0.0012264665344159846
0.0012568648847357921
0.0012325938969949002
0.0012043700297867522
0.0012058570353494346
0.0012134256075762042
0.0012109156690612887
0.001212928848873497
0.001212418774190414
0.0012139336189620727
0.001214105060129149
0.0012123031699103404
0.0012127630306879487
0.0012024776401588055
0.0012059610619657391
0.0012064500906527067
0.0012053221881639761
0.0012076625561141497
0.0012115055183976372
0.0012082975732203654
0.0012075013890216243
0.001209356740172547
0.0012095373182364963
0.0012106976716009625
0.0014187625744857867
0.0014629270390068712
0.0015329784781788485
0.0014337452776913297
0.001360400196546758
0.0013588775174219513
0.0013520714443166807
0.001350091559028359
0.0013444698523296112
0.0013447244783063447
0.001313837375325222
0.0013258534744779171
0.0014629859489344356
0.0014607615328298127
0.0014614146686147782
0.001458122276179683
0.0014573211626218905
0.001449646671767518
0.0014470570758384831
0.001454556041855987
0.0010132278151976017
0.0009991168901916205
0.0010009346974903261
0.0010380030639828095
0.0010277562955636583
0.0010271902796220504
0.0010102085784931673
0.0010111169512346102
0.0010417025272376533
0.0010907107976256577
0.0010526846529391328
0.0010534127591474032
0.0010601609101845864
0.0008607831216682893
0.0008615675887390404
0.0008105178124657616
0.0008074053747415242
0.0008093621867826035
0.0008162818643027215
0.0007834795140683504
0.0007086746605119961
0.0007078272124315085
0.0006814341464218451
0.0006786359920517901
0.0006784020327845946
0.0006778943904016116
0.000707308028058399
0.0007984896084665681
0.0008356405928337273
0.0008324735775374363
0.0008358382876308295
0.0008395091264152586
0.0008130857051219225
0.0008136591046438748
0.0008067926319018185
0.0008056335190556389
0.0007997281567830104
0.0007999050549176533
0.000765902914299525
0.0007937974772197379
0.0007915040131962049
0.0007928368711095246
0.0007955818485546252
0.0007999782273864547
0.0007912921486637487
0.0008053564982243048
0.0008112132026632593
0.0008120043128600323
0.0008131832220148213
0.0008763896333520523
0.0008761262776820268
0.0007817592736295529
0.0007801348713678095
0.0007760409776154856
0.0008103916373876006
0.0008289885316720248
0.0008147884363653852
0.0008132057429192544
0.0008293170743431913
0.0009350198932471242
0.000933889217961132
0.0009471329014341947
0.0009431263307251149
0.0008622249744046058
0.0008597470641864055
0.0008582094639556779
0.0008674357479531161
0.000867882300768478
0.0010973841284768516
0.0011047407114365634
0.0011066624004848653
0.0011011956075099015
0.0010980157576081454
0.0010970195034134304
0.001103617829038246
0.0011025007817724924
0.001101924251359905
0.0011008920615570652
0.001093460282612341
0.0011531039505311572
0.0011442874926426581
0.0011379758319733852
0.0011357188792317187
0.001145933286122597
0.0011442536500302
0.001059945062542437
0.0010606655890368257
0.0010544979325134852
0.0010465704080985737
0.0010446423831331428
0.001058756738248101
0.0010037894300378954
0.0009961493916878605
0.00098618177146963
0.0009885520224124278
0.000980386462721296
0.0010382559738294135
0.001051911712483493
0.0010489700017780597
0.0010521625691584148
0.0010390730106752226
0.0010372145307298289
0.0010331732323814737
0.0010279472699290231
0.001026335161057416
0.001026576971562547
0.0010252219806266775
0.0010015981717068445
0.0009956340724688731
0.0009935913079859222
0.0009965850833379395
0.0009970254433401989
0.000996096087708959
0.0009926439989002738
0.0009889184336631795
0.0009889428942412356
0.0010085362847097705
0.0010129066394467053
0.0010101997120452804
0.0010046597122205033
0.0010265076974859662
0.0010154443958880813
0.0010143583613477938
0.001014853275025512
0.001037347477423148
0.001037347549908276
0.001035919209845991
0.0010427896563105512
0.0010461760555082436
0.0010444033839730785
0.0010422972700811928
0.0010461957830925628
0.0010542236841704139
0.0010507735081507238
0.0010659701366318524
0.0010916402594296991
0.0010891890927920782
0.001088266447009597
0.0010859738375970263
0.0010836446524322785
0.0011978742847095268
0.0011971615088804675
0.0011952900049656608
0.0011935168852484984
0.0011633724172114815
0.0011612210587527243
0.001159296101991509
0.0011587453190691503
0.0011570041464453859
0.0011428906366000805
0.0011427505279939139
0.0011411910109513047
0.001139804226097667
0.0010947375373613255
0.0010901374657381559
0.001090270998586401
0.0010907937395954624
0.0010863498980777247
0.0010727862314391262
0.001076011006737821
0.0010787460760654768
0.00107768735581389
0.0010714429140720595
0.0010700634099455823
0.001068228770712818
0.0010621871734565803
0.001060135962988866
0.0010755975858182628
0.0010778200387740544
0.001083049722203589
0.0010531928551080246
0.001041643926325201
0.0010391171945307279
0.0010434165441545668
0.0010424809429162797
0.0010073382535446657
0.001005393284300473
0.0009872733019711207
0.0009867134444951132
0.0009884642180912947
0.000988903179748047
0.0009854774846321463
0.0009765880862496012
0.0009856189905443516
0.0009852917304853403
0.0009844816467702267
0.0009801411116300486
0.0009878866840153937
0.000978522803234989
0.001004975596384429
0.0010029933139990965
0.0010007620279019755
0.0010027155519007165
0.000999878217591192
0.0009989964995925798
0.00100062539019943
0.000999089721404306
0.0009691449245944659
0.0009719592496327572
0.0009442241885891954
0.0009367198789514379
0.0009307734041966853
0.0009315255645916982
0.000935579965240682
0.0009095309654450997
0.0008864863833698723
0.0008851127356046516
0.0008837284970407688
0.0008802615225622357
0.0008777240318643693
0.0008737472773259146
0.000872616982881234
0.0008748858197614771
0.0008719858407605655
0.000897447746934046
0.0009003109011901184
0.0008993263542456923
0.0008952911998597945
0.000895421465789275
0.0008942095052894148
0.0008900673256951116
0.000881164140360269
0.000874208606826024
0.0008961798367672015
0.0009061176299896505
0.0009075547642212162
0.0009016501130361696
0.0009005663058563751
0.0009003064851311643
0.0008995912895345718
0.0008973824238958248
0.0009026488670325319
0.0008996387935039822
0.0008989687271019144
