-0.0066396016627550125
-0.004834529633323352
-0.007892837282270193
0.0003630820661783213
-0.000775139468411605
-0.0009150972889204114
0.003840928940917365
-0.0003874061448085643
0.0007510140887461599
-0.008367961071516303
-0.007180854765465484
-0.006375090944437454
-0.005649124130806221
-0.00469190514801691
-0.01207115162833361
-0.01191934323458768
-0.011071617165321691
-0.01046263562564395
-0.009224332810845224
-0.008452713367573559
-0.007842796695926647
-0.007511757992450956
-0.007202140831698972
-0.006869288226589558
-0.006722649219087681
-0.008807590248546111
-0.008383784792385994
-0.007687731340912908
-0.007609884332244594
-0.007366892500525159
-0.007417506431011133
-0.007048951936391831
-0.006889321983394705
-0.0067142965521530375
-0.00645078309753444
-0.006322176131180714
-0.006270677523724245
-0.006055984441608859
-0.005449570422933902
-0.005351740320315357
-0.004838084534553456
-0.005484009896632457
-0.005277248034624129
-0.005178080991997073
-0.004693434529421527
-0.004664757458661545
-0.004641663386185731
-0.004619469758056636
-0.004657323682913556
-0.004478830585082736
-0.004408734672604342
-0.004395810040460793
-0.004311210332498712
-0.004164289466147733
-0.004102268136713453
-0.0039893114345001136
-0.003820096769827769
-0.003878827926000357
-0.004579574095744948
-0.004518681804107531
-0.004444563508807349
-0.004061339706707271
-0.003979801073910492
-0.0039135312970476925
-0.003822733883156835
-0.0037590893469368605
-0.0036757393771789347
-0.003711730431161306
-0.0036550306656863525
-0.003640630998169923
-0.003544799373129433
-0.0034913888754488963
-0.0034242147096822883
-0.003365310631537188
-0.0033982628182887917
-0.0033641410802563564
-0.003384221828011317
-0.0033443301298679133
-0.002784680476906941
-0.0027290910782786877
-0.0026936907469928134
-0.0026694304204240133
-0.0026445081012276364
-0.0025284030801712466
-0.002439719927869465
-0.00241589980001224
-0.0023391851386391355
-0.0023045273171672376
-0.002322223275324277
-0.0022899837648575334
-0.002286701970423682
-0.002262111167236911
-0.0023924940056105613
-0.0023578287829877803
-0.002333986704040095
-0.0022897373444758368
-0.0022463044010599285
-0.0015123682615471841
-0.0015468597786093584
-0.0014685780078802007
-0.0014429242607244901
-0.0014607269630272349
-0.0014741635040991235
-0.001309195790755828
-0.001298466239499042
-0.001309449202517073
-0.0013030730782096112
-0.001310467462769897
-0.0012207012614288192
-0.0011729055226136513
-0.0012670093847191304
0.0011924401354982187
0.0011786938645711518
0.0011293561044705875
0.0011479698937207645
0.0011714926459896187
0.0010430459257450074
0.0009277908750486906
0.0008552954695915113
0.0008458334358249346
0.0009040305183171761
0.0008138134339455205
0.0008187544192497312
0.0008663068866590046
0.0009964618335028986
0.0009545051447147013
0.0009512781690546043
0.0006715406397720373
0.0006813416724281322
0.0006600444362621463
0.0005775762504278901
0.0005813356581068765
0.0005631894421626459
0.0005611525293379269
0.0006741736122100578
0.001393803925254301
0.0014137900498758101
0.001169764737974645
0.0010857625129574446
0.0055411648702294175
0.005510881873242013
0.0054241578650076295
0.005433535137550886
0.005405378225761273
0.005611942889354645
0.005616267037211258
0.005574369244297141
0.00551397587774687
0.005485678547702263
0.005448825926529951
0.005431435273988569
0.00539549272931622
0.006062026518414419
0.005951789630137593
0.005916963798461857
0.005886555082742332
0.005848253011991582
0.005729107070789648
0.005566588336932909
0.0055458551833676515
0.005536417559024239
0.0054972506908698435
0.005655435648538802
0.005612245791108404
0.005570284819496229
0.00553529889559482
0.0055083123580906045
0.005615970308492208
0.005590568645771675
0.00569973970831124
0.005653899638060084
0.0056214208075052625
0.005556428048795827
0.005526652985884409
0.005531326693513123
0.005512437391677598
0.005481010686156204
0.005395326717865949
0.005502420980741994
0.0054820195639259
0.005321790623493943
0.005219804128769358
0.005142534086506044
0.005111304137893525
0.005066070746647956
0.006211071569948174
0.006166530137403591
0.006103813368272745
0.0061056147118123535
0.006101658176179702
0.006061885243677049
0.006035018097331815
0.006027376459558619
0.006037597217632887
0.00594109250975022
0.005866121281196037
0.005906343547394498
0.00588746750101344
0.005777814865869003
0.005747953051323561
0.005486181265464752
0.005591415732770956
0.005610259926898458
0.006518485834651694
0.007083914036132412
0.007044931604011784
0.007017443367098726
0.006989564270095266
0.0069702163297084285
0.007097158400326418
0.007069866657575572
0.007030402801268482
0.007014115049697404
0.006985560250414403
0.006958285706382915
0.006941426893822795
0.006933646352156362
0.006884996792818226
0.006850582148498769
0.0068466440043348925
0.006806447333236735
0.006655477383069592
0.006628486757628184
0.006615439374517232
0.006591234858914283
0.0066495296516607474
0.006678523487623843
0.006593608159132657
0.006582845745446239
0.00656466283815312
0.006492222693411567
0.006471871779612044
0.006475416073300993
0.006524345640865886
0.006146150480825611
0.006119383475448511
0.006078463711994974
0.006068175740415332
0.006008034440067907
0.005977988638238851
0.005949372213289589
0.005924343820632562
0.005902435185175894
0.00585508070700821
0.00582968147198965
0.005803905178600478
0.005802234026393103
0.005804013477705689
0.005762520423159004
0.005740467581872001
0.005711379381994318
0.005681790241680804
0.0056371695163117096
0.005610724876397382
0.0055887807538965726
0.0055354702637933125
0.0055966883421290775
0.005582313999914814
0.005574572148123901
0.005542590802935064
0.0055252592504124055
0.00557855899027857
0.0054911680468428675
0.00549205390051148
0.005469517614709957
0.0058445565630106285
0.005839708418005022
0.005823704522695102
0.005784112550921878
0.0057768076293108605
0.005770706966680284
0.005766491961303841
0.005738817649913858
0.005716894600455735
0.005686528094541418
0.005620526813478328
0.005593170296725744
0.005529163677769457
0.005358733767726725
0.005380610499971836
0.00534881751180184
0.00533016028344243
0.005312126652607335
0.005300355270982869
0.005281212754808921
0.005156910840851071
0.004875632257305067
0.004859800203473737
0.0048601981648846125
0.004837731612246978
0.004825742933512443
0.004802667977564107
0.004792005064731724
0.004761177609512835
0.004732924572808033
0.0047251499380080685
0.004726325501137001
0.004735199020016023
0.004731699469169447
0.004783385138060632
0.004776857656388951
0.004842024897713146
0.005200450111308447
0.005232540831317148
0.005314515990618269
0.005301530245696846
0.005320204724538798
0.005315113693915011
0.005456842760266285
0.0054458389151354775
0.005431737386131247
0.00541988756541481
0.0054059852270378315
0.005381254201647751
0.005381364988651615
0.005468577405343078
0.005332957965203959
0.005328069493845309
0.005302746116922207
0.005285706778975911
0.005215638318885065
0.0051773137951971835
0.005525614197037533
0.005510475894597431
0.0054925641692579194
0.00547905251893232
0.005474992740878739
0.00547473587505845
0.005459107946653879
0.005465106067727418
0.005441510275459332
0.005407547757033728
0.005397540353159112
0.005382957221217341
0.005357494410071964
0.005255257123556175
0.005242313932387719
0.0052624748333612754
0.005249285893103873
0.005217156958113535
0.005198041748457004
0.005179669852599327
0.00521363908503486
0.005210327865231942
0.005194595809507779
0.005165838435666649
0.00515458999712143
0.005140055393443886
0.005373349962257112
0.005377171567257788
0.005370019585329411
0.0053272363738019616
0.005317026404118013
0.0053102693725442865
0.005287931315251622
0.005318381000702794
0.005298767879302218
0.005421012386252896
0.005190634846965415
0.005183712470150416
0.005165803035076712
0.0051124662559507645
0.005097188377736265
0.005077027159979027
0.005041648593541648
0.005028159687979452
0.005002548022710704
0.005034398166860291
0.005094429050616262
0.005125364364467487
0.005115565480708181
0.005030724978862182
0.005012630900077987
0.0049322958108969
0.0049520458527927335
0.004944315136179315
0.004911656567066777
0.004897629774585952
0.004887038272327593
0.004911076447686905
0.004899952750676186
0.0048865797920651
0.004833130696927883
0.004841112969412961
0.005100063318380639
0.005013253005403175
0.004999687663623316
0.004978765708476345
0.004892334133126913
0.004873809952582432
0.0048357681799662145
0.00483635823787711
0.004819068238733045
0.004773653196126715
0.004756480439597234
0.004724164587877786
0.004720764235905181
0.00468097741659882
0.004661586466900186
0.004704372191576962
0.004716049463430819
0.004708576538480431
0.0046984140461081335
0.004687298980705367
0.0046913738118334325
0.004651789549244473
0.004642174106194548
0.004623326810585185
0.004636939547504521
0.004622020834953228
0.004595659412480367
0.004583702557063466
0.004520708453436018
0.004514725896998316
0.004506276812068017
0.0044928133557913495
0.004521849249591535
0.004510558200380505
0.004499085317435116
0.004485658105120453
0.004471439567035374
0.004461043149446977
0.004440475688582251
0.004435691158081784
0.00442450027482446
0.004497135821492701
0.004490306181302747
0.004477162693807902
0.004449977870112778
0.004456271210335851
0.004454015946908767
0.004434182511668918
0.004425926316995705
0.004419434043891915
0.0046011871400469685
0.004588588693744479
0.004576833264518962
0.00456469856272345
0.004546773433619152
0.004541888534154236
0.004508913552524977
0.004495197273966901
0.0044871158513103086
0.004477260031101677
0.004471554603668306
0.00445761228084691
0.004439641234642161
0.004407249697609044
0.004387847150533663
0.004378093039178639
0.004359329552211965
0.004349821475044067
0.004336240507971537
0.004343185340921689
0.004356649761910756
0.00435567565339503
0.004339542384724553
0.004332842984455401
0.004329189105382003
0.004320486698644595
0.004341850355023099
0.0043293292840744565
0.004572916820036656
0.0045683482961644
0.004549655423720978
0.004522623863144487
0.004525370648044702
0.004517109245188462
0.00452959120658751
0.004735227398099294
0.004856187527320023
0.004844141684668961
0.004832479657194149
0.004823428153758864
0.004823925274489307
0.004806315257476124
0.004804710297960742
0.004798567134535543
0.004780584571381038
0.004768556420095436
0.004755970743773173
0.00473916318271681
0.004746221059373834
0.004736995633473117
0.0047303230582315765
0.004728716196508088
0.004684562383414735
0.00469690247121979
0.00468221117477455
0.004697570802803696
0.004686648515254214
0.004664451212390336
0.004661952177270479
0.005105290281400552
0.005077604683045194
0.005075731980710398
0.005054764768277501
0.005096227039626417
0.005087160308670714
0.005077023349877558
0.0050660696202880695
0.0050575302451016674
0.005018005584422513
0.005007244426109316
0.004990034490000551
0.004982485707251799
0.004970142288226538
0.004959557524151284
0.00494955914413474
0.004895992847439718
0.004887855665799631
0.004878833810138453
0.004869277631610111
0.004859044775825942
0.004845639231419668
0.004848312809025585
0.004842335541656925
0.004829938025068255
0.0048251450415591505
0.004810882482019703
0.004800929905701136
0.0047857340032003365
0.004777379359695659
0.004782498211861817
0.004771005226332194
0.004763257003162482
0.0047493331128545336
0.004731523956604649
0.00474934264713978
0.00473394415778505
0.004618170464983221
0.004608161229763701
0.004607607708578806
0.004605229529199919
0.004574127084747007
0.004557973696079606
0.004536839789268912
0.004519626444179125
0.004513390684513536
0.004500195114351143
0.004509800341151527
0.004495169897259581
0.0045151537652292715
0.004513756167993998
0.004504339420616432
0.004453950116306404
0.004448976537614922
0.004429703599511515
0.004421051362779422
0.004399891830080985
0.004373437155327729
0.004368099479748542
0.004360453056151622
0.004350882309216525
0.0044659010285770465
0.004457649659564017
0.004447556795607082
0.004449655062458667
0.004411281541024432
0.004417956759075394
0.004390556224891582
0.004379887792711536
0.004366523813348598
0.004362321273400289
0.004356583862652302
0.004349669278898311
0.004342020775503681
0.004330761454574546
0.004324096117456889
0.004329448227916446
0.004352333445545499
0.004346249463472903
0.004355600966209426
0.004359425710540755
0.004386397052062161
0.004413156922807213
0.004405105529721043
0.004396382161737656
0.004412606119882994
0.004352714134452199
0.004344913711268748
0.004336201317261551
0.004338256372679317
0.004336347022402527
0.004326792709804192
0.004342800196071257
0.00433312787308317
0.0043249297338672325
0.004310010085223974
0.0043020707458853395
0.004291820418621997
0.0042881937525814685
0.0043070240539947085
0.004320747798271795
0.004312372225871777
0.0043457038888817
0.004341388732628484
0.004334554134505667
0.0043277929748061625
0.00432000680523677
0.004359179290926067
0.004418304415588282
0.004399090451057558
0.004384222439706007
0.004378304109411709
0.004368674563496613
0.004359879456633037
0.004352266260202022
0.004348390174942081
0.004345236028275808
0.004289217386809656
0.004254164073125011
0.0042500005678483875
0.004255266347669328
0.004247970574674756
0.004246461108822239
0.004188747864313245
0.004258919969405939
0.004244289769761255
0.004236605598819455
0.004231798601871544
0.004223976804356337
0.0042118941554025865
0.004199308350920906
0.00419247059990636
0.004186228124745881
0.0042133632131000276
0.0042100741662863175
0.004203353192416312
0.004198477566533021
0.004213756446875496
0.004220734615151121
0.00422759574599574
0.004206575793481112
0.004188224452092357
0.004184528170938656
0.004181694018162628
0.004177061962163485
0.004219691457120683
0.004208582975329251
0.004201837992284963
0.004196335742674687
0.004189406379494279
0.004182892186571017
0.004165501867874598
0.004142044911660053
0.003997011957392114
0.003987925130696913
0.00397753521473742
0.0039925661346070455
0.0039884772764105375
0.003975896969837872
0.003968733354715352
0.003958574335944153
0.003854605210668386
0.0038579931703598184
0.003962857906026048
0.003963835534303522
0.0039356085976771345
0.003948188258339437
0.003938268653864363
0.003933381399211617
0.003929014402246934
0.0039285955776049465
0.003919949729251679
0.0039176221977924265
0.0039061595017753415
0.003898196538607002
0.003888100289628678
0.0038803321198491634
0.003874215608410239
0.003866572009882704
0.003853297538866254
0.0038334408396029263
0.0038228775995038902
0.0038164314218390324
0.0038178114371738995
0.0037692702437214054
0.003763070758155017
0.003759434872827457
0.0037660365850466023
0.0037343077626085493
0.0037033653864332735
0.00368293908771053
0.0036646443611907643
0.0037120912663248873
0.003980973445222415
0.003966122581951488
0.00393134165244481
0.003905182934933117
0.0038862247546198755
0.003887710668960546
0.003871683904398786
0.003860628196644874
0.0038512082957101335
0.003846405159813853
0.0038368171093924757
0.003853589958489512
0.0041959626134121155
0.004192122385751647
0.004187806847533996
0.0041851581384927975
0.004185284641819587
0.004174061597566195
0.0041468591656816205
0.0042767364429634695
0.004264500162937341
0.0042459410291439004
0.004257228010147352
0.004242024963205084
0.004242253181550278
0.004223239983443294
0.00423462056347152
0.004315013931279585
0.004307941732926401
0.004306371367567205
0.004300535488217254
0.004294131221282276
0.004277271877683428
0.004274567009554531
0.004281513183036049
0.0042503796956912185
0.004256713971121493
0.0042618927299014845
0.004225832057748819
0.00419562112607281
0.00418577835404533
0.004185449238464337
0.00417752156153417
0.00417375517169494
0.004168001971693173
0.004159178916659276
0.00415063488804657
0.004147008568795668
0.004141314584291209
0.0041351373236187365
0.004131775056496639
0.004131721449763927
0.004130447307505996
0.004373707987232442
0.004387912503837851
0.004782566653010616
0.004780856129400486
0.004777740503260127
0.004771654581974195
0.00477007536235375
0.004771016100972881
0.004807727519421288
0.0048024407716875375
0.004877167077249945
0.004862928876205991
0.0048577516476793255
0.0048402794110388725
0.004860426957222907
0.004845841782683486
0.004854820427418138
0.00484262190199259
0.0049710562598480595
0.004967036720460634
0.004959330561567529
0.004953756403285907
0.004951942176308229
0.004935978906417241
0.00492847766218367
0.004922384941274815
0.0049091264563270315
0.004880100153144433
0.00486376524853263
0.004857060504714762
0.004835154644169295
0.004839352082722068
0.004832086087901271
0.0048251302800270115
0.004819696983031457
0.004835936420884942
0.004815776008963737
0.004736722561906419
0.0047361207193524135
0.004685692803179376
0.004534775902801911
0.004538985596898037
0.004445231027225348
0.0044355735744736995
0.004429954432577049
0.004424559873225032
0.0044103356380002
0.004397154174775398
0.004386864491134789
0.004383405657376257
0.004370070163654658
0.004361306678564487
0.004355784866694584
0.004344773920373707
0.004550119778151896
0.004814973759098682
0.004811979535454098
0.004803996350460969
0.004800351359134277
0.004799057021543821
0.0047905375759341425
0.004869312972701277
0.0048575038181207
0.0048508454940214335
0.0048387472913559715
0.004824768128138117
0.004816662556331349
0.004810128995604636
0.004803564442387823
0.004777026741307223
0.004772172512169027
0.00476783032536107
0.004766843836151407
0.0047597467622974565
0.004751479221343898
0.004745700204165685
0.004745762259894875
0.004739679736741576
0.004740636877231705
0.004742228213250724
0.004732090187619156
0.004738527700955865
0.004724532746188746
0.004697873245963678
0.004692290303900134
0.004676309099022868
0.004669074027639131
0.004662787633792782
0.0046592476984825
0.0046557538600806555
0.004666913570521236
0.004659633067348058
0.0046419110822302125
0.004636343043252834
0.0046213874510662
0.004567701043766053
0.004567152513518207
0.0045598162914757155
0.004554081249007476
0.004544210432389988
0.004534382038476198
0.004528978153001511
0.004521536660518885
0.004519756938366266
0.004514046213035075
0.004509425297046887
0.004504433929462633
0.004486871485343442
0.004498328097261016
0.004494779332564887
0.004491120542436648
0.004484698073410375
0.004424853822276295
0.004420419547139615
0.004421392168317999
0.004353014219338886
0.004349692523244584
0.004356372492174996
0.004355188766171159
0.004354044120555036
0.004344128135184891
0.0043369246850657435
0.0043272909382108555
0.0043282587798785166
0.004319901431885788
0.0043152364222223865
0.004311738080624241
0.004305828101221492
0.004303676714759362
0.004286593738083596
0.0043024879554092715
0.004277123546079215
0.004271966872124323
0.0042642102750715845
0.0042286559885334404
0.004195372832294615
0.004220258849064339
0.004152635232184645
0.004146703601089949
0.004141856277370101
0.004130975163923477
0.004132418462808225
0.00412949475076163
0.0041361057406589675
0.004145270384440983
0.0041430621868889924
0.004127824336152935
0.004118125291538193
0.0041215868815037094
0.004117230458882904
0.00411356875534635
0.004111512184908238
0.004108505595648418
0.004106509325719428
0.004101779569391093
0.004098415947688788
0.004091989669568931
0.004087678668103331
0.00407951024079757
0.004072057815905677
0.004067672709818764
0.004072337394517382
0.004069866648345175
0.00412159322512006
0.004114286832782194
0.004114416779677973
0.0041096277883020315
0.0041050442704813625
0.004111204451170682
0.00410803011207582
0.004048818070629964
0.003987220279844198
0.0039836577537334565
0.0039836026564834155
0.003981144494384065
0.003977904266214033
0.003987470209253094
0.003979914035611449
0.0039760034882215895
0.003972104073830481
0.003961115491527313
0.003955979213944183
0.003947934626034937
0.003944415734594882
0.00394489508265364
0.003940195431157742
0.003933617574279688
0.00392116118531514
0.0039130470697010785
0.003895697117672336
0.0038891098791753033
0.003885900530905543
0.003911755225527697
0.0039071560082093275
0.003909431449570284
0.0039020637879699
0.0038579002119745534
0.00366373998317447
0.0036533005346753005
0.003650391398928429
0.0037571673461216895
0.0037540545508470777
0.003727924800388408
0.0037156806425412093
0.0037090805553672127
0.0037056645431232534
0.0037047137357898033
0.0037056403201291143
0.0037037638862080146
0.0036923961499307537
0.0036815474203612092
0.0036842752202161226
0.0036695583451900504
0.0036598464857831446
0.003656313718032661
0.0036506517022933506
0.00364907917053189
0.0036370905185557382
0.003624471840389792
0.0036256166390709545
0.003621602200516673
0.0036193993430832156
0.0036160785640387424
0.003612180594302326
0.003601163812238023
0.00360163802202507
0.0036069573355544085
0.003604853967621875
0.0036009596893954218
0.0036030917843838466
0.0035878202202376096
0.003537869714493321
0.003533793823876196
0.0035309448473061457
0.00352308056924718
0.003511034667531384
0.003506302856539315
0.003492838190877415
0.0034903628909402594
0.003478328335293136
0.003474398377971741
0.0034703888375481043
0.0034670274870228237
0.003456936688400768
0.0034423990337488853
0.003435083361916706
0.0034306217683685507
0.003428893346244131
0.003423850135088473
0.0034162754806039545
0.003417863109894158
0.0034165189048244045
0.0034152207804405465
0.003408598464276418
0.0034055670751837793
0.0034019513190155816
0.003401536211716338
0.003396436787670691
0.003392994391049731
0.003392884256580137
0.003382159938755949
