-0.04790328070521355
0.016816514233748116
0.016526213847100735
0.06402814909815788
0.055711403489112854
0.04841180717838661
0.04360574868042021
0.04159025113201803
0.039165223855525254
0.0348925684494051
0.04817182935463885
0.06074265899279943
0.05645246106931674
0.054739490104839215
0.05197209243488033
0.04611465538961485
0.04405603497030421
0.04201660845673791
0.03989452942041681
0.03802646635588081
0.03762278105767274
0.035292381916762046
0.034227566686846934
0.032770306291058655
0.04007067915517837
0.03879106492321524
0.03696601131897686
0.03683162081569177
0.03575568678012739
0.03439117851667107
0.03993370224634419
0.038186852206391377
0.03703064644051827
0.03755979886544603
0.03640212029373895
0.035731722537830884
0.03491420339253781
0.033900384289714015
0.032599703269079336
0.031285791271706914
0.03034379047208599
0.029811818726620705
0.02737192975738171
0.026572628598660237
0.026113542758495267
0.026816836687082308
0.025526192417601123
0.02492911106317627
0.024033971168100833
0.023382533159033922
0.02266010398475023
0.02147420172421437
0.021157731396939466
0.02078916449099779
0.02071096410509199
0.020486278018276943
0.021827533503930116
0.021285823356928465
0.02062070011161268
0.020315867161653085
0.02031605207030812
0.020085853021887562
0.01976391039352166
0.019535386512199278
0.019950541646473793
0.01981485521754445
0.01939803002374795
0.019078024170374963
0.018814767910433672
0.01853341253762934
0.019927721587009735
0.019676339270368427
0.019615466599478517
0.021039649316420165
0.020093925070556767
0.02015392365563032
0.020047015349309034
0.019068813782562564
0.018402801925549286
0.017893781155393817
0.017631557298733332
0.016426918203437547
0.01683537281184857
0.01672705727465013
0.01662708777761044
0.016377897654799214
0.01624008397762241
0.016047172120175843
0.016448955607807476
0.01632017262310691
0.016121175795611325
0.015878243409397627
0.01732439383061881
0.017408714421387576
0.017495424658894393
0.017037561525753947
0.016816738558153875
0.016658326550951293
0.016477608912391598
0.016353019405995494
0.016251972523819224
0.01616120138047354
0.016010469050692904
0.015699245240761064
0.015603919176358456
0.015620204468832194
0.016720350966487017
0.016356334155382717
0.016653138158885264
0.01882715781349354
0.01857944900257281
0.018467872054316114
0.018417712812630566
0.018127475926936004
0.01790193141265452
0.017636971632774896
0.017140741007189448
0.01690166731298503
0.017302786431779783
0.016881075615548222
0.016269231822960025
0.018506185943828673
0.01860957649525165
0.018082230833359064
0.01741225215964877
0.016902177408520926
0.01712366469746485
0.016959553076380276
0.01688666248855253
0.016923353243939128
0.01700926365800005
0.016923776236922955
0.016912578866615506
0.01697643443131475
0.016841642389943665
0.016774656947015583
0.016678213745024928
0.016592910857502675
0.01666571642521637
0.01633625477139595
0.01623954291170149
0.01607521083222221
0.01612275483542666
0.01596015543468169
0.015606596026958729
0.01561639120336623
0.01551155317684863
0.015359319876973221
0.01540096659756577
0.015226712326260158
0.013716482446302278
0.013291530906880176
0.01379563370281106
0.013682629116210017
0.013255338085283992
0.013177923317613081
0.011905199912217564
0.011883799220236182
0.012202990682999383
0.012232933481952753
0.012154794182415694
0.011926572460629788
0.011826936029914277
0.012618251968259848
0.01159712561077989
0.011556757356787477
0.011245390643515367
0.011217788588558745
0.011327429575270378
0.011213072836371853
0.01194430438755622
0.011645229667225976
0.011591090940490326
0.011166487508453435
0.01111969145065153
0.010834528045797211
0.010790396740089773
0.010727389822922153
0.01078641154712791
0.010630786447857836
0.010520114177699809
0.010436779789529909
0.010381092761552128
0.009965424520290788
0.009672771016466285
0.00967557798388768
0.00975416185943648
0.009891889056821588
0.009907532982087061
0.009124000258109884
0.009095204704256812
0.00912382379487891
0.009056500251616176
0.009154962381730103
0.009110801745139605
0.008610170189206153
0.008893609861843298
0.010013255853458651
0.011284880848834302
0.01101761512036682
0.008154997626310318
0.008919022983086899
0.0107971186277128
0.010743834081719209
0.010694474180780579
0.010571764822563409
0.010254298905447995
0.010126095964756034
0.010205721762031326
0.010138588368239427
0.0100732005601046
0.009819855386644889
0.009839584395968336
0.009731611486004543
0.009707205348941332
0.009674106999236052
0.009625375300214352
0.009279310732514319
0.009211547278523961
0.009273412274470672
0.00930814623260066
0.009441308764377493
0.009403734388407829
0.009308330113999555
0.0091627463816863
0.009079425086447821
0.009035540657606098
0.009546666567500557
0.009539979670713055
0.009526086798556623
0.009713186927346504
0.009651663328187204
0.009610035411693148
0.009517905717230152
0.009420115621790091
0.009738459895052542
0.00965881229749052
0.00963003325805061
0.009229343852833465
0.009046378273746833
0.009765987910574678
0.009727991739653993
0.009705223902424454
0.009606191268599391
0.009607530755276716
0.008930979880762599
0.00899314231801621
0.00890770380971505
0.009077410429483283
0.00938334779056027
0.00945434861216835
0.009603945545533772
0.009590501031484532
0.00955144217050653
0.009508986418723001
0.009523656809700708
0.009502833286551186
0.009448049465710352
0.009391464054575553
0.009390704388867611
0.00930539514840126
0.009261340625936474
0.009310468954385165
0.009333239454240104
0.009317203586583235
0.009252118617113099
0.00920060047347259
0.009191529410519058
0.00912872539828877
0.009103854013069084
0.00907779945491177
0.009034399533151372
0.009113281057513644
0.009246910461436286
0.009162183800177399
0.009183832373434772
0.009150227047494627
0.00896670622396447
0.009034422736606632
0.008994175472298437
0.00895995036793827
0.008897045904288381
0.010128510047470117
0.010113475558944375
0.010128867684438552
0.01011491796867403
0.010075515506994433
0.010084090440793472
0.010055087206299126
0.010026966648686778
0.00995365759395286
0.010246066327100305
0.011000355054445396
0.011075324080371436
0.01110265715613275
0.011130974180988575
0.011136699613025908
0.011045509583143867
0.011030592983394545
0.01093460499688803
0.010899366476127428
0.010840496106538916
0.01085188361723435
0.010774454938392837
0.010838804005461077
0.010740657279181444
0.010693920828219098
0.010727787791776938
0.010662781673055437
0.01059251520659181
0.010629620833452248
0.010627728652397979
0.010603850778410275
0.010714619630201165
0.010686132811338492
0.010658687117035062
0.010640601546806716
0.010648442567858933
0.010560746556257066
0.010617396165943201
0.010569583971497324
0.010587948013851036
0.010578685605224434
0.010545738421989454
0.010538650293258851
0.010531012902487723
0.010536912862224235
0.0105011655064795
0.01043606980467412
0.01036436111315257
0.010340443318071543
0.010308986992135429
0.010294630837297019
0.010355269957121814
0.01051718123363527
0.010487675791774186
0.010465590148863165
0.010585028291415485
0.010563124937385393
0.010573723194270612
0.010556286183776114
0.010489494598768617
0.010594512110486006
0.010564759815621275
0.010438495933941578
0.010468761390259597
0.0104327713541289
0.010378290088443652
0.009655104878807563
0.009584337407162542
0.009582129429376925
0.009689471977825529
0.009667060057692467
0.009608817975361441
0.00948456588344781
0.009446788842627426
0.009426947607572294
0.009409652186170453
0.009398535958462151
0.009266299697286066
0.009235148348260882
0.009234103876324463
0.00915429722906312
0.009099111848188658
0.008990895882795322
0.008962467408213092
0.008914699111340697
0.008883394311900876
0.008898072391103417
0.008748075955800298
0.00872177090293975
0.008692694032903698
0.008671348102631682
0.008611974216920004
0.008585189000943029
0.008542885754269166
0.007985596700184033
0.007886936905223125
0.007855341294213605
0.00783461898119491
0.007906758393839369
0.007891215876795893
0.007863774292142496
0.007821402348375377
0.007804888673744959
0.007737501706456934
0.007727726681062529
0.007743975809960236
0.0077554819786783795
0.007738500897599323
0.007801621636552185
0.007781595524661736
0.007752942093095482
0.007775769030595713
0.007745336118342957
0.0077702660112546704
0.007746862054023837
0.0077159881019494446
0.007786434861554877
0.007887762570083069
0.007913245843327832
0.00791000910330085
0.007901060535058969
0.007899197627413715
0.007888821099974838
0.007867733759508652
0.007903625610339856
0.007909996085871384
0.007827193809392084
0.007810517956138472
0.007812538167059945
0.007803757789786606
0.00785911341451146
0.007841242236963255
0.007848690572665448
0.00781755962073233
0.007860464946064386
0.007802263286583197
0.007991648511753213
0.008047260399125268
0.009019295258849737
0.008893016718967042
0.00834441703574277
0.008040887207025659
0.00793112055574786
0.007983849632329646
0.008638602787877373
0.008512175750296173
0.008410080238367253
0.008266273594049196
0.008218619698473718
0.008181443248456556
0.008136548118868062
0.008174281001917949
0.008155761011331464
0.008198446739364828
0.008162903308402742
0.008124974405908515
0.00812140617821238
0.008089653001158428
0.008054847814557791
0.008087048469201719
0.008050580702245921
0.008016117827788913
0.008011358208806071
0.007948083027215959
0.008101013084992047
0.008104119546564172
0.008062828933664905
0.008071429262654296
0.008055162800226638
0.008090190781397581
0.00808065970472392
0.008005325602377749
0.007937432303279224
0.007992698914673036
0.007969124296295767
0.007954372673636311
0.007957650887344596
0.008238491362088039
0.008231889657339569
0.008226390508884563
0.008209574786225603
0.008342566616803163
0.007018501741677726
0.006986297696192666
0.006666346792674929
0.006728201577596775
0.0067180597998617924
0.006679094161476437
0.006662616599203178
0.006665005271094621
0.0066168691193240845
0.00660299652648207
0.006658472443105133
0.00664054775274743
0.006678656081641751
0.0066783345607741235
0.006698765606658219
0.005804932477792989
0.005678312212452907
0.00563685172459199
0.005632098680477555
0.0055997076156289885
0.005696563315558638
0.005707361143526045
0.005647621421929689
0.005735081640512113
0.00573334727835442
0.005705568143745118
0.005702298550063937
0.0056946858868539355
0.005689036111943119
0.005705567665228786
0.0057241382962656025
0.005718904939036011
0.005705982629942842
0.00576237446902868
0.005754109918605531
0.005757823162163768
0.005706769625277836
0.005689721599880372
0.005688297375667067
0.0056710309653293925
0.00565744277822376
0.005626714370476125
0.005609097585767708
0.005612509375921133
0.00560508565109807
0.005641561774755667
0.00560292858835964
0.005620520727592741
0.005654419383218918
0.005636753702934065
0.005609717774620027
0.0055701368811722175
0.0055198744465291254
0.005492894492616335
0.005491382876285702
0.005487609354353675
0.005460154368645607
0.005508848065314504
0.005501520036602428
0.005494861032902477
0.005488049568689842
0.0054784726397447085
0.0054313903868508755
0.005430422946000869
0.0053998903397751786
0.005360254583785586
0.0053504951236090234
0.005341899758060655
0.005326959665856849
0.005286833207301403
0.005296668225752506
0.005299083579282197
0.005280354757318055
0.005254467276589336
0.0052277292912886195
0.005233601501186551
0.005204545634148315
0.00522969819682102
0.005203972544383267
0.005167440025439184
0.005154730094022758
0.005221152794228131
0.0052155679197816995
0.0052312250410881675
0.005231591638241122
0.005156999070957096
0.0051803548905308295
0.005196296839716295
0.005186274493788105
0.0051708069607942575
0.005159432902113899
0.005181573163630193
0.005180415172796639
0.005176938961827301
0.0051664609556610125
0.005161290966225827
0.005145900798990509
0.005138632997007762
0.005133356289803502
0.005132991430015845
0.00513235273840507
0.0051190391100977475
0.005174902746225138
0.0052384908434031305
0.005241357840356618
0.00528409420245533
0.00531043017975467
0.0052950350149375235
0.00529894084543498
0.005294933701845117
0.0052903840531952255
0.005466486940396843
0.005460406915920333
0.00539813738363345
0.0053917516072095936
0.0053672357856074685
0.005367685900781056
0.005416740100342756
0.005409032532690905
0.005466749518015212
0.00546229494079619
0.005412629661622273
0.005406696877903991
0.005388891370551956
0.005356919439016214
0.005426479792186912
0.005434858370741434
0.0054235109091739404
0.005423363467803062
0.005430568650094858
0.005320857330862164
0.005306516137809466
0.005290156957147518
0.0053098704583300635
0.005299173466531392
0.005205092245318486
0.0052075893729360365
0.005162089189207927
0.005158401002150653
0.005489532526655589
0.005484246780919884
0.00547805215112014
0.005393579303831507
0.005368917255546912
0.0053529702335954775
0.005253808352918661
0.005249326705785757
0.005305614454127067
0.005319136687374667
0.005298587215242792
0.0052904563683066905
0.005315206088714376
0.005366362144184985
0.00535311040646051
0.005359494691008631
0.005346469680108299
0.0053637474445907525
0.005477186181787301
0.005453619170181729
0.005480967564880837
0.005507633722306906
0.005550962626232949
0.005591083028810502
0.005584890626974996
0.0055874379285211955
0.005588316430947282
0.005556516380261477
0.005569308441526599
0.00556659386552023
0.005572564660124175
0.005560833481198996
0.005549794265465269
0.005551806259112052
0.005537111288467074
0.005599488602820188
0.005611753346566998
0.0056019637204570176
0.005621450762177514
0.005609748703724061
0.005611941670500768
0.005632761913609762
0.005617451644070733
0.005604174727736385
0.005592345530403986
0.005566926500222704
0.005562305330089959
0.0055425300381069095
0.005508476967929034
0.005499551554576449
0.005486142217849888
0.005473035847499852
0.005455949332223429
0.005473969279014206
0.005428653279473435
0.0054047004797735665
0.005378969399569862
0.005361008634924415
0.005364820311796947
0.00533461110671302
0.005237972870630136
0.005237924269793469
0.005135365047441808
0.00512481499466804
0.005108381598743755
0.005105051025921994
0.005107067584548683
0.005022033509400583
0.004807928135102384
0.004709985785121334
0.0047731557910985845
0.004757911493325286
0.004747456304372678
0.004733006287383999
0.004674699444314166
0.0046786872089689705
0.004652024808315147
0.004644471739078765
0.004639955163874692
0.004621972781960019
0.004568184716423051
0.0045630798658828405
0.004657805721062662
0.004686512777224432
0.004642182962457991
0.004570368044348287
0.004562513292908614
0.004541943085950524
0.004528584377369785
0.00455220514352859
0.004548414389220919
0.004501280168756489
0.004529940509578065
0.004560717325497482
0.004425307924996448
0.004420129235534518
0.004400658276903241
0.0043978557709347
0.004396829617164677
0.004395985154505139
0.004438176100036605
0.004440758831926975
0.004436216422664897
0.004448317180915149
0.004403010741229536
0.0043877792428247495
0.0043807222881045126
0.004363528725130632
0.004416051567848862
0.0044095898783652766
0.0044358936463681185
0.004491151735151119
0.0044757621388377645
0.004410886269250501
0.004409698102005029
0.00440510917538226
0.0044705341574519455
0.004397029299448603
0.004297422216604561
0.004260201233325615
0.004567785817800592
0.004568204441941307
0.004809515772794428
0.00480811075341169
0.004816149186848528
0.004799621469741485
0.00479306907882109
0.0048157593656106635
0.004821722099001955
0.0048353127527037245
0.004813964243583865
0.00480468873703774
0.004804171417361832
0.004797059774099393
0.004788804780690275
0.004748485603871605
0.004732728386183123
0.004722699225461915
0.004718833717617507
0.004723906854343757
0.0047080923202713135
0.00471189705433851
0.004796407393039875
0.004791488003583033
0.004777894353297265
0.004779508453910228
0.004755241724254166
0.004763296042236754
0.004758840525554666
0.004767997723759206
0.00476280702235614
0.004745442134633997
0.004722323682218536
0.004705650708768667
0.004705010547233019
0.004678394369310752
0.004670647907680573
0.004338792186412827
0.00433637430439922
0.00435040709694404
0.004360211584937683
0.0043574870335240205
0.0043654737656288155
0.004354400014297719
0.00435078181257508
0.004343629020678971
0.004310361417132721
0.004298403638409299
0.004312151006881058
0.004296708868334279
0.004310631220296557
0.004296466749026155
0.0042535248626412395
0.004252654734969306
0.0042384250672125754
0.004202044037064733
0.004205477001270982
0.00417037466437468
0.004272558195327636
0.004207719388877909
0.004191097053054082
0.004182058379728558
0.004199995540102859
0.004168280410123236
0.004164391693504783
0.004133588596006929
0.004136156520251983
0.004129976182072143
0.0041254177094777085
0.004276488119595844
0.00426506276536035
0.004267109520143958
0.004140642161547972
0.0041367117897096704
0.004127547181351567
0.004117898316799247
0.004114208082308328
0.004124507228787247
0.004071754687310594
0.004060053791648372
0.0040391014730167246
0.004030663890178566
0.004051993600194665
0.004045390466230712
0.0040211130119011075
0.004029044414544182
0.003994272452121381
0.00399348842287051
0.003983139981056622
0.0039841664181086795
0.003949862738187056
0.003941016602873458
0.00392426719799702
0.0039750785115507895
0.003981275417051931
0.003966106487070372
0.003968699222855119
0.003963468927988341
0.003951647739543685
0.003945455945726165
0.003939851991458306
0.003946886909188361
0.003947318797871098
0.003980944377946903
0.00398323065300069
0.003986613791827272
0.003961989470575698
0.003949227263162278
0.003934000160885824
0.003930940347737893
0.003908332621554619
0.003928880210826333
0.003936464664866481
0.003959171397538974
0.003969880775819081
0.003967940774877891
0.003961107929177102
0.003946715547456264
0.003983187361852083
0.003981760724786145
0.003994231812963143
0.003955396432472201
0.00395428081734546
0.003956843148564136
0.0039387972039475975
0.0039346123986315875
0.003919029570715143
0.003913731331697344
0.003886403716795721
0.003897173255996877
0.003875555315875979
0.0037819768223467
0.003754299149196207
0.0037425693106826097
0.0036376514737355976
0.003637288061348269
0.0036341059913695896
0.0036353395977033126
0.003633918069314629
0.0036293583829050124
0.0036292945411301137
0.003618326649470644
0.0035950023398077678
0.0035811044787223507
0.0035881693624653876
0.0035789236029939134
0.003605856312069677
0.0035909495546806577
0.0035900965181698274
0.003579568733466255
0.003533351401898204
0.0035309460793595715
0.003524407887471059
0.0035483263300586914
0.0035551855182929357
0.0035461032273319203
0.003539207532004764
0.003578131279269017
0.0035641990835835824
0.003552158694466457
0.0035527842055866686
0.0035566639587896413
0.0035413537088037623
0.0036086302579614905
0.0035581664182965894
0.003560815659434046
0.0035431222962651865
0.0035444922335620696
0.003535470513287718
0.0035329629202939445
0.0035151265102097767
0.0035066362047798125
0.0035139857872802938
0.0035009999505857575
0.0034994946227026092
0.003476977612816774
0.003477313011138126
0.003477428843438394
0.003478311104198462
0.0034798336805056088
0.0034683966482745017
0.003522712373266979
0.003532238620714059
0.003520927677439501
0.0034832747265267686
0.0035691888187692057
0.0035849949542745277
0.0035910622563390224
0.003580927060143546
0.0035787716621461132
0.0035717461320197478
0.0035690982836157764
0.0038180863175928557
0.0038117926788385913
0.0035823834799997693
0.0035705056242358747
0.004119640230230251
0.0042380452712069945
0.004252922054089323
0.004019422910030818
0.004053569764144259
0.004066329213913039
0.004095727529424711
0.004022113302292783
0.004020980552616557
0.004005995580409546
0.003991866891769281
0.0039839681247366586
0.003987632509033235
0.00399003231910289
0.003989762163510598
0.003983197394308465
0.004001183454050419
0.00403947274826505
0.004773310718742262
0.004778394232686115
0.004771437488369365
0.003939029869751753
0.003896013202834798
0.0038864754481175426
0.003913963311468859
0.0038892095606716417
0.003774790397525335
0.00423568237178348
0.0042315065194089545
0.0042311522381465886
0.004222790945141854
0.004265072392053969
0.004261194370609551
0.004258730879390995
0.0042659142938093805
0.004272902479961995
0.004296410077633698
0.00428633482325097
0.004292891657593427
0.004260589935771947
0.004241479093224164
0.004161506856005318
0.004151862811074494
0.0041987966878387385
0.004179887534475062
0.004183992287562235
0.004166025767672746
0.004172304382614835
0.004157648138384498
0.00413570416159327
0.004107592850015946
0.00409162514219649
0.004090762543624818
0.004087017746865732
0.004080762127742688
0.004078835077037726
0.004067528103362662
0.004045287944067684
0.004058198758706096
0.004044567995879324
0.004064870416157073
0.004047664569811972
0.004046586812643178
0.003991823181186036
0.003925333852462492
0.003934915628633454
0.003954463991827892
0.003954573578349928
0.003935478959712584
0.003923552488582437
0.0038883615860245083
0.0038846728596786976
0.0038698667161575053
0.0038929083058692475
0.003894463962326568
0.0039210400441425305
0.0038938047282326216
0.0038912238977242375
0.0038871895335136834
0.004080564958945609
0.004107980184101416
