-0.04293045029044151
-0.03632025669018427
-0.01626966055482626
-0.012875581812113523
-0.00792747635083894
-0.0056367587697293085
-0.0055581742199137816
0.010498192471762497
0.009072807827033102
0.014860278185964984
0.01395218107306088
0.014184398737807686
0.01359842117277107
0.012694300618022679
0.011217777529964222
0.021914481157984802
0.020658919898172215
0.01970435489018104
0.02108272468904033
0.01933693846998115
0.018766860911537973
0.01775598731499327
0.01688706054119393
0.0204790891893208
0.02139376177309224
0.02066817351065024
0.019966295562751056
0.019296487648810805
0.01953119497435788
0.02030779467895627
0.019351978538907133
0.01853421743902745
0.018010569575434444
0.0166630097299016
0.016003831538708057
0.015059602261218876
0.014682145360367084
0.014194742000351354
0.014044914359692488
0.01345551982749163
0.012965245959570723
0.012591320230777183
0.012358223924159329
0.011987095812542573
0.011944997883604275
0.013379899576861176
0.013302458091250934
0.014676654625836078
0.014563950998708608
0.014423256785627092
0.014130099094472827
0.014671559524634538
0.014215945067849978
0.015036982611160389
0.01486557024431282
0.0148480757499081
0.014645364440592197
0.01484226860042851
0.01667192201130092
0.016064065600149943
0.015546642829694092
0.014970804771615397
0.014717807469423859
0.014373567643073888
0.016458245784495815
0.016279137123431733
0.01588095625972047
0.015957367646953338
0.015751676733738614
0.015573413744175313
0.016681051906845018
0.016421433503114403
0.016619103875741163
0.016220501093193892
0.016133287985882677
0.01585890327628654
0.02004839053962571
0.02217831655075373
0.02177471389586572
0.021673171300969928
0.021346978868766714
0.021125963140077083
0.020933705767328364
0.021514275831663435
0.02121311380408791
0.020967803956357355
0.021001550598488062
0.020907873525205747
0.020546036676063927
0.020089931690753286
0.019954939349427943
0.01949841636971581
0.01936319030194663
0.01920138782466223
0.019150143786949538
0.019197931942246744
0.019174784276401628
0.018631300660240647
0.01876464300497901
0.018525140080485718
0.01818901106575961
0.018374714165704457
0.018272862560899324
0.018169611640873235
0.018006040874477654
0.017672831646850004
0.017729233969240105
0.01764936717985403
0.01748072769418782
0.017288286186993827
0.01760505450667032
0.017506857475253497
0.01730676709619155
0.017302263951759142
0.02392923125670019
0.023720691480542514
0.02334902335157603
0.023223649544598338
0.02376930638226138
0.02083815103791239
0.020776190465319998
0.020763357456232145
0.02057325285192835
0.021123152891639626
0.023520309694706365
0.023744784715845745
0.023550340493329717
0.022752111440600267
0.02257835122335774
0.02229564285255926
0.02216477262669342
0.022627643899925585
0.022600396406409373
0.02312816060881165
0.02308380145875751
0.022932458759445263
0.02252826495037036
0.022688821985356163
0.02239599078436316
0.02227841121027352
0.022169717999493285
0.021987814352427564
0.02192026731831397
0.02188115870812908
0.02164169245962475
0.02145787569588101
0.021225809796502484
0.021357206212459817
0.021623115114634855
0.021518619265792804
0.021525751251350523
0.021439111046264787
0.021342520786875666
0.02144868129060694
0.021329001113488816
0.02135031510946774
0.021197373202568676
0.02113442151820428
0.02102395628935483
0.020883875419255578
0.02073727631517456
0.020642025236603145
0.020504544034427055
0.02035876691983448
0.020246767148260496
0.020029876806039897
0.020010639914419565
0.019988972540413017
0.019907322513309355
0.019479159100664695
0.01933035582438013
0.019155631243921483
0.018976260290746085
0.01884599839836092
0.018913653730454484
0.018951677320995963
0.018826749388670034
0.018786404862955675
0.01877715047287184
0.018755427827654665
0.01868407714665497
0.01855870952182117
0.0182134059328034
0.018075160547222524
0.017745967179233876
0.0176609494069088
0.01759424243163207
0.017508183458447932
0.01703024092406082
0.016912202663166207
0.01675392797460516
0.016731167583994146
0.016729371416077634
0.016537210293030586
0.016455509619400056
0.01634324235199868
0.016438342640564443
0.016390725778680195
0.016370829595543885
0.01626809863912273
0.016178724596030192
0.016088372041652498
0.015948627126122366
0.015845882636210975
0.015706114631736164
0.016278280528174507
0.016163130447799053
0.01612841882481144
0.016093563563689302
0.01599460420495568
0.01600213584798729
0.016015024099579857
0.015928888702427813
0.015911256366268566
0.01587823622335066
0.01588892153049024
0.015725985297841357
0.015777406423325004
0.01588194348283153
0.015927918584294588
0.015978059874321028
0.015952355633729914
0.01592017815840205
0.015879331889510555
0.0157566682182652
0.015723420438584386
0.015510380358216667
0.015441712949020312
0.015363189447721779
0.015225283115410772
0.015116772019547193
0.01514280092519759
0.014993354709247819
0.014966314039539854
0.015007833783737753
0.014865383112121301
0.014624106673525731
0.014579802688462535
0.014565846303836822
0.014518832119570118
0.014401518193521907
0.014289634900384119
0.014370812538516945
0.014349077820863414
0.014331805364775834
0.014233669224864444
0.013833172014968897
0.013749884351962668
0.013708153465064234
0.013684852869923318
0.013569717130315156
0.013465538982848588
0.013380231270905738
0.01323270375644057
0.012973197911605887
0.01289061135236456
0.01292224042952356
0.01332544051510781
0.013051981028715642
0.013067574409091787
0.013057026664863284
0.01307793298825628
0.013026112039920965
0.012982682461349532
0.012918049419916724
0.012870991823380308
0.012965323255135
0.012824791733938913
0.01273273869214958
0.012544708203814736
0.012515887004530445
0.012476103164762208
0.012399846357573832
0.012317103170578103
0.012286058986648921
0.012227632445980876
0.012155479286912912
0.011536339008521385
0.011485129384631613
0.011639973078481513
0.011627085532717305
0.011575222143108615
0.011550842163941658
0.011504501218115085
0.01169705209489162
0.011684118136674327
0.011675546511065065
0.011154682935613513
0.011192909104083175
0.011200677740501225
0.011356386365026087
0.011329580174875039
0.011311718055441471
0.010974735061251312
0.010917677489192708
0.010630283588018286
0.010651422453764506
0.010603637201906203
0.010479256983574783
0.010437470572448307
0.010356368675299092
0.009952307699698478
0.009965560698650438
0.009919948551658777
0.009883206727453409
0.009864418808536154
0.009821046159834012
0.009775751892177375
0.00974904765739225
0.009781306700285373
0.00973721569533107
0.00964475103922503
0.009647982293824438
0.009599276523601019
0.009612782025168925
0.009561563857606302
0.009238984659292182
0.009158399027040904
0.009166482205364437
0.009188607008148534
0.0092253092633378
0.009117806818510682
0.009071532392013451
0.009073827068428858
0.00912745000078182
0.009069143002176368
0.009026560903471464
0.009003186821873859
0.008985053091556897
0.008973025381839417
0.008983888674396956
0.009047956460235243
0.009083609888434657
0.009063647628879972
0.008973790146791578
0.00903675698268279
0.008998876694312928
0.008996455559807829
0.008964382952784507
0.008872289557243439
0.008947212474893126
0.008948070290206538
0.008879948496584347
0.008812724509904068
0.0088506058432805
0.009402085404127814
0.00968249621463205
0.009367645872766166
0.009448256915534968
0.009409910956619194
0.00944900265296216
0.00915297534743523
0.00929200345381309
0.009356262285465648
0.00895572517814736
0.009006620269804835
0.009918596223354397
0.009904434412690566
0.009440208300010338
0.009134292428238546
0.01017121171166486
0.010376427487948685
0.010693924390080187
0.010652395823734404
0.010611412738662332
0.010585152234327622
0.010718682499788435
0.01076544128433449
0.010832579068782903
0.010849533705360863
0.010807616533354783
0.01083592389102889
0.010812804099006744
0.010496978775753316
0.010496197574111828
0.010482856967833512
0.01012129142308217
0.010069990472709572
0.010042270125689484
0.010013969907897028
0.010084505192402136
0.009835345397703943
0.008338541650497657
0.008330335161518656
0.008302641653174092
0.008275267226547497
0.00825698926365878
0.008215067052335651
0.008276754838656263
0.008289382972917089
0.008217883397357604
0.00817829130566085
0.008166207511850787
0.008163008000185887
0.008100500514432703
0.008078509544726725
0.008073451921262475
0.008015348860263964
0.00803152103857427
0.00803116311331074
0.007884770761019845
0.007853584063124414
0.007868098205207296
0.007851825183743232
0.007828492357632423
0.007807242972744819
0.007663796526079133
0.00771839266637519
0.007555531867475965
0.007546055971697493
0.0075442202288789565
0.007514455274875507
0.0074596056934127675
0.00744115576345798
0.007466187027393262
0.007468274799613853
0.00747404753796713
0.007448076620113944
0.007429173531723089
0.007400786158567365
0.007373558803777626
0.007358825412244763
0.0072839014103250575
0.0072667561789892315
0.007264285495992799
0.00724638168899335
0.007464373093324152
0.0074451471175395936
0.007455491077298354
0.007454214805400578
0.007559406262603084
0.007517734813295817
0.007504651058813407
0.007582960459577638
0.007564195346393198
0.007532493885911808
0.007527321433612841
0.00750299581123148
0.0074773616697877245
0.007536683226378556
0.007539572972844859
0.007526192936899644
0.007499342143280225
0.007352069753622418
0.0073408242584557925
0.007334548411007973
0.007318555979054498
0.0073145136166750694
0.007365816068745001
0.0075182110686686215
0.007524888062928443
0.0075328100180879305
0.007423263710694242
0.007403687444313389
0.007384778012987728
0.0074876849084233475
0.007472789014995142
0.007447113169670149
0.007440643957322556
0.007418601935107652
0.007394158372414104
0.007388655009106714
0.007362629482956646
0.007347061553712103
0.007468902834257912
0.007439594282641522
0.007402957557925932
0.007380113961844771
0.007352040312810235
0.007088999017826399
0.007092462743149558
0.007215906951606487
0.007174679006507339
0.007178089255038149
0.0071310468650635185
0.00698224546401702
0.006975351190878845
0.006950072764376722
0.00692639022702981
0.006906754384265058
0.00690259258471732
0.006885198508034979
0.006791071487219769
0.006827531929773549
0.006806151144776137
0.0068070500629769425
0.006837565369379689
0.006914805302433073
0.0068874090126530224
0.006847955485250578
0.00680491148937366
0.006699285866245412
0.00674806383815697
0.0067523338630292125
0.006740649917123987
0.006734993740772424
0.006731872786321281
0.006781957430528462
0.0067831058158189916
0.0067943136409104364
0.0067931380507511106
0.006797597959332593
0.006795764232799495
0.006767874583659575
0.006703581524842131
0.006710493007706492
0.006720071616383192
0.006721837334538398
0.006689720221066968
0.006688896648701065
0.006493731898501657
0.00656910319264558
0.006536964729397934
0.006519908965757398
0.006498672398018856
0.006489535172911699
0.006441833263339061
0.006479047844287355
0.006432854304316249
0.006428880050196081
0.006416157705535823
0.006368972087244676
0.006361878134400438
0.006295427192567974
0.006284925209288833
0.006105614597173542
0.0060762986725449285
0.006050351959561204
0.005987064436655748
0.0059914495848034125
0.0060025672480280975
0.005969653292163749
0.0059580520463715795
0.005957279963120725
0.0060275858715015795
0.0060447946557097825
0.0060131830144582645
0.006014274961497812
0.005988902436015276
0.0059710758253084095
0.0059668141183837654
0.005972393560658493
0.005962435038782126
0.005951740090263181
0.0058763952952559685
0.005843608400014426
0.00578319252782839
0.00576475584104051
0.005743587258303617
0.005723685454591992
0.005717175277454041
0.005667398847455565
0.005651424070246536
0.005652669405612905
0.005695280817824348
0.00569088667286501
0.0041718410188144395
0.004158381776239017
0.004146627000331393
0.004154957236119073
0.004102687433797422
0.004105557917051104
0.004084662705565328
0.004081892063872128
0.004061994222583092
0.004039015600363749
0.004042789519509924
0.004027696166738705
0.00400503230145356
0.003969675821287639
0.00395870794882221
0.003964232122328497
0.003968120539568618
0.00394491527548424
0.0039444428244779445
0.003915289877274311
0.00390653292221302
0.0038852972976862548
0.0038288467209926648
0.0038231862583193617
0.0037579251971048564
0.003796825669699874
0.0038125466777921514
0.0038118245627862396
0.0038835734513658943
0.003868878237418018
0.003857829592827796
0.003890472725802612
0.0038765553288828644
0.0038561307762212888
0.003832599336788373
0.0037937474170166496
0.0030009047932682146
0.002998325761511309
0.0029909721728130652
0.0029614041819236363
0.0029851689619455227
0.0029765878004182835
0.0029841137090018768
0.0029880407194358216
0.002976882644548802
0.002845398141358857
0.0030174140638879175
0.00300582544363396
0.002997093236778104
0.002997103064979579
0.0029934355058063157
0.0028629072169847423
0.002817673760143747
0.0027975925154745426
0.0028033439146360095
0.0027897030408634686
0.0027860006086087644
0.0028079661114304116
0.0030979518420966292
0.0030925856808902722
0.0030825995314991738
0.003070548912424702
0.003056906071240869
0.0030479223801142884
0.003047886824051337
0.0030478192032937067
0.0030439476097923854
0.0030381888968171534
0.0030658390926847664
0.00306048694704388
0.0030507856977787986
0.003045908393363676
0.0030700334188175395
0.0030699612722643915
0.0030544091035993935
0.003048841026358747
0.003048674586051463
0.003019544783558907
0.0030071337072593474
0.0030166205373350317
0.003016681794948811
0.0029727076383641677
0.0029738578202568506
0.0029505953779010016
0.0029293966124958855
0.002914539345618499
0.0029815302767708766
0.002995755791942977
0.003020967607644649
0.0030061077762014035
0.002999090284104982
0.0029815045078523594
0.002992725735463093
0.002996291920115144
0.0029964049894584434
0.002992349899523522
0.002953429978631189
0.002937092475894347
0.0029364569976146073
0.0030263482175136255
0.003003393631674579
0.0030127938938875106
0.002993673188360513
0.002991590586080745
0.003030166051626096
0.003009356730290109
0.003005597811659162
0.0030051391190784463
0.002987854530633316
0.0030201541123005193
0.003082042692146719
0.003085304649266753
0.0030536017773990895
0.0030240830240780532
0.0030024926406786966
0.003008161864915819
0.003025777315722124
0.003024351615178467
0.0029938722642360058
0.002961527296589402
0.0029607037210706167
0.002960772141165289
0.002964574460223529
0.002959373949119368
0.002943064497668218
0.00288500885990408
0.0028788757766248056
0.0028890213351076403
0.0028826590849868276
0.002879636324893816
0.0028845408090536107
0.0028681118785853434
0.0028581234504784225
0.0028640779244533876
0.0028787371540780907
0.0028617573823854726
0.0028912064884861403
0.002887740357349317
0.0028083114523295735
0.002826422160280729
0.002824016314987752
0.0028128846153909677
0.0026885421527341725
0.002766449547108871
0.0027497665395227544
0.002843188411359287
0.002859691009089972
0.0028738649409876934
0.002885422689777371
0.0028639389946060554
0.002848424395594164
0.0028799154115070696
0.002916725572099429
0.0028968104187314975
0.0028904807257256393
0.0029152117837225318
0.0029165166477581115
0.002904496174871472
0.0029129447365189736
0.0028950635891080074
0.002892281422319382
0.0028755779958209307
0.002923887213283807
0.0029249779870803047
0.0028462892125863414
0.0029630763063142537
0.0029570489162661184
0.0029539160067335994
0.002949578909936378
0.002948946773151911
0.002964076137177072
0.0029549180622113905
0.0029517623632372846
0.0029748521447836244
0.002942547044166348
0.0029339267747242603
0.0029186142964549664
0.0029152926308028473
0.00291247293355058
0.002905140236656503
0.00291833204413568
0.0029201421644911994
0.002926386313255707
0.0029271913076068788
0.002924678345466431
0.00292284327324854
0.0029280113098119273
0.002927098557803837
0.002919939365513385
0.0029166388807768742
0.0028820078137567597
0.002889492277178612
0.0028922026832782053
0.002876192036652337
0.002859454034033333
0.002862590088548139
0.0028663689673167118
0.002861034174913092
0.002866479256375918
0.0028576053271036
0.0029292169383840377
0.0029219734835125863
0.0029168663321462738
0.002912871378833282
0.0029052939705235667
0.0028820742267590747
0.002877987153586325
0.0028657581343877092
0.002864447623563783
0.0028376093461104502
0.0029214421683908184
0.0027300771223073873
0.002723952047485262
0.002716916392850402
0.0027090305636989502
0.0027209155091223423
0.002717511310743427
0.002708080073146362
0.002706437077801275
0.002699945383469823
0.0026718166258653283
0.002649788825016678
0.002650760101525336
0.0026385396826189814
0.0026360121863970706
0.002635405261098828
0.0026479891861786865
0.002633285898716001
0.0025799517265502345
0.002586304851094815
0.0025856494411790987
0.002584993252484218
0.002664438548922994
0.0026672808104820206
0.0030912871023228775
0.0030751225365800586
0.0030861590613479976
0.0030810919963885053
0.003076747425905127
0.003083126710476139
0.0030788321176289718
0.003077203357052112
0.003085422993626709
0.0030957386437020155
0.0031134886996818556
0.0030987425543639565
0.0030937718880857737
0.0030216725961983463
0.0029993383123785816
0.0030006524956736978
0.003017328849808219
0.0029968603871043556
0.002972394041375713
0.0030392858089568256
0.003104638842424395
0.0030696239905538708
0.003191944026032548
0.0030718906407788743
0.0030673515247519193
0.0030513194875999437
0.0030433269426140388
0.0030393282570616072
0.0030150835636737713
0.0030092689506353676
0.0029919518617163372
0.00299840995702479
0.0029838915002647877
0.0029699438518428277
0.0029447450852096275
0.002936353542276224
0.0029566524695873024
0.0030444942200642065
0.00305250891197139
0.0030542694366623613
0.0029607501689602384
0.0029615370305608635
0.0029437749355600653
0.0029412973319594385
0.0029283485036577556
0.0029291496307706217
0.0029207550091920405
0.00291316759598392
0.002896380950187449
0.002862007041727126
0.002843920324117884
0.002834358829431139
0.002832594029435041
0.002837293358955714
0.0028399857706353166
0.0028510489619432955
0.002859649966973487
0.0028391818138223646
0.0028351609267958655
0.0028322527200848433
0.0028280833508184523
0.0028461961103539097
0.002841699148632015
0.0028379680320099045
0.002836765076617071
0.002834248462969153
0.0028381666318940306
0.0028289551878700626
0.0028357490014080445
0.00280048514567394
0.0027795062738065843
0.0027783428842229076
0.002761718397963435
0.0027702441764221593
0.0027615016244609152
0.0027586109503372398
0.0027543580382216066
0.002752138762384512
0.002751716132755471
0.0027611263799669546
0.0027471975709394167
0.0027615711801075443
0.0027589215447645877
0.0027611383809874363
0.0027576639816425707
0.002763508958771889
0.002702430822568439
0.00269092029218911
0.002691803622904196
0.002666872335208984
0.0026606763692768316
0.002659070503237838
0.0026568821547912455
0.0026540829528598005
0.002654654395866547
0.0026450015602953853
0.0026418415882535793
0.0025987492740727563
0.0025957871362693816
0.00258449873713294
0.002584590996914326
0.0025865620322097116
0.0025821830507794176
0.0026022191917264887
0.0026010987675785394
0.002588103410563744
0.0025871400924417374
0.002583761821432712
0.0025800679185097866
0.0025761530720676586
0.0025718128155874835
0.002568197985526388
0.0025651522735047464
0.0025614821696969096
0.002540227527402891
0.0025381937036872172
0.002543796874426476
0.0025318314642185625
0.002531369000044521
0.0025186071105555144
0.0025076925749090125
0.0025065363470883405
0.002504404660491235
0.0024965269391996193
0.0024973616348819704
0.00251363196250342
0.0025078509155766608
0.002502802319858769
0.002498539042189011
0.0025024894361181183
0.0024959917146054173
0.0024947019886607095
0.00249372248741502
0.00248350031386016
0.0024917054224813874
0.002485035156757425
0.0024797104163490984
0.002477040419942622
0.0024719132824772084
0.002469410961341919
0.002449025313623867
0.0024366940079000574
0.002443946460818463
0.002440229586383479
0.0024392574226104824
0.002437550460750392
0.0024398496381593153
0.002438460168502731
0.002440212756420725
0.0024521058847575676
0.002448910117872187
0.0024463173353627007
0.002439913656062495
0.002433458763675479
0.0024251087096178355
0.0024049421705517222
0.002390774572271194
0.00239168677363533
0.002388694939237255
0.0023550792282723094
0.002353695103347257
0.002370477246021254
0.0023482732813402845
0.0023432427129667956
0.002337907781423465
0.0023294132589059616
0.0023208163685299213
0.002335280047401726
0.002322674825442538
0.002326329320588127
0.0023280633158303836
0.0023292899083268478
0.00244406856019163
0.0024450946463980077
0.00240158246092025
0.0025709795937824027
0.0026084094131138083
0.002610243341733046
0.0028596060177564497
0.0028301358211301874
0.002779671908897002
0.002275566289996182
0.0024641346457806093
0.0024682581883061117
0.0023464537683542024
0.0023500772823021685
0.002359250453257323
0.002421629908589183
0.0024221563032128554
0.0024575779331124335
0.0024260560134865537
0.0024150764253998273
0.0024189491414438233
0.0024455528285414613
0.002424034149735821
0.0024390492560770064
0.0024376047560788396
0.002514036648084087
0.0025020171670481813
0.0025010019836435807
0.002529017138913915
0.0028572448894698256
0.0028529385601443677
0.002797739710012358
0.002802770724715862
0.002144028280039992
0.0022737768816593427
0.0022789459943194958
0.0023016231740912154
0.002309644902850122
