-0.019599324092268944
-0.02863181879123052
-0.020943230716511607
-0.017499062046408654
-0.013434838115548095
-0.011163177201524377
0.006884850590722635
0.006118680928112654
0.0078569785302534
0.007131359626245368
0.0062980753151957
0.005755675456524703
0.004380855111906256
0.004075670422025725
0.0037079838232330093
0.0036441779788326735
0.002738826715156192
0.002012739265314611
0.002620623552684266
0.002727325707209752
0.003953973393105448
0.004558962861704895
0.003961552449406253
0.0036412590283725894
0.0029172468131526763
0.0030262553295027908
0.0034782897404771326
0.003939532924364201
0.0037770099769356127
0.004294261860782319
0.004359127093835014
0.004324485419629404
0.0042102992041798334
0.0038822503175262174
0.0036967003265494405
0.017678969994055996
0.02153773015293394
0.02093020949084745
0.02048239796540657
0.019981686246709863
0.01949627441016284
0.01897667930672977
0.018509894992513928
0.017858526754247983
0.017666453517844988
0.020699526343765255
0.020334199839226127
0.020068407345670676
0.019610708394975515
0.019183049345455772
0.01881934132919783
0.01913035425577446
0.01879503931350309
0.018481766092339633
0.01811093451871264
0.01787635418357942
0.017607592486393542
0.017369499404964496
0.016992479452710537
0.016687605801559924
0.016799174666542262
0.016540967237117926
0.016328630665668697
0.016074214299498218
0.01545056649603904
0.015219711377363611
0.014748758662308856
0.014628018143095849
0.014186042479247723
0.01403001813782858
0.013747259378053264
0.013573805165472314
0.010160463297546126
0.009945718424278315
0.010118585596309891
0.009966900132410533
0.009767936096558029
0.009633898985744576
0.009504392458075021
0.00938266781780346
0.009240789181537213
0.00912363635581576
0.009010879805351753
0.008929829598192182
0.008819809819870836
0.008719812989155978
0.008624847500290014
0.00822411576796747
0.008140781241915345
0.008068563247254313
0.007946565468402063
0.007895455517466881
0.0077951670312533215
0.007739764630433025
0.0077386626721818175
0.007918116840151063
0.007868664984963122
0.007785776832741875
0.007687275992211654
0.007567717574305124
0.008280155176323082
0.008198499597481326
0.008141289392789568
0.007955529637651386
0.006946905735053148
0.01565450052967378
0.016064986508286826
0.015867782081023435
0.01564375980775698
0.014888248858770972
0.01480308004556719
0.014667252523580414
0.014660043641797214
0.014724877411778008
0.015045747449817262
0.01300886645900687
0.012517290284449705
0.012779866165100962
0.012649668221395896
0.012674313034618872
0.012551703810816843
0.012463005217870256
0.012741577124195892
0.012115966144832789
0.012032887916748662
0.011814715153621114
0.011541315503450285
0.011442913800047522
0.011379973794436626
0.01130608477145843
0.01120445264270089
0.011105819831009701
0.011026739203540525
0.010938826728400918
0.010864556581616537
0.010798783829570821
0.010732745446675577
0.01068084577813313
0.010603398397402746
0.010524284943433798
0.010443922384452693
0.010375058506489284
0.010801617709451733
0.010505767481437701
0.010243651897376188
0.010144365216596661
0.010032558080687579
0.009935174124950595
0.009640574691293303
0.009432333774516976
0.009397420058073635
0.009179694669452818
0.00963730929283707
0.009814860461553896
0.009789335544505432
0.009644338413335205
0.009489022092278492
0.009558767247333712
0.009481163181862944
0.00934448369544778
0.009262529666119484
0.0093628663407743
0.009020732492921886
0.008974104352157822
0.008919222569580516
0.008864895710676307
0.008678501357800484
0.00938016879081261
0.00936698049318854
0.009252341482798543
0.009436036835997887
0.009368224308615412
0.009241632284478147
0.0091880188029193
0.009133018204837844
0.009091463653103714
0.00841892679928923
0.008361177971130035
0.008310647963824325
0.008334624975146629
0.008504846161915824
0.008613079814768347
0.008541186573458386
0.00849982188004573
0.008448622077271619
0.008399718745647721
0.008350980400753044
0.008208701467891747
0.008183364391994767
0.008116257762937467
0.00805798341586221
0.008003867964333873
0.008616644768650436
0.008539065959391738
0.008502689256286491
0.008349814929267832
0.00831023728221566
0.008248581461071384
0.008087310948321835
0.008041929452597813
0.00799936894111285
0.008026775438481891
0.007983961852932781
0.007883957630767286
0.007862211382937693
0.00782699436655129
0.00807307717877848
0.00802465712717895
0.007986137282257139
0.007945602848513167
0.00783034186545438
0.007747468394805306
0.007724725624412316
0.007651793822980499
0.0076591063132043415
0.007626080741720387
0.007515282320987315
0.007472218391154609
0.007468738371409765
0.007399478660151313
0.007322139172207281
0.007277016998277803
0.007184447062140216
0.007113262036679471
0.007060701569893341
0.007028196289557669
0.007004312438686869
0.006982786010504209
0.006952587738962159
0.006858187103850642
0.006807936394736696
0.006625583698266577
0.006476875974793731
0.006450385623859206
0.006424502807746298
0.006385767778120389
0.006528427199012518
0.006461115597569968
0.006427687046380019
0.006400945871253019
0.006388271378049216
0.006331525559521787
0.006179156980847518
0.005962713679051677
0.0059372217458771295
0.005898328054967804
0.0059444316110814095
0.005903866903175675
0.00591510871984065
0.005883358112829501
0.005868468747755133
0.005870050259243716
0.00585916078480797
0.005834194871040029
0.005745391557184125
0.005717497028850734
0.00572485334484463
0.005817656458982965
0.005685627854276955
0.005659050576012387
0.005638286859492016
0.005609654061657385
0.005586305724026528
0.005542592531210695
0.005468203268658123
0.005456994689673134
0.005526040660724771
0.005523892447567068
0.005459079659474949
0.005434753734539387
0.005411650667049214
0.005397185193282648
0.0053831370645984495
0.0053457139313898335
0.005349930915711586
0.005322194232904634
0.005303398923041375
0.005351139508846208
0.005307217117868798
0.005322805817219931
0.005304320770737318
0.005243398162814817
0.0051951656031646145
0.00499372466537783
0.005002590835021592
0.0050263939148406525
0.005012822667342537
0.005006324702917735
0.004973738332297092
0.0050034364045832055
0.004969131471064941
0.004952091781937823
0.004934877681129749
0.004919786979316072
0.004833611194781781
0.005010605686975673
0.004993718830470525
0.00479438608200998
0.004750049477879657
0.004752447943567094
0.004739408714772705
0.004848823203790161
0.004836935722730567
0.004818594492790595
0.004804934808739774
0.004784653410029214
0.004768394134192599
0.0047540780243314614
0.0047453454183977875
0.004614140407067733
0.004635800610394187
0.004617039339907747
0.004606722753141283
0.004615483424046062
0.004896534703980653
0.0048824585745609085
0.00485981196527876
0.004859410054732821
0.005695739892598795
0.005691647402578792
0.005675384052902583
0.0055773127893448725
0.005554481191480861
0.005533634350867942
0.005516322501004814
0.0054956120196341844
0.005491064005293925
0.0055763903045216515
0.005579789023745846
0.005558967970836037
0.005562166076709995
0.005596259854237167
0.005574718183894643
0.005558227085175665
0.005516256842405535
0.005757698423605865
0.005737561044909544
0.005926823937032777
0.005897132764584965
0.005879082902741058
0.005827235471892437
0.005808605377905309
0.005789334686300587
0.005773817566312018
0.005747600009745137
0.00572732730867339
0.005690675384744541
0.005672186472504712
0.0056571109318714905
0.005589802342685412
0.0054652225906011145
0.005446589002294218
0.005401175828785587
0.005390823286368581
0.005397436430265247
0.005352931484732161
0.005341157663988979
0.005326679541732145
0.005308167485479011
0.005284738318432396
0.005272606146642943
0.0052572852125067114
0.00524370951815409
0.005226684210216785
0.005200965751473482
0.005181495066655562
0.005314239176166902
0.005301310844564977
0.005287129273406084
0.005272994350403956
0.005254630894087703
0.005215028718771036
0.0052008391060500035
0.0049214805241790584
0.0048906872634882125
0.004848441749017417
0.004833880025953042
0.0048416916226731955
0.004698688230507143
0.004679668870713443
0.004688148674443431
0.004684805239023557
0.0046685237975718046
0.004555159437076293
0.004481093830125465
0.004484953050716278
0.004449666900176662
0.004446740071258569
0.00442657267899799
0.0044091629058346255
0.00439911182976565
0.00438268879480271
0.004394037233955001
0.004612037229194762
0.00461884674761604
0.004609358092204475
0.004596290183916836
0.00459767895041925
0.004587063962735559
0.004574792484120392
0.004564157541011161
0.004555723935933458
0.00453622838164064
0.004526371371851128
0.0045217723438389845
0.004495967464836596
0.004485781911634884
0.004477585259050649
0.004467863688673459
0.004457729360991
0.004442251528690554
0.00443041742130363
0.004318290708371041
0.004324199609351153
0.004314576793901259
0.004322266421649734
0.004313466094977213
0.004294750949007109
0.004287618561214745
0.004277450268525573
0.004354804965415153
0.004398089676531092
0.004380347101601423
0.004246004416508029
0.004232038528299233
0.004224937599581322
0.00421235708299974
0.00420163956220522
0.004209706521045479
0.004197582545761955
0.004272478455294297
0.004261667166005659
0.004259208415340274
0.004254685531369676
0.004256897625830983
0.0042532767693546
0.004285180901472122
0.0043731781433527135
0.004285231472468615
0.004269811653810194
0.004214097840122947
0.004149682523007217
0.004140965939563809
0.00415661777328802
0.004142102775081859
0.004132606528000257
0.004133380187909099
0.004143866873498597
0.004135254228911235
0.004135137515362874
0.004128847608715066
0.004112729860919301
0.00407246706684134
0.004097227597270792
0.004090556572456289
0.004087586182941348
0.004085494526498624
0.004119433454361017
0.004116794857074403
0.004128950596857114
0.0041233819040657075
0.004253319563800105
0.004243649019199755
0.004229978837247476
0.004229290863281583
0.0042248726141736566
0.004221844961244242
0.0042014164839535425
0.00411199742029954
0.004099682728534904
0.004097727890223465
0.004089604890284484
0.0040891337003709964
0.004085240368348379
0.004076913500949647
0.004066200822138328
0.003906888311237362
0.003883026705241605
0.003883091305700271
0.0038694534263803075
0.0038953568190176866
0.0038543726453402435
0.0038417656700899445
0.0038317941920711827
0.0038217508176953954
0.0038061944544444466
0.003828459779469999
0.0038213119842112108
0.0037917008233845887
0.0036401884799136574
0.003916501411145966
0.003898304202319949
0.0038853972760945423
0.0038879764722566158
0.003880726988896762
0.003873128715201737
0.003836388759086863
0.0038122544452391296
0.003807208837708463
0.0038071704018552517
0.0038007681716727025
0.003791121902290521
0.003768658314670795
0.003758111511043618
0.003753677123040333
0.0037432131336825616
0.0037172130356253144
0.0037129884867056193
0.0037148415063069625
0.0037003492782942244
0.0039304177869325975
0.003956140110452552
0.00394897330221666
0.003939071628355506
0.003935167219403182
0.003925742940077421
0.00392054189834834
0.003913138704457429
0.0039028904878180685
0.003914765010182543
0.0038996193947924427
0.0038922701728682507
0.0038867723064000374
0.003871145453359491
0.0038653338574667177
0.0038562713135577294
0.003839494974410189
0.003832676634269493
0.0038256565663515496
0.0038218740907694166
0.003813267793025845
0.003773195391995258
0.0037642430117543917
0.0037609846989415325
0.0037652839713863723
0.0037527829218955873
0.0037588275715641235
0.0037553036136851628
0.00374761589531166
0.0037429882189802936
0.0037381703025881367
0.0037311620921169682
0.003312188387607262
0.0032246986270824535
0.0032115483279615037
0.0032038347042683732
0.003197721111409523
0.0031916691812127677
0.0031884894449665992
0.003186479568920487
0.003181253327531286
0.0031745591430666336
0.0031729851092782645
0.003056831593438565
0.0030523416369616593
0.0030295634616640393
0.0030264122318038335
0.003039257923440596
0.0030167100428765757
0.00301592947006078
0.0030128914202390304
0.0029989519802382856
0.0029865075230449023
0.002981592270038793
0.002976426064761196
0.0029077031097856955
0.002900273265560162
0.0028918425224476745
0.0029275812448120867
0.0029190742513576728
0.00290756167175771
0.0029411552497571798
0.0029375422918842147
0.002921080294763671
0.002915338281885247
0.0029119452404804975
0.0029065781984430714
0.0029091189693541335
0.0029066859026427466
0.0028909839623709505
0.0028853376769149516
0.0028800902563993125
0.002866619671481641
0.0028643258063731592
0.0028583654588419777
0.0028495562717090876
0.0028464036339242186
0.002841393036638579
0.0028268231176159565
0.0028269189662932766
0.0028221303614987567
0.0028214345733842453
0.002815219328302879
0.0028016042238210945
0.002761767535695445
0.002767393074561555
0.0027718480526902622
0.002759567238017297
0.0027586979822566133
0.0027479650321015226
0.0028231327315216964
0.0028034637722296426
0.0027999875751718757
0.0028352834819238815
0.0028208729180141624
0.0028188234383832614
0.002813921897062471
0.002809216706716156
0.002803008695216289
0.002800246699340539
0.0027940793420117107
0.002789059816281624
0.0027846867173500337
0.0027881056425075076
0.002817177760163477
0.0028260929057555466
0.0028231176650193542
0.0028186026308043774
0.002810095572479648
0.0028034931363351123
0.0030258316797886265
0.0030147619598190024
0.00302375681502408
0.0030165436629613416
0.0030276902863186693
0.003023263884739991
0.0030242367006597264
0.003108961094249794
0.0030943976002336514
0.003088609583010719
0.0030813104085897504
0.0031188784636912346
0.0031147477883411417
0.0031097812661325932
0.003100813170508075
0.0030986011291103794
0.0030912738774044523
0.0030865037504992886
0.0030680965873955313
0.003050036556375523
0.0030386776271877944
0.0030466758424657816
0.0030391862659519637
0.003030430051380123
0.0030298139274473296
0.003056406751121449
0.0030589312105343065
0.0030726261520360528
0.003266492380851282
0.0032556970482352826
0.0032468484466273858
0.003243621318387542
0.003241260373835721
0.0032356104030434284
0.0032316587082399724
0.0032504297385380406
0.0032461342794582637
0.003254404716259791
0.003262357259325546
0.0032472952837544096
0.003245125923607913
0.0032417946334287484
0.0032377374153707427
0.003235737968279319
0.0032314492888705754
0.0032381009772578166
0.0032240763196400074
0.00308103397924956
0.003044219399697485
0.003038579694733164
0.003003060323846644
0.0029985271815296142
0.0029893385691686855
0.002987048031004467
0.0029849391317656087
0.0029582500983276992
0.0029493619762042136
0.0029504631292798897
0.002950083764394284
0.0029019525784068946
0.0029004720802350377
0.002895205567328108
0.002890028967131696
0.002885037703240118
0.0028508392726889595
0.002845949391998854
0.0028676664118826717
0.0028601887562060544
0.002841422148370499
0.0027967304689988713
0.00278456839347684
0.0027730346614845457
0.0027700637108744076
0.0027723295486663255
0.0027674742049719364
0.0027645485228475182
0.0026888714234667337
0.002685104901139186
0.00268587686586086
0.002681584827355381
0.0026715384148825964
0.002618280098179294
0.002565466815243866
0.002545621428927261
0.0025419397728080957
0.0025366587334431003
0.0025338786047382103
0.002528345214141388
0.002523046712103937
0.0025237478961221004
0.0025086361910570936
0.00250182262092951
0.00250201652113606
0.002509161238097613
0.0025055419667870697
0.002503583333939484
0.002498316192895676
0.0024963905554502746
0.0025159909388852036
0.002504036596375538
0.002503605505508279
0.00249535054760372
0.0024906071600541146
0.0024808572884398167
0.0024672076173168655
0.002467637844461183
0.0024224490830220247
0.0024893912352341404
0.002485549803447477
0.002482119181193056
0.00247530392013185
0.002472997517123881
0.002468455614910008
0.0024755576299335187
0.002466584268261062
0.0024671858575424062
0.0024502756043300955
0.0024478650418559107
0.0024367812509808605
0.0024316785423617003
0.0024447493070778215
0.0024391083018111227
0.0024357961687426133
0.0024343813491519185
0.0024272393923519004
0.0024228296869292557
0.0024187349245866365
0.0024078138333950734
0.002409091693130907
0.002402770900434423
0.0023993826611128162
0.002396321451408904
0.002652732838573892
0.002636338040495367
0.002634279710070623
0.0026308296502321723
0.002629921316670613
0.002626383691844655
0.0025950211614910717
0.0027239045370493716
0.0027191376761458723
0.0027134854512468553
0.0027921051981552895
0.0027926090270768977
0.0027846192713662714
0.0027814406458049183
0.003084053925547895
0.003211624319515077
0.003207400894797352
0.0032090722190058966
0.0032035432490553776
0.0031804849932227887
0.003180599485125461
0.0031725723029634462
0.0031721843518182145
0.003166182842160505
0.0031661060637837345
0.003156791228248417
0.0031540618501075673
0.00315073340958097
0.002956129843950649
0.0029525031349321054
0.0029490233546636945
0.0029446672358775217
0.0029450770188543295
0.0029461095995409023
0.002855059749696744
0.002876597266421704
0.0028717508305022986
0.002866571893458081
0.0028600749282249515
0.002855221732510725
0.0028489008652678206
0.002839018401092927
0.0028380362058459357
0.002832167640912057
0.002828046512072242
0.0028343036164038566
0.0028975462512380577
0.0028967406164038217
0.002895468811756501
0.0028760928752754075
0.0028852400832626154
0.0028896610657979187
0.0028829211360987214
0.0028779403090077355
0.002878313139879739
0.0028726549564039626
0.0028780354635801163
0.002875249887321631
0.0028728456779565166
0.0028704790578533887
0.002862917800987661
0.0028304431535097585
0.0028267831925288733
0.002827389469741832
0.0028263079701765404
0.0028229792517847248
0.0028034658167465486
0.0027986899588515403
0.0027954558713103273
0.002792488065545806
0.002834828897651556
0.002831487725669643
0.0028556947445681387
0.0028523666441053596
0.0028733365176209984
0.0028703543869632872
0.002875175034854018
0.002869435899369862
0.0028720479067706438
0.0028822735558864743
0.0028839597202484995
0.002883430627059834
0.0028777160634238085
0.002874689374411721
0.0028718569594583603
0.002868028424699976
0.002869076050813294
0.002806242612605582
0.0027983425189240852
0.0027944293948924314
0.002788493817676311
0.0027194371167854553
0.0026937920979703965
0.002690865840822682
0.0026892443360690644
0.0028509763421207895
0.0028495062832242985
0.002815570175522331
0.0028044722105737266
0.0028027523334829335
0.0027945309347026078
0.002790739867133835
0.0027849505809257164
0.0028009731176201276
0.002770651920491435
0.002756474338557715
0.0027676303411110115
0.0027299012970797613
0.002732773234764301
0.002733418826474782
0.0027302465047703848
0.0027294805217098635
0.002827657650968563
0.0028203291538882965
0.0028197499266434368
0.0027087992719199215
0.002683628869435156
0.002677413029510172
0.0026771006625303053
0.0026812187507146237
0.0026716722172490342
0.0026685996555565303
0.002616267964920757
0.0026131549918277947
0.002610525372213561
0.002607271364089341
0.002603700163560714
0.0026052577569470646
0.0026020392773564026
0.002610469918969438
0.0025944844815531188
0.002598475419251433
0.002595203061303546
0.0025965958268425603
0.002594497518628917
0.0025999991118856444
0.002598043284602134
0.002594728035605931
0.00259484944633142
0.002585682113489386
0.002583624471408994
0.0025723886242217373
0.002571014197773792
0.002566792940723808
0.002563942420744568
0.0025544480313015104
0.002553293494311224
0.00255172548883329
0.00255904514490728
0.0025621388166688665
0.0025599298733020356
0.00253084887025987
0.0025198618982247936
0.002517492338358523
0.002479560295243642
0.0024714001835268147
0.002467792157623775
0.0024047151378114263
0.0024387898420372366
0.0024334512361753363
0.0024254800260136906
0.00241492213309591
0.00241475244617771
0.0024117190942663466
0.002409088704816682
0.002406587908476903
0.0024058960552911677
0.0024051732543305037
0.0024019886310120636
0.0023974768719416182
0.002385479669089381
0.0023214642994374883
0.002293832771985697
0.0022915752650622097
0.002288403392299193
0.002286716489992966
0.00228459968033134
0.0023007234087479714
0.0022601088719989837
0.0022546426049889576
0.0022518570131225143
0.0022447638516617874
0.0022453225369178874
0.002242784655959421
0.0022451725281323726
0.002242077767620204
0.002241303460907656
0.0022401400662904673
0.002243299484616115
0.0022417573396323392
0.002230136848419215
0.002231522273575176
0.0022443117712938896
0.0022309087320384795
0.0022280569613948036
0.0022279249315072048
0.002225112364972842
0.0022223382235158485
0.002216140583855394
0.002214134220856583
0.0022187815131657143
0.002228354855347765
0.002213347416407979
0.002200303984214108
0.002196739000936003
0.002196179843537666
0.0021896376840497144
0.0021863657980574366
0.0021874988943786132
0.002186724384037606
0.002185267591088018
0.0021842962640258976
0.002181916686246463
0.0021805066690909264
0.002173124301418649
0.002159059880743565
0.0021536855413492985
0.002154931704434215
0.00215268509198371
0.002150456310823691
0.00214836486146771
0.002136527039722592
0.002142985384438605
0.0021416579246786287
0.002152692771923009
0.0021452368718822444
0.002138682750510461
0.0021363943727267195
0.0021295738792801635
0.0021280212756875226
0.0021288323216465664
0.0021149235425208537
0.002110921814843509
0.0021100736273967644
0.001979748981892063
0.0019838483514318652
0.0020316675201739283
0.0020374910183119143
0.002005312470197583
0.002002111377699463
0.001985746414725175
0.001984379771993331
0.0019718641032885386
0.0019668479917664167
0.001983852347205439
0.001989448293763286
0.0025760205591650485
0.00230195009872468
