0.03332645446062088
0.0194006459787488
0.018528446787968278
0.009243371523916723
0.04008909516657392
0.03239794833851712
0.027121808263473213
0.024741560324198667
0.0218875209800899
0.01975791116075759
0.017655835777986788
0.016261672404093232
0.017743898239651956
0.017730143619701263
0.016780742182163518
0.01648290786782608
0.01572774285967979
0.014814186828995218
0.015177604171913113
0.014373763408955359
0.014000248555517326
0.013351853314341728
0.012907035760387462
0.012427921248599882
0.011108674995529533
0.011548690730705852
0.011526722951592606
0.013014734778874389
0.012620200228411699
0.012116614177132081
0.01158024554388248
0.011195743738701847
0.010969651465797247
0.010714903946167652
0.010247958403649839
0.009829194203170164
0.008451056268409283
0.007893980235959852
0.007539476401871066
0.007341711356009284
0.0070258092101929395
0.00672611392233087
0.006615317135583604
0.006417661030880274
0.006292510729627274
0.0063013674894427
0.007343802943069018
0.007803887501834146
0.007637487610336388
0.007496454898500811
0.007390992285553898
0.007269134647805976
0.0070798666452497406
0.007005369755841618
0.007899739471343174
0.007763081561343068
0.007625202389668811
0.007500154001517926
0.007341310975364946
0.00708467501466597
0.007811397197421619
0.007632062552147539
0.007498890786109763
0.007258500687804856
0.007188733436729909
0.006981464028801528
0.0068456546584510555
0.006725793445197713
0.006656759489019996
0.006588198723965059
0.0065539525504492374
0.006522943413049324
0.006857053937376285
0.006636636723414992
0.006428437081347891
0.0063810548539101055
0.006276137585630817
0.00618726570624121
0.006243056864877869
0.006070620676230947
0.005990448386355857
0.005903151212926356
0.005751945822426237
0.005705745189334263
0.005604937737421834
0.0055711431154143575
0.00551819405766516
0.005462817067320958
0.005181567944398716
0.005118243451771365
0.004973595075368747
0.004926564270018356
0.004871692659086891
0.004820742782459616
0.004851268629484666
0.004801119418413323
0.004779003451180959
0.00473156096135922
0.005029332142366908
0.005079912185933471
0.004761238671955079
0.006599532384286944
0.006565953056871455
0.0065227173118425205
0.006535274075947696
0.006508981232859397
0.006448180738044792
0.006387685914670751
0.006393434016221857
0.00630977464547991
0.006236862120918623
0.006164489203661706
0.0061306567165542065
0.006100204956411563
0.005995472673272033
0.005896004602354332
0.00684975561289012
0.006845021049994406
0.006843953390428698
0.00677866514954737
0.007369075475208609
0.007280649474338812
0.007228888093337562
0.007032788860553409
0.006829802112204358
0.006789562311589508
0.00676130721416257
0.006728870486387126
0.0066450831685730145
0.006920689104588343
0.006809316525201817
0.006648525391664632
0.006602417836354527
0.006557856449001484
0.00648112352037595
0.006429309702814422
0.006377018307935887
0.006324603633271284
0.006319707497927342
0.006281733387535855
0.006298058174546842
0.006246327251752338
0.006183802486652386
0.006136764334424413
0.00605618124659299
0.006037806226231622
0.00599064048263834
0.006116664095462576
0.006165515515555548
0.006118835007611101
0.00603350236801098
0.005970300719044185
0.0059266802723963235
0.005932823375323712
0.005907409120482043
0.005864837089511581
0.005837151566820582
0.005720892626528245
0.005734013159008101
0.005712872091744035
0.005626188641200978
0.00574749186355585
0.007589841481337605
0.007547172619811273
0.007511300225705343
0.007454816929702883
0.007424256958507785
0.0074071531879668084
0.0074095924194433095
0.007395937927303854
0.0071333648914354165
0.006828146321943628
0.010466880644208297
0.010414971370108623
0.010445341575136392
0.010318261162253914
0.010634201669173112
0.011209196256408297
0.011111603161286135
0.011099073419838472
0.01104763955859548
0.010971361797427328
0.01091421562551145
0.010852171705423767
0.01079865985014695
0.010655678244471677
0.010551036968187892
0.010612137712808953
0.010532694896736708
0.010441353696778462
0.012450792716170628
0.012433356756078732
0.01234169725247523
0.012269447255358756
0.012212464841709613
0.012063170919544359
0.012068261123534863
0.011970613235261128
0.010926776741798674
0.010877336648028441
0.010829275568287604
0.010770490431286145
0.010757048090846521
0.010725579439575795
0.01066933681258623
0.010684814164745406
0.01064970848595364
0.010597352871584143
0.01054383653304068
0.010547591492050087
0.010478871900423256
0.010427746166273708
0.010416104698549053
0.010397030154160533
0.010291183816695621
0.010255795222011546
0.010209295575496567
0.010209988697851124
0.010096462499991911
0.010046922840022348
0.009756535784765362
0.009707965689348189
0.009654991422946423
0.009602472905955636
0.0094724707219472
0.009425424535443132
0.009547655245657084
0.009454572223200342
0.009406276413336969
0.00940422241811492
0.009369889942279077
0.009335199579484848
0.00930601636980263
0.009176149916435105
0.009142412307483026
0.00910482042310548
0.009082622417086635
0.009044779857260635
0.008882601003339612
0.008818032787168396
0.008780661060822136
0.008748261222913823
0.008708667070542837
0.00875458486927008
0.008769854433182438
0.008752948898036857
0.00872572185131327
0.008702748075822355
0.008669954860932196
0.008622009114550609
0.008594580800692916
0.00855829937417123
0.008566807900618683
0.008581997874288767
0.008541396474470277
0.008519010358432976
0.008480854197193207
0.008495094109093774
0.00846607516387639
0.008457788949679778
0.00844296416676984
0.008410340421695882
0.008382872489274829
0.008260506660049292
0.00822934746767195
0.00825531176591819
0.008246433396529192
0.0082089538166869
0.008182254390191736
0.008192167996804358
0.008180047347409795
0.00808151475984975
0.008108875693529879
0.008078902799593793
0.008049618322611026
0.008007925721328782
0.007978975003333545
0.0079237687708472
0.007906926590606288
0.00789532685929742
0.007851147929407535
0.007821542454557247
0.007774363162189077
0.0076727085944424435
0.007658708486630714
0.007736474610790075
0.007657312950717218
0.007633221042203511
0.007606651048965808
0.0074251957322081594
0.007414082605314994
0.007472298636752595
0.007450348476131507
0.007422641849108789
0.0073833930510600835
0.007336869865324878
0.0073249228647079894
0.007267002823499199
0.007236285702941434
0.007176097367647098
0.007150421084504417
0.00712031280366291
0.007098304732344808
0.00705845978101009
0.0070315644253580575
0.006976673671882256
0.0069640217142324335
0.006941802631271509
0.0069137393327705875
0.006889034659275895
0.006817698419721494
0.006817879508592195
0.006796915560698832
0.006770363765826911
0.006675493976563069
0.006616795050105692
0.006801867912648463
0.006788632288869127
0.006757896443900787
0.006719309294963872
0.00670858496824559
0.006679575530041385
0.006656014876788512
0.006649565801646808
0.0066323842491697056
0.006614756951084896
0.00659726493884635
0.006575384142922374
0.006562337211212386
0.006559272799998752
0.0066739128259245845
0.006652655879813611
0.006719544976035617
0.006662113575326489
0.006648388074500823
0.006656971518260329
0.006638692261715044
0.006585621832337487
0.00657349686540221
0.006567566977489339
0.006559440927022255
0.006565050176817765
0.006550629766024934
0.00652681309255295
0.00659714314904157
0.006902042495183908
0.0068791084123121975
0.006841134126837671
0.006847328268569456
0.006840871720278114
0.006831298099706885
0.006810487275355307
0.006769095701052858
0.006737656422712814
0.006709414595401064
0.006658180779496205
0.006643828333337758
0.006618981551511751
0.006603977350601371
0.006533776518257189
0.006574077204940546
0.00657378850482226
0.006737953288573222
0.006616860945778415
0.006603632542753015
0.006574484669997215
0.0065577119944859735
0.006527073491726105
0.006636955561033741
0.006621774314880596
0.006605984700820373
0.006588936285467672
0.006579057716500391
0.006561749201908237
0.006516004119340377
0.006497012201804862
0.006469930730355565
0.006452554785035236
0.006398218999828182
0.006367580708268453
0.0063534658342015915
0.006458932814791955
0.0064285636739593085
0.00641325489480302
0.00639488837910017
0.006436935251531156
0.006408528980247542
0.006406950252983537
0.006355401900826757
0.006305659705278151
0.006241802754351622
0.006232636144551214
0.006220239755679225
0.006182510582391239
0.006261726791721722
0.006243644757339989
0.006213133837679636
0.006193519638863536
0.006153571783870572
0.006211945974106022
0.0062399074512409876
0.006204777079528639
0.006191418320704179
0.006193421405156566
0.006109650748087379
0.006125686467177271
0.006090302306855684
0.0060645164080074575
0.0060592251506821435
0.006052689184448873
0.0060697049824368346
0.00605322544517381
0.006041209730063788
0.006042856159016869
0.006032742785254621
0.006020366983129183
0.006112660908067272
0.00609645752761644
0.006091027131645074
0.006076100486408942
0.0060646632775292995
0.006041420500880451
0.006040448428839739
0.006029170077972057
0.005955846072085791
0.0059362455334640305
0.005971628847491443
0.005864691455154633
0.00591636343103113
0.0059013381071176384
0.005896251690939132
0.005866499805055915
0.005848228817928766
0.005834393248988322
0.005835254450985216
0.0058574800981830415
0.005803851522078689
0.0058040858756796924
0.005790039618328919
0.005770254233669086
0.005751538640582176
0.005804620529954636
0.005786366815497068
0.005779321196853974
0.005776773984960303
0.005787939155364657
0.005752141594939525
0.0057278528732995874
0.005774473649572524
0.0057566409944202965
0.005743596781722824
0.00572134889147648
0.005641162355058865
0.0056326150408994545
0.005418168463157802
0.005406399071617792
0.005392425242239782
0.0053820110629411565
0.005359949906193394
0.0053405187730291015
0.005299505666501814
0.005482874760125382
0.005469296694298398
0.005391807754753124
0.005651012299573115
0.005629687892826225
0.005613515976860939
0.00560274506371884
0.005586659597162343
0.005570060192356961
0.0055532268365592
0.005544685894724552
0.005540869023103435
0.005530397808271164
0.005516198744840611
0.005506958599748777
0.005494467861589703
0.005506052841797677
0.0054978169758821095
0.005490804878260751
0.005480266327449724
0.005471688644485942
0.005462799974218584
0.005459485859364106
0.005411181008291606
0.005408688057858247
0.0053955665468388555
0.005394365099835557
0.005389935452798711
0.005341850378442232
0.005325086371601903
0.005308537652689354
0.005313965189688966
0.005302359190483744
0.005296605290295111
0.00528493378526541
0.005235175691582642
0.005231386876599961
0.005233176567737242
0.005210155668718868
0.0051971912416557565
0.005183036446440119
0.0051722524222275225
0.005163935939510497
0.00513832305025759
0.005122925394727419
0.005113176135379519
0.005168212221964892
0.005163420913153206
0.005175430540123234
0.005167037987604314
0.005156265865957141
0.005147948440107476
0.005133781907882186
0.005130312629586647
0.005099965277700087
0.005048388004210607
0.005050058226552627
0.0050375261420413115
0.005027621395981128
0.005017898641432748
0.005007174248494331
0.004924444763930694
0.004907404386176491
0.00491084460352746
0.004889437961095815
0.004895043353489002
0.00486345409283154
0.004829495260100707
0.004820202839149018
0.004810382604794132
0.004810122324610645
0.0048124204415135
0.004796679210641021
0.004788315152639893
0.0047736458253041965
0.004770526752992364
0.00476110863762924
0.004739958296832568
0.004749219959900376
0.004742332568102562
0.004732500117677709
0.004718001874092639
0.004709923725462792
0.0045880989237647805
0.0045739759601234045
0.0045716251370255985
0.004562430906259585
0.004554760198139274
0.004550342926677739
0.004536864639077601
0.004517130246651966
0.004514473985779689
0.004505719381785969
0.004500119244341812
0.004410199360474236
0.004402046543844097
0.004387929153098163
0.004388048291619788
0.004378340350529713
0.004365055622867033
0.004366933526841125
0.004358824593838743
0.004467712949689184
0.0044049183009008735
0.004432139412657387
0.004419417495529143
0.0043757692161332734
0.004374865760658853
0.004395596778791485
0.004374134516647687
0.0043549433688876
0.0043316093822111145
0.004323986400287019
0.004315968016063225
0.004309231258213889
0.004269342032652884
0.004302223292832605
0.004294203637474654
0.004294343152247107
0.004332347450366782
0.004307967930743188
0.004301120470020963
0.00429243044484318
0.0043099553164000015
0.0043023217875358035
0.004281514150311615
0.004301442753921405
0.004302809633983256
0.004292249455297269
0.0042877192576503825
0.004279770549688034
0.004294849252265314
0.004289210612924539
0.004281367470561625
0.004271193244205651
0.004263211523064083
0.004227716900324064
0.00415697546844967
0.004151915646484884
0.0040914874379845536
0.004082702081495804
0.004075752075996264
0.004069065203675412
0.004065838051859161
0.004062019464187735
0.003980771605489806
0.003970332335871068
0.003974628022490937
0.003966445818897776
0.003971150520020969
0.003948799016146278
0.003941070646926536
0.004101966206916385
0.004087204244162373
0.00407242505507074
0.004065660269026808
0.004061001711174507
0.00405773210404145
0.004072976397359475
0.004069912491917321
0.00406254745488707
0.004057195291824638
0.0040394594391167625
0.004027240487613044
0.004035903993994044
0.004030857737680385
0.004027483264618082
0.0039692307742313
0.003960510330003173
0.003959839756992585
0.003955293363404592
0.003941692371990824
0.003929769292623436
0.0038827770550431163
0.003983479014496997
0.003933076969493915
0.003927495447380283
0.003920534302807253
0.003918532033511241
0.0039098268870846435
0.0039300075658223795
0.0038964669760931654
0.003910805939638293
0.003904576281718548
0.0039055996830784307
0.003847775235925958
0.003843494360840337
0.003838975578395405
0.0038331419726429614
0.003848130488389912
0.0038377748557495562
0.0038734047776674174
0.0038531211269310674
0.003849152721785705
0.003837780862752017
0.003848409639915109
0.0038359731244425772
0.0038366062364289175
0.0038290671105097205
0.0039394751520128975
0.00392876944487141
0.003923351495551141
0.003908531042784177
0.0039019595611267193
0.0038966950209135573
0.0038939408115744303
0.0038568780722564363
0.0038535439104431207
0.003853396844036116
0.0038474351931275393
0.0038065833025710933
0.003798782319353708
0.0037786487444719974
0.00376451194328043
0.0037482973573658607
0.0037428970389230963
0.0036455736528097993
0.0036402594981261812
0.0036287479868168334
0.0036185721143426114
0.003623382253325407
0.0036194918257556096
0.0036216741664061906
0.0035834472045102876
0.003543247703808396
0.003539926555387946
0.003534529586591464
0.003531659634762138
0.003525841817421393
0.003522137575821735
0.0034705183482586495
0.003456731689381163
0.003455650061206669
0.003451293274657083
0.003460759822641193
0.0034612715876457143
0.003455976065661822
0.003453479775515523
0.003448387766814714
0.003445234100395163
0.0034362560581111742
0.0034197089127897813
0.003416820833287554
0.003401070658207026
0.003390475911769117
0.0034138672729152257
0.0034085464304900778
0.0034047650731146933
0.0033972631213868795
0.0034021719415137683
0.0033936668153449153
0.0034062739229512476
0.003405703436716586
0.0034060488540225806
0.003429786901147324
0.003427783560599735
0.003434744816579585
0.0034320788542421096
0.0034318783349257336
0.003427476053304284
0.0034039452927005355
0.003396844718077992
0.003394505683134974
0.003376516890347881
0.0033724453144700272
0.0033648749507157595
0.0033606968149179884
0.0033909748151229767
0.003386770898220278
0.0033778081028710675
0.0034213574505634605
0.003405430709604514
0.0033912656247426917
0.0033778711546317364
0.0033684404829993314
0.0033558235249084487
0.003354683749502609
0.0033520064066505173
0.0033487702834348178
0.0033423149384128855
0.0033424612440020865
0.0033382951292751577
0.003332141744012549
0.003320714347416199
0.003338148753538656
0.0033282491526174475
0.0033065912271007
0.0033020684321866914
0.003316484546717577
0.003313293253294181
0.0033103394562493784
0.0033095320805728383
0.003303889636680236
0.0032800240011133302
0.0033011301734494807
0.00328640629831264
0.0032928481523940463
0.003287317861486373
0.003281662450522899
0.0032782536533344877
0.003276137326160155
0.0032622668578698054
0.0032550428712615383
0.0032516960626976514
0.003241297868540901
0.0032384451177970663
0.0032297094898126647
0.0032252719982777804
0.0032548847881404513
0.0034562762087313797
0.003448622035573142
0.003444130009979946
0.0034499921575104156
0.003443610982315281
0.003406483563196544
0.003395656297982881
0.003371743047218949
0.0033851010409004343
0.0035077158604258085
0.0035119383302231054
0.0035065215732402377
0.00348861616870803
0.003489633688344852
0.0034771125680332976
0.003472553048862684
0.003467673169786954
0.0034633089082895955
0.0034628455545316693
0.0034500995254609966
0.0034501923376851536
0.003452261527616161
0.003438901801946624
0.0034652096489303443
0.003460062387123219
0.003455227349424954
0.00345656550285767
0.003452558014012059
0.0034457756812980743
0.003441880824421026
0.0034539770912308996
0.0034493386347558583
0.0034478826078722614
0.003442451256877412
0.0034439849003198115
0.0034427740397410347
0.0034408501549721524
0.0034387945079299574
0.0034348990621372566
0.0034313049589480933
0.003426743907117011
0.003412226326815717
0.0034134120175892627
0.0034097094534233183
0.0033993076888950164
0.0033769213971590354
0.0033710892841425635
0.0033647982896366684
0.0033608477361379246
0.0033456475888864936
0.003342853428276279
0.003339698919995126
0.003339547631604697
0.003340567616692032
0.0033605560686321384
0.0033609098812846117
0.0033573220200046995
0.0033499614231775944
0.003340497483419226
0.003335741320051803
0.0033312667614670607
0.003327599281879887
0.003321299425954813
0.003318609976767205
0.00334279505341546
0.0033386301421272097
0.0033303580546473715
0.003326837983559722
0.0033330266984757193
0.0033243060434209374
0.003511028346046025
0.0034604774669768318
0.003457618674664019
0.0034531882370244537
0.003514105416241098
0.00351132192374179
0.0035084739297460313
0.003527553634548135
0.0035202138206659596
0.0035173500138078787
0.003507670500839425
0.0035102516127454336
0.0035254710769092074
0.0035221855668716995
0.0035067516261104562
0.0035021664078746157
0.0035024363605728826
0.003473847289768728
0.0034824663140297658
0.0034758435077755358
0.0034416703799110622
0.003574648211360067
0.003534494092723099
0.003542573256696531
0.0033424048904017608
0.0033407471666469114
0.0033334176180641697
0.0033607293846407127
0.003097427001382037
0.0030558347543868285
0.003039974651795619
0.003028588536773235
0.003024594880129127
0.0030680177046742774
0.0030688720441075655
0.0030662099291962294
0.0030718811280195865
0.0030673222057506456
0.003062078853951211
0.0030576451415250975
0.003078003464985312
0.0030584967374630715
0.002967035218058317
0.0029598990753173017
0.0029582939527569283
0.0029597182243232896
0.0029464750551301848
0.0029381702191635275
0.002934835380785465
0.0029581819804839413
0.002919989235499595
0.0029134878102002127
0.0029034043632714876
0.0028939500200982
0.0028730501881934108
0.002873301318080244
0.0028689967529983516
0.002767347767306653
0.0027662018960391953
0.002759080009341502
0.0027555667433758094
0.002751121018973875
0.002750428375160468
0.002759386141341824
0.002777371972107333
0.0027716200818411877
0.0027665443341646175
0.002767710375785875
0.002764114668393084
0.002762047920706111
0.0027597027554955365
0.0027554751829184485
0.0027507635107449843
0.00276471895322473
0.0027586907102505223
0.002923134601722552
0.0029133464832543127
0.0029129353585885553
0.002905748774256888
0.0029271930155224447
0.0028554715755961728
0.0028546271460151464
0.002823598388152938
0.002820286329963871
0.00281772921985371
0.0028130059589330427
0.0028537837109752252
0.002849891630676146
0.002845448153389975
0.002805993327052778
0.0028080168777694014
0.002804335552869743
0.002801004438372964
0.0028003075674266826
0.0028233943860511202
0.002817388416588077
0.0028140565433410346
0.0027991533100232054
0.0027759458829407016
0.0027716539029510987
0.0027678697183961512
0.002765037277156498
0.0027764238300201473
0.002776571695822036
0.0028149638237318394
0.002794736218875823
0.0027920457261589905
0.002797884717054791
0.002791632297812614
0.002763516799059176
0.002754569519918795
0.0027525922800703487
0.0027375842721077456
0.002737253176956409
0.0027354496435436602
0.002728110666250633
0.0027252396872780387
0.002720114859426633
0.0027406744270251715
0.0027480938090346753
0.0027464266173361437
0.0027484002831713998
0.002757532529626231
0.0027633852116035864
0.002798164245829283
0.0028104544909139276
0.0029075173082005207
0.002901750169866075
0.002899831819365892
0.002895693413213651
0.0028934791983415645
0.0028907865419420535
0.0029083850079772047
0.0029170065680302355
0.0029258149349225596
0.002909177542640609
0.0029069657929612523
0.0029058016039476236
0.0028948803754469655
0.002892239773211517
0.0028886900199722736
0.0028816217100667866
0.002881899930617522
0.00288381119223467
0.0028873974342879067
0.0028846787653268443
0.0028817202174551033
0.0028786503033159214
0.0028733774787660237
0.0028861288687421424
0.0028882149418611724
0.002884665084477417
0.0028736988056198526
0.002863388920951508
0.0028618819292223715
0.0028547827404415056
0.00284412095249002
0.0028423378789083735
0.0028396118310301983
0.0028315783657907154
