0.1385418176651001
0.09736792091280222
0.08569548255763948
0.07275398280471564
0.07876099195952217
0.06763407979659469
0.05933015426126075
0.052374970678809196
0.04685568902059458
0.058804606336211276
0.05396328150042488
0.05558311163286607
0.05203397842706181
0.04922242181298013
0.04605689654636081
0.043453337641788985
0.041078013878884836
0.03909810910025906
0.03664916714769788
0.034767512137824225
0.03331997759365054
0.031752093244627445
0.03039728831693841
0.03616114479489625
0.03480143107411166
0.03945061626749252
0.03815355630233952
0.03718119297088286
0.035857290171164416
0.03459357796424641
0.03366303075927137
0.03298043830948178
0.03211056100211437
0.031150728040042215
0.030243013214203543
0.029399773299480122
0.028615852081106594
0.02778359432555497
0.02729211684054463
0.026443527788548485
0.0258215716360913
0.02532073870425784
0.025000141805238935
0.024282257464559125
0.023961594954649307
0.023499713694191276
0.022783030774007777
0.02236793733710346
0.022245334385661397
0.021458908074361936
0.019576312865515658
0.01916669245769778
0.01869894387265149
0.018367146874185305
0.0180413008144699
0.0206680186363468
0.020302317866449364
0.02035678723300175
0.020293959003659736
0.019768718300391074
0.01940502932214463
0.01930956459569094
0.019032545844765988
0.01866775715875869
0.01856610965500515
0.01826310538341041
0.01826506504927666
0.01801551664054083
0.020806849018221586
0.020313449547065317
0.02037680250173758
0.020122065273040193
0.019540331024767807
0.019280582347807166
0.019007726334645047
0.018896455653903813
0.018708492128868014
0.01840878260444225
0.01818094286754786
0.01792210600386305
0.017720516044547125
0.01749725184012036
0.01723198214347663
0.017219820342314267
0.01706627471308863
0.016916448082145968
0.01651257621845368
0.016384731457906178
0.016208599825040436
0.015978976604746203
0.015704225477036187
0.016102944261967754
0.016033788005130344
0.01591235946428864
0.015748894404775154
0.015540589362421297
0.015663672262346565
0.015537389871579682
0.015339186235796663
0.015177087541346874
0.015145636653281093
0.01498347064095902
0.015013972645437417
0.014793417601668765
0.014399216491685091
0.014212089285002064
0.014262048992181748
0.014107045481502668
0.014028659461870452
0.013894263939692867
0.013774100951975147
0.013715273699624284
0.013497897520816576
0.013327993682342705
0.013218190730750114
0.013142002604177432
0.01303065751982119
0.012857396275679655
0.012784867709221244
0.012654082482817302
0.01255088554648492
0.012358816190787434
0.012281937158296653
0.012215721847256647
0.012119354922019524
0.012071370071773675
0.01196966776910813
0.011442708036304606
0.011403342774093083
0.011317155433006461
0.01122425012065585
0.01116134861113917
0.011073457462228351
0.010990541456353475
0.01092655202485142
0.01083941969308445
0.010726736813355104
0.010819498619161844
0.010724355079582895
0.010665312092767781
0.010611340025207031
0.010529114484992141
0.010547343930536754
0.010457024300583352
0.010397913657234066
0.010361044055094856
0.01033958410915
0.010455223258612867
0.01039183088306648
0.010305556638662807
0.010453335086487258
0.010391296787656162
0.010338787192799296
0.010306448985882583
0.010271481916648693
0.010131650863090754
0.010065988399334475
0.010027765253018411
0.01008536442877812
0.010127730653671872
0.010122198534426623
0.010218006990631424
0.01013340009713585
0.01007788182169227
0.00999263098133105
0.009879476527584448
0.009811745097457398
0.009826757504429788
0.009747330687070429
0.009697540322957254
0.009674789473518651
0.009616458595217595
0.009552997996429802
0.009498888719161703
0.009411807568209368
0.009352836017312719
0.009319423513455584
0.009219029760924709
0.009178066970263086
0.008836964147875482
0.008803326992195219
0.008758826421756965
0.008702409325253579
0.008657634747057294
0.00859216465511464
0.008542381917882239
0.008408135946120499
0.008247100746735838
0.008199201118488987
0.00827439660459381
0.008337102147531061
0.008306098355003266
0.008260687771007252
0.008216769447496443
0.008178513561112906
0.008143314647784942
0.00810738270346785
0.008063791844328093
0.008013991783809609
0.007989692592510336
0.007964283390873161
0.007896355611789424
0.007892293998641732
0.007841764752065938
0.007802533638664714
0.007751851316326593
0.007654781167450256
0.007632715115797116
0.007611876035003828
0.0075600162481997205
0.007531096638901864
0.007526838855338036
0.007520541179491088
0.006792167778435526
0.006765962360212272
0.006111766702698298
0.006109821321383977
0.006053007445558603
0.006024299856852101
0.006012598580045504
0.0059862572744096435
0.005933674320295625
0.005897623427180013
0.005852867073715765
0.0060134127276869195
0.006043503182608885
0.006018383560059874
0.0060074124097626806
0.005980490877624577
0.0059449442505944295
0.005994732148133933
0.005959182653599615
0.005929150980482825
0.005890699457860192
0.005800955796353338
0.005785314345283859
0.005762727783727281
0.005702969518104842
0.005743604282724843
0.005713088833352575
0.005660364086162931
0.005638226198831114
0.005577393287359105
0.0055480015995717415
0.005523755539687087
0.0055029923766158565
0.0054567854076594795
0.005413575987221697
0.005360644414147825
0.0053513654530539054
0.005328457682365309
0.005321608278327509
0.005302331962805573
0.005286165236611849
0.005269669188862734
0.005568598251840087
0.0055500290425049385
0.005513685921008847
0.005504511758100794
0.005607696045963966
0.005632920684068523
0.0056064556874117905
0.005579104979694944
0.005567699265918905
0.005534294228709768
0.005536144867193647
0.005637476452851733
0.005620992039388727
0.0056040110098331715
0.0056003553711107285
0.005542711441836111
0.005440513434256563
0.005435972837941554
0.00541744584519289
0.005394653693076469
0.005356565229680862
0.005347087251563913
0.005333825998898263
0.005295484572551295
0.005271604662113557
0.005297332037381038
0.005236674609888992
0.005228039680319775
0.005219261953249785
0.005219191184621124
0.005181260772492778
0.005171174874350172
0.005204359329336604
0.005142567244585168
0.0051370532219590205
0.005133115435754703
0.005119042171917476
0.0047378344774633456
0.004722748298969481
0.004714576172675051
0.004694132004527026
0.004770645848660956
0.0047553483718760095
0.004980453283642417
0.004959089784964954
0.004934029356655138
0.0048854849614408885
0.0048508317748583996
0.004835280721633097
0.004799696209565034
0.004719493492598968
0.004705827044815959
0.004690408062048157
0.004673276510983402
0.004666477619779632
0.004633685787177033
0.004619463159815783
0.004629469703909623
0.0046210441882500305
0.004621225302741282
0.00460368448634094
0.0046038579464078785
0.004577018825817546
0.0045688970598348495
0.00454771087227122
0.004523270405714703
0.00451131272450487
0.004518424997423817
0.004505017006304111
0.004536721951641036
0.004522216316726943
0.004515992556861882
0.004492345776113092
0.004529320226213185
0.004517831221494392
0.004500878954633046
0.0044842636670327125
0.004473628133812827
0.0044606431980735465
0.004546958686616906
0.004553564436832517
0.004533997106833584
0.004540418862185924
0.004516432640700845
0.004489785367114292
0.004474216806195123
0.004464469873397296
0.004470614241527493
0.004476293572140314
0.004294095115687
0.00428630341498935
0.00427562114540099
0.004267194134801659
0.004254051138247758
0.0042435819947457916
0.004232478609827174
0.004222582060567998
0.004208081933317206
0.004208470526820332
0.0042047085687832
0.0041832819161023525
0.004175817856679576
0.004173922969915569
0.004168574855430046
0.004188026651776186
0.004226441471322912
0.004210382640957006
0.004196593650504122
0.0041805598613716705
0.004325362246501371
0.004313358694576013
0.004297379264600111
0.004251715244571067
0.00425096334888744
0.004225321714771024
0.004189685576146911
0.0041775195251937385
0.00416989688976153
0.004146441002492787
0.0041358462290481
0.004135176528265893
0.004112599035637217
0.004103102277997213
0.0040983923057961134
0.0041502476397524656
0.004134951455539015
0.004041073327072812
0.004041807778132042
0.00402876466732659
0.004025798885975391
0.004016523860740585
0.003966272575818248
0.0039554306793826806
0.003948018843052866
0.003967375287202851
0.003961552765313351
0.003969087373738114
0.003957237401124153
0.003947827347098914
0.003907534147833522
0.003896982259178934
0.0038835986065967817
0.0038715651012501294
0.003865929182029498
0.0038730205383840917
0.003861035023801734
0.0038130370044324458
0.0038032049151027337
0.0037935539127369124
0.003784830024078961
0.0037956495890492476
0.0037831530936968776
0.0037886156530802825
0.003777176036131023
0.003683401071178294
0.003663090764092376
0.003680572352337856
0.0036568013683659054
0.0037579845244531934
0.0037526390879240577
0.0037431350201084916
0.003731468260616452
0.003555578471268805
0.0035461353175681573
0.003541952192511945
0.00354449329135337
0.00356821760734563
0.0035610739708849763
0.0035543053593274205
0.00354637290078705
0.0035243913980913225
0.003363478618539199
0.0033573027613383035
0.003337902580282975
0.0033700686564006924
0.0033349204332066727
0.0035541032574347305
0.0037263429528436175
0.003720348509481497
0.003716207481283232
0.0038272993645538274
0.003816641578198958
0.003802990703369513
0.003792541900557718
0.0038105309581366307
0.003812385372119149
0.0038042554057012117
0.0037446018032734015
0.0036306832305036596
0.0036320649061490026
0.0036175629187754693
0.0036047840902710885
0.0034922846387777425
0.003481987613890339
0.0034748545008823216
0.0034602467220414836
0.003449817928609562
0.0034413970722402694
0.003425520052381779
0.00338742583598535
0.003372932827835453
0.003367991314039434
0.0033592880266919626
0.0033428466825843367
0.003346609306000111
0.0033374659077712076
0.003336472424983868
0.003476078823025774
0.0034678823571377966
0.0034607036975958035
0.003455743653445106
0.003448762828770856
0.003454794061074432
0.003444799215194113
0.0034321768619417887
0.0034136806854217733
0.0034125417030651897
0.0031579290262015933
0.003138078383589769
0.003127815000429286
0.003125741716210828
0.0031202683764516856
0.0031143801391110325
0.0030970694616826162
0.003080360184154606
0.0030716300836004136
0.003065490811814593
0.0030613209331901885
0.00304255671158598
0.003032997939781756
0.0030321925881662197
0.003016178673980718
0.003020127402294868
0.0030104227124847535
0.003005775178063872
0.0030136296961238078
0.0029951947688581465
0.0029793223449358186
0.0029853722464670655
0.002982764757234685
0.0029823312747894854
0.0029782657367328027
0.002860824458601665
0.00285262955942016
0.002846776589660267
0.002841100060134361
0.002837506846215679
0.002826136828237693
0.0028114273308085845
0.0028053000428569556
0.0028026669266932374
0.00283099952544643
0.002826302317760753
0.002857174662209463
0.0028630786478354682
0.0028582857617749325
0.002854999500265196
0.0028192129350116234
0.0028275195261247598
0.002911115109056068
0.0029030321157615937
0.0028890970938653107
0.002865277850794173
0.002857982778382738
0.002847864989336193
0.0028368778009186363
0.002817166626013665
0.0028022876572565214
0.0028191453738032695
0.002817506988304542
0.0028151044531300497
0.0028050866600014186
0.002800272595530061
0.002773041240412424
0.002769247383270481
0.002790917035022546
0.002784065179892973
0.002793535449952932
0.0027751165670239324
0.0027303759995597025
0.002725411106097299
0.002725837433473855
0.0027207545746986677
0.0027227111084088067
0.002694577125964449
0.0026942747504259375
0.002626909654506354
0.0026213234095179947
0.002605377632359341
0.002625738476106577
0.002619877074520253
0.002618050636934689
0.0026091281061550726
0.0026040388680650508
0.002605899116125256
0.0026041581648551817
0.0025996933607391882
0.0024476422355416733
0.0024434217046930503
0.0024387339488633484
0.002414387968487224
0.002409404649839529
0.0024018184884293213
0.002428930081922377
0.0024315861245637347
0.00288292657447702
0.0028722964452301864
0.0028829799753788956
0.002878502212308725
0.0028743960575144823
0.002869189862458862
0.002862492787871938
0.002873956806981143
0.0028689255212508134
0.002863058585408216
0.0028461725792080853
0.0028408320528747794
0.0028332042282221844
0.0028278523074771714
0.002823208630072961
0.0027141243677395203
0.0027221775336206517
0.002711650806028067
0.002695994953394578
0.002691114115132124
0.0026886122486070173
0.0026776554786639463
0.0026742251175289255
0.0026744444736774018
0.0027499982640616996
0.002744127216027887
0.002741259258586634
0.0027324092283107474
0.002728207318580377
0.002725539730932002
0.002712967187661073
0.0027109433843073563
0.0027077229896401325
0.0026986793826843823
0.0028283596180064675
0.0028053288297148313
0.002798789028835305
0.0028172872752443463
0.0028098989759867696
0.003569107160293055
0.0032772671082274573
0.0032746757965854013
0.0032667776297405668
0.003289353658990211
0.0032818339780656307
0.003273361283751938
0.0032635648384305195
0.0032475811591638902
0.0032452276828302774
0.003237921938225536
0.003224990259172803
0.0032150198008735376
0.0032066780418759148
0.003200506288011657
0.003200396178833106
0.00319227643808996
0.0031897601599393042
0.0031692803706673783
0.0031658656983997737
0.003160075190304696
0.0031485304102613935
0.003176617612006953
0.0031715556007302632
0.003173359520558729
0.003165024289383475
0.003158732362424722
0.003154620794986928
0.003148607126524943
0.0032040997852856756
0.0031679356353666046
0.0031631349257634253
0.0031558332648015117
0.0031500306733953094
0.0031448528036868376
0.003135375341202538
0.0031305520377666245
0.0031208145002071547
0.0031160442280073466
0.003113523971421723
0.0031093384954850754
0.0031192513946326794
0.0031160498142377632
0.0030999218669201323
0.0030965926155764674
0.0030879043033086085
0.0030453667536008465
0.003108545599332744
0.0030956656356873583
0.0030891015815275426
0.003195453295464063
0.003187444722874031
0.0031787543754915343
0.003174266791939414
0.003169549661161967
0.003167628413626601
0.003173590589624692
0.003183522183910459
0.00318135108773966
0.0030938848081308503
0.00310291879699745
0.003100400407287464
0.0030972891197174417
0.0033586855013555826
0.0033571793418443237
0.0033556062864574347
0.003340228712136906
0.0033375339642229608
0.0033315087967618843
0.0032971293431660635
0.003289463935633225
0.003289436396471497
0.0032841897882408847
0.0033645327428271313
0.0033827816188676005
0.0033783290285224264
0.003371664586083109
0.003363504888809466
0.0033593474574648845
0.0033733569240426056
0.0033683879851616905
0.0033638254112928942
0.0033558743576034065
0.003350379120965099
0.003333995918030371
0.003328776662887047
0.0033478226179565066
0.0033158814331875645
0.0033054393419838053
0.003309335700085254
0.003302009551596012
0.0032969820880301786
0.00329570696287446
0.0032916058140099935
0.0032848170232538617
0.0032847874150613095
0.0032799137456880688
0.003264830165263628
0.0032667633421805307
0.0032618602986622097
0.003258575027040136
0.0032545844395984887
0.0032540683193964543
0.003248337580461418
0.0032353115303760545
0.0032319392446534365
0.003218573100867024
0.0032319315478521677
0.0032262911968406354
0.003223434399873257
0.003196295457892935
0.00319106706087899
0.0031833979304624178
0.0031642764986302544
0.003157548224280741
0.0032125292796462376
0.003209311931983907
0.0032249821536153747
0.0032193734723971264
0.0032223686110430375
0.003207369657814139
0.003203021160813356
0.0031988153837012212
0.0029497202488412673
0.002949082391790176
0.0029447277957233885
0.0029344194628302426
0.0029314249360130806
0.0029358739015655526
0.002932306800387664
0.0029257876865517026
0.002917016970382237
0.002935045483403159
0.0029303012539279552
0.002929065933076467
0.0029245826068567413
0.002921046270938175
0.0029124083186695044
0.0029121070120353503
0.002905443201617909
0.0029035555647129014
0.0028950704343519993
0.002868382913159352
0.0029003761685226456
0.0028950551431587003
0.002894283949341168
0.0028602268769949038
0.002847272800377358
0.00284889792048236
0.002842679110879543
0.00284818869747811
0.002843801204223981
0.0028461958314742017
0.0028545139371922335
0.0028515722761231327
0.0028661144119507204
0.0028644863236318746
0.002860568171669759
0.0029277868095681997
0.0029233453844905227
0.002976726618274629
0.002972014648396017
0.002967725131796645
0.0029624893065627006
0.002958686116799785
0.002952710163427575
0.002952521188245938
0.0029490570057078
0.0029486841522914117
0.0029458548891805594
0.0029398960000370303
0.0029372028176192617
0.00293149172348292
0.00293142197413601
0.0029255078874167893
0.002922041862080901
0.0029007815781374254
0.0028997359919759194
0.002953946062743864
0.002942716031341264
0.0029385327909689715
0.002937289428814728
0.002932272800135855
0.0029100215723497514
0.0029156080095296137
0.002923614883245295
0.0029207340159777095
0.0029194436930512955
0.002919671400186058
0.0029159266488770997
0.002910241830686939
0.0029073439048196877
0.002903558306689906
0.0028968159183323174
0.0028861096514309816
0.0028850327527934973
0.0028815692828335964
0.0028816149375292875
0.002896909358738121
0.0028918145638453983
0.00288345815897855
0.0028485900251702277
0.0028463899109954427
0.002845276025282008
0.002840126135244801
0.0028414289189286498
0.0028235009627484795
0.00281988848190948
0.002817004180555914
0.002815059363629298
0.0028136513888107817
0.002807618891722818
0.0028045997401252064
0.00279823471433786
0.002794861782171141
0.002794035654549622
0.0027933902677375545
0.0027934269778875746
0.0027888945537203214
0.0027766854965881127
0.00276789086284412
0.0027618010154160624
0.002759209940490977
0.0027705576527048944
0.0027684237591474228
0.00276997614491847
0.002767359721835065
0.002785070026501831
0.002785251348299987
0.0027953617930561643
0.002796779830445055
0.0027926426663323276
0.0027908085963450763
0.0027777401742230703
0.0027641403039970996
0.002756651825977625
0.0027547704153074552
0.0027509090509619184
0.0027477809026062654
0.0027650609485049
0.0027603239875083167
0.0027621273091647026
0.002750341019166527
0.0027483434205954355
0.0028896495855648243
0.00288389748814726
0.0028827862071680557
0.0028966308310922374
0.002896222627776366
0.0028931261456711867
0.002893646441126246
0.0028818098053819395
0.002878520789658628
0.002868394418797123
0.002863474092345847
0.0028591800578269405
0.0028547621191598906
0.002850936858780531
0.002836873380346201
0.002836022520687246
0.0028310525448158974
0.0028443739317002177
0.0028402861591587253
0.0028368710900479118
0.002884406225853044
0.002880880813494842
0.002878165593182607
0.0028751025921056866
0.002873753375203709
0.002869095534680678
0.002865618340471977
0.0028601294294576507
0.0028605949730329734
0.002860176860649805
0.002857738396161166
0.0028520011697706683
0.0028583347973228025
0.00296861159426176
0.0029504058352384527
0.002945702598009861
0.0029560249386370177
0.0029508396691530873
0.002945115231170349
0.002941559862703457
0.0029374436788490443
0.002973919581161279
0.002967894332189219
0.002965485798790515
0.002965513930042966
0.0029555886314238068
0.0029516081439724287
0.0029519218254619433
0.0029494084035542926
0.0029341089726174743
0.0029251824163746536
0.002922593748353714
0.002919033170143856
0.0029252916360655713
0.002921841128877746
0.002924524762792212
0.00292408102525887
0.0030283137927962535
0.0030335415372522985
0.0030491692243987765
0.003061663615975579
0.0030515118136339057
0.0030333925274952456
0.003028735660200451
0.0030182872652934852
0.003021024344279491
0.0029826585034680416
0.002978850185499727
0.002980743593333638
0.0029770825064032985
0.002978151228574362
0.0029795048504920483
0.00300806005885541
0.0030143590835443614
0.003013067249147183
0.0030101936685478737
0.0030128621763614036
0.003003948477768638
0.0030034070243123183
0.00301287676089699
0.00300846009368133
0.003005885347395139
0.0030088554513093735
0.003001465797132332
0.0030044063565735873
0.003005803752258998
0.002998709436605125
0.002990861312932964
0.0029871759649994583
0.002985930656322796
0.002980492364362756
0.0029751088026713584
0.0029746459510039784
0.00297076564127444
0.002981341158907274
0.0030060159197052945
0.0030023324878740423
0.002999191108389456
0.002994521650147306
0.002989745161789478
0.002986358826725599
0.002963590594354974
0.002923686933747846
0.0029223930715692
0.002925210440448808
0.0029254316224097696
0.0029230437529135915
0.0029349616518117632
0.0029491918375255007
0.0029528576421591116
0.0029465078614397313
0.0029437759945554554
0.0029484954377330427
0.0029833415281925514
0.0029809208032139677
0.0029776458978024722
0.002974041728348862
0.0029917437085962106
0.0029881835666964738
0.002983515248964803
0.002985631886428127
0.0029760985592438894
0.002965965282786899
0.002963408513352063
0.0029578352573719777
0.002952796031094446
0.0029508120061548584
0.002945368092015106
0.0029386986236189364
0.002926934554991716
0.002909429611650121
0.002907207713163733
0.0029045435373407707
0.002888357782469063
0.0028826620418635866
0.002880410943863364
0.002881396642289659
0.0028774596792169108
0.0028744958460023918
0.002871714755075827
0.002852468971008791
0.0028502292466097393
0.002843002812002623
0.0028495788476862235
0.002845854782348108
0.002838642819478249
0.0028446082784022403
0.00284242076056597
0.002831177890669685
0.0028178819200445327
0.0028094594012191164
0.002804318571146584
0.002803020613391665
0.0027965812319426494
0.0027953926444577266
0.0027925023201823855
0.002793247968078347
0.0027757150945438326
0.0027708020317037344
0.00276869596997579
0.0027606206636068414
0.0024355500529604154
0.002409541931383322
0.00240600668914541
0.0024043558772977014
0.002399765395966817
0.0023948481689389347
0.002393149316106458
0.002477070176856137
0.0024992747312425137
0.002502323338332386
0.0024929434852325053
0.0024864027008519277
0.0024512759079782205
0.0024505753310001223
0.002444431890191973
0.0024488607707453167
0.0024490943923928523
0.0024480142084605514
0.00244497516125363
0.002440383734746556
0.002436649593972021
0.00243443919024035
0.0023859638509776274
0.0023934786311265613
0.002392098367286531
0.0023831872998490117
0.0023748590561286868
0.00236637999474035
0.0023680143670775132
0.0023592351566874095
0.0023637156489459735
0.0023619489235311244
0.00235411363731448
0.002349779407468663
0.002346116090260545
0.0023387028923165056
0.0023373439594644666
0.0023347456382387896
0.0023349770165543107
0.00234364088277697
0.0023407476572584666
0.0023363244844279807
0.002336964116360449
0.002328049489473419
0.002324374235606567
0.002348629592027956
0.002356287568227509
0.0023618592718536004
0.002356927839223335
0.0023561913741617802
0.0023554424530326814
0.0023526043025435235
0.002348960297749306
0.0023470310253777913
0.002473902160451159
0.002469439635976691
0.0024564685937974746
0.0024552311631522265
0.0024547535954332037
0.002452620185590275
0.0024508516839639796
0.0024445379654669066
0.0024344407722126254
0.0024287617859348634
0.002416564448177371
0.002412731736912762
0.002396706178353886
0.0023954795948090777
0.0024096474854784526
0.0024082255160414296
0.0024112084081251836
0.0024097793071985534
0.002371021030275904
0.002364452340132165
0.0023609232192501107
0.002360209196478131
0.002384436171484222
0.0023742538954979134
0.002388350928631411
0.002379816642389432
0.0024052670430353357
0.00239424225646126
0.002391886039624609
0.002389987989718341
0.002392803731538911
0.0023905248580202475
0.002389008394067658
0.0023861564422637126
0.0023787488672568097
0.002373194553916967
0.002370997369239466
0.002368448928930068
0.0023711033024494685
0.0023680498239699
0.0023639356244662263
0.0023612447663645454
0.0023602243961997416
0.0023614206115289984
0.0023415697643571643
0.0023404520155379366
0.0023383280081254597
0.0023480752229725374
0.0023390789809567335
0.002337965877436729
0.00231766827938855
0.002315136066860696
0.0023185725463041196
0.0023107192859960165
0.002308607133617266
0.0023067902542778253
0.002304995515833811
0.0023015372863778682
0.0023009029580582326
0.002291610688535627
0.00228981114060258
0.0022892028706575887
0.0022883068222443563
0.0022872318022224055
0.0023246714963275016
0.002322432006854788
0.002322172550079893
0.0023262051604744116
0.002432654828951729
0.002470870302706946
0.002468993095748671
0.002492804458690948
0.0024852736622552715
0.0024833632924288786
0.0024719209876944395
0.0024759953779416814
0.0024747038043264557
0.00247025564554634
0.0024671926919945155
0.0024543236267961207
0.0024511507554435367
0.0024686245878472496
0.002464892725512237
0.0024629280088333677
0.002457607716026547
0.0024564827255800113
0.0024528747556218674
0.0024482174812303285
0.002482940359227801
0.0024798717658061757
0.0024392827114617893
0.0024373455486280944
0.0024291635480627274
0.002426228689983869
0.002433147469880192
0.002431528053770676
0.0024322835343309384
0.0024319457272052735
0.0024303385559092633
0.002431099901544055
0.0024299820344414573
0.0024389932651320977
0.0024301031370858404
0.002427558747996386
0.00242622843602303
0.0024270899622090714
0.0024296464866042774
0.002324575138958359
0.0023233607658449357
0.002317428765559671
0.0023156024670382756
0.002311190381046003
0.002310212750780416
0.0023099118994062986
0.002306425672222333
0.002302660001791694
0.002299767690561361
0.002297782933821475
0.002309943361596142
0.002307450873477215
0.002307222649123699
0.0023049289445150668
0.002307796960570824
0.0023114066325502793
0.002312975474945079
0.002312795799434938
0.0023112781695807947
0.002314959165928436
0.0023200962460189034
0.0023170396908572515
0.002312449313274763
0.0023179976745166878
0.0023286760042568392
0.002331405617184592
0.00234661435840723
0.002331871886801082
0.002337843163985832
0.0023354095423491392
0.0023353933982051987
0.0023332322696044405
0.002331542941395424
0.0023324332902971774
0.0023267630093719346
0.002325225959775746
0.002322815075435401
0.0023199192410620116
0.0023124163926363578
0.0023138870252905094
0.0023106045289371375
0.0023094023671011953
0.002306407481321431
0.002304611029322691
0.0023036079159547028
0.0023019989386569794
0.0023006028911219632
0.0023011379372482946
0.0023031656635010287
0.0023031854881212046
0.0022995106432487093
0.002297659793362046
0.002296126630068601
0.002296071551456346
0.002293341041472395
0.002286779252397928
0.0022867944419148866
0.0022843635054714956
0.0022822269253516673
0.002282362165229056
0.002280208389324184
0.0022759277260529223
0.0022935241478102683
0.0022902247764036614
0.0022880452845111397
0.0022783502626471087
0.002275896696415441
0.00228505183225094
0.002284254915047922
0.0022768576708965954
0.0022887005453090872
0.0022862724303058537
0.0023027152230292013
0.002303673625707296
0.0023001420540880954
0.0022975280691536495
0.002295382661847815
0.002286034863188891
0.00228182442614952
0.0022770417767864395
0.002271828300556471
0.002268232209034847
0.0022622058026055976
0.0022891953037682457
0.0022883491365907004
0.002288008877329961
0.002289251216099354
0.0022874844752640944
0.0022853813465288308
0.0022787142349089584
0.0022779606547265485
0.002276779280961146
0.0022831016831592614
0.0022812992550930826
0.0022794234314539694
0.0022706153134297363
0.002269344203309795
0.00226484450372499
0.002264309848506571
0.002258666949820884
0.0022577738724003688
0.0022535958465034235
0.0022507112082095033
0.002251316781473153
0.0022510590612063526
0.002246996358509714
0.0022436109139823395
0.002243773111387026
0.002247368483621805
0.002245674620425624
0.0022764184394216944
0.0022772496139181744
0.0022749290700886543
0.002269478883146533
0.0022692957924325486
0.0022628086767961138
0.002262608244742528
0.0022583753625475622
0.0022568926751561458
0.0022541559730552946
0.002252694788460057
0.002250487599893175
0.002250110730170668
0.002203359994693859
0.002200769915409751
0.0021941434445819745
0.002228040339203458
0.002226542452785462
0.0022275655974029985
0.0021966165330430084
0.0022006958729777985
0.0022004629738107987
0.0021997384352932963
0.002198179050097453
0.002200723492910963
0.0022036816143814766
0.0022022677858582044
0.0022017280028699586
0.002200144050582964
0.002195742297527136
0.002194212379319246
0.002193665376910637
0.0021922108454134077
0.002190802804557951
0.002183047184158985
0.0021811044398578018
0.002179210727855608
0.002177282164467892
0.002174323212137778
0.002168685330170307
0.0021665271682476256
0.0021644992829640258
0.0021322019266501015
0.0021333308957311456
0.0021310657495506135
0.0021111561844487396
0.002111292502259026
0.00210994687418174
0.0021028272279608276
0.0020982329645420628
0.002095735612107109
0.002095271681735178
0.0020930316823424555
0.002095526974247492
0.002093538228087683
0.0022414680137982125
0.0022396968571614926
0.0022380973773051143
0.0022377831247674747
0.002231064175836733
0.002228902014133382
0.002226281952510951
0.0022268697099831584
0.0022338443172779414
0.002232902025025121
0.002230414651020684
0.0022300090853350583
0.0022268022022295052
0.002223980062926118
0.002222694737063572
0.002217523091889828
0.00221627172242539
0.0022148750361439904
0.0022116606428274647
0.0022041793709272096
0.002215826308237562
0.0022143308518507384
0.0022076224751034364
0.0021876177111300587
0.002161587699073419
0.002160555624828532
0.0021569365447511816
0.0021560125034551735
0.002156515650785391
0.0021539393017281842
0.0021566870212475667
0.002155608517619579
0.0021543479812419514
0.0021542875219546917
0.0021371214778595164
0.0021395880266644163
0.0021338845591544514
0.0021327453857079757
0.0021370588222298483
0.002153445868244744
0.0021530122211577424
0.002164947659990127
0.0021625140820317667
0.002161005238399621
0.002162393812826967
0.002153956444140158
0.0021536596343734414
0.0021546231848095987
0.002152074091174493
0.0021444691233339645
0.002140519194099152
0.002160224906480039
0.002156012440111343
0.002146818197389038
0.002147479262180419
0.00214212327483419
0.0021424247515601743
0.0021413527904004014
0.002090673226083073
0.0020856568883379925
0.0020749090781477506
0.0020723501382384282
0.0020705103482843447
0.0020648163741174967
0.0020637427771366007
0.002068537882650379
0.0020666747906782526
0.0020238620760859934
0.0020214960496844755
0.0020215389148651045
0.00202106741903322
0.002042085830195466
0.0020405879783639003
0.0020390533956269196
0.002037623777922419
0.001987137658320842
0.001988172949237294
0.001986345514926643
0.001985706421784973
0.0019815876016699937
0.00197927067477871
0.001979610571322977
0.001979092055149172
0.00197705058761356
0.0019755605712845612
0.001973804711981565
0.0019715213053206494
0.0019591353670811757
0.001958906855957165
0.0019578741258324405
0.00195565604166147
0.0019523580791873183
0.001953169559156662
0.0019501321739536512
0.00194195935336744
0.0019411834535770492
0.001941186016514754
0.0019406282480017838
0.001940367376094675
0.0019391722499707146
0.0019413467924188673
0.0019446559096346968
0.001944936427152579
0.001942524186671918
0.0019415060194656504
0.001935538097144333
0.0019380699204051958
0.0019540008315617418
0.0019527590388296516
0.001952369761137345
0.0019511057759882757
0.0019521680936140328
0.001953426046787084
0.001960067061229778
0.001951010774328327
0.0019476556951293718
0.0019443481855143697
0.0019414630583522551
0.0019367488401384604
0.001935538597648669
0.0019227552109532969
0.0019238222554182358
0.0019159883857080395
0.0019139802778621782
0.0019120717946875699
0.0019062485313636832
0.0019061225006309379
0.0018961340210783034
0.0018927234299034473
0.0018906106304067503
0.0018905203645559784
0.0018804388309025893
0.001878729122304955
0.0018775478792398828
0.0018753198788890896
0.0018745515557587538
0.0018736817152733667
0.0018742352044466201
0.001869859159478033
0.0018650365658879244
0.0018626181017427032
0.0018640638075757981
0.0018631812737010573
0.0018642833361232826
0.0018627516691395868
0.0018648557754982152
0.0018758790406939471
0.00187440176012977
0.0018744546459740078
0.0018789004095838906
0.0018787634745800472
0.001932284924310372
0.0019365221202080082
0.0019405782946304055
0.0019462420241545318
0.001944904438340269
0.0019482189970951717
0.0019434185831915148
0.0019425285105619198
0.0019640857779513383
0.001964351436751545
0.0019619572336825484
0.001960736648210249
0.0019613273159308294
0.001961804897823793
0.001962663347534571
0.001967158337282256
0.0019565727968850577
0.0019580177751660865
0.001952765198574645
0.0019508912017829286
0.0019522406281421716
0.0019517515524226856
0.0019504432345068996
0.002084301482556816
0.002082844702720982
0.0020804520407711434
0.0020795843347020237
0.002079287114873793
0.0020828131289110556
0.0020688941187336778
0.002066517187819592
0.0020639845644650763
0.0020626543679114363
0.002051917007356711
0.002050327252825744
0.0020483146142370656
0.0020445461917126106
0.0020385721169707658
0.0020371070453460453
0.002033191146377867
0.002032740297339137
0.0020306862534770946
0.0020292680640536112
0.002027613635755155
0.002024644360079329
0.0020233998901393693
0.002013028045186334
0.00201211881633579
0.0020029003556233803
0.0020033817290265495
0.002001881671083065
0.0019935652540998723
0.00199192615667461
0.0019589005429590588
0.001961623354463938
0.0019621609920157383
0.00196100532859607
0.0019628579694682927
0.0019609706037616906
0.001963173867526037
0.0019633895129523406
0.0019623582715594854
0.001979281767706225
0.001981941679091476
0.001981524891378691
0.0019812497588184252
0.0019797677156818635
0.0019647916827592623
0.0019614581522185343
0.0019614183338132695
0.001957218105020459
0.0019549295160101684
0.001963587052606271
0.0019650249886158794
0.0019772243366844916
0.00197212138255958
0.0019706338176757286
0.001969621194167963
0.001964556809782449
0.001961855591441615
0.0019643206838559843
0.00196449039937932
0.0019641651531804895
0.001964325159228246
0.0019632723601879236
0.0019616368183927656
0.001975500620600811
0.0019738670528595213
0.001969016470963531
0.0019678938986119957
0.0019668643511736874
0.001964735467352306
0.0019631026074961367
0.0019654897393997523
0.001964787499765762
0.0019622933429959376
0.001957561760463235
0.0019547682828852863
0.0019540868419214664
0.0019536689598091315
0.0019511152463679744
0.001944569532883153
0.0019432089243980653
0.0019446149872203167
0.0019420382619564857
0.0019472233363845486
0.0019459255858511688
0.0019463012450334058
0.0019746625089237307
0.0019722685270141
0.0018860799330216358
0.0018766980738189082
0.001872127454106402
0.001881790249741399
0.0018846630527001266
0.0018832363986315051
0.001881666685101206
0.0018810817308486378
0.0018793178996327968
0.0018780318374162317
0.0018743711118503414
0.0018742089572566934
0.0018706274614563342
0.0018654783737004307
0.0018621029494373807
0.0018593655239234513
0.001854554590593673
0.0018530578570378634
0.0018523068963684146
0.0018511525671393385
0.0018498877326657906
0.0018493792811698207
0.0018513067662630698
0.0018503224816262093
0.0018372237849694024
0.001836626809381861
0.001834945826522014
0.001836648707001557
0.0018359273545492326
0.0018329609195781623
0.0018386814814386743
0.0018346519075902693
0.0018519838903035234
0.0018463392746553011
0.001842076359407788
0.0018444954458233158
0.0018443872871878502
0.0020207740705350764
0.0020101070763280833
0.0020115188997353027
0.002011090728614575
0.002009815097058355
0.002008583390933823
0.0020075517763496146
0.0020065401173276144
0.0020063549028686615
0.002004931870199403
0.002004186736152186
0.002008678790723237
0.002007289842251506
0.0020058646574008677
0.0020183893920648318
0.0020156334307001277
0.0020134387457748475
0.0020110982804974636
0.001980864924437271
0.001971692358023243
0.0019762468872531595
0.001974731767173364
0.0019756495415739123
0.0019623874081421
0.00195981845150593
0.0019591538186612585
0.001956936766339086
0.0019543084555943752
0.001955279337358012
0.0019509498048597403
0.0019494768635946905
0.0019482858328666323
0.001943461300246288
0.0019411552809458497
0.001939677776668382
0.0019361918097720076
0.002037651888818597
0.002035443718007712
0.002035340128710599
0.0020322907140821285
0.0020306618950420947
0.002032291635405533
0.002031052943869898
0.0020382727358939025
0.002037459240812346
0.0020337017611486365
0.002031049410747285
0.002024411219447174
0.002026248697256635
0.0020018430831983307
0.0020008585314388923
0.00200028062786135
0.0020031235683389634
0.001999943526591253
0.0019890920096418147
0.0019856044077884594
0.0019942952160844503
0.001989896793535399
0.0019881184480152565
0.00201888358274145
0.002025920945953968
0.0020213843396355226
0.0020207826322082207
0.002017816850956903
0.002025136213232731
0.0020231708504649558
0.0020227329036887247
0.002023761906853729
0.002021882402764455
0.002015729660332212
0.0020030181752573755
0.0020019897803027634
0.0020069038198363225
0.0020059669787693087
0.0020144922637527953
0.002016064677399194
0.002015075369869374
0.0020310958844468414
0.0020289377883961203
0.0020268555214605238
0.0020269926839959975
0.0020268850853277782
0.002025539590181574
0.002022450636995012
0.0020208818943278925
0.0020183512798193073
0.002016881292263172
0.0020162615484615584
0.0020148261212113803
0.00199316964471172
0.0019879724255410782
0.0019914898491091458
0.001989860627521432
0.001988724591075683
0.001987367966758554
0.001986549339722958
0.0019916872818290525
0.0019907104312648204
0.0019923744819479914
0.0019902417428566575
0.0019815907499800903
0.001975650901034134
0.0019745278829302495
0.001973414817920409
0.0019711586115381055
0.001970112620120042
0.0019694499092092724
0.0019675536662563963
0.0019626068750861043
0.001961787663263935
0.0019489508449080511
0.0019480604652057764
0.0019385276119045806
0.0019366055720192116
0.0019353137934045213
0.0019288684062445923
0.0019279796543977931
0.0019269093171563258
0.001926895957949078
0.0019229683084018405
0.0019222412820521838
0.0019217452882688483
0.0019206470207715654
0.0019198822040130085
0.0018895025328343128
0.0018872071302226613
0.0018844350405084192
0.001883662248535183
0.0018826073834592237
0.0018803860243203642
0.0018766727324713891
0.0018748587316148567
0.0018764531433247533
0.0018812281913805238
0.001878839319353943
0.0018764916999146513
0.0018764408847278243
0.0018730486172833097
0.001873412486756474
0.0018709103577270573
0.001869986808292526
0.0018700569071103494
0.001867530771677798
0.001866169848664205
0.001880486907101723
0.0018966357146656973
0.0018905419122101463
0.0018902273191594562
0.0018900974147742918
0.0018912928077717472
0.0018892979448513498
0.0018759544806500313
0.0018732272709244787
0.0018702536063805193
0.0018694661789384088
0.0018720759374579463
0.0018970726091815742
0.0018892392517751674
0.0018900827891540314
0.0018895320645222122
0.0018882953043583802
0.0018871674150874776
0.0018851777591561052
0.0018836873940386591
0.00188283154779721
0.0018822996621474662
0.0018794480262132726
0.0018766648710244612
0.001884512196300478
0.001881854455166627
0.0018805691025656057
0.0018789809320180159
0.0018767926434928195
0.0018726186649221579
0.0018718852430513178
0.0018701826160604763
0.0018655538107717696
0.0018872942406913144
0.0018991892950647698
0.001899951377043641
0.0018987518738046323
0.0019006914685562807
0.0018979078494421528
0.0018964861154011823
0.001893665932506381
0.0018914087260545852
0.0018914942279992923
0.0019000328185290632
0.0018993698411666482
0.0018956115478471417
0.0018948011022574093
0.001893859611765514
0.0018890415877273812
0.0018911483494444788
0.0018893456127919554
0.0018871903031426273
0.0018863112802140008
0.001883555993931591
0.0018828731970781496
0.0019312490760594431
0.0019299130865306987
0.0019213676516567425
0.0019160041589506233
0.0019126974563565165
0.0019239750524164552
0.0019224054711821023
0.0019206656733324874
0.0019350025781699758
0.001933582660864294
0.0019433269226540313
0.0019397526728471305
0.0019416435976553571
0.001941032064653269
0.0019430100898564845
0.0019417773567927702
0.0019444061986222312
0.001943543340764
0.001942281906658574
0.0019413604040665815
0.0019396080659655995
0.0019380688423653004
0.0019461398650458491
0.0019482994971688197
0.0019462232506725356
0.001956110287952625
0.001954913449224178
0.001954259284187847
0.001952953263303099
0.0019502093106579278
0.001949944874792879
0.0019496786862531585
0.0019482927316869668
0.0019474170774988159
0.0019454964658058465
0.0019448544656806798
0.0019435574339084225
0.0019437594597464204
0.0019445598328689884
0.0019444571323325435
0.0019431864013177112
0.001943928112633682
0.0019409899441772981
0.0019402971919527928
0.0019386853852967657
0.0019377119713094217
0.001935466927451046
0.0019355769384843285
0.0019359900410867675
0.0019351404267139098
0.0019353937932871104
0.00193080382307402
0.0019304312305446147
0.0019260693425640436
0.0019254952258418933
0.001924166950083842
0.0019335064550614692
0.001933093171539469
0.0019315032973609176
0.0019321242645150053
0.0019299567717983804
0.001930027647709658
0.001928539909259109
0.001928312343707256
0.001927054100914934
0.0019260351654172986
0.0019289858856294795
0.001927633226573854
0.0019292598926317361
0.0019275619146386519
0.0019395670685614587
0.0019422097721651394
0.00194159324819453
0.001934763787384904
0.0019336541520986693
0.0019355046468683135
0.001934788232913438
0.0019333784071430564
0.0019879938547446643
0.0019834028485719328
0.0019808716466410345
0.0019799257086204804
0.0019790559212040917
0.00197373298665043
0.002004387038246918
0.0020034538630543364
0.0020026148391985125
0.0019892802785361433
0.0019874788264830777
0.0019947089058367307
0.0019934825999314365
0.001992773008902866
0.0019923102181555402
0.001989013619654234
0.001980285952273471
0.0019758213573840703
0.0019732943569376136
0.0019722101456461885
0.0019705387128349777
0.0019677686754510674
0.0019668606648809237
0.0019652718780368275
0.0019642037667276834
0.0019627966666644855
0.001962822190453883
0.001963431437362421
0.0019608556589134412
0.001958400048214327
0.00195427887467981
0.0019546917217333217
0.001947945882407624
0.0019493080861144468
0.0019434739090643854
0.0019430228715450577
0.0019424616595451962
0.0019409974496294611
0.001927487686208489
0.0019250699618537698
0.001915804309990399
0.0019144157517119488
0.001911838060606474
0.001907255135834141
0.0019057704567714696
0.001906892097261839
0.0019062722498749405
0.0019057297207450952
0.0019045574704631865
0.0019032565856887474
0.0019030973579139173
0.0019015408001517914
0.0018710410084409232
0.001871566266068904
0.0018668312768586803
0.0018669462805743046
0.001865618484878836
0.0018645476050525745
0.0018636730774057187
0.0018621647945282437
0.0018618799741041683
0.00186069019132287
0.0018635846412452396
0.0018933122212058866
0.0018920377476370506
0.0018924958256729078
0.001890595233294816
0.0018910303526602909
0.0018911964220012882
0.0018939064028972137
0.001892472855082403
0.0018897978038131423
0.0018888653413699941
0.0018847395582859588
0.001883066937095419
0.0019003136430098852
0.0018965988985138603
0.0018965897863033306
0.0018943064409053688
0.0018728740227423894
0.0018722625910638695
0.001871977907010968
0.0018739861749877038
0.0018720223231949958
0.0018712991836326229
0.0018816045897954122
0.001881087974890564
0.0018785017502988247
0.001878823823717027
0.0018780341791425508
0.001877570505844363
0.0018775043367593133
0.0018763492572743403
0.0018683157387117382
0.001868379766092474
0.0018847002603336789
0.0018831400612633103
0.001882167985156439
0.0018814099592288052
0.0018813759941746417
0.0018758750905007713
0.001874585939020576
0.0018724729178399638
0.0018711993956460871
0.0018702507628353777
0.001873864507493066
0.0018787134913355811
0.0018780314191064707
0.001874184059082445
0.001862532716009708
0.0018603011326949238
0.0018603251102697312
0.0018601064241443267
0.0018601939308794818
0.0018602879208682982
0.0018602781326840054
0.0018241067922583891
0.0018218317537918463
0.0018207819607367365
0.0018229531519781377
0.001823849820653988
0.0018128399648544556
0.001812332835269726
0.0018098630356383379
0.001817864981365518
0.0018172198570533351
0.0018159239364738226
0.0018146989253104043
0.0018125965450441369
0.0018194363230932841
0.0017908391134375844
0.0017873611991978606
0.0017882247527731857
0.0017861571841649385
0.001784674491182293
0.0017791349308795216
0.0017780525904829742
0.0017775233388515642
0.0017766192743062625
0.0017760448121030767
0.001777846969444497
0.001776796389020988
0.0017796408814053685
0.0017786066560715372
0.0017780992274493458
0.001776405509150799
0.0017749014247722531
0.0017739405802976078
0.001775671725419727
0.0017742563603324298
0.0017800966193670276
0.001780396193954951
0.0017777808171196689
0.0017765749513517955
0.001776565462168982
0.0017761064718735853
0.001774925675273301
0.001770894391870295
0.0017694794862473625
0.0018158203583114483
0.0018155081865667045
0.0018225042965692752
0.0018200989463208394
0.0018219532305396523
0.0018198476068883374
0.0018173599870155055
0.001817022776091895
0.0018174831548278605
0.0018174531524560588
0.0018253184449138586
0.0018291818959946127
0.001831503811244348
0.001830698864067087
0.0018308659393818736
0.001816366466590738
0.0018164189361922405
0.0018151962155453837
0.0018155513516926942
0.001811734244230353
0.0018101419982010807
0.001813988328689503
0.001812438569858029
0.0018105820523452824
0.001809552772532204
0.0018100464665423738
0.0018092316951372508
0.001808328753680047
0.0018072614256847011
0.0018082191912311243
0.0018076797451367032
0.0018078566795143626
0.0018074068376423167
0.0018065855140680688
0.0018117145010095943
0.0018098579847192688
0.0018064924439097339
0.0018076518736795599
0.0018069255164632385
0.0018073361242484057
0.001806952034459214
0.0018059262529294736
0.0018041211257595498
0.0018033595470158066
0.001801501697309009
0.0018014398614947381
0.0018028428097779563
0.0018002244346974215
0.0017971737102486923
0.0017973340694594482
0.0017985871904837992
0.0017949855960090288
0.00179516933296199
0.0017934551526487441
0.0017900178182858701
0.0017876575831107019
0.00178665676396342
0.0017846269491119165
0.001783524282480357
0.0017882998542388983
0.0017876119908418907
0.0017871638489074587
0.0017864089399971825
0.00178518943856529
0.0017878264347038187
0.0017886580758326393
0.0017878745382722391
0.0017841234503961519
0.0017829160402572971
0.001782434295170348
0.0017833339437338547
0.0017825077307356278
0.0017768019639978541
0.0017786163054569163
0.0018953485715738222
0.001894344150679541
0.0018934681611358739
0.0018927960491445543
0.0018925066392836603
0.001895141165524125
0.0018939802966518697
0.0018902337414328262
0.0018861262084294314
0.0018952284265444262
0.0018945693191063794
0.0019026878837586896
0.0019031540370685973
0.0019013473489544845
0.0019011912112466085
0.001899889264692954
0.0018987813759919385
0.0018985060669820507
0.0023470744001004434
0.0023458062301785873
0.002344121057839634
0.0023488272014710893
0.002350428098043204
0.0023481933372555054
0.0023495265427722375
0.002348494890583066
0.0023478945506555248
0.00233584766694743
0.002333442003700885
0.0023358121858453053
0.002337610505502248
0.0023304514133628655
0.0023304290306978533
0.002329431157130698
0.0023291881105594265
0.002325686095992844
0.0023253568003918567
0.0023242402542884236
0.0023292130766191734
0.0023284185244263236
0.0023275607833900726
0.002322198220595392
0.0023232988120705333
0.0023219296937226066
0.002320347542782807
0.0023305965490955506
0.0023294226553739247
0.002328294953047428
0.002327352146606141
0.0023253612181133357
0.0023245699392779855
0.002322035919015586
0.0023197912073446014
0.0023156785314930963
0.002313544208139532
0.0023099868709349843
0.002573273795191608
0.002568482461424184
0.0025677313529259348
0.0025665944290928795
0.0025637136558283786
0.002561301090888786
0.00255975155331673
0.0025627702827705837
0.002560700519447509
0.0025592153899266254
0.0025584278835382233
0.002557172397284071
0.0025815401489135545
0.002580040090555591
0.0025810608329645207
0.0025848778758129354
0.00258414672744404
0.0025829928221891315
0.002582027754497318
0.002580450871820283
0.0025782588398778664
0.00257611926887955
0.0025762752644653704
0.0025739489348861827
0.00257249774661455
0.002572455209473332
0.0025707443196828204
0.002568497066913746
0.002567144748612549
0.002564860394792336
0.0025636999805195696
0.002563605271056764
0.0025627836223123895
0.002558598317146979
0.002558733455966558
0.002557497289830129
0.0025560507032952283
0.0025560270313622524
0.0025487133938839595
0.0025460426362971527
0.002550752310633076
0.002551136207608241
0.002550762190024256
0.002551880375386059
0.0025499410635780096
0.0025493111372625853
0.0025490235000747885
0.002549442646015186
0.0025476944893676975
0.002541118885861887
0.002539901436411721
0.0025379893915905795
0.0025369796149567157
0.00253891358612034
0.0025377924404855656
0.0025353985215531634
0.0025325627545042147
0.002528502066167603
0.002527817318246876
0.002519396633425322
0.0025153852704854827
0.002514640551775569
0.002513445119187191
0.002509559085230438
0.0025038902035785806
0.002502118362530948
0.0025008543445624145
0.0024966829240510888
0.00248996013981925
0.0024893588586513485
0.002487850616364824
0.002484588924211912
0.0024840282401445524
0.0024799719428225475
0.002477755070670997
0.002475942291041486
0.002475027815534312
0.0024739158274868357
0.002474424295678445
0.0024784256867608125
0.0024771460310589505
0.0024726081665984267
0.002474008934473074
0.0024761416307499755
0.0024719902285955274
0.002469070309371131
0.0024724770493873512
0.0024693923573268573
0.0024689053556166923
0.0024679583492848104
0.0024671282491557094
0.002348423943714069
0.0023476830162840697
0.002344643227006124
0.002341603807817219
0.002340334906685327
0.002340087439250801
0.0023390240079806716
0.0023376421469896167
0.0023358866527060625
0.002336710563137649
0.002335007127800496
0.002323728028441531
0.0023216213788138087
0.002315173868258025
0.0023134753341673884
0.0023123859966204903
0.002311884621878198
0.002313711529004139
0.0023130792221773724
0.0023312585605563146
0.002330722555030739
0.002330540488258725
0.0023284577755987622
0.002327963173593793
0.0023265801831660548
0.0023265122106304035
0.0023238844478784197
0.002328961621113483
0.0023282180904272043
0.002325960234648889
0.0023271828579758567
0.0023255751866517555
0.0023323052184909565
0.002330704600843996
0.002329625007203304
0.002327751682993669
0.0023251317010388054
0.0023241216617793507
0.0023241928727685247
0.002339632779820366
0.0023385464804338138
0.002337067711968789
0.0023325573185994293
0.0023274489745836414
0.0023252743106897612
0.0023244422597221114
0.002323694278811168
0.0023232543207372873
0.0023219492970978656
0.0023201071963095264
0.002319001227819511
0.00231800847341756
0.00231659086318989
0.0023159275989037436
0.0023068287466244683
0.002307189425635435
0.0023069703764870197
0.002306340845783731
0.002304907470868736
0.0023000334001060936
0.0022912453196888066
0.0022894573071965984
0.0022878334656134245
0.002287477170958836
0.0022865302952685546
0.0022855283638980924
0.0022841303554352473
0.0022849851575834704
0.0022844729725114135
0.0022834246274149247
0.002281876822902491
0.0022786532003925813
0.00227356905590291
0.002272125248847867
0.002259252942769448
0.0022590653125542544
0.0022580885669014413
0.002257792391797004
0.0022625514012958622
0.002261983581257801
0.0022420066104141523
0.0022389640124806406
0.0022370554261898256
0.002233349357834004
0.0022335075325437817
0.002231980097655002
0.0022311978568872576
0.0022369429445074974
0.0022366473217332906
0.0022354526666624633
0.0022411275100060477
0.002240923344018702
0.002240268945591682
0.0022359914207220844
0.0022743827621364942
0.0022740713078105005
0.0022724131493094767
0.0022705199183008216
0.002268883925216072
0.002269300986909916
0.0022586236210940867
0.0022575686198282275
0.0022597112961996466
0.0022579461074612238
0.002257725990209013
0.0022567975399735165
0.002256704422535144
0.002251117746638867
0.0022499148505762856
0.0022482063796042183
0.0022470711503139486
0.0022460215960446684
0.002250096709214331
0.0022496374016746615
0.0022349908281818942
0.00222786576085902
0.0022256847285616233
0.0022253191598494188
0.0022243093609356076
0.002223196944344185
0.0022260887923912526
0.002221638579141983
0.0022209496205833627
0.002217047301547766
0.0022129843912115426
0.0022119758011549234
0.0022098117484692452
0.0022078416740857927
0.0022071548469811664
0.0022042527924826865
0.0022024370249953814
0.0021946798414766416
0.002194403548938601
0.002196929650106221
0.002195883688817293
0.002185051222593255
0.0021840749513937704
0.0021830063680749177
0.0021819863155311506
0.0021807577481261255
0.002179366752201478
0.0021785818533413713
0.002179526487906305
0.002177924942787006
0.0021769268258298676
0.0021759661760420495
0.002175083535569515
0.0021739570201991724
0.002131411475031879
0.002130706417868676
0.0021314986394728236
0.0021291524813554404
0.0021333629418327105
0.0021304384397626674
0.0021301787299152866
0.002127795926623682
0.0021277094520539296
0.002125222649131436
0.0021242095091428543
0.0021240800806745196
0.0021253195889903245
0.002121254614837698
0.002123961020829765
0.002122708354622578
0.0021201301613719653
0.002121940874020447
0.0021204200157969692
0.002119569867433423
0.0021191718674078287
0.0021120201998643087
0.0021044165836365263
0.002105367816743624
0.002104541320498145
0.0021065009650936706
0.0021054324661413377
0.0021046566343945372
0.002122728807648858
0.0021222190809843866
0.0021122566186443075
0.0021122893657413056
0.0021095507519232164
0.0021097921567049074
0.002119803794417008
0.002113006546973693
0.0021120632303229204
0.0021109270412605226
0.0021120638244925462
0.002108235207147902
0.0021081474150185754
0.0020887082779682334
0.0020966558851144633
0.0020960327172818752
0.0020679756761270997
0.00206483285378302
0.0020643299797115764
0.002064327528871237
0.002062492698714429
0.0020621717654528073
0.002061395491698917
0.002058503039119833
0.002053048112553969
0.002052803409231228
0.0020520471491765964
0.002185607719238595
0.002185460943606585
0.0021815900911686084
0.0021807286440288626
0.0021797758680740923
0.002178909265043018
0.0021788473503644603
0.002177754180888826
0.0021758444515896412
0.0021751048144782567
0.0021741784776964485
0.002174432447402993
0.0021732073279970444
0.002159144770859551
0.0021590306515287387
0.0021584379205680394
0.0021581340586277957
0.002153572183763602
0.0021533934874418017
0.002151491462133433
0.0021432878920775293
0.0021485637770519554
0.002149422807318664
0.002144499922073311
0.002143647213362378
0.0021473007256865174
0.0021479651291214613
0.0021514641731323223
0.0021488803994174953
0.00215809065978084
0.0021569376455319277
0.002153761729509572
0.002153576646110302
0.0021529605485518517
0.0021551291162789587
0.0021547293952317126
0.0021538270266232814
0.0021520835639032903
0.002151171071251481
0.0021503396462296555
0.0021494275442725946
0.00214825469737623
0.0021416311647145065
0.0021454753842614156
0.002144534900812681
0.002144200934655277
0.0021436479202671475
0.002143756670276538
0.0021425277482051107
0.0021416650837794136
0.0021383496667231787
0.0021387557127513094
0.0021416902807170303
0.0021417787098033754
0.0021414357185642716
0.002135778125201472
0.0021337576619937853
0.0021337409313232406
0.0021322052968113622
0.002131451588817681
0.0021277695899714734
0.002127269476016506
0.002120999511412388
0.0021194155727449794
0.0021185225441125504
0.0021181759346587162
0.002117782867374046
0.0021168522461216103
0.002115477931569414
0.002117172639201219
0.002116232782147506
0.002112188666671205
0.0021106912134571908
0.002110492713643475
0.0021078785905554063
0.0021070980382434843
0.002108053134471804
0.0021093760262127963
0.0021146232229363304
0.0021132067462042944
0.0021117492613435727
0.002111255612308839
0.0021088280434809464
0.0021074194961963983
0.002101187165655614
0.002101516116204184
0.002099014325821767
0.002098038056196052
0.0020884762676376236
0.0020920998552306433
0.002091351714801684
0.002089158936790624
0.0020887825243827395
0.0020854157651059987
0.002083434307289067
0.002081489092775445
0.0020804119093328606
0.0020820004079945874
0.002081046387351583
0.002080593455052643
0.0020809635594585965
0.0020798659751503903
0.0020792655893838454
0.002080338637451702
0.002079767176806237
0.0020802740842745687
0.002082210591591673
0.0020833032037505302
0.0020821188192489495
0.0020799981760543404
0.0020782621339200105
0.0020764379103996883
0.0020733915559650084
0.002072969493966008
0.002072050268200688
0.002071190755540645
0.002072829393804366
0.0020719613153860534
0.0020734125815316507
0.002071234235404608
0.002072110129902128
0.002075794864414719
0.002078469298591946
0.002077434602448091
0.002077048457617798
0.002092965494582332
0.0020927153246526635
0.0020910729643391726
0.002089610887554997
0.002090804279821149
0.002090483340145305
0.002091633385568913
0.002089751855663207
0.0020898108615608384
0.0020858003767581486
0.0020858062130932014
0.0020852172534473494
0.002084361915666385
0.0020837847188686443
0.002082716324027733
0.002077171036631997
0.0020764510382932223
0.0020761008020855542
0.0021026647764792092
0.002102272816610019
0.002106093170618499
0.002105131036763089
0.0021036252050203813
0.002102330734932896
0.002100505213240581
0.0020994582955237186
0.002098052652845385
0.002095796478581789
0.0020951874871632864
0.0020945984585580323
0.00209584114170905
0.0020943821232877026
0.002094061489796943
0.0020906272443410724
0.0020948134574592745
0.0020959740126237024
0.0020958540239100886
0.002097125618290985
0.002096124970440809
0.0020955780212060537
0.0020849686161276866
0.0020844747078241094
0.0020837908269840237
0.0020829486284857104
0.0020822801938539487
0.002081945134254011
0.0020871778518083187
0.00208632376781705
0.002080323220429727
0.0020796043217165493
0.0020784766580817723
0.0020760315339312966
0.002076551514961753
0.0020764956486188173
0.0020789660346885192
0.0020790593993295753
0.002077977376499866
0.002076582870513993
0.0020758327202185763
0.002076071184176126
0.002093055979702569
0.0020920954874594335
0.002087869840656271
0.002086028691651931
0.0020860247866121046
0.002085812982178974
0.0020905533367735728
0.0020856967510833684
0.00208558403868524
0.0020874049084464753
0.002084795644092025
0.00208475586236315
0.0020825508719529563
0.0020815641999852607
0.002080420057248353
0.002083570139735166
0.0020826508701911363
0.0020932533723800784
0.0020939132516929458
0.0020934110909895556
0.002093260022317768
0.0020927653041124964
0.0020919069202318652
0.002090895136311816
0.002089348501137501
0.0020883063183136518
0.0020876505296648137
0.0020868882201076993
0.0020855926447839786
0.002082635494006459
0.0020833864198684855
0.002082762543898254
0.002080322699975286
0.0020791076918722285
0.0020775672659873227
0.002087969950591376
0.002086779739043635
0.002086044465364925
0.002085171956440865
0.0020841542155261394
0.002083961232724527
0.0020838838923883697
0.0020830961933372785
0.0020827758670935157
0.0020829817661452226
0.002087984569300743
0.002086424466493325
0.0020857176880745096
0.0020834988671489573
0.0020922496875706944
0.002090997938272724
0.0020898904300084356
0.002089333422611052
0.002093028132603405
0.002091647585529157
0.0020921167235914157
0.002092742286274122
0.0020923416269339867
0.0020919634329523576
0.002091416383072064
0.0020902214623422185
0.002090578192505217
0.0020893179133557815
0.0020849534943456634
0.002070579465206901
0.002069981345340101
0.002069053837867397
0.0020700853122023843
0.002069294034483961
0.0020692690497453327
0.002069597797550626
0.002068496560066517
0.002069872646185434
0.0020723443560287094
0.0020729808224489487
0.0020730188976784813
0.0020708380381533145
0.0020708533118055494
0.0020701772709911417
0.0020693187484485073
0.0020694248838792687
0.0020725373753922283
0.002071313696694384
0.0020696548232884146
0.0020691729787081993
0.0020684492798881556
0.002068796099676514
0.0020718701069985007
0.002071065824930765
0.00206793842115908
0.0020661624298439598
0.002069913340427229
0.0020706426130989806
0.002070670665171873
0.002070445511359035
0.0020698382303277877
0.0020695923840137755
0.0020706954017988026
0.0020703259670470245
0.002070264671395611
0.0020696771564331674
0.0020698286156007276
0.00206894875277118
0.0020721438565077847
0.002065760195191681
0.0020673146530690327
0.0020673952708195422
0.002066793187270968
0.002065710459261164
0.002062758070485356
0.002063382586751158
0.0020637822602476742
0.0020604791910083468
0.002058868101067086
0.0020626435116114215
0.0020623887895961706
0.002061415174723367
0.002060479128178472
0.0020578348480196204
0.0020576361770157387
0.0020552288317298635
0.002054535196458264
0.0020553358426695935
0.00205592878801726
0.002056621855583998
0.0020551063856447376
0.0020800504117453192
0.0020791536733890787
0.002078981664475808
0.0020802360716287408
0.0020795489140303723
0.0020784885230429135
0.002076884567644621
0.0020765692666881584
0.002076462418047017
0.0020760226451768714
0.002075127542889182
0.0020767421543787965
0.002074204868817639
0.0020720625871940407
0.002071216533991562
0.0020734961406155125
0.002072321657077325
0.002071960103155098
0.0020672329656421357
0.002065416319361619
0.002064784289850046
0.0020671686283048733
0.0020663387037514465
0.002065927614925372
0.0020633123143568096
0.0020619996835536543
0.0020615301520986434
0.002060361166588346
0.002060060992698069
0.0020596802904086615
0.0020589520504954353
0.002058474866497574
0.00205812582442476
0.0020594890599893965
0.0021008643987934397
0.002102374810663506
0.0021016932174907662
0.002102208995788552
0.002100476099296021
0.0020992146466227977
0.002098755604029522
0.002098417691692922
0.002097362823164879
0.002096502256535276
0.0020959704023077097
0.0020938104591418415
0.0020935002452597746
0.002092664768384975
0.0020908345982299376
0.0020909401684113885
0.0020899545133005785
0.002088797030701896
0.0020887660044331255
0.002085921418945846
0.002091544629517893
0.0020912434843274957
0.002092598507971132
0.002091784644493852
0.002094054952113812
0.0020920933742426756
0.0020896658387845085
0.0020923403032782778
0.0020911496021088637
0.0020967502962571318
0.002095146050069785
0.0020938130155548442
0.0020931383613871034
0.0020921169849017125
0.0020929331435965313
0.002095466558064432
0.002090414740115755
0.0020894616510005832
0.0020898769496216075
0.0020901832342313615
0.0020895518003383054
0.0020884487233932105
0.0020876446568851514
0.002086986785246015
0.002082997311394923
0.0020770539099583736
0.0020760820694700538
0.0020751328624176103
0.002074631798881452
0.002074175101959089
0.0020741784145736834
0.0020752948467476894
0.002076701625177537
0.002080617314240817
0.0020809265805003694
0.0020796246451695306
0.002083091837398905
0.0020871266587495487
0.00208724043322625
0.002085745249730906
0.002088011846428512
0.0020867480842428855
0.002086053313844087
0.002088144430285891
0.002076603076294652
0.0020736897202802
0.0020710329468072008
0.002070158486237808
0.0020695758793058965
0.0020710399907896398
0.0020699208734732432
0.002069133615393459
0.00206791329909166
0.002066856619466766
0.002069405375270525
0.002068611899111974
0.0020640317157397127
0.002063112657919531
0.0020636820810226416
0.0020853526743254873
0.002079477821776477
0.0020795406990417433
0.0020788970809833243
0.002078445760538216
0.002078731252165562
0.002075526748240805
0.002075401252284378
0.002077823826495368
0.002077476786179672
0.0020766541775474982
0.002076119937269048
0.0020786030590422633
0.0020784912751926933
0.002077807139181533
0.0020800919746501085
0.002079088211499274
0.0020778371120864707
0.002075516868239107
0.0020720956102368497
0.00207125021459424
0.002087987649541514
0.002081410114994548
0.002082790291434128
0.002082458499275524
0.002085205799886314
0.0020841700882574
0.0020833479702096333
0.002082873067322007
0.0020818579976878775
0.002077266386069506
0.002076762524300125
0.002076740580693511
0.002078489071151954
0.0020765943937023543
0.0020753677924635018
0.002073485006335672
0.002072747773456714
0.0020710240191663693
0.0020681017973499393
0.00206463405149912
0.0020624942570919126
0.0020604650846174502
0.0020594208198841356
0.002058799397172589
0.002058559886249654
0.002057606946821122
0.0020574353529521157
0.0020413762681895024
0.0020412219102855485
0.002040174514815171
0.0020365159711732417
0.002036404092675082
0.002052356218683601
0.0020521668986810122
0.0020517228194447553
0.0020510683884107602
0.002049879866735428
0.0021512992392968633
0.0021512906595677586
0.0021512661981043023
0.0021510239948954895
0.002150469587438866
0.0021495607811785984
0.0021499313705583365
0.002146863054508232
0.002146344052227512
0.0021452845646200637
0.002144230429692269
0.0021442985138066632
0.002144743099904516
0.0021434380016523958
0.002142765562483006
0.002142742879572051
0.002142006359131909
0.0021422712988141885
0.002141451457539295
0.002138515765368737
0.00213756798927765
0.002136982953751329
0.0021352848882349633
0.0021178303685900576
0.0021172168513335864
0.00211580171047641
0.0021151999172768316
0.002116199234434441
0.002115801042362325
0.0021117759341142354
0.002104056346700094
0.0021034325010312713
0.0021028964155016933
0.002100248394535191
0.002099630785862357
0.0021470574624140957
0.0021459610353987456
0.0021477638057527037
0.002147388707752179
0.0021475560689023956
0.0021474313741767985
0.002145550515435444
0.002147840490511688
0.0021452020012659844
0.0021454372063316103
0.0021494051676752006
0.0021491266219878153
0.0021397880799523673
0.002137368427462945
0.0021371253548138126
0.002137910529099989
0.0021372370575662054
0.00213487476468544
0.002134127841274471
0.0021314499857169726
0.0021305731027621197
0.0021298706359879106
0.0021292563535236556
0.0021177974147670252
0.002099728934952195
0.0020974918651873006
0.002096538833421725
0.0020954644726856654
0.0020953345246670445
0.002091378946749393
0.0020902943882209913
0.0020904643493016863
0.0020908555971483425
0.002089906314119674
0.002088733116305671
0.0020879275591447863
0.002084757847998618
0.0020854481428551545
0.0020847078782558785
0.002083649971256892
0.0020845715676153136
0.0020334792821353072
0.0020296912754285434
0.002031428199993533
0.0020311313059690485
0.002030154910834013
0.0020292353875508966
0.0020844735741730744
0.0020823816039571047
0.002082469207694971
0.002082813103874512
0.0020805669399851733
0.0020819796159503934
0.0020819279953687305
0.0020843179916870125
0.0020839861403591474
0.0020831527659228694
0.00208197363861749
0.002072745934719076
0.0020708121464849717
0.002070821933230775
0.0020686285629266964
0.0020682890671027397
0.0020667759122810895
0.0020658853715094278
0.002065600579770851
0.0020640172798185546
0.0020629433156349646
0.0020610534081008662
0.0020603762000473715
0.002059962274637058
0.0020585154241377643
0.0020586193119293264
0.0020527491160193157
0.0020521028708743753
0.002048381523160834
0.0020461445833001744
0.0020451206841621524
0.002044509384886898
0.00204450114146445
0.0020438037494983994
0.0020444185304642638
0.0020465301263713283
0.0020457525273319434
0.00204250835729657
0.002039623110581214
0.0020381102306717986
0.0020380856433957592
0.0020374140113252636
0.002038478096342612
0.0020383263633058984
0.0020315610623409495
0.0020311260763916086
0.0020311696779598963
0.00202887489843504
0.002029377606706665
0.0020285759593182758
0.0020279472754814736
0.002021233784287262
0.0020198673712311507
0.0020193906216240346
0.002017190600103373
0.0020173004900538955
0.002015972663282248
0.002013243229250466
0.002013346017971627
0.0020141808027628306
0.002014387178413191
0.002013052207599452
0.0020127722668163055
0.0020120929524196193
0.0020095039911125095
0.002009446076734402
0.002008735484151933
0.002008464145601086
0.0020072309618380285
0.0020027237305915418
0.0020032922089280388
0.002005683241807861
0.00200533122931772
0.002004854301159985
0.0020025661079939175
0.0020024021057378017
0.0020019498082819174
0.0019995154933578935
0.0019972174608761497
0.0019965678652244675
0.0019957185881258606
0.00199536469341237
0.001995560212807936
0.0019955170507069023
0.001994595319102858
0.0019936350326064385
0.001992185645003369
0.001991101586290304
0.00198939490032192
0.0019901290110434944
0.0019913857040398425
0.0019906548548681543
0.001989211060616235
0.0019873690947591976
0.0019872044829198528
0.0019865287551539784
0.0019844582854139006
0.0019818398299324947
0.001980964847019538
0.001980395832453492
0.0019764479859230113
0.0019752092587713324
0.0019759995322050426
0.001976311661857014
0.001973647640611319
0.0019741670210069017
0.0019736140338527494
0.0019735366448177132
0.0019744175603053507
0.0019736293243142137
0.0019749221366268718
0.0019745227997709554
0.0019748829040952772
0.001972735149776233
0.0019479855811435566
0.00195160238482152
0.0019511888426908578
0.0019505774855533842
0.0019498397393145068
0.0019489852384249214
0.001948504722956186
0.0019474465666903572
0.0019551169995599012
0.001964885774243252
0.001964547167617163
0.001962453826117159
0.0019618136020307883
0.00195596860126495
0.0019553671533968373
0.0019548137476730503
0.0019521931862828338
0.0019503176983319164
0.001952511148943233
0.0019523510680505463
0.0019510282385227112
0.001949297440003992
0.0019477545578826152
0.0019468671188420906
0.001946340714161428
0.001946527383708787
0.0019458443316592976
0.00194508682497212
0.0019437206120939163
0.0019430610074608668
0.001937970297575048
0.001937033023154421
0.001936170160063763
0.0019362464821583902
0.001937150288314846
0.001936958730817027
0.0019358010530946034
0.001935422032696694
0.0019343275424988902
0.0019322867009438345
0.001944994791909668
0.0019409668652200637
0.001941793739923796
0.00194186662254002
0.0019410373159194085
0.0019399852211203473
0.0019376590902504868
0.0019367223993278526
0.001933467793772341
0.0019326955319016429
0.0019314179703340379
0.0019288435640028143
0.0019283260043673595
0.001927809936555479
0.0019129181602042624
0.0019278020814633555
0.0019327808921752244
0.0019302697860611414
0.001928323871697921
0.0019278339251419586
0.0019262893569609993
0.001924345794888544
0.0019238540827991482
0.0019231481037552298
0.0019232436333681416
0.001922494310489826
0.0019303297525699134
0.0019296759554052144
0.0019253495385978651
0.0019250633009834956
0.0019248575684108267
0.00192178522978468
0.0019226914558802895
0.0019231042661251524
0.0019167557564670728
0.0019163065769973763
0.0019164824479324695
0.001914946377138278
0.001915273108870745
0.0019147604928816159
0.001914773155192601
0.001914057002684373
0.001915981873400209
0.0019154299122312293
0.0019139860847597844
0.0019118592668684181
0.0019106950980547336
0.0019101859683403743
0.0019094954845637632
0.0019179298198914538
0.0019164477189007171
0.0019147906976861105
0.0019151566673729907
0.0017551869370608002
0.0017533858769016983
0.0017533235850746795
0.0017538000763415893
0.0017524427055573995
0.0017576036223276236
0.0017612088034990162
0.0017842129247725735
0.0017938479096404286
0.001793303970114634
0.0017921475943148684
0.0017916492357725221
0.001791375786626676
0.0017913066339406982
0.0017987590564717973
0.001797548023558623
0.0017956654004339602
0.0017954324239662215
0.001795784005794976
0.0017946516938472424
0.0017881254584018358
0.001784574567094597
0.0017841879085696113
0.001783853322786159
0.0017835191980810708
0.0017835483241797176
0.0017796835342138093
0.0017785685289976006
0.0017779951260568662
0.00177987219673632
0.0017788228950216818
0.0017786090793406807
0.0017780078746001248
0.0017561975013176945
0.001754816200052448
0.001754188641010604
0.0017541097514269066
0.001753166112117172
0.0017532218123955331
0.0017531815834890055
0.0017530172954111358
0.0017523278131235838
0.001756497760154331
0.001755861776668856
0.0017543382552040656
0.0017540795557922549
0.0017524263277071729
0.0017517891256275029
0.0017511470939139495
0.0017518259020920374
0.0017537945249060953
0.0017589376073562683
0.0017728449015453074
0.0017707001799380261
0.0017693180333869436
0.0017693319385011976
0.0017686987218262747
0.001768958900132518
0.0017674318724578229
0.001765022883782004
0.001760325071269834
0.0017597413956413268
0.0017590821927261754
0.0017580096238800278
0.001756568105743415
0.0017569793334679493
0.0017562129977078595
0.0017855203344992728
0.0017851144150158032
0.0017858910294191066
0.0017855394219509638
0.0017847385986871696
0.0017844052761369783
0.001784206719434424
0.0017818541749154528
0.001782836817954433
0.0017824260780747096
0.0017954118215642956
0.0017933535072809457
0.001792943888373892
0.001792265930676521
0.0017915665546397585
0.001790790242633757
0.001788153466741054
0.0017868471535989864
0.0017776462368067755
0.0017773684499977234
0.001776701231180417
0.0017822981455728067
0.0017821008872099028
0.0017827252300111074
0.0017856602819557566
0.001785050894706922
0.0017846693452270531
0.0017838522101282894
0.0017836083302312056
0.0017832879378311673
0.0017826684833521153
0.0017585307448950488
0.0017582989852281356
0.0017571719482312805
0.0017550588058299439
0.0017530529008872619
0.001753341938517377
0.001752711664354377
0.001752109116297418
0.001752265537816934
0.0017519911260890034
0.0017509625676970146
0.0017501661835195496
0.0017487809861551407
0.0017486654824040496
0.001748281553553313
0.0017476674584640656
0.0017471971793693332
0.0017471363566041985
0.0017456159576467595
0.001745326429110109
0.0017457456930410154
0.0017462769608761455
0.0017429868293683494
0.0017421077594183313
0.0017418392094059928
0.0017411047630455528
0.0017448568853898952
0.0017478175233345615
0.0017489536080145449
0.0017483252587076198
0.001750848665423428
0.001750649912695463
0.0017509107710745404
0.0017496705382647458
0.0017498730493548209
0.0017496988428255796
0.0017501155328005665
0.001745621817143827
0.0017450992816878384
0.001744181726511583
0.0017414472941672
0.0017411734611520121
0.0017409772491790057
0.0017403503744899765
0.001736611640482981
0.001736912988624062
0.0017322514049273377
0.0017319661747029326
0.0017304259467694398
0.001729568716393477
0.0017292510030833344
0.0017301154967441802
0.0017288199166000415
0.0017281539422004592
0.0017271120144539988
0.0017329662562317798
0.0017324841678670218
0.0017301347985468874
0.0017302573594684693
0.0017311682423337398
0.0017302614101739615
0.0017289211891318619
0.0017287449574972557
0.0017271853572414868
0.0017260016753105846
0.0017313945653841406
0.001730675921809094
0.0017295400054050667
0.001729418551299354
0.0017305250991256277
0.001730062101961848
0.001729509003206389
0.0017285550739019684
0.001728062672696045
0.0017294813050166514
0.0017289417964735582
0.0017280637468869854
0.0017275252031665356
0.0017267581120511077
0.0017261353036118537
0.0017240342397023003
0.0017226427872308828
0.0017210795342554282
0.0017210421295822016
0.0017186569566499932
0.0017178999108756596
0.0017133695559976465
0.0017130351259363455
0.001712715031755602
0.0017125434227416626
0.001710475212969782
0.001709994439121694
0.0017092378904992875
0.0017093251072643379
0.0017142639454290835
0.0017230967249343416
0.0017276643428695542
0.0017260484429852238
0.0017252834631691686
0.001724464641140666
0.0017240942967663474
0.001724017924842626
0.0017239445618971753
0.0017236216905228614
0.0017232081219134038
0.0017222894944865597
0.0017221461107759886
0.0017243024163296314
0.0017237549838872677
0.0017230835308640613
0.001721891318103491
0.0017202360583881986
0.0017196797832393098
0.0017186664652990334
0.0017186398957797875
0.0017179000033177752
0.0017179339015215545
0.0017161646669334707
0.001715596942805924
0.001715649069815003
0.0017151637717662497
0.001714501270108125
0.0017127968347263479
0.0017118728105942598
0.0017110773424122466
0.001710652905545708
0.0017078708952527222
0.0017080911656185533
0.0017078375672261083
0.0017077169460380467
0.0017085140716720675
0.001702039514728163
0.0017016755840598265
0.001699916362310373
0.0017065356105533092
0.0017057362850242347
0.001704623927329615
0.0017043962441593708
0.0017028597785590318
0.001702949161300989
0.001702884225003806
0.0017038312684647355
0.0017050054453961834
0.0017018952680935779
0.0017007224222310923
0.001699057281824391
0.0016997894679582006
0.001698403692685955
0.0016959966230995866
0.0016958207426701116
0.0016961993593503537
0.0016941837452788783
0.0016948407925743462
0.0016939847503320443
0.0016954763404865574
0.0016962009163760032
0.0016968882405504902
0.001696175952973706
0.0016976513822150926
0.0016978154793097307
0.0016971547359425896
0.0016961299509692818
0.0016952936375322612
0.0016943188719033605
0.0016937790390032358
0.0016944382243936553
0.0016940832713529786
0.0016948355425913564
0.0016940385839395737
0.0016937030131083518
0.0016933197103483157
0.0016926278530668226
0.001692021283695858
0.0016912206550589064
0.001690768733618883
0.0016914106779077958
0.0016907685179521257
0.0016891794969624287
0.0016883971286017646
0.0016893920634523264
0.0016891282420856196
0.001690323277644948
0.0016875665229104486
0.0016872736469967144
0.001686877826246363
0.0016869749209532444
0.0016864791412812248
0.0016913846125813294
0.0016936587982568673
0.001693294987483278
0.0016933267830593797
0.001692919716976695
0.0017225705110040113
0.0017219709508803892
0.0017209104229613072
0.001720153972214242
0.0017207620127103313
0.001720062187873434
0.001719249576676046
0.0017187035281750248
0.0017178776095079285
0.001720155506302173
0.001719165885134342
0.0017189916057285329
0.001718738939519245
0.001718012120439996
0.0017197502351550156
0.0017179504803225775
0.0017182629913073699
0.0017179647666413693
0.00171743342600284
0.001716399508740559
0.0017156335475956375
0.001715427707583443
0.00171682374384271
0.0017116045997712384
0.0017104010915473923
0.0017080745737636845
0.001706903635827048
0.0017083794230520406
0.0017073786107897253
0.0017064998681951798
0.0017051921144268364
0.0017052553807207853
0.0017006298444961548
0.0017002844223882368
0.0017004777495416724
0.001699154222071736
0.001698471101582578
0.0017015330713357885
0.0017007619674462675
0.0016989520756502741
0.0016985429365068212
0.0016981917294072641
0.0016987967130832353
0.0016981115274834506
0.0016964487806841687
0.0016957957225409862
0.001695073399528523
0.0016944659741500278
0.0016939987042249274
0.001693944634074203
0.00169470326775025
0.0016992513132314418
0.0016986579634543015
0.001699516538988808
0.001700547128000915
0.0016996642927919062
0.0016999969363739411
0.0016995136702774882
0.0016989029255160826
0.0017003990126676467
0.0017012555017104306
0.0017009611952226308
0.0017001981639318457
0.0017120316372201975
0.0017112239796290957
0.0017065251872011179
0.001706004138678314
0.001698095132752147
0.0016955415391879532
0.0016956449624531374
0.0016968715431042922
0.0016971888534336793
0.0016967037244065373
0.001696989754250515
0.0016967406246594095
0.001696266218915271
0.0016920804481363391
0.0016927966254321554
0.001693278472352477
0.0016927111927904585
0.001695328476466589
0.0016950801630105205
0.0016925194253518592
0.0016920496088170978
0.0016913785825786428
0.0016910475953210828
0.0016903939652972353
0.0016900511124700872
0.0016934458066491388
0.001692926759689598
0.001691867399115819
0.001689217565821975
0.0016884233398149371
0.0016884674585693454
0.001687451885752813
0.0016892357099939242
0.001688729631731102
0.0016939893772618204
0.0016926328114616497
0.0016907475941391656
0.0016822285360188832
0.0016813620606953704
0.0016739285179578362
0.0016741449281333634
0.0016659150202121623
0.0016653525195044132
0.001685938192959815
0.0016878409464866336
0.0016914297243830721
0.00169109970179733
0.0016896519186433462
0.0016642354675967036
0.0016565668153720402
0.0016575775298103672
0.0016596313683403992
0.0016583025233822093
0.0016581572917386497
0.0016577535908428324
0.001655246125384123
0.0016549405387176518
0.0016533145066010058
0.0016539079346874568
0.0016555212884030307
0.001655267538604483
0.0016537257449798697
0.0016549532952538333
0.0016529342886737047
0.0016529567563743773
0.0016537394248579773
0.001651902541698655
0.0016514030594195438
0.0016515328373659704
0.0016490527142565168
0.0016477731225640446
0.001646437198969678
0.001646405700057405
0.0016497571121559204
0.0016461424929182856
0.001645767079617026
0.0016458094653107366
0.0016467793893501755
0.001648953843237896
0.0016527439865879027
0.001650509139356543
0.001650231977041748
0.0016479957706254753
0.0016401443949342835
0.0016392407406506059
0.0016393298817269759
0.0016381658825613521
0.0016377850211085553
0.0016375373201537025
0.0016371371987801825
0.0016367360022666374
0.0016362468813615528
0.001628358204638045
0.0016277477335228433
0.0016282251356966987
0.0016276991392532407
0.0016247626805199593
0.0016337022452869024
0.0016334317917561984
0.0016288348223878048
0.0016266508642886336
0.0016296444781325509
0.0016291553319496778
0.0016288948913759157
0.0016292379472462358
0.0016289993256005822
0.0016281752358145206
0.001627818494454488
0.0016291271715758206
0.0016170313725572389
0.001616343036176304
0.0016148151713434227
0.0016143842642324388
0.0016137971769949314
0.0016126588559215156
0.0016128838573978394
0.00161169250902248
0.0016132121605314396
0.0016079890866399318
0.0016085044617255265
0.0016076369788162483
0.0016074069020214138
0.0016083419678252185
0.0016090556920281746
0.0016085179404391997
0.0016133055408473573
0.0016106706638230003
0.0016129042467753782
0.0016124238414126685
0.0016130045774629205
0.0016143860125955108
0.0016131752154853619
0.001613441027438292
0.0016123708263888021
0.0016121373711598143
0.0016102437655397858
0.0016105128721218692
0.0016087522236663688
0.0016062845347322235
0.0016051281347902193
0.0016050668968062474
0.0015932993664344358
0.0015931336885812064
0.00158829488783036
0.0015915291403082188
0.001591079261224205
0.001591415107981626
0.0015932866202623026
0.0015974804837515287
0.001593826610205459
0.0015933810853495669
0.0015932421411806157
0.0015930648440825542
0.001592481842258587
0.0015919309943494449
0.001575900608019652
0.0015752764627336327
0.0015784279871628156
0.0015767659870707584
0.0015751720345087868
0.0015747022684944024
0.001573119629402293
0.0015725772485925523
0.0015719520783713224
0.0015714418747601803
0.0015709867752092335
0.0015671861501992631
0.0015670103356055503
0.001566335786078414
0.0015654678157450963
0.00156541149363891
0.0015647219367118162
0.0015646051331004393
0.0015638473837190894
0.0015669506089531278
0.0015654400948039915
0.0015648383065099058
0.0015657638232172586
0.0015630648533170577
0.0015614196587073108
0.0015595410372426762
0.0015592742075747129
0.0015581388717183168
0.001559902815586969
0.001559669871648875
0.0015592428382885757
0.0015591011520519906
0.0015578161076484005
0.0015574249879527259
0.0015584035896301898
0.0015576403193830698
0.0015570622304586991
0.0015570375714271433
0.0015562730911494926
0.0015558306725201258
0.0015542216468053811
0.0015538830638300509
0.0015531780512398712
0.0015528773079834526
0.0015530491009046836
0.0015526366656883094
0.0015521783169205803
0.0015516923562043203
0.0015513828319029285
0.0015494473843165617
0.0015492230484658752
0.0015485056021445752
0.0015472642631970534
0.0015462192390347184
0.0015458732574168685
0.0015449504866305705
0.0015421764386567374
0.001541129093635773
0.0015405396937300728
0.0015401987213563492
0.0015394560156680817
0.0015400887949488873
0.0015431008584536766
0.0015420697893773314
0.0015415343534820728
0.0015412390027178377
0.001541015781945836
0.0015339839807033296
0.0015320005871417815
0.0015308961464976798
0.0015296886989133941
0.0015286996749566194
0.0015288878300473185
0.0015302701272679334
0.0015193885836128256
0.001519140655232515
0.0015182616855645178
0.0015152605846137054
0.0015174268199471827
0.0015173411846630942
0.001515532400271109
0.0015128015016530557
0.0015138101754408016
0.0015133395615580117
0.0015136434979235904
0.0015139040999588792
0.001514097471931191
0.0015165931680186171
0.0015155807877874632
0.001514895077775077
0.0015142971996066727
0.0015138954568619605
0.0015119676509958936
0.0015112372611092225
0.0015082775681839787
0.0015084975832128245
0.0015077719107562256
0.0015117796984396462
0.0015111322902704055
0.0015082787131015462
0.0015090474102852634
0.001508555342942948
0.001508410177239118
0.001508174829260351
0.0015051977942918675
0.001504836413445568
0.001503140716567054
0.0015281917187060523
0.00152786936460013
0.001527466359341138
0.0015595084778326712
0.0015590364973675067
0.0015592941824862782
0.001556719046455024
0.0015562227052258503
0.0015554443287639865
0.0015550414828512382
0.0015552731920315185
0.0015546927448778151
0.0015535405454988292
0.0015532490717015458
0.0015515707928802306
0.001550934350895316
0.0015510603364767156
0.0015523978835053666
0.0015522282415358327
0.0015517133137962847
0.0015523140282722736
0.0015520620376028474
0.0015535285265956306
0.0015528349092300013
0.0015581500958945515
0.0015580577644501452
0.0015585266466422725
0.001559897216095657
0.0015647044206374958
0.0015619790165719537
0.0015603919506072608
0.0015598326464557864
0.0015597106993242317
0.0015606183515111892
0.0015551255397473927
0.0015542513662437918
0.0015548246857438701
0.0015561180068373263
0.001555952364192097
0.0015561043866373116
0.0015538729346903039
0.001553435465079494
0.0015527934634075476
0.0015524958622401275
0.0015403893965986295
0.0015403162528648971
0.001539687712064979
0.001539250758754833
0.0015434782310182512
0.0015416062806776329
0.001539411278793133
0.0015385629906857973
0.001552898528928668
0.001552350567347004
0.0015526463257039135
0.0015521411870281477
0.0015537868155688136
0.0015531550233107193
0.001551960863161289
0.0015507658494034666
0.0015509029668050855
0.0015500403308949774
0.001551993694965135
0.0015490770471108528
0.0015512029418193116
0.0015488713876903443
0.0015489816228167505
0.0015484465136703701
0.001551759904479021
0.0015518531862802546
0.00155055770356102
0.0015501803979275214
0.0015501003721596815
0.0015495746473358507
0.001549901338875308
0.0015498039156844406
0.001549359985563501
0.0015608644911730332
0.0015608577441799686
0.0015505759405452183
0.0015503652178122664
0.0015489634347503275
0.0015476310639917375
0.0015477051953692188
0.001546826425204447
0.0015466711100108332
0.0015477814686086497
0.001548159384297078
0.001547534735137675
0.0015493170501292275
0.0015481942503177526
0.0015479049632937613
0.0015471660906042272
0.0015471765223401383
0.0015470813098476114
0.0015466797483470842
0.0015493719804524002
0.0015494260183716163
0.0015490245719836787
0.0015553465403582542
0.0015538344697479114
0.001553391881141531
0.0015529991002151454
0.001553048872015489
0.0015528123230199953
0.0015524939441652172
0.0015527141516399302
0.0015527388791717388
0.0015522573257057326
0.0015514678527504407
0.0015472399010240604
0.0015507365894173286
0.001551193126770597
0.0015651527985830617
0.0015660749767599242
0.0015660705177026704
0.001564351150475687
0.0015640674709351359
0.001563894839433236
0.0015633194520182096
0.0015628877632465922
0.001561422120328268
0.0015616446029078734
0.0015612655439808834
0.0015606832535148664
