0.03622830659151077
0.03543581813573837
0.07277033664286137
0.07327448576688766
0.06969813133279483
0.1264673269220761
0.11035860801348464
0.11838760563275881
0.14101947476156057
0.130424548660151
0.114345367726249
0.10532051197683008
0.12223296175112149
0.11394769448476533
0.1091538332257187
0.10345506091492579
0.09819082195301436
0.09291201959805268
0.08843073946190996
0.08397984399371557
0.080148686248735
0.0774173182802295
0.07326153201696192
0.07080921167158523
0.06786835692988602
0.06577079578979735
0.06283446708714889
0.060945814970182255
0.05892669480623832
0.05628276955535365
0.054525488839317404
0.053500915931319025
0.050983465465833426
0.050185208153145915
0.0493269383934805
0.04835008648365761
0.047131465034908615
0.04582798900455833
0.044447722324548515
0.04330250320220706
0.04222106170033969
0.04097988115702105
0.04134722830084765
0.04229776955843488
0.04182229803827003
0.04165878619793107
0.04218799602737512
0.04420876393999845
0.04367291373491751
0.0430744582651338
0.04224552570835488
0.041283457296711526
0.040699933416800796
0.03988829673617145
0.03917739185115869
0.04028130156700824
0.03968712996444582
0.038851512207795647
0.0403823115149862
0.040464473207439206
0.04005653015197058
0.03941501456447728
0.038636940542801305
0.03828513941485793
0.037640967734853
0.03764248190755233
0.03745167605580611
0.034612145238181416
0.033875688980749274
0.034800428074446804
0.03472156055997604
0.03451017080208171
0.03394161954850927
0.03515175893631143
0.0352790259092121
0.03565725833880594
0.03501589147065086
0.03437779153899078
0.03421666979302245
0.033971852988340996
0.03403967367691022
0.03332499094645448
0.0355248282129261
0.03561530002317501
0.034648952905838595
0.03403960299797239
0.03180279543349488
0.03157005628362936
0.03133925003704563
0.030959744114175458
0.030465219944586428
0.03028833053496626
0.03008076590714986
0.030055348011726317
0.030846931336479127
0.030478560841299077
0.03046782845565907
0.03046977925002622
0.030241398797661533
0.030050234154781953
0.029865363708927808
0.028876123122827974
0.029267707468254512
0.02876827179792426
0.028700643434586833
0.028424698002386197
0.02853089217037282
0.028175641607691822
0.028144847572283742
0.028018698671272636
0.027826777460047337
0.027484446426336375
0.02732460615005582
0.027381378372007503
0.02793217876726353
0.02773994626104236
0.02732117537244311
0.02712484617045487
0.02687880795783714
0.026632199298892538
0.02674526321633957
0.026495444569670477
0.026023458438078628
0.025897127006435778
0.026691960411318147
0.026147501180397624
0.025847351342463312
0.025701346045744426
0.025746291542936204
0.02558956540190574
0.02547694715538071
0.02528793473497798
0.025090918878185466
0.025130925867577203
0.024949704232045317
0.02450978461279957
0.02433312722448889
0.023854985193511917
0.023756243006001976
0.023517627510323096
0.023310216826027685
0.02305340165149429
0.022899350716721147
0.02262529613518415
0.02244365770048432
0.02245072324599496
0.02236320279523688
0.021899720439226413
0.021631629228941178
0.02253763837564818
0.022317072019129577
0.021969380500320105
0.021819795903110253
0.021697764454086537
0.022041354872598267
0.0224431808869233
0.022399476918876716
0.022099661038428524
0.02195121084168933
0.021833930084494864
0.021599111975965472
0.021471850169241226
0.021586530348719053
0.021680361467985108
0.021660580418489225
0.021436410198513778
0.021311741492224572
0.021089815521735392
0.02100581044197659
0.021164220911130724
0.02103983859486235
0.02091081243501627
0.022005336734649585
0.022223975371868758
0.02198310699184897
0.021851946209921737
0.021641735536382503
0.021333631673891514
0.021296984101677997
0.02129603210191542
0.021187975858933058
0.021088080249931623
0.02088850631670263
0.020774592360484775
0.0206657164556917
0.020610584529508338
0.02041762610075394
0.020218687462845265
0.020145893989722125
0.02004021451162743
0.019935862036390976
0.0196646886161882
0.019680658625465815
0.019597400348851435
0.019472037158191933
0.019274185909278017
0.019149216126037337
0.019099968180236477
0.018937239403676365
0.018824972389616307
0.018675948881689986
0.018706407013829238
0.018589821124895066
0.018499801801049112
0.01834194860171055
0.01852377396826869
0.01842632898275882
0.01837242725794037
0.018347135856068543
0.01841228100010779
0.018275643466246418
0.018232682077287912
0.018134136035998696
0.018012850099381306
0.017896356285510364
0.017932051028999987
0.017839696528718477
0.017707342806271682
0.017665395069938816
0.017589029109269298
0.01759283351920376
0.01750364542056258
0.017451025210058504
0.017211579015258605
0.017187577327370827
0.01710421023171115
0.017047028331146807
0.017007874251904042
0.016901008165428805
0.01691444583852762
0.016895794149291012
0.016759270650438085
0.01714501311846076
0.01698766360276112
0.016930887246910407
0.017031400256388916
0.016893520380138964
0.016834625302291305
0.016725427205468206
0.01662670727257658
0.01636323618166455
0.01624509520701051
0.016283577333047486
0.016244183475215813
0.016182773299522352
0.016056987460453337
0.015988474116262127
0.016025184161564152
0.015785722357861243
0.014622848805314241
0.014570135588742459
0.014287868870517502
0.014163596587387146
0.014239667329250149
0.014166388077399015
0.014042572077290809
0.013995699105004143
0.013862408450110213
0.013796149029188277
0.013646472816101738
0.013595127945760083
0.01356423187007404
0.01350646030071155
0.013317309616008376
0.013238065174894145
0.013229233431592782
0.013151192819513302
0.013393401162173921
0.013460998876069904
0.01340573925194821
0.013306409296413175
0.013666335300100214
0.013676047363744658
0.013667597531457439
0.013742911957904107
0.013702594326665743
0.014142590050161372
0.013911259769056064
0.013863550976124584
0.013999776707312143
0.013958782461009093
0.014009617125628239
0.013987785300088672
0.013990342737688169
0.013963115153827312
0.013977731769255092
0.013950833465211579
0.0139245591526686
0.013880900142399266
0.01429603935299959
0.0143135365842557
0.014244797744193446
0.014125137722670492
0.014066920744924088
0.014017294668913055
0.014035323112393637
0.013956486801966492
0.01396333982358745
0.013894317320615916
0.013931985297601947
0.013809169071874149
0.013824189348957393
0.013763054209448464
0.013714705508146978
0.013663183139655002
0.01357576954200317
0.013484271702592119
0.013439874190520305
0.013354215577325504
0.013409326300824179
0.015065830856259808
0.014998169102735404
0.015266287827315216
0.015211193510543725
0.015095723767997336
0.015041485615506152
0.015018246331500739
0.014837857617675131
0.014909599920929403
0.014985421111194695
0.014963714774798896
0.014928249385769792
0.014793888933194542
0.015460537675042789
0.015395704119891563
0.015450560673065593
0.015375089209955181
0.01659612130319048
0.016573383498391867
0.01652190220074306
0.016475687886394377
0.01643704238022411
0.01639614644484605
0.016478653273105614
0.01646602546138422
0.01642079642974359
0.01628681455687007
0.016450976534424816
0.016216936273806774
0.01621596344665227
0.016192224986872665
0.016165049672430543
0.01610240107990205
0.016039829810978377
0.01574696511254112
0.01568961217079375
0.015642159377368927
0.015492620544144848
0.015469035112224189
0.015423575724285044
0.01547825747642988
0.015257006627466289
0.015438647430656828
0.015419455762242601
0.01538334352913767
0.015373250733334147
0.015373384765004315
0.015310384394381458
0.015289811633758497
0.015272407768282288
0.015231650172453315
0.015189575674850948
0.015134919595456583
0.015073854095511438
0.015024587566208272
0.01498111429298646
0.014863965962119799
0.014816035689566187
0.014759415803544822
0.014676849608931815
0.014644424260901583
0.014594147689807506
0.014550401071043889
0.014591996787853233
0.014642975153269913
0.014600932641460972
0.014496103849466193
0.014506650271653179
0.014473648145174501
0.014435046722660558
0.014397839190207089
0.014448811456826449
0.01439566578350575
0.014322184414380575
0.014459661233313978
0.014415466486428538
0.014571983134261515
0.014497253533752323
0.01448588859851813
0.014420776861272295
0.014506510979080478
0.014468031898551184
0.014399303176428785
0.01432505669532775
0.014209200805554358
0.014121794884196629
0.014087776299432954
0.014080068336242183
0.01404916788382253
0.014333352919656648
0.014273935335171963
0.014432727023457976
0.014824493971918684
0.014818004796311648
0.014778533811559691
0.01482909635792422
0.01480186173302726
0.014734433350117128
0.014704850894042653
0.014653227798344177
0.014758210729710708
0.014719729108706895
0.0146649017128129
0.014638397412785584
0.014585649604634043
0.014473048993449152
0.014498337859219078
0.014467199477385173
0.014454617819068354
0.014474510931861464
0.014505342269098116
0.014662283886534759
0.01460796538378659
0.014596591574201538
0.014553757525327084
0.01486449830978483
0.014812459332427017
0.014781592477723319
0.01474316638375249
0.014740638038811496
0.01470396878064802
0.014731714914303648
0.014572612962087096
0.016030845135328604
0.016397670137172908
0.01639633985424497
0.01635059749231952
0.01655118212418484
0.016423282645734043
0.016380936039783026
0.016356985391718416
0.016343884663473723
0.016292264605753042
0.016239590760159545
0.016194568390363154
0.01617693727184531
0.016136393091236264
0.016096621433296047
0.016080855870936335
0.016062956640891538
0.016010049838616282
0.015996042339787343
0.016055310125436317
0.0160121042510702
0.016007777314084006
0.015946918440667097
0.015808768243449872
0.0157780760197207
0.01576200622660945
0.0157384862460728
0.01570164298506287
0.015647136859127365
0.015623780106329064
0.015574678730986958
0.015573228717799856
0.015543514394907573
0.015492780262343929
0.015457325170581394
0.015438552529141173
0.015435567411803953
0.01542797773994208
0.015407154336971656
0.015385250351103167
0.01535276608091266
0.015310733352535657
0.015272579281216267
0.01525448612366716
0.015197877133842855
0.015219934802159227
0.01517047607931073
0.015144281261664576
0.015106673407283779
0.015017515439873294
0.014995035664424481
0.014977022586683826
0.014950151362718631
0.014935349021351494
0.01488313873138129
0.014851210599590575
0.014792271308054881
0.014910229474806093
0.014867608020471521
0.014844804728995914
0.014825762641019995
0.0147997773105559
0.014474158867837837
0.014455492562577226
0.014421808386072465
0.014421165645268063
0.014427055945084817
0.014392075788994305
0.014359214401598637
0.014320928513933781
0.014293377423839945
0.014267577713024367
0.01424708287980748
0.014198319550735873
0.014170025853301354
0.014128825074094867
0.014118991903519892
0.014058827078912388
0.01400777532371987
0.013973722686581846
0.01394733003133263
0.01392216328523045
0.013873620055949403
0.013830448858513878
0.013771430711197569
0.01372179559674317
0.013668168777598381
0.013655845837591104
0.013644203992323906
0.013639628920862547
0.013613380401179077
0.013591415532020304
0.01354660293824846
0.01352098307945034
0.013503533724563638
0.013486502398566557
0.013445060654494462
0.013407901426541144
0.013385116714704838
0.013412761079608117
0.013391330937346863
0.013416244573601221
0.013465096034527788
0.013419894484174926
0.01337282121318531
0.013344548483022405
0.013320364703708546
0.01332331274054981
0.013359560820015295
0.013356569385878722
0.013279641930728421
0.013212526710189068
0.0132225925049677
0.013204912371372852
0.013061279449778373
0.013033872602047114
0.013013063673613082
0.01297608405015575
0.012947349375157853
0.012926578552329574
0.012966408597663062
0.012935859425393948
0.012888085253749267
0.012869783437575721
0.012853424252167707
0.013097953353099009
0.013072990694207996
0.013096112495805499
0.013070124677399165
0.013075922544330824
0.013028397666114242
0.012997873664210194
0.012966715434581135
0.013073581380243494
0.0130409202230769
0.01301742903655906
0.013078905300457638
0.013073695811466035
0.01305018150322095
0.013045031961605471
0.013013537313672717
0.012952100431928357
0.01295202871856899
0.012931978403254066
0.01286791952074862
0.012845981163539775
0.012802802006159625
0.012779040532863722
0.012776247503985351
0.012738112397241763
0.012737469198744408
0.012719810792844337
0.012665148940595988
0.012639763964531944
0.012647054124871987
0.012592300245369656
0.01253496832482682
0.01277278568525347
0.012726773223554068
0.01270996010776548
0.01271137120116585
0.012666118678082322
0.012661330888545657
0.012602314309309123
0.012577473213092527
0.012561427319815273
0.0125343026003745
0.012515646070123006
0.0124984567981898
0.0124173674239079
0.012401943260824031
0.01244128672606347
0.012416555391954645
0.012404644553091785
0.012375431463252555
0.012355303627245146
0.012340639477734595
0.012346147835712922
0.01233905549480662
0.012314916987974905
0.012302544377521788
0.012285436038990922
0.012263585716291457
0.012227751767797996
0.012217365333481146
0.012180932823332944
0.012157488679862964
0.01214486958378634
0.012132687407010767
0.01214036544836116
0.012142646893416539
0.012094087532306575
0.012064310403001736
0.012042235289734629
0.012034928441253668
0.012011819637666041
0.01199084062438932
0.011940842199024549
0.011924516125424924
0.011928948642556933
0.01190070550144911
0.011877762675531539
0.011861336511181304
0.011867496621584983
0.011851270550958337
0.011840545710333578
0.011814178008040056
0.011791918935683798
0.011740380980428003
0.011730835466217783
0.01166625365936613
0.011636107141948016
0.011611860849067087
0.011598992468053546
0.01160728591519824
0.011567483265423043
0.011660531548517275
0.01164256122318669
0.01162549709162877
0.011605844030977162
0.011596311395388024
0.011583703189699458
0.011568814239758314
0.011532738224620403
0.011503892878042392
0.01148101568980951
0.011423070421312949
0.011405178745741663
0.01137227965859914
0.011322401087147826
0.011312619971108799
0.011296888513183095
0.01128450258662649
0.011265391722767833
0.011235339769378195
0.011199118590799912
0.011184507606474894
0.011158150172702472
0.011137165457781248
0.011080648846035998
0.01104555990057567
0.011044499247281347
0.011011294699298946
0.010990909394773955
0.011024791651940502
0.011010771413159957
0.010996698251370353
0.010982095133421901
0.01097763270354203
0.010946265553136684
0.010933354868061585
0.010883625236930608
0.010865394670582857
0.010853039932530822
0.010786352025522219
0.010770688893008173
0.010773106049589181
0.010776559948802021
0.010804838268453795
0.010801020833917869
0.010779732997098312
0.010837911489723984
0.010821066869967215
0.010781717228862573
0.010784910192067537
0.010797258261289773
0.010784312138117952
0.010766776327069568
0.010768668100157624
0.01075228219504384
0.010745968720213113
0.010727732944288337
0.010711850311151926
0.0106988508275316
0.010685820556315947
0.01065060980703058
0.01060444580111842
0.010565248855160024
0.010549353213774997
0.010529198487031566
0.010524272797757469
0.010521279199387647
0.010515302699122177
0.010351224653459732
0.0103419344933743
0.010326624656055286
0.010301116592572978
0.01029547732187766
0.010294424636766664
0.010350281523361102
0.010350459268314634
0.01033075393219703
0.010337768193201688
0.010318644725904956
0.010318861280237637
0.010289659849812583
0.010205353434270797
0.010208218480468552
0.010179927062983263
0.01015996211829934
0.010157796207585366
0.010135615074185152
0.010060233089772688
0.010030974240764677
0.01003804438733408
0.01057292177467538
0.010599526998241888
0.010591473049956699
0.010845668013374892
0.010810925308437783
0.010810327983565644
0.010784782043434046
0.010763429616322904
0.01074622725472558
0.01073523724715074
0.010720681641124752
0.010710282921082297
0.010698965636880125
0.010689784304124393
0.010682281581201318
0.010678711571969306
0.010647708266939561
0.010603213801060328
0.010599963607984639
0.01061505415005486
0.01059754535843625
0.010579489568202443
0.01056623365075977
0.010516080627738423
0.010501026961748209
0.01044559783679458
0.010383935427162426
0.010370128498637856
0.01037141014924716
0.010358980584522032
0.010347426979976058
0.010341093916264121
0.010327639784197597
0.01031329689196632
0.010288675738200708
0.01028439619325877
0.010266761848648364
0.010253345080869137
0.010238633280329935
0.010235496585571427
0.010222267510900402
0.01022195962214123
0.010205163614820493
0.010193607711094876
0.010156007010283845
0.010130542422454623
0.010118472083499806
0.010099480435609223
0.010078590124440954
0.010066470365796283
0.01000594611395163
0.01001636973896539
0.010002604895394484
0.009989255658810915
0.009993624742153066
0.009982706266285142
0.009953945840863006
0.009939843461032813
0.009929537547659718
0.009909909608218713
0.00988278982963495
0.009881123724037417
0.010109129866144678
0.010103678334611885
0.010116825391432688
0.010101095269213996
0.010114422799775234
0.010112480676243296
0.010093865465807001
0.010103394482658585
0.010101932662395122
0.010080376562223409
0.010045267348274883
0.010044960629631087
0.010046206389877296
0.010033077425585915
0.010024182215468464
0.009858471281077225
0.009907194401921645
0.009896854524959739
0.009885968143046247
0.009861324862814904
0.009851279871944691
0.009852704305245567
0.009829301227203652
0.009813695662349806
0.009793164681583156
0.009762446566725532
0.009751874225271157
0.009743396958186488
0.009738469345231088
0.009733934599068695
0.009716545251010848
0.009690244645578737
0.009686478596002794
0.009697553240281095
0.009742148885949806
0.009729449093745407
0.009724908288926902
0.00971509602162244
0.009717666850086818
0.00970960585694444
0.009701692323966596
0.00968326615288375
0.009663162862840866
0.009652693958781865
0.009646876093201306
0.009635941796309576
0.009630384523427243
0.009599201019336909
0.00959330362280634
0.009589130901142995
0.009578749260358177
0.009568830365322948
0.009560744090687568
0.009548946198922595
0.009542837665678731
0.009527848939057294
0.009538561469483649
0.00955972045659716
0.009548408886934527
0.00958423143639668
0.009553766329823772
0.009543998035251765
0.009532900182480113
0.00952261516334312
0.009493932307709077
0.009502476576613074
0.009513697611790828
0.00950236308272501
0.009504561427197555
0.009482218510919793
0.009472701779603509
0.00945806807645124
0.009070351690977228
0.009058010212835945
0.00903592508083543
0.00902012014947774
0.008992742591961252
0.008970493920949963
0.008958047664145872
0.008949722842735623
0.008942020791866232
0.008920555114681183
0.008859594880256071
0.008853869327358165
0.00883503722617531
0.008835017933007793
0.008826087252969439
0.008813820900215806
0.008860261289798875
0.008850688736844458
0.008839911963990556
0.008830595635695286
0.008849469910807017
0.008871878216694478
0.008854087714837556
0.00884819142877171
0.008847663523189532
0.008851661810790197
0.008826731180395475
0.008786143027862015
0.008797693421312478
0.008789627720842125
0.008766712670136137
0.008754856380058712
0.008742948640257113
0.008729408033919103
0.008719494640515331
0.008722898016881458
0.008716114721052147
0.008713578007503914
0.00871735657911066
0.008696225867158852
0.008686442063247066
0.008683197504719629
0.008681347418875359
0.008674799821212557
0.008665728066642559
0.008635090846846489
0.008622691949534333
0.008615511589521256
0.008629461984378865
0.008621177369351779
0.008617696273834527
0.008611692081078143
0.00857403763126202
0.008568948841207154
0.008563440119101456
0.008575155343247322
0.00856315901277493
0.008548828314690164
0.00852296754179065
0.008515041577203975
0.008475422990961538
0.008471872962979852
0.008446358638449883
0.008437444448490417
0.008430403792064481
0.008424013011533877
0.008399133423386365
0.008381068015219185
0.00834672827614051
0.00833925389670265
0.008328182128541656
0.008335046494826543
0.00831988826347167
0.008339378250630514
0.008336556296846168
0.008326277141977909
0.008297866246882108
0.008284204209845708
0.008294262093986341
0.008301538647129488
0.008323807767478611
0.008342260943690082
0.00831026495090794
0.008301129629381475
0.008300429558120388
0.008294275877349988
0.008282908286272114
0.008281048459753379
0.008290150401054172
0.008283257472611695
0.008300267669821957
0.008291472850023344
0.008290449152800363
0.00828377117025649
0.00827174829460884
0.008262465979796267
0.008264191855624601
0.008256869355920606
0.00822199575985883
0.008215699692646293
0.008216358556157792
0.008215577993385278
0.00821139804619652
0.008205137460382903
0.00821382594079249
0.008207092252931892
0.008195286260866439
0.008186206447372566
0.008174424416603696
0.008172553364555054
0.008179608833105314
0.0081571090288876
0.008142841668478345
0.008157952059577393
0.008146722654059786
0.008164304036528399
0.008156835967626374
0.008151423668545689
0.008118693014012055
0.008117704013921949
0.008105081776755231
0.008098023140651785
0.008073472901457334
0.008057439611165836
0.00804162891464863
0.008032301921783837
0.008028704274351213
0.008041019814662499
