-0.04369352012872696
-0.025471318513154984
0.06626476440578699
0.11596779897809029
0.09518694675837953
0.0801692156653319
0.06883167615160346
0.07223660871386528
0.09084794931113721
0.08557752079584383
0.07829651602272256
0.07152660514335508
0.08110662637045608
0.0779623586141194
0.07843749627500075
0.11037556241567742
0.10540044924063197
0.10068884389597532
0.09507119786576369
0.09038240195895057
0.08479073897152292
0.08093093207571656
0.07830560589112186
0.07508606708142905
0.07137749736788324
0.06834158596703437
0.06561561473063192
0.06568294209990136
0.061166854315282154
0.059069466292707914
0.05856530900564395
0.05745350425202174
0.055270520172437984
0.05423805886280856
0.053420573185172134
0.05111304491544394
0.05127432493578741
0.049986639200375445
0.04796876462351065
0.045118697370947675
0.04444883801209341
0.04324484804677668
0.04180016349313188
0.04057633665442053
0.04022262775612509
0.03929970258638818
0.03815009879326681
0.03733741720824749
0.03763751351041719
0.03658851689668189
0.04056322346038471
0.03959177825204535
0.0382045950736264
0.03790934740100055
0.03701403677821091
0.03676484065056826
0.03618480957811697
0.03524927484558231
0.034303106264754496
0.03354020916559106
0.03225005933857191
0.03196659211682835
0.031250186997567646
0.031131904119124202
0.030971565063351365
0.03031276091898499
0.02998035185223938
0.02939795728847114
0.029222779074085076
0.029477408173835085
0.02920768041803967
0.030198992362360733
0.0300517591090898
0.029481116376506782
0.029505676631264285
0.029149768854394645
0.02871520787280482
0.028257633451832145
0.02844091327715432
0.02815770899250321
0.02847465771540045
0.02790968774127807
0.02749457467386188
0.027336988684392584
0.026723887878307675
0.02696947588440801
0.02657260827122213
0.026400525948252478
0.026330789208360423
0.02563268587806845
0.02569169339435377
0.025498352337738752
0.024988136248058693
0.024916450771209044
0.02467500589530876
0.02448346968332171
0.024535399969733716
0.024344632208036877
0.02364100084989331
0.023428210623258037
0.02307658086818478
0.022664026885058326
0.022505395852092002
0.022284432987327726
0.022459495099885207
0.022290429351720778
0.020930455160042678
0.020655882278875947
0.020795887419742275
0.02177819312520761
0.021390381351271307
0.01967144337074781
0.019406349487039006
0.019304353580810122
0.019339999118779684
0.019249800177744754
0.018794807336111632
0.01947199822376099
0.019345202847034674
0.019762210231389826
0.019239627274295294
0.01928002530296251
0.018933202056477097
0.018778165322728465
0.017879114010452585
0.018023423510456955
0.017216197401467084
0.017298076573448888
0.017252899675021104
0.01726131686915908
0.01737812144247901
0.017287718871769445
0.01719999985175153
0.01681585446155321
0.01720640355436927
0.017115669288454986
0.017054283442279418
0.01752461146365638
0.017075075891833498
0.01693636548609626
0.01679477603322316
0.016741698999381216
0.016492813619455184
0.016261170574078544
0.016062123044744813
0.015921819411047124
0.015612441644456406
0.016173906075055634
0.0161141370306723
0.01600297130582646
0.016646473126265382
0.0160802835507282
0.01589301981745507
0.015074381024967292
0.014665527731920487
0.014530190711568131
0.014284025429736225
0.01331657262624436
0.013247737169149345
0.01319197335089587
0.013094578340741599
0.013152325491598059
0.013032955591703163
0.012931588325988173
0.0129660559167345
0.011783575226446834
0.017168276011943828
0.01712137529593425
0.016860161913449283
0.016651401432416252
0.01661231851226889
0.01632884137784643
0.016245233360677964
0.01614864786055738
0.015129336688088111
0.014981714311768809
0.015265846737788663
0.015296934669715094
0.015273218801464997
0.01517102279017284
0.015119893289910598
0.015008107342062618
0.01493260339149224
0.01482095289062961
0.014718312553257779
0.014487109474157971
0.014330251968126415
0.013951594624409666
0.01415792459860984
0.013774495448427116
0.013665877174389614
0.013608221976518387
0.013504906560800806
0.013404552302717313
0.01315518630976191
0.013077205292547255
0.013353896835016924
0.013562474839433793
0.013538170423998972
0.0134740584224129
0.01370312414353364
0.013641072450930566
0.013579980073058441
0.013560800054451325
0.013652217710047104
0.013545092618191886
0.013631975340943509
0.013931545335353858
0.01391899324953557
0.013941844095480395
0.01386605747008943
0.013865378348620293
0.013433032799686237
0.013755776629198439
0.013515492711492168
0.013648576347783973
0.013600173115798649
0.014200877900061006
0.01429461162029343
0.014879673542412705
0.014619741328731858
0.01465194149469047
0.013783406283307296
0.01268976603945097
0.012797906368443404
0.012751757282156521
0.01227550146888877
0.012179648393854572
0.012149333443654629
0.012152981831494615
0.012347887394596541
0.01226522066418578
0.012058843735159726
0.012140984290299273
0.012103158830649278
0.0120084233314805
0.011898101996160867
0.011691711133805788
0.011565412596489003
0.011463261622920088
0.011401692308169948
0.01144171494956095
0.01156919984982854
0.011490613787568053
0.011243479904658136
0.011259791002936883
0.011207441837834805
0.011106374663259679
0.011129053221084187
0.010962172022712727
0.010937449626720682
0.01097802119973768
0.010946655478218477
0.010883100839404799
0.010862229469239546
0.010793117894193145
0.010830819730415891
0.01086480338144401
0.010701418461170627
0.010617658946399093
0.010639493112836238
0.010599869859365915
0.010658194557904751
0.010618823405601231
0.010509690645332909
0.010309795061586786
0.010059058149310475
0.009881376248150792
0.00979138900853556
0.009744256853411234
0.009677978443077717
0.00961075560616214
0.00958919942202251
0.009490529803389859
0.009540258039571892
0.00956916805383639
0.009566813449395438
0.009568239401985888
0.009656442212872214
0.009621235591714074
0.009569775020862202
0.009560320370044076
0.00949016880263693
0.00944487416397846
0.009385758424763918
0.00931173983558961
0.00923856194519128
0.009228925347959814
0.009207826315682257
0.009169021935787863
0.009148756862611655
0.009108411505780227
0.009082316969787438
0.00901985830248539
0.009000552919649244
0.009021502625517023
0.009010218328408799
0.009027782168058699
0.009011316826411835
0.008996271397578115
0.009614482505820594
0.009500177026182267
0.009482433153224473
0.009499503349213572
0.009198250231527866
0.009203900890242834
0.009152187475202874
0.009146539686537053
0.009101147678560552
0.008955648264000228
0.008930625159663561
0.008918554583094283
0.00903126192101201
0.008961668786489308
0.008974313713857747
0.008714693203298178
0.00871206881952877
0.009312461079229669
0.009338849106279674
0.009030050692377717
0.008982203248599031
0.008919224150236646
0.008876093196176736
0.00886043802476847
0.0088026481823413
0.006814115666513786
0.006787795116329891
0.006658524317287573
0.006653042683716532
0.006637278200039968
0.006611561035198807
0.006595620558969125
0.006543291465680452
0.0065551212592634325
0.006414142083182629
0.006388230202995934
0.006319703774653471
0.00626738323654244
0.006247688132262906
0.006197022668275815
0.006165152815427933
0.006242194679482921
0.005269355451462116
0.005279129502815675
0.005328301536329798
0.005320011025666392
0.005307711069920406
0.005394124826729933
0.005392033715033909
0.005433108383475244
0.005318482545838136
0.005480337087770734
0.005465256670288652
0.00546020583862859
0.005443637835331465
0.005635165680344651
0.005634716828191116
0.005606487006030743
0.0055686569919796815
0.006502815152530065
0.006488452061080734
0.006454666104256219
0.006456820215104961
0.006597274963023172
0.0066187183878097045
0.006579171983069652
0.006527386610959308
0.006888149154901278
0.006867115106590954
0.006859823438995385
0.006829665115219547
0.006881887625170074
0.006846594184862436
0.006854586364235735
0.0067875164753244755
0.006845002308573125
0.006835171612991005
0.006787283424844621
0.00674166586265385
0.006742846664546057
0.006743485305649697
0.00672864382274999
0.006862542265935196
0.006847012366089589
0.006837949217230792
0.006810904351918596
0.006809050288230196
0.006776549865504861
0.006762327252176762
0.006766564303995984
0.0067487133932148495
0.006735966439602093
0.006752807876902701
0.006732981327863687
0.006809551952057818
0.0067733164609633375
0.0067204468434658455
0.0066781887238775844
0.006646804176307347
0.006635031238771073
0.006675160342611121
0.0066869111726809895
0.006818429623146392
0.006801852057034006
0.006701739740953957
0.0071619127094256566
0.007192343594165416
0.0072311624394821436
0.007402803278393287
0.007457826551427523
0.007534631918778126
0.007481256005790859
0.007553120469653383
0.00835178187204643
0.008343535460636098
0.008389767610873615
0.008393948755994876
0.00843125031036431
0.008438410475563232
0.008400357335855951
0.008615735985353317
0.008388581266055656
0.008351338744793097
0.008320623056394715
0.008302426217934138
0.00805521227583095
0.008045938286788077
0.00798135475581323
0.00816454151729908
0.008036846946256426
0.008046177061495902
0.008263063280205749
0.008215790967252343
0.0082021481451517
0.008093884857479599
0.008064221194126118
0.007999511158975441
0.007940862828247516
0.008000535145170457
0.007970380449812508
0.008155208311500132
0.008169415611627892
0.008047355528532061
0.008017869637736255
0.008019407848586629
0.007918852100950172
0.007883030506263832
0.00784861950703793
0.007894464483672195
0.007877792133940673
0.007832219260952093
0.007871863632967909
0.007698141207944432
0.007712588984561468
0.007697230533283394
0.007667578014534198
0.007735929821495141
0.007717848622930258
0.007694077175319377
0.007670096477697949
0.00764558543149384
0.007630709618975954
0.007601761453739099
0.007562592479316478
0.007547636511552012
0.007528520062745546
0.007548866728993598
0.007538287069501814
0.007532019747893007
0.007543499974170342
0.00755321414529182
0.007527810637746851
0.007517313725814352
0.00750343994693954
0.007496649401509182
0.007454306068953449
0.007434279209926633
0.007387514949572331
0.0073773222453079835
0.007364474041800105
0.007344917272884432
0.007323339776629851
0.007313782737831148
0.00726007642119418
0.0071512492939912785
0.007165122119279814
0.007154106541941586
0.007126103227360302
0.007081670030548806
0.007051957014037917
0.007082864208336467
0.0070813165872339445
0.007046902830942743
0.006963490265465086
0.007070525579072116
0.007081555670753393
0.007162196441684683
0.0071164953681551275
0.0078056178685801635
0.007800621500740925
0.008074255802709684
0.008159382866514311
0.008148545317222707
0.008146527997076308
0.00809774520681466
0.007996705819167716
0.007961373403261649
0.007930401899429436
0.007877723014526602
0.007959711571492188
0.007951262680450112
0.007941893478597936
0.007904460601711788
0.00786553227664221
0.0078109929419825285
0.007825283804415046
0.00778113298615802
0.007881674027885317
0.007865742900069639
0.007849547812732383
0.007841567088738562
0.007792303289704603
0.007774314295727355
0.0077501999587097845
0.0077328487459453815
0.007626455686563425
0.007638275199359205
0.007621259251434497
0.00754817372151181
0.007594172866286482
0.0075618094855517334
0.007718552159754639
0.007706538229738847
0.007760736878736114
0.007455626061107357
0.007431090825691075
0.007408566848050546
0.0073779974889421895
0.007408279703775882
0.007377252425782623
0.007582053008414784
0.007394221443906954
0.00739440239642457
0.007555719443469808
0.007528855121463599
0.007631914619292765
0.007639835363265216
0.00762438314451259
0.007597884932686368
0.007579196207530628
0.007562174929367709
0.007516256264339553
0.0075553946639841975
0.0075427038607928055
0.007518411786137396
0.007494329663414279
0.007505217152773898
0.007481047040217456
0.00746112176028484
0.00710226640766906
0.0070557796228372565
0.006942524667772416
0.006950425894392026
0.006930093412453404
0.006930081158582917
0.006854421849678952
0.006827688554219265
0.006800350019085694
0.006792259371146083
0.006747392834403358
0.006752377653998609
0.006821082548603435
0.006854994421710633
0.0067962144845944835
0.006772073344336609
0.006746988226660609
0.006740075492592747
0.006763084428104422
0.006807258241867113
0.006820303827177349
0.006819402008531245
0.006806129029790052
0.006789189379062064
0.006776836601262081
0.006762327674051009
0.0066838047833920125
0.006663785788863562
0.006642597253935011
0.006663102286466269
0.006637480668590628
0.0066197491762461595
0.006641872994418963
0.006606285152228763
0.006597961285841235
0.0065893281135020985
0.006579436907035591
0.006625899243781568
0.006637090517819993
0.006607390253363222
0.006601250907910812
0.006591760875713094
0.0065680486471772605
0.006571452180121219
0.006571409082899362
0.006377548140458495
0.006357207634764167
0.0063417009454449225
0.0062283261004372455
0.006243742813979336
0.006234119786411637
0.006217615615681706
0.0062077272580877765
0.0061988437759732925
0.006187594412637664
0.006149438073974476
0.006143001014823548
0.006155425933790424
0.006140746917074024
0.006121493030866175
0.006078122821644944
0.006081570256367625
0.006068520145372118
0.00605785229188956
0.006094237471395182
0.006084313522266515
0.006066846486577065
0.006024933351000082
0.006006575457364758
0.005978221509680494
0.005970121922013698
0.00596711287167476
0.005956171590017014
0.005954688728302439
0.005951572213011186
0.0058885665773386695
0.005851450024339527
0.005847127525086433
0.005840063906288043
0.005892132130361468
0.005877338565691519
0.005856220086140174
0.005851979948357401
0.005854240990420472
0.00583708420724793
0.005838024898634219
0.0058252482691974515
0.005841207745263864
0.005823176060822078
0.005824610072371666
0.005812464949762358
0.005822964368051139
0.005810251181121035
0.005818113868110728
0.005809982345401289
0.005794645085965083
0.005781807383644485
0.005767387019631873
0.00577694405734908
0.005769744332263319
0.005765438392204833
0.005761650243843176
0.005747564256667634
0.0057505888934571625
0.005742040361059817
0.005724036043687968
0.005814404614810627
0.0057941533980079415
0.005810935840772658
0.00578186573413351
0.005756955007909204
0.0057263414129617345
0.005706236398629929
0.005720195157165152
0.005719006229687871
0.005685894857325219
0.005698969255955906
0.005774920142631249
0.005782395350075246
0.005758205407983051
0.005883784908417549
0.005880665383451044
0.005883158335753175
0.005916150049686853
0.005866202222413637
0.005855824885720703
0.005857964152526328
0.005839127295075748
0.005742279448219871
0.005753134218516152
0.005735382203674981
0.005729923473422609
0.005729165981626339
0.00573939753553991
0.005750574600165079
0.0057477465646210025
0.005735149672013576
0.0057142768783838786
0.005710754260561202
0.005710213282291084
0.005689243615461956
0.00567659255638477
0.0056923453877691646
0.005704805185628593
0.005704555827079854
0.00566772816363619
0.005683281020401478
0.005664613990567459
0.005669760892944506
0.005679144670438308
0.005685276639530389
0.005673165012717879
0.0056633818809517485
0.005661854118672733
0.005652945714988882
0.005657814727625757
0.00565257462582534
0.0056363533248839255
0.005633946669737941
0.005633245943055151
0.0056371241565540305
0.005641534052823238
0.005636439874766169
0.0056651877994880395
0.0056234158045443735
0.005610127771348145
0.005576366109963598
0.005576105986300134
0.005575528399952865
0.005567940709492906
0.0055551924166056576
0.0055767618850453456
0.0055581263674791305
0.005564011892535234
0.0055593243993139335
0.00555363115166114
0.005562015697106522
0.005549299866818422
0.005538048896715979
0.005561394091971648
0.005554331125459496
0.005521750171251341
0.005516917630571794
0.0055047022751261885
0.005502811046422706
0.005502529223504936
0.005475608923376941
0.005366180375644685
0.005315672789925863
0.005307528751106786
0.0053334019096131485
0.0053762881986992314
0.0053590215381553764
0.005352879777273256
0.005341843054117182
0.005319147109417914
0.0053100428624376144
0.005272010138846107
0.005257627146657688
0.005245906199419752
0.0052083895707363236
0.005188117902816846
0.005185038092079141
0.005175979837514829
0.005158136336089523
0.005129983193008086
0.005126932865375877
0.0050700926064072
0.005059750932304382
0.005052835623262754
0.0050417219275850625
0.005034570579854822
0.005097486982407462
0.005089420167417471
0.005250769686911473
0.005242554460001545
0.005292152565123522
0.005284996997915332
0.005255438595585353
0.005258164194413284
0.0052432672047181845
0.005228124410224416
0.005208421208483762
0.0052279674506763235
0.0052188544690047
0.00520816625114937
0.0052073969568927425
0.005175593548601644
0.005188011212135892
0.005186282094627704
0.005176777324325639
0.005160696785580263
0.005174825691300497
0.005177847085561247
0.005193994905812083
0.005182223971781766
0.005159651854040006
0.005159412575337869
0.005138687680328119
0.005126726257603886
0.005122836566311153
0.005111216109797183
0.00504780151076447
0.0050382002447252605
0.0050230543992680335
0.005024249832569509
0.005014487918307799
0.005000978496057793
0.004994750560373703
0.005004832687673461
0.00499440769798226
0.004988043531483728
0.004978368708911546
0.0049921453625133465
0.005029354970691523
0.00501194030023138
0.005004999355226793
0.005012467626242738
0.005014084142813171
0.0050083183902976044
0.0049994754856578635
0.004989947595239434
0.004990767871535658
0.0049837052548063815
0.004987154536347871
0.004985798027913389
0.004952650989590647
0.0049535657153815015
0.004968044399124447
0.004969428929010082
0.004964449471729213
0.004972344928966363
0.00497489872758961
0.004978717016327682
0.005001788557047716
0.004987532955499814
0.004989387508342799
0.004993928099267978
0.004967243263792253
0.004960087165350815
0.004969438907497802
0.004950558730999633
0.004941506111005758
0.00493587899534984
0.004930162333043645
0.004932083608035634
0.004913203378894246
0.004909214522157069
0.0049059161341600275
0.004898613728531505
0.004920937407592325
0.004914681934738595
0.004914299997991445
0.004913947357776645
0.004916098369479496
0.00489690715415313
0.004982562021512242
0.004970096998568116
0.004974546245241959
0.004952375742767234
0.0049449222384413665
0.004943686833564256
0.004899023608027356
0.004895123285896942
0.0049103296101611505
0.004904180219791235
0.004910502719093091
0.004897750536300284
0.004879621295752069
0.0048727029733976746
0.004888586091839588
0.004907426365866539
0.004908748232709002
0.004919166873051079
0.0049326001110520015
0.00492107900861637
0.004917900187660683
0.004920417309547373
0.004918801197502053
0.004932839555460146
0.004922565643371842
0.004915513481291851
0.004905152454986645
0.0048950657228117814
0.004845887769061664
0.00483992583612488
0.004841570142518632
0.004832707809721287
0.00480513793721241
0.004805397664166057
0.0048120177136040405
0.0048078493722470495
0.004790748371904976
0.004794020517625705
0.0047606728985475156
0.004742585387004645
0.004738115950790861
0.004743466821848808
0.004739175746904341
0.00473158000446145
0.004719192505280904
0.004710159859181352
0.004711026247389798
0.004714685192374044
0.004722810311204995
0.004702776998323758
0.004707328224549657
0.004699615200283139
0.004660375962063713
0.004657727347864073
0.0046388139726951175
0.004631868396835786
0.004638280240803688
0.004631689673188911
0.004633860537337647
0.004624884147007011
0.004644406137223341
0.004639280117109898
0.004628527975594705
0.004611189029911542
0.004583220105989482
0.004578509021297514
0.00453992583588705
0.004524925406947277
0.00451602979187187
0.004463498755202901
0.004471125389628759
0.004491301981049442
0.004472855574780837
0.004468059968794774
0.00446165512391518
0.004464547585285909
0.004421553583252338
0.0044351885156718234
0.0044387487244056485
0.004430534397705257
0.004438820113160199
0.00443261371517958
0.0043995858540197405
0.004390691803843208
0.004388887671755376
0.0043875232854154395
0.004387791862594405
0.00434804292470259
0.004342142276717822
0.004335098909022783
0.004328848311738184
0.004322659331001173
0.004323352834502866
0.004321385178068583
0.004322565914407502
0.0043231409612830085
0.004333476742802475
0.004327644037456324
0.004321631246154365
0.004327094729027882
0.004328842897809555
0.004332584833633571
0.00433730136624543
0.004325456241243351
0.004316561131580767
0.00430724567412353
0.0042899720611971675
0.0042643737420252565
0.004254138900266861
0.004264235598851392
0.004209252602277848
0.004205214360109864
0.004189947723008918
0.004165048669851459
0.004155866441237895
0.0041568232030870554
0.004169118247164932
0.0041594521136237555
0.004164295870085393
0.004164790643177396
0.004138389341247809
0.004115693164639514
0.0041378554190202015
0.004019250861521722
0.004019094573773059
0.0040073808409135415
0.004004699709088712
0.004010402665174084
0.004014391105561188
0.003998873648144573
0.00398637455480993
0.003978267705143051
0.003966843050187602
0.00396282667051025
0.003961988954559205
0.0039656639475739944
0.003940547260771506
0.003930542257795853
0.003925619877646119
0.003925198215742184
0.003924673693614814
0.003928825232627378
0.003929085878518858
0.003915995419971298
0.003911909834774504
