5.848892033100128e-05
0.012882769107818604
0.032383425161242485
0.06265761107206345
0.1470847564438979
0.1313574362014021
0.14942118944600224
0.13086395524442196
0.1199667615815997
0.10726727833124723
0.11642542993649839
0.11048186355485366
0.10450081354273218
0.09328549541532995
0.08743336630504929
0.08182860913289274
0.06652073647193094
0.06498709087885035
0.062230034844833436
0.06341594131386263
0.05962627899399113
0.05946465899266871
0.056570839619477446
0.05364023374160753
0.029196665136483866
0.028114828986064024
0.024070102636220076
0.023478794889123158
0.022658316789117342
0.02426085476725994
0.023819283929697132
0.0229106204933487
0.022280052850392713
0.022295336955825678
0.021900189883631873
0.02067713414136372
0.01976360853510224
0.020242461813792884
0.01995015430584318
0.0192676625177605
0.01817193571783026
0.017846289630925157
0.017180837922337978
0.016933539363607353
0.01660782139642043
0.0162199490463381
0.016142450363986434
0.016106459705339637
0.015626180091639987
0.01503832108117458
0.014289382875386558
0.013121982609176627
0.012795577734424222
0.011919328446542343
0.012322219632291572
0.012456077636064345
0.014345181924250815
0.013381235122925338
0.01308532308612485
0.012517241374627676
0.01221225432762426
0.012287950330776063
0.011926275280529813
0.011128869089477057
0.011781815674939114
0.010636822065970964
0.010117825623156565
0.01021044313539819
0.009512908925535165
0.009425427773672255
0.00920911074677457
0.009159513675027266
0.008868800843530972
0.009373956635439155
0.008618274571122854
0.007280348826580773
0.007124054635940605
0.007775521291201778
0.007651007183449119
0.007643936255826037
0.00747287562670664
0.00897966090418646
0.00906767495117883
0.00965675258776174
0.010028195358287596
0.015174259856509203
0.015481030004263058
0.015613616210685818
0.015426939826122388
0.015244813750441715
0.014809115356436694
0.014608095091472196
0.013901831425523313
0.013365149382183236
0.014814158166094184
0.014389392796822244
0.015210689256343123
0.01841045050785379
0.018368078620987948
0.01783303879743147
0.017694052273987376
0.01773745635495006
0.018216332959687304
0.01837592018668407
0.018242568143902634
0.017921459797452095
0.017658229483425172
0.020633811777812185
0.020784042315790435
0.024444230988953135
0.02407474531199634
0.023947558915386788
0.0269941894900209
0.02679711992234883
0.027183230939734702
0.02844446130707845
0.028426273242014043
0.028316769691696792
0.027672819581251448
0.031143701555927043
0.031046271405743873
0.030947985223634556
0.030411392560645557
0.030564700742717842
0.03016663088956627
0.030027852699391587
0.030428079136527245
0.029973233022542987
0.02892137551456333
0.028697290579976796
0.028515547254232165
0.028315697929251222
0.028118302482232432
0.02797920992899756
0.027551788843137578
0.029356378062210142
0.02934959285809875
0.028886045945268935
0.028494617242748592
0.028108758144724647
0.027781048572776374
0.027514772385055977
0.02720586097914041
0.026908454516950748
0.02645876147578573
0.02634203328781122
0.026277056492069063
0.026270785337335893
0.025800965899834417
0.026779782273328643
0.027022377611980414
0.025647741102908742
0.02735492836210769
0.027817900502498483
0.02850575475223686
0.028237178031530148
0.027761278709004748
0.027917870829605257
0.028409692726199875
0.028761367747048214
0.028495292293905277
0.028177365854573932
0.02777529597564931
0.027689123379108928
0.0274708738928543
0.027288288312676944
0.02734858945110492
0.026876882831469603
0.028357612702872282
0.02827469642888156
0.028143292200564805
0.02927834247178372
0.029779966872107867
0.029596042656672327
0.02939239716314743
0.028612176287527293
0.028275436172039474
0.028030680393339686
0.028343498183918812
0.028327612561052828
0.028008548281562348
0.028054532055206135
0.02749073485629988
0.02729445467797436
0.027171964388808884
0.02682453535595551
0.026707973759410853
0.02649374168443805
0.026143032373358063
0.026067486849274613
0.025942863428099382
0.02537938373113882
0.025214478327621498
0.024944749839591975
0.025375846414339782
0.02518129690761826
0.024848638626575166
0.024514151781261564
0.024423156783159372
0.023932052518771653
0.026305567834809862
0.030171712660609203
0.030005097941337988
0.02992588280240166
0.02977965426268464
0.029023264498497115
0.0286587853152014
0.028062550319552557
0.02838454175091882
0.02824419856449961
0.028065912412064385
0.02816784448736947
0.028085254972406763
0.027989142615250644
0.02788948726649526
0.027737758793784442
0.027686732502626432
0.027588592255094677
0.027509350443671633
0.027205433321187522
0.02716188579519817
0.027190589571252657
0.026992045571335315
0.026743774384829326
0.026621068742041752
0.026555973544895306
0.026451993101274416
0.02627926281684863
0.026123506685911232
0.025927368628850925
0.02569159878701863
0.025943125271120474
0.0258198372000315
0.025763429095720915
0.025535652363402536
0.02468519772276212
0.024067851969876385
0.023902455014303315
0.023924596806318733
0.02387430840843315
0.023722226116450293
0.023575549807980156
0.02339506365399862
0.023312832172532404
0.023134908859184535
0.023051636712767026
0.023038053897072405
0.022876359040551568
0.022771649070782593
0.022627862664523997
0.022608861102425083
0.02194834180731187
0.022885875568100015
0.022617083843386572
0.022299170971336938
0.02230968002790716
0.022213441712101347
0.022009077948260996
0.02161468726900729
0.02152226423337107
0.021773948673405936
0.021750058257950566
0.021692517183317144
0.021524716145578635
0.02145859392870155
0.021783868733170876
0.021848723802970964
0.021785367685101836
0.021568838385994448
0.02165717402334769
0.021572590959027266
0.021629736294173352
0.021517189113588086
0.021520830483641482
0.021769237538598878
0.021813778061502104
0.021841663045837154
0.021731254477162374
0.021687753594388993
0.021469483453013156
0.021461809023674783
0.021406337211785562
0.021363631328018585
0.021771738525651597
0.022776680618526186
0.025259777661193923
0.025441660562945705
0.02550846672553254
0.025365995562129564
0.025326539580894262
0.025193396491063957
0.025002416078066424
0.02514642603211517
0.025205101395791435
0.025122447549153087
0.02630102499533188
0.026188457193479706
0.02622740909735202
0.02597831724463807
0.02623176384980998
0.025699873371026638
0.025611017185390897
0.025527223243299986
0.02538769045772154
0.025679787179779305
0.025606306154676798
0.025336495455688585
0.025387526185569755
0.025322628798030867
0.02525129399829099
0.025253243087858077
0.025209217091476308
0.025107919671728467
0.025056418951135136
0.02499930541597667
0.02491904335035517
0.024754248125480098
0.02464931141705542
0.024493571894163332
0.02445958215236299
0.024277751634269092
0.024260031554780202
0.024182084112975715
0.024088053409762396
0.0240756892443826
0.024399885826776893
0.024295251094061804
0.024197898342487853
0.02411361645402697
0.023964226273489195
0.023871362730559148
0.024039463019285168
0.024169561753787018
0.024091498082705224
0.023968369341240577
0.024052400226415974
0.02402702126994359
0.023931911246951352
0.02395363403364385
0.023876455138796587
0.023777584141094436
0.023710683124097808
0.023728306714051423
0.023689619921640467
0.023102182189892222
0.02300650168559848
0.02300464584583806
0.02295201419493086
0.022901846363508525
0.022834355115228477
0.022684032269601365
0.02134575773173646
0.021373642984900007
0.02131412876655123
0.021520076000577693
0.021457229730645726
0.021422512741016683
0.021263461938928172
0.021837502899223975
0.021733633095657803
0.021573010209635222
0.021521052823000448
0.0214650845131133
0.021416681738449114
0.021371020690081212
0.021280013465250207
0.021188090141747457
0.021175513666301066
0.02114252214134367
0.02112642877105737
0.021159011356298472
0.021091785602896995
0.021033868633296548
0.020983506855399636
0.021180265817941055
0.021202850624435964
0.021119993899008926
0.02108378975426697
0.02100942234438229
0.02086592417316059
0.020767909728986535
0.020717783418439023
0.020873645900943885
0.020833542490190524
0.02084003581132839
0.0208695988341966
0.02079651563037689
0.020714764741391816
0.02065194827065658
0.02053017944798391
0.02108840815433684
0.021129431994661493
0.02110684262177915
0.02107826453424352
0.02103382444042697
0.02089539361705355
0.020851006903527668
0.02073240992429322
0.02065875659129232
0.020660061216326724
0.020621439574236525
0.020606835227299048
0.020583850294864488
0.02052002666923389
0.020423248098398152
0.020385517514652864
0.020314371957604573
0.02021715876120905
0.020221470319240053
0.020159758127905162
0.020104580361184714
0.02031249483637444
0.020254211421692654
0.02016728526466605
0.020117312108945604
0.020084619656097976
0.020057474254100233
0.020060363543488814
0.0200224100168617
0.019990572745683922
0.019958658512434547
0.019889847146474866
0.019819969186155164
0.019676086286849838
0.01901658440550938
0.018995318186646043
0.018976132087322455
0.01878979008228003
0.018743348960374846
0.018770478975369206
0.018868529529384052
0.01893661850708478
0.01887896740841271
0.01888611802413802
0.0188481281810534
0.018803404444334187
0.01876099490014129
0.018749286947296686
0.018780133549907145
0.018762776660342217
0.018698405757297774
0.018655836773756665
0.01857276307235403
0.01860909074612923
0.018557452832947935
0.018554758632886865
0.018552438828139967
0.01827310665198424
0.018433493713382616
0.018384471173530342
0.018488282009400826
0.01832572965462286
0.01821172838986518
0.0180312113214673
0.01804509392266545
0.016090053691288256
0.016014424808715833
0.01595459615609817
0.015477324861516848
0.015444510332773357
0.015093588549694148
0.015058895795541705
0.015041698413903033
0.015090584579945325
0.01506177412946568
0.015014632604268375
0.015000962343068913
0.015115566425837631
0.015079748450451463
0.015098987181073801
0.015080411069270735
0.015034756187327889
0.01496415095180783
0.014940234041576706
0.014858707687044663
0.014862726408591879
0.014970536740490899
0.014818783883746151
0.014819827209430503
0.01472888345101154
0.014717158236631656
0.014798363803029742
0.014777543858580725
0.014739519028117886
0.014604594827478225
0.014602331292348876
0.01459035280682565
0.014580972289622716
0.014520386266949743
0.014517995341806117
0.014553336976275847
0.014502743303229823
0.014488558190439243
0.014439374068987099
0.014465920551775773
0.014449230376284334
0.01433471802890441
0.01429088254303358
0.014250752448802795
0.014227086952106708
0.014255555245266519
0.014273007575072565
0.01425106504757421
0.014436427458410714
0.014415644450442619
0.014392855624242114
0.014325416127382942
0.014290665199272024
0.014261424980884145
0.014199633939773073
0.014212993040246128
0.014205035509597891
0.014170255721048415
0.014139268972042892
0.014119099301977295
0.014081059325246817
0.014045068175886096
0.014071895859136025
0.014042495884216159
0.014022878527591227
0.014002028438780024
0.014025414273513188
0.014015510287278007
0.013960132354072143
0.013939944834239451
0.013914791600066492
0.01385283488299604
0.013830940580454993
0.013808050060442646
0.0137102916924872
0.013679070197110555
0.013628271565856444
0.013598109072480638
0.013583894904537508
0.013545607497486433
0.013505448094045367
0.013496599486660278
0.01337677396333676
0.013356922584352997
0.013366485944374097
0.013359582649820512
0.013329555164948843
0.013297870325700102
0.013250975758734424
0.01324774648149022
0.013202392538946442
0.013207416519408786
0.013217445531010084
0.01314211782427842
0.01310298839662588
0.013076897226552385
0.013022236787262704
0.012977414430137576
0.012952844293678989
0.012955493640645374
0.012937552008662473
0.012923196485344521
0.012890006805193633
0.012860145754322198
0.012841027150546485
0.012801542432582675
0.012767110925811275
0.012725580570573661
0.01273314140642275
0.012705953723657208
0.012702226097780931
0.012808455348803495
0.012928950671730178
0.012933469388282671
0.013170085176409604
0.013143357002848782
0.013114119676936473
0.013096078854899539
0.01316855217552865
0.01281617808955262
0.012810962382208494
0.012817957333190794
0.012775260233883267
0.012740196240463707
0.012748588672630717
0.012692639505997924
0.012668818378969576
0.012652643596034251
0.01263256887009797
0.012596748477053022
0.012566471152884956
0.0125473198656319
0.012534166259117144
0.012534931903286693
0.012506561474945527
0.012495989272350481
0.01244672113604699
0.012440758028031585
0.012426350213892505
0.012402473286539626
0.012386369981281955
0.012371149828484633
0.012329204866424734
0.012307892706012348
0.012300106526713522
0.01227803886953147
0.01222206562005329
0.012241719121387879
0.012206635880091585
0.01218770746592733
0.012176127323176541
0.012159742014965122
0.01213601895868747
0.012157675226745723
0.012125759808317663
0.01209989246464139
0.012090710426838744
0.012068977518612361
0.012042627913491205
0.012451830465012442
0.012442732536055842
0.012422420076988586
0.012406191995913933
0.01240177785103667
0.012387343625781375
0.012348164837641586
0.012383299179042179
0.012289167286722563
0.012285031219245863
0.01226511552057507
0.012234558240167772
0.012248086912350228
0.012254541272170532
0.01224348861303749
0.012242460201493284
0.012236155991236558
0.012233158766476307
0.012218193305527406
0.012189949337827534
0.012166800326164351
0.012136803982566283
0.012142612439951399
0.012115558335590002
0.0120929793686173
0.012056273538860822
0.011990028318763717
0.01196935768392187
0.011965227326219505
0.011949877441515997
0.011910424604386608
0.011898236782363809
0.011880149413268495
0.011914423442539327
0.011910839982984514
0.011890422923931387
0.011832376998326772
0.011829964735855064
0.011755858868973214
0.011737158951546842
0.0117172536142678
0.011677152343734724
0.01162835425819521
0.011630381771025204
0.011614862213459816
0.01159973359139638
0.011590751626532673
0.011571106324413076
0.01155932865073836
0.011538214286696519
0.011525341382104412
0.011510408703840621
0.011497482741214994
0.011505021420069062
0.011480223082497706
0.011443840969350796
0.011436517337339566
0.011404026088809577
0.011390316099519515
0.0113532262265734
0.01130799101313443
0.011296054792473169
0.011276037482863124
0.0112567460964676
0.011232156124820267
0.011232266859477938
0.011217551746074856
0.01119016494858829
0.011187384012405429
0.01114753988162737
0.011135226725619328
0.011123134562224787
0.011118122778667427
0.01109029195745035
0.011086083901497753
0.01106971655745705
0.011060861973561324
0.01106067314473704
0.01106626612548777
0.011049983187255337
0.011032500194013322
0.011023367712482307
0.011028049328358762
0.011009331048592507
0.010988357506950187
0.010972379188785016
0.010959493732761439
0.010956421784735661
0.010948144441954353
0.010891204356531287
0.010880222944560902
0.010865697635183257
0.010854829231625366
0.0108944431015199
0.010930614060563242
0.010921977555964456
0.011012154569798028
0.011005745166780418
0.010983007456492616
0.010972936743165369
0.01094990798499657
0.010914027952578372
0.010855480760663758
0.010868737582201183
0.010856382288127653
0.010832635799431573
0.010816336990231863
0.010791481952664385
0.01076498143184378
0.01075091889083931
0.010753331602220395
0.01075093098583841
0.010722286174283936
0.01070514057184996
0.01069806348073953
0.010681568710912187
0.01067687433867116
0.010668045443193325
0.010643112234371884
0.010658289965750573
0.010649598560160919
0.010629192276188366
0.010637967747317182
0.010630412847384956
0.010612430862769348
0.010565974163973967
0.010455587445835163
0.010428419197581442
0.010396452139981995
0.010378852799798883
0.0104120605065061
0.010386368476137723
0.01037256413872913
0.010391124604415656
0.010372244264969296
0.010373164611980484
0.01039631364925454
0.010428123165005177
0.01046082583835518
0.01050485737551627
0.01049408785418747
0.010533039148718854
0.010488568168137495
0.010479528269227734
0.010505857569890066
0.010497767206579122
0.010508051095690812
0.010434042777157265
0.010423338253159845
0.010392933908973223
0.010401185823571947
0.010386069189319077
0.010377215749069068
0.010359220326067014
0.010360657746106842
0.010357458773197437
0.010337659020926584
0.010331743240832659
0.010313999933620518
0.010303861656594249
0.010297519778066202
0.01028015119677016
0.010262735586669987
0.0102450039416844
0.0102331128703111
0.010214199501970106
0.010171130511892166
0.010164590785911764
0.010149498558664117
0.010198623832399745
0.010189123098057484
0.010184488773472873
0.010183175372795698
0.010165051879405246
0.010191729047101385
0.010222646613864647
0.010247754829154045
0.010226338918617088
0.010215045892498905
0.010200587089016815
0.01018682171535198
0.010176835224563216
0.010181774111485926
0.010180961550949193
0.010167674498989077
0.0101646546461691
0.010166876272252242
0.010178026246728386
0.010170061811256004
0.010118301252592998
0.010120708225463943
0.01010996410196914
0.01009713820390557
0.010083338490415919
0.00998850052110581
0.009967340122595142
0.009898237976409886
0.009895337334907644
0.009872630739126058
0.009846843028922449
0.009844453587100043
0.009836007389554877
0.009783794917884938
0.009774523017388148
0.0097684193283629
0.009747260850838624
0.009688483082686232
0.009677937299326884
0.009676434433979758
0.009668811690944223
0.009795006432551635
0.009785522414888557
0.009789008592967687
0.00980646448551545
0.009772426650490537
0.009762732715439223
0.009773446244637926
0.009942920641401462
0.009908661007222595
0.00993337312446277
0.009918930541127129
0.009898083366453925
0.00988069658967425
0.009854248827729869
0.009841186041740002
0.009873282964604073
0.009850103414354508
0.009835783130808845
0.009815857543118168
0.009820593105933556
0.009799120511126762
0.009777062304694275
0.009777786464323038
0.009766707312321462
0.009760933120440528
0.00979966208967052
0.009777469697995648
0.009762183700068304
0.009773627701424014
0.00977747867034329
0.009739425193571986
0.009726845346916362
0.009716161207716841
0.00967194476718223
0.009644529445544914
0.009646742990932456
0.009645261879670844
0.009608421304287726
0.009596256381411405
0.009624515876081109
0.009616791736435383
0.009601156256931554
0.009590310666463089
0.009577784576860253
0.009561629150157805
0.00956738794520663
0.009549544498807945
0.009538838712898332
0.009528877261914983
0.009517111067360797
0.009509440370696887
0.009504446326116495
0.00949438646403783
0.009492465423331865
0.009488465241388026
0.009473166790272602
0.009471940458719217
0.009507917339426
0.009496075501703663
0.009481005726999071
0.00948995456345086
0.009598256437022086
0.009563733725699748
0.009530822909522238
0.009486882089999545
0.009480445348537724
0.009476795441408656
0.009468041288580125
0.00949691410944875
0.009481144613389954
0.009475846190883071
0.009455746108435826
0.009424167643888448
0.009384758028884709
0.009371904482605813
0.009359258997284306
0.009354905443357152
0.009333962903767751
0.009335607846749923
0.009322707465552667
0.009328645273070897
0.00928477338087681
0.00928676037143096
0.009278832711603405
0.009287064546203636
0.009265819587112215
0.009242921720598176
0.009265951914433537
0.009172039775080265
0.009181001788683361
0.009168096255938318
0.009213266298211668
0.00920746189609706
0.009081095528427325
0.009024035074632944
0.009042733560659311
0.009049078517694702
0.009052751293636193
0.009071050288798978
0.009058296891288021
0.009070590198183072
0.009064905249902737
0.009072122462039884
0.009068907104114034
0.009048555092291492
0.009035399172033174
0.00887783746927194
0.008867324746568463
0.00890568522796881
0.0089054881783394
0.009075836148557028
0.009059023513020585
0.00903808338774754
0.00902050693834441
0.00901192813394021
0.008992299101174153
0.008982788855087596
0.008979738474812916
0.008973220833267676
0.008956425257486647
0.008945325339572593
0.008979414694224861
0.008975856273145488
0.008967522490560834
0.008957163429433033
0.008947463224927931
0.00893260253519465
0.008914200419140829
0.008897775554354934
0.008919526110598278
0.008921292085014475
0.008891241372535693
0.008885278218617322
0.008902309425403406
0.00889021279714749
0.00887149683469722
0.008846312824597004
0.008803471347809354
0.008807613685726152
0.008796821704370792
0.008773809331531901
0.008730927042951062
0.008719664203769848
0.008719828652705269
0.008692866489027154
0.008684708362173797
0.00868679312814253
0.008619296050894686
0.008613089608574511
0.008571431174850425
0.008562275143407025
0.00856390337082257
0.008562301421977945
0.008555698198284402
0.008549781892762271
0.008538002059268066
0.008515665550666903
0.008504753119699724
0.008495702547621269
0.00848083938519248
0.00846878017944002
0.008496505858682342
0.008474983527798293
0.008447126727654804
0.00842016390877578
0.008415525863943271
0.00840856238151431
0.008405350102604087
0.00837647129809184
0.008370661565065196
0.00835978310570648
0.008351390391430343
0.008334089311671244
0.00832646390322029
0.008328550142585298
0.008318535874008787
