0.016876114532351494
0.019509030506014824
0.019281889777630568
0.011522562056779862
0.013319948067267738
0.012071289787335057
0.05395561794284731
0.04780240248267849
0.04693154781125485
0.042914004446091975
0.03416896048778047
0.0494277230463922
0.04945353521699353
0.04636541112946969
0.04474466135434342
0.041782997863586344
0.03899553716958812
0.03738720473637315
0.0355257223796798
0.03827659497203838
0.034764533478830184
0.034113392271810095
0.0354434640200149
0.030473011469002817
0.02999565982967257
0.028988291809111142
0.027944992086434334
0.02715746129276873
0.024815104612692568
0.024581528619878116
0.023840209969421267
0.022758619074893155
0.022148802429643077
0.021728185782142515
0.02094833154923334
0.020011094982446347
0.019666295552221862
0.02203426820984206
0.021809880230284764
0.021360445788936554
0.02279137405206538
0.022550898256202684
0.022101063766802494
0.02125082332511536
0.020813295697418813
0.020919099726288165
0.0200916498809723
0.01968016804134169
0.019273733961163088
0.01876054699509861
0.018191434468742673
0.01809430402541041
0.017828305259441818
0.01762288477673957
0.017577925072276096
0.016250039703057453
0.01583814722835086
0.015608885719133065
0.015115037668147122
0.014629092173398943
0.014522363265578242
0.014315269058681135
0.014611050078201512
0.01512996749146483
0.014568312233843075
0.013112140985365619
0.012956192459301637
0.012320403241640144
0.012153718885799338
0.012592343901264362
0.012364505194353921
0.012347107254804352
0.012275176424048588
0.012096447130509964
0.011922560072363062
0.01210279567182282
0.011922906934229947
0.011710014305507792
0.011520862971519823
0.01300818999341034
0.012876609705882605
0.013354072596243844
0.014951793079879804
0.015152109591701235
0.014749930956980302
0.01477818739340887
0.014737275875549214
0.014841731158320614
0.01498878898500051
0.014641588698985608
0.014482881640382719
0.014564445772413564
0.013608423110588077
0.013144636143758697
0.012909909341033199
0.01263668593535315
0.012375635674047493
0.012556671427746274
0.012408845135360025
0.012676606276925507
0.012640617102471309
0.013431391859024727
0.013214372841153258
0.013177786066219034
0.013247190508442353
0.012663048430385123
0.012505067550659147
0.012139239805054197
0.012273307419276208
0.012059763698473678
0.011989716302715746
0.01204547221284047
0.014048765899037556
0.013751941671817692
0.013671941292002516
0.013532369982144748
0.013231938439954112
0.01310810279991369
0.0129261159876478
0.012590074888141914
0.012544826168822685
0.01238062319381739
0.011817984361363014
0.011735614580567938
0.011637677881120169
0.011762194701206449
0.011744527079827104
0.011662982421378478
0.01147331569899018
0.011327038500422467
0.011218608133882917
0.011127389152534316
0.011032996161444706
0.010852725249370225
0.010919512205873626
0.011002763844924534
0.010973351218811907
0.011052433931496566
0.010993429856275085
0.010724686731003128
0.010446601361200276
0.009903819734145981
0.010825804238265856
0.007761707295792124
0.007767045478917005
0.00770624901871293
0.007605074130854504
0.007439098795938422
0.007367856901449471
0.006976869797630134
0.006875664708020764
0.006766943408638931
0.0067350357489708865
0.0069415382425030495
0.006893386871804708
0.0069264904551421674
0.006761000112960526
0.006576968414076386
0.006889829503779776
0.006702143766899945
0.0068596951465157005
0.0070258085515944434
0.00704896565748198
0.007098736533556483
0.0069306389672726685
0.006791412661655142
0.006760649116282983
0.006684958421592143
0.006645988234017493
0.00650390457533497
0.006467941227276971
0.006384966931994906
0.006363151835186695
0.006294041123640334
0.006324431427029521
0.006290741441745089
0.006238006980791488
0.006145069577897694
0.005971897573908799
0.005872187795740103
0.005886874688088207
0.0059240972922219295
0.005896106381956295
0.006172719476366979
0.006139810448036769
0.005959307187844456
0.005944459705905839
0.005922905550087027
0.006012383633979457
0.005960147858338916
0.006078545985171035
0.006153947438494614
0.006083371632578838
0.005902686444087296
0.005898506457831871
0.005881570181502084
0.00575835755061961
0.005786120223499206
0.006015509149292492
0.0059059283647463915
0.0059316634387239
0.005889811008260248
0.005879837690907374
0.005924668194862408
0.00590934725794761
0.005777325708383098
0.005726685333334346
0.005731041794954738
0.00558553601260342
0.005531655463403301
0.0057850281053380935
0.005758745211041037
0.005740510813334843
0.0056874900298236495
0.00565266631558728
0.005547015064541894
0.005424774857985565
0.005506563471889633
0.005750866267639643
0.005765042313568437
0.005889627603742696
0.005912639283692063
0.0075236555416527875
0.007523550324452427
0.007441249918666535
0.007327094382302851
0.007267251238533254
0.007228627540150819
0.007226987719110666
0.00713129979971539
0.007324676171390765
0.007335743148883116
0.0073123932243961695
0.007275907108758366
0.007206429273553074
0.007270040065207318
0.007233444002590016
0.007224940583811278
0.007178742158187872
0.007116457106375542
0.007434908445916832
0.00738457852587442
0.007376820651516632
0.007341253160670104
0.007218005480169047
0.0068804690433357015
0.00691606709358073
0.006922332143568139
0.006895168378949173
0.007173519076935332
0.007641666627947309
0.007312713301346716
0.007379817028390619
0.007328928630872109
0.007320762386370925
0.007432624791904654
0.007409118862223437
0.007365218558776628
0.007344774583963542
0.0072647996248598945
0.007346216970450388
0.007300713681173253
0.007276316771767053
0.0072290389416387974
0.007214834999828781
0.007167071027747512
0.0072876580633786095
0.007227858189635374
0.007243522829634869
0.007228438976578202
0.007204717988369186
0.007199793024843177
0.007147601891664224
0.007218832344197759
0.007197839667070731
0.007242313051799702
0.007211814787140016
0.0072121111274276355
0.007070503791536411
0.007007137158250913
0.0069972781800080475
0.006962785640667287
0.006951691491183385
0.006929953549702641
0.0068910017939711075
0.007030081935024107
0.0070426471807473355
0.007074680614202999
0.006970757518790601
0.006915485342169228
0.006982330873740955
0.0069768445265523905
0.007020714686237924
0.006900439341749873
0.006821853083336565
0.006804990191569223
0.006689396469452227
0.006681319941138932
0.006506206025175443
0.00642563216833002
0.006532915502236172
0.006574354713695071
0.006558289198629181
0.006572994020515598
0.006619177921713194
0.006481017873596695
0.00648820075957111
0.0065233233254056305
0.006619934712333849
0.00634066671768647
0.006424633247474846
0.0064886331354779715
0.00646618819016234
0.006474319024432809
0.006459356892207064
0.006437549208715409
0.006423552909173345
0.006383608263766916
0.006393813003342078
0.006373723404829443
0.0063722975546116715
0.006361456969504221
0.0063425890836731075
0.006303758863628343
0.0063177094600367694
0.006379026277628032
0.006365331663823229
0.006334457387507253
0.006345823305133365
0.006312383466391063
0.006348679064761102
0.006294985610398104
0.006180435350331378
0.006097332736626685
0.006104581131044792
0.006091326498547403
0.006044704994629688
0.006056410234313661
0.005997017670939813
0.005968635248295454
0.005976703150619273
0.0059933881607122505
0.006007726658132267
0.006022170657693555
0.005970006923623936
0.005966098632134082
0.005967622274187011
0.005969073347808033
0.005957754409256655
0.005918764783135159
0.005962954067399548
0.00594405553304648
0.005946790627424213
0.005948915976857186
0.005910800648522901
0.005848270143347683
0.005822441466760757
0.005782483110815923
0.005773756649432469
0.005741038175484866
0.005710965996458275
0.005707852361764187
0.005723596795108346
0.0057179031449478505
0.0056724254962895295
0.005704527559905241
0.005660574780963738
0.005663744925043661
0.005743605624868631
0.005669279276525769
0.005692820454261047
0.0057327347240646665
0.005721404468923938
0.0056818591035747235
0.005611210415233294
0.005565005021317381
0.0055475612974044365
0.005560189494380898
0.005608427695130408
0.00559657861763095
0.005575072914054148
0.005592340118584263
0.005612134340708502
0.0055961112309604
0.005583307383792503
0.005569351356412166
0.005575975703904232
0.005604834286906036
0.005592869248506847
0.005538815029916442
0.005511363314976079
0.005460861515868142
0.005454966537302785
0.005431053315987805
0.005454615003154773
0.005444820141387507
0.0054306902618635276
0.0054402231367306035
0.005418797398815509
0.005378550975632843
0.005377747887987013
0.005389714516857033
0.005401138170512208
0.005390107704478851
0.005364833263524922
0.005358571380949448
0.005315076488805769
0.005315964774887269
0.005307550251657114
0.005294784243095947
0.005270456752927178
0.005266990873518113
0.005256809866001568
0.005263989401177541
0.005249247152173309
0.005245041661878775
0.005218743018238658
0.005207226344634025
0.005172393783349038
0.005153009605740805
0.00513377271989725
0.005129949786626269
0.005137810352024174
0.005172268178772777
0.005157237360055798
0.005160060239239017
0.005146318047260368
0.005099843546501483
0.005087668947614233
0.005076629966690537
0.005025493053532642
0.004955542881672765
0.004948516762277589
0.004909505502116086
0.004891504298321789
0.0048715779549499145
0.004871129539079443
0.00484153792573799
0.004850978368532105
0.004838524586086832
0.004852486933639203
0.004808477779058573
0.0048121126593278765
0.004915966196319215
0.004910586035053181
0.004887883331316985
0.004863039584928879
0.004848805730891475
0.0048496019588977314
0.004799983593987079
0.0047933970914060976
0.0047902780870953685
0.0048315314063379165
0.004836149394203858
0.004832155318549577
0.004840427306774918
0.004834635617580269
0.004824239428606319
0.004787789132039853
0.004762338431684114
0.004756011047623024
0.0047726861068153595
0.004832858648240217
0.004849304758501731
0.0048811656928232925
0.004858592885058529
0.004882495381647232
0.004878941748601768
0.004859907825030327
0.004896625345482604
0.004883856608272646
0.004848657039024398
0.0048425326178541395
0.004859207721494472
0.0048486615130724185
0.004817013647786791
0.004820132476566728
0.004793857612630336
0.004801361757048036
0.004782890699088143
0.004702315402488433
0.004656040704996878
0.004641276203577679
0.004667976813975317
0.004629421768844865
0.004604227817444037
0.004552519791939649
0.004566606326029407
0.004544579504237129
0.00456698008624114
0.00455040534164039
0.004513117404432407
0.004466101120909249
0.004469961474497905
0.00447563436386365
0.004461707816649193
0.0043837211938866074
0.004379957893326492
0.004378155237965973
0.004366850355627727
0.004351222016810349
0.004335320160499019
0.004198577573045011
0.0042705021505555175
0.004338366307313368
0.0043230226225918975
0.004257870495875537
0.00426227802728976
0.0042585681199139415
0.0042700680824980285
0.0042610972880367986
0.004263247377140443
0.004238741410107312
0.004239837055177039
0.004213528592364408
0.00405520542299692
0.004039232302925668
0.0040276714532265015
0.004020799928184706
0.004011491722622368
0.004009405812173868
0.0039939634729478065
0.003987002009771381
0.003975203636107913
0.003986109323590895
0.004017430210210581
0.00399369889245545
0.003982862559001267
0.0039857474464608965
0.0039712812624866835
0.004054496162077554
0.004034883869637372
0.004026493006622393
0.004235783161483393
0.0042453201139554635
0.0042781598837640725
0.004259844511847107
0.004253445573222163
0.004256482900867309
0.004263090807175241
0.004227584347261386
0.004155750092189507
0.0041595678484661735
0.004136004570552244
0.004127230003887428
0.004122231049992868
0.004112967935712181
0.0041071004810234474
0.00409958305554358
0.004098583908197836
0.004084488984754773
0.004045626367912806
0.004037271741568987
0.004033999592102513
0.004048777713054884
0.004038221207676204
0.004017790413821924
0.004011792202278332
0.003994118960976522
0.003936631774230783
0.003929201824944985
0.0038800839479004793
0.0038691349664786785
0.0038604999083430127
0.0038459036973510293
0.0038334422610481235
0.003834620685332811
0.003924856368186946
0.003859295169776915
0.003855417847779948
0.003864359786163913
0.0038257809582133433
0.0038231817650467128
0.0038143902392197455
0.003811138592204262
0.0038160203092889285
0.003806470026930584
0.00378536971877365
0.0037866264875478428
0.003784462033402094
0.003824224458407101
0.003822697592194519
0.0038028559500735463
0.003806805099299948
0.0037883961778211565
0.0037415456015636862
0.003745682837379592
0.0037304591985151754
0.0037268505400881325
0.0037313847410933424
0.0037308801878729388
0.003712095861344967
0.0036869526062243414
0.0036793826296367903
0.0036967470624471206
0.003687999195627315
0.003666865824694302
0.0036321001761475905
0.003621522160610764
0.0036096022268065687
0.0036216562407072293
0.0036249882143651467
0.0036264895472823194
0.0036151278224987285
0.003607190347778212
0.0035938524297172737
0.0035922361991747725
0.003634835719160562
0.003621993008900823
0.003630404212334309
0.0036238753403987035
0.0036243676370285908
0.003637093659284629
0.0036341774648167118
0.0036104873741752783
0.003627593358849384
0.0036237802259044944
0.0036167883128144064
0.003587913278451813
0.0035787818277539275
0.0035829530572704
0.003587789429525657
0.0035973742662976393
0.003581473831436597
0.003555492705868419
0.0035566986516699945
0.0035614648475495217
0.0035638715801395945
0.0035709925583288413
0.0035703253386704186
0.0035759315931131763
0.003571801288026726
0.0035832185441749655
0.003579131577152018
0.003594514230260173
0.003582600195188729
0.0035814060999960406
0.003575100163732953
0.003558966148170839
0.003551919155625384
0.00351374447517546
0.0035305380933977086
0.003529385456384951
0.003518810704717767
0.003474164247741143
0.003414973732812937
0.003405655948365256
0.0033950760514783584
0.0033872540662056205
0.003391367093760617
0.003385831360762156
0.0033690270201499543
0.0033911360524171504
0.003386014974245071
0.003367545181013491
0.0033788514709413068
0.003381901128265526
0.003352900937920168
0.0033424102340315165
0.0033451323952896077
0.003354371253718811
0.003354471660324312
0.003340262384815753
0.0033024104839651266
0.003341221961911382
0.0033350311288590216
0.0033340629634039955
0.0033283159921357495
0.0032959084851630813
0.0032647366122779526
0.00325689599705064
0.0032500392588657757
0.0032655561485288765
0.0032560335528924733
0.0032434665700053944
0.0032349264101451006
0.0032244212635039716
0.0031839070527014354
0.0031841792510129076
0.0031811638019434377
0.003170203785370194
0.0031643621510807998
0.003160167239943884
0.00306860172029595
0.0030624715243043653
0.0030521834739190745
0.0030436268319579884
0.0030256942381867093
0.0030202178688394253
0.0029983185904527455
0.0029817402262179754
0.0029800638481851977
0.00297223052663057
0.0029365543216398234
0.0029234958461299477
0.00290307774945644
0.0029000192754500003
0.00288479152249718
0.0028737851259523143
0.002860218095927787
0.0028544865294511867
0.002813842857734614
0.002770710046020627
0.0027738373680989735
0.0028083909088546196
0.002804552691377261
0.002805341072350124
0.0027790873647693414
0.0027719790555994217
0.0027470832524856214
0.002751382676098239
0.002748661666783129
0.0027363128759870536
0.002783533596084454
0.002781646420873342
0.002786624286647054
0.002773576175847025
0.002775100723386779
0.0027508828003798653
0.002747577991353215
0.0027299590355874988
0.0027317454150862118
0.0027116420553977547
0.0027166391193569673
0.002700555990458904
0.002679196422457013
0.002715132400456012
0.002709982346034155
0.002706694175957301
0.002706757133883787
0.002715848420699392
0.002696215899372608
0.002685686091289569
0.002650399898954187
0.0026682261150397066
0.0026789451387558925
0.0026508260324562983
0.002637066073769721
0.002630572829051794
0.002628512805174282
0.002621606575864691
0.0026150118003335815
0.002627955220657075
0.0026346023562293973
0.0026304250083957065
0.0026309721493790275
0.0026051941206004857
0.002599656397755164
0.0025921628353147153
0.002587300069476218
0.002590094250468185
0.002587162844145178
0.002586111038411747
0.0025410160298007453
0.0025432891908701376
0.0025468886240877283
0.0025406289368025943
0.002552343213317054
0.0025478546684385766
0.002532395199408576
0.002543734983516475
0.002560664223946313
0.002564866957525176
0.002551988284525864
0.0025841374102487193
0.002597604954649083
0.0026149806871179266
0.0025972381829075537
0.0025928736262759754
0.0025940797876301824
0.0025778592331297265
0.002578368520162812
0.0025723937572151834
0.002572105151447168
0.002566000594952974
0.0025427856691685987
0.002546342814057333
0.0025546486347766406
0.0025474367804119366
0.0025564340535852723
0.0025527090584474294
0.002301903419897032
0.0022623486177749622
0.0022666841754830714
0.002267471415167125
0.002277769283310919
0.002247149406084739
0.0022376483349335844
0.002243466465494485
0.002240010651764367
0.0022216931910857022
0.0022157451028641723
0.002211631065810315
0.0022004788484294036
0.0021844437257490593
0.0021843191743949604
0.002180315450619164
0.002175330329864597
0.0021687212808137713
0.0021678399386431757
0.0021635465927738787
0.0021701600025621093
0.0021845576859538893
0.0021860973233239944
0.002182614880728233
0.002179675854743538
0.0021912512340602226
0.0021913578001601284
0.0022074628481030603
0.0022143780891133286
0.0021917093990178817
0.002193045909862324
0.0021821146643243193
0.002196958258607358
0.0021952155881865805
0.002192085384647877
0.0021906950834133534
0.002193128861921445
0.0021897308591777393
0.0021894911297061863
0.002183142686158634
0.002179154295269611
0.002173584154573213
0.00216560087471876
0.0021590430939551195
0.0021493987347560462
0.0021913264054223822
0.0021745063188724264
0.0021864804068435816
0.002174780711313239
0.0021588846255921326
0.0021557123348037786
0.002168781628609023
0.002149126060606082
0.002140254298987177
0.002156498460097016
0.0021534016974102815
0.0021378706164162167
0.0021301997258151902
0.0021304915027116245
0.0021566258389769614
0.002161527029131617
0.0021686439579265845
0.0021635576692229344
0.0021199163399290262
0.0020852128782430828
0.002084930435557909
0.002025340063373606
0.0020409658545224177
0.0020415551468028763
0.002036531970887737
0.00199996860302968
0.002020146084006194
0.0020216825346861395
0.0018659869021287038
0.0018709947847954944
0.0018671449834497455
0.0018652438582551368
0.0018744174350590497
0.0018892339114528374
0.0018853215880919184
0.0018821554636343448
0.00189985041896324
0.0018776977897892225
0.0018637685382833637
0.0018606486750183638
0.00186066208954824
0.0018868722903636823
0.001881164563876638
0.0018833813430233824
0.0018795726317283562
0.001897972344316439
0.0018973341637411715
0.001905239940704115
0.0019239674302672016
0.0019147065568519165
0.0019036706245870562
0.0019024326653593001
0.001907786735633142
0.0019056504680602026
0.0019099788038650616
0.001862846451971945
0.0018573920731887097
0.0018553686753937496
0.0018633904815926119
0.0018649418959101446
0.0018625915220967229
0.0018761838100678017
0.0018822328417249356
0.0018976536504727033
0.0018889643308831116
0.0018507861917660404
0.0018483793936880546
0.0018683562584789807
0.0018776118303094362
0.001872716887783051
0.0018663541568275453
0.001999104476199867
0.002002372568773962
0.002004402020748332
0.0020087467213198745
0.0020119961270613105
0.002004826809599637
0.0019827029646087456
0.001978687224535107
0.0019859377943887324
0.00198553146007289
0.001990962711335634
0.001990139779169755
0.001992631045264822
0.0019828550162345553
0.0019708000968276986
0.0019645134590448245
0.0019582205950925058
0.0018832396363233823
0.0018816551433947536
0.0018850741859923418
0.001893516259295925
0.001887736183546269
0.0018812676221411657
0.0018804169545732238
0.0018843197644082055
0.001897700143428306
0.0018921126008845546
0.0019092806289481691
0.0018782080323346236
0.001871742639462452
0.0018516045317773875
0.001828821926889068
0.0018392236830690953
0.0018353911985993236
0.001819478395202955
0.0017949580996576779
0.001797033915496036
0.0018037184280783425
0.0017872834313675055
0.0017835978292896114
0.0017809268203595014
0.0017763861221109021
0.0017655098579105715
0.0017585911245176535
0.0017790116263956726
0.0017444410831851263
0.001747562425724165
0.0017454439029054517
0.0017401276366917227
0.0017393337376667502
0.0017382110573712804
0.001718947697005017
0.0016945720198457762
0.0017056425027369537
0.0017010097595813475
0.0017165049529480445
0.001716639013995702
0.0017148287962798483
0.0017187347690945387
0.0017173719665881165
0.0017311396158456482
0.0016977997315886296
0.0016953331889054339
0.0016984463237310022
0.0016813579424247436
0.0016855547308681042
0.0016722983117740137
0.0016459983323986853
0.0016318313834962205
0.0016374917955575337
0.001647975109009987
0.0016458129260500623
0.0016381972340715166
0.0016474226415735828
0.0016371785636118115
0.0016333601792103702
0.0016320311539442282
0.001632274199690702
0.001633571208575138
0.0016418177464586263
0.0016372985358841588
0.0016256262948445535
0.0016205303218194604
0.0016163546486814386
0.001604790499088421
0.0016102731040563234
0.0015883714722813398
0.0015721447699797515
0.00158017078941967
0.0015826516466205612
0.0015814687607613816
0.001572534614204398
0.0015723281993273914
0.001580321759246869
0.0015887808659945633
0.001598262630708839
0.0016067091691344014
0.001605957867172675
0.00163935391010692
0.001641679308392956
0.0016406785238162963
0.0016344713155267549
0.001613639372890677
