0.013722332194447517
0.023406526694695153
0.007724474184215069
-0.001450288295745849
-0.001663259618605176
0.00760260270908475
0.007143757597077639
0.006568645929089852
0.004324953327886761
0.009470591554418206
0.007298789045307785
0.008372305158095865
0.009494822788318353
0.009752136018748086
0.02006807787984144
0.02709301477572059
0.028968648195991084
0.028019200410007643
0.027388609887566414
0.025890239813764176
0.02649580635426735
0.017403370164253786
0.016663318548429135
0.01544913371093571
0.015120973765778426
0.00948697144889997
0.008752825827936508
0.00802037764565441
0.008253251939701537
0.007791409321549919
0.007971935548994225
0.00721388213534021
0.0073428666424554066
0.006955282143982394
0.007430100832910588
0.007055365348335457
0.005951620436175482
0.005758711489108512
0.005202789645409213
0.005420186891924683
0.005093275785579216
0.005710451923267442
0.005399808324661786
0.00947964691763951
0.009327373948231667
0.01081316826488585
0.010691432258075414
0.010608841080636698
0.010738745075650513
0.010431777261307134
0.0099908228059156
0.009665319067865328
0.009330343045466752
0.00919713867743584
0.007922420764641303
0.00820735295041742
0.0007218542741611583
0.0009025479943128444
0.0012277098100942853
0.0015004270244389755
0.001331226092823329
0.0013675359816896521
0.00146329237759346
0.0014390361495316016
0.0018180475048156387
0.0016823837728197882
0.0015966055832584102
0.002315507918272328
0.0024997742181377736
0.0031244899736533687
0.0023838412145980514
0.0036031337556977775
0.0034596150854250044
0.0030055188201367836
0.0027653422807098196
0.0008957311329613232
0.0028102587824926136
0.0025566846332689603
0.0025513656233670167
0.001295600848180458
0.001245496189789617
0.0013075922195047833
-0.005664811361514565
-0.006265682182000842
-0.0063319246441689014
-0.006625709554779978
-0.006616592071209614
-0.006459019824422983
-0.006472915687805252
-0.00660015485802113
-0.006667818102236517
-0.006632903317910854
-0.006451755234515894
-0.00657425554910381
-0.006520675540135325
-0.0062678433899508515
-0.0014234381996342327
-0.0017923519186995457
-0.0017534096504096001
-0.001748098169988267
-0.0013654825320996988
0.004352454693978917
0.004244085957627522
0.003720269087214194
0.0036187711191574437
0.0028308781927938852
0.00351974155637435
0.003569060642861781
0.003576313489413053
0.003514755667220829
0.0036038676116731893
0.0038519904122531223
0.003939248097594821
0.0042066173374895755
0.004090367863556878
0.004332830396114692
0.004281958670678969
0.001987835324854592
0.002198827137666128
0.0026662510979443364
0.0027338395641399037
0.0027389734390956422
0.0028683862511834617
0.0027342864600941484
0.0026823385195466564
0.0026298501248302724
0.0026301220414097722
0.002629348769054794
0.003096608594597241
0.0029055513361582615
0.0028055374515877822
0.0030190626962838607
0.0021835289150128902
0.00221195289847889
0.003178083747865025
0.003490391574004647
0.00579970548573908
0.0063342787317007
0.005838854636697628
0.005846052588267474
0.009778009195530023
0.009828964879221793
0.01339846574491174
0.01332730317472255
0.012626314975085267
0.012870757079518515
0.012767301667072628
0.014661400756273637
0.014594421441821995
0.009485605591445513
0.009604120117728591
0.010091317859417416
0.00993811164290172
0.009971446597257684
0.009731071815342423
0.009513811765173387
0.009498440807160646
0.009552010474872988
0.009444376904139058
0.00942635635906101
0.009879309709189614
0.009916692802916773
0.009802987165152795
0.009937879603327896
0.010023729283087713
0.010106484279521696
0.01018359129791081
0.010113050444079171
0.01007990647477152
0.010533259919441533
0.010510439431527623
0.01058012577557042
0.010591874936804297
0.010393562859057308
0.010365792258446816
0.010329228239844277
0.010487482148573172
0.010356914822412803
0.010309273920979136
0.009841284951972073
0.00981386455484655
0.00979545070787209
0.009767107299210131
0.009485531737398651
0.009823070456629352
0.01314996083125093
0.012923063569766602
0.012810567298426074
0.01276222259161601
0.012669471007801041
0.012811919934392785
0.012514988209574522
0.012446699812216199
0.012309639537348765
0.012119482451341852
0.012243451890393822
0.012576398119269253
0.012570847691055475
0.01252718064526561
0.012574956984611325
0.012893077295554778
0.012594564185303452
0.012569626618071691
0.01250910004600882
0.012402221051867576
0.011993878667247318
0.01221850589410258
0.012066244577730523
0.012020031258552551
0.012087727444449442
0.012017673199978773
0.011943144763124655
0.012059742563064683
0.012084355045023348
0.012094002600793755
0.012010753154754633
0.011956401495583385
0.011896311766340406
0.011822278267936777
0.011668826343293606
0.011648487624280186
0.011199673451378839
0.011235434160231044
0.011240849181906213
0.01120251417211545
0.011166012327449334
0.01118439849182195
0.011127155601030708
0.01107822618062567
0.010964041703795906
0.01098221951015775
0.010957436515178226
0.010942965852391195
0.010913617832665428
0.010893273071614803
0.010832500118440024
0.010780661561557662
0.010714005753904517
0.01074866133761437
0.01068053433683187
0.010614644577303394
0.010547133219148581
0.010500751587478293
0.010678275719246998
0.010633171391574008
0.01060316875340843
0.010570899069270742
0.010808250567960892
0.010612129133543929
0.01062222287850547
0.010536243241360698
0.010505534511905258
0.010494825307726236
0.010685196477239586
0.010665408825275335
0.010626615068928704
0.010639224566366746
0.010700154844936681
0.010610243159037335
0.010547689603212543
0.01053728037618211
0.010531707290013785
0.010513902097128184
0.010545748231805123
0.01051180767929584
0.010479635961352905
0.010444925199571211
0.01044506236006762
0.010382390794822843
0.010385184878602838
0.010322828540772797
0.010297000826820016
0.010364839014232696
0.009738614649660037
0.009688940087221123
0.009679170818692608
0.009805319618777932
0.009744010791311866
0.00970854089235737
0.00966629382209219
0.009703825567151313
0.010097444283610616
0.010048133810440202
0.009817929386892436
0.009728959680862976
0.009608520425994835
0.009583947871154424
0.009364570740664336
0.009505743894561448
0.009463522847180966
0.009419623116403656
0.009369348469742574
0.009409613468502899
0.009425103782687997
0.009452724273885264
0.009421435528437163
0.009243746514993892
0.008924615007484902
0.008892893949814604
0.008898464560897807
0.008804014304460837
0.008772479193788419
0.008854259260739412
0.008802348618361273
0.008727207386031522
0.008689234289852599
0.008637089899407742
0.010469118838743262
0.010437300177234706
0.01048533871279164
0.010403725474670632
0.010385588737678515
0.010516241238141806
0.010508075233138653
0.009787214584770181
0.010253982842559793
0.010198685224259523
0.010196859519990734
0.010163665494565067
0.010101544622979576
0.010043439572559156
0.010029423000213861
0.010279675898300972
0.010312320955473787
0.010332649932303638
0.010249889884460918
0.010115587298858416
0.010897923825753818
0.011306936032876061
0.011305103774954146
0.011327594242438097
0.01128732394673526
0.011170259198054677
0.011152418069767333
0.011106965214605137
0.011012519518475155
0.010976636668025879
0.010889927904787102
0.010916210181055836
0.01084395926700061
0.010652287382641344
0.010812861995677173
0.010604834231513493
0.010493183280493174
0.010440823756716204
0.01048700901170084
0.010434987119900131
0.010433827673720813
0.010371574748922802
0.01031055317886845
0.01031615180818335
0.010343096733555624
0.010340744845314597
0.010306841214794112
0.01025171490659835
0.010251649147755901
0.010227687228695416
0.010434604982516669
0.010416682246674707
0.01036646080867986
0.010348716041717025
0.010330493365412518
0.010331200518671571
0.010339731665420638
0.010344381539340008
0.010368885887086983
0.010345061027850452
0.010303843346614322
0.010374662445345262
0.010507097517123263
0.01045980809110289
0.0104114236850847
0.010379673948372652
0.010357032358413558
0.010350993373496282
0.010325429126492449
0.010289241772076659
0.010217993714712128
0.010194634857333237
0.010183327372159606
0.0101572891142791
0.010138764269008631
0.010171918922803037
0.01024393273506906
0.010120154215264798
0.01009913563082483
0.01013653535558182
0.01012184504447397
0.01002491602281598
0.010046077373302409
0.010014570287647963
0.010011810063264206
0.009989344377586555
0.00997165758730077
0.009903763348928701
0.009885038396766434
0.009777192601798938
0.009784942646677203
0.009930783910458554
0.009906433473711021
0.009873500989593066
0.010285776539861104
0.010252337376970337
0.010263972117545449
0.010254505021383482
0.010233847034596824
0.010205623494388702
0.010206352875293015
0.010169906525023666
0.010098910364030616
0.010057089157819008
0.009971861945497337
0.00993935900926196
0.009918774917780654
0.009894355098997314
0.009871625832890042
0.009845836002351244
0.009826170742694564
0.009790324814232351
0.009767427065422435
0.009721192021970634
0.009687555249795273
0.009663009688734263
0.009638958398649904
0.009606721603922092
0.009567373875592367
0.009574445609232325
0.009562680884798993
0.009905879139469737
0.009905136031060306
0.009919941535877616
0.009879705410702882
0.009857076095148362
0.009835392171878298
0.009857074113457496
0.009825654797193651
0.009797667174907843
0.00975566588235851
0.009820603681344598
0.009757350340879954
0.009712353949706336
0.009738509076987506
0.009689540244040583
0.009669272119658106
0.009689544602607857
0.009729370253378838
0.009706061480691065
0.009654215594765545
0.009629844239486065
0.009569909901318431
0.009541300324961617
0.00963166460699903
0.009633708115149643
0.009644150580113219
0.009624786197507583
0.009597829155278995
0.009579568536477833
0.00958111591900654
0.009554660472570937
0.00952155737921246
0.00950325797134315
0.009409411678019787
0.009395047508374336
0.00938259436422208
0.009334551869397445
0.009479696496887876
0.009457297326335745
0.00951072660805747
0.00950649003368218
0.009504285492405846
0.009484434459702274
0.009455200697033988
0.009451815906437096
0.009484124137395014
0.009457657224522659
0.009446916800391114
0.009396685775728395
0.009373124198473326
0.009311057688864822
0.009330412167283706
0.009298400230344901
0.009282615074396665
0.009261191315616557
0.009206177514183253
0.009182683565932208
0.009163887061963237
0.009242262916277324
0.009210495723724267
0.009213302246287794
0.009196043696717787
0.009174816245158734
0.009146228743470082
0.009455366061139303
0.009370640952274153
0.009379368499843803
0.009362412881355838
0.009290475804645322
0.009276703821799867
0.00925165367458249
0.009287206158230175
0.009307054323721699
0.00928359277317047
0.009228558701406224
0.009206497412472321
0.009175609002635714
0.009176707968514882
0.009236020912880569
0.0077313840108962995
0.007722305010276047
0.00703330590293302
0.00704023557824485
0.00731826768276921
0.007543779344803925
0.00752901542548642
0.007497037250637494
0.007489456242183225
0.00748133930404856
0.007457647745433375
0.0074762603304407114
0.007456217194031908
0.007418932033298178
0.007637041324028839
0.007623107848712956
0.007642771964338389
0.007629191026754659
0.007614180480684041
0.007610411351131256
0.007633121912732955
0.007608287330422517
0.007576946906325375
0.007562539932421757
0.0075223509390558016
0.00748985926608672
0.007470473002209373
0.007556123835429526
0.007475256887830368
0.0074739713130581985
0.007464101796432836
0.0075043486457650075
0.00751647141865582
0.007500478815524908
0.007485395141812488
0.0074555434116786385
0.007467140450939076
0.007464094676434289
0.007447950668018773
0.0074724494004269485
0.007669271019175872
0.007600425796805545
0.007733118029097064
0.006930277024893907
0.006920046391183258
0.00685598754450311
0.006845876474094976
0.006821824931432816
0.006809474346085826
0.006818306426213906
0.006898417073420266
0.006876986584393313
0.0068546055945602705
0.006826985263666706
0.006768892478647765
0.0067474342988315264
0.00674788132639586
0.0067384257326857004
0.006727093874232116
0.0066826010399996544
0.006670763778401238
0.0067304109861428905
0.006989752094244226
0.0077677237886937135
0.007740420820926974
0.007813636778277034
0.00796334991646607
0.00795179884648355
0.0078704991004433
0.007106272211386164
0.007070795698143667
0.007053856173598468
0.007136398706069819
0.007117033578536262
0.007409855376032071
0.006701221036639431
0.006599692934347941
0.006666860760228534
0.00633525114525919
0.006297318123183597
0.0062823454527846925
0.00613912944376106
0.006819926888674862
0.00683800091054936
0.006841512883107951
0.005949895376726043
0.005833331288225923
0.005823309836544308
0.00580039342728458
0.0056461401496520226
0.005547706081391239
0.005558793884799046
0.0055223747998973515
0.005509063197424381
0.005511887474730771
0.005485970842739147
0.0041171192088595475
0.0040269170042700675
0.0033300203855971895
0.0033072168494790765
0.003280952110697715
0.00327673814169773
0.003190475144578262
0.0032579529186097496
0.00323803264841052
0.0032375214204491028
0.0032752147464013555
0.0032838202440127026
0.0032713237590069003
0.0032747579422217326
0.0033024552310004537
0.0033365018903315424
0.0033420152440494745
0.003523337584115433
0.003555102397618226
0.003564457507309277
0.003579695009905851
0.003557599295163533
0.003499906486070363
0.0035600747827293742
0.0035725785076021555
0.003880967057609404
0.003998320153895949
0.004010389393650125
0.0039870964954857365
0.004261080538196648
0.004270349507216429
0.004238030515664627
0.004184199567007717
0.004136405522927071
0.004125718241327935
0.0041355856982591
0.004129885638030268
0.004074612549978325
0.0040799655221383894
0.0040547149959967626
0.004043826334766849
0.004014839463915551
0.004020609449105089
0.003859319751000724
0.0038084989345994196
0.0038026351953605987
0.003803599323879237
0.0037824480702059334
0.0036997674531331955
0.003719453899163494
0.0037445611028064786
0.0037285372338551697
0.0038307400254987815
0.0038263689439799044
0.0038295490150509577
0.0038671889320319383
0.003860286483382632
0.0039002587539573035
0.003890420391584642
0.0039031762314689746
0.0039041401817519446
0.0038854661956114933
0.003914591529482713
0.003913113844847945
0.003924973842479793
0.003999407176856211
0.004003090169346705
0.003993570222779203
0.003993445555115596
0.003986656125956183
0.004003983944809695
0.004018488447970622
0.0040177546742996865
0.003986047487860489
0.003970230971130419
0.003959723738080366
0.003984547884216496
0.003963795081658375
0.003956253269887068
0.003915345404254233
0.003912718526519382
0.003919176654581332
0.0039077925193665855
0.0038597010327997257
0.003881934778551959
0.003919955421040059
0.0038820900877650673
0.003937317857621757
0.00391776354294365
0.003917627157096594
0.0039053155113473984
0.0039018086113748966
0.003893301682363017
0.0038978930654966306
0.003890779361615794
0.0037449072586605405
0.003744629082105897
0.003742929583098986
0.003756138426466995
0.0037212689460582042
0.0037154387295450964
0.00369115124966768
0.0036787757174312208
0.0036656569118452428
0.0036496328683708035
0.003643029163227569
0.0036506295730896984
0.003638584492221258
0.003614926970414277
0.003445928379993095
0.0034439649143894573
0.0034093459097924847
0.0034006549948352406
0.003408826450887987
0.0034075106967076147
0.003393158928196911
0.0033878144623560656
0.0033826620037921648
0.0033569678371639573
0.0033386517131993197
0.0033368352552522696
0.0033741325800488056
0.003378766297027759
0.0033779154459857665
0.0033567726910874503
0.0033499165966768816
0.003344617628829406
0.003338664338737607
0.003348855889928986
0.0033332719555605604
0.003377415396852845
0.003370003623786041
0.0033561676873173516
0.0033378800168869524
0.0033328544580206324
0.003329792950299224
0.003330236998296825
0.0032703627183791233
0.0032666174759605824
0.0033850476593411394
0.0033911874662341025
0.003389603984944816
0.003366799528665047
0.0033626217947339723
0.0033530614922679326
0.003340583251983246
0.0033294177769863822
0.0033528684829860302
0.003310791802616393
0.0033181147850677582
0.003319859526479403
0.003323101960487547
0.0032730032113559822
0.0032772298733409616
0.0032961064999403548
0.003313470912038811
0.003302616400299383
0.0032377330321782627
0.0032346549765911864
0.0031990745773856585
0.00320490226853378
0.0032007060852707343
0.0032016325933932306
0.0032508107583832284
0.0031344168442916163
0.003167319555907495
0.0031480249771307857
0.003150601422426558
0.003184658367878659
0.003183933303913156
0.003180456674214641
0.0031908704623890304
0.003194443665948576
0.003186811436427667
0.003183371713243024
0.0031712860084297098
0.003125481076203784
0.003151561643327166
0.0031321461444871173
0.0031359055993394956
0.0031323952591832765
0.003128372710152258
0.003129746550447085
0.0031441201342208994
0.0031475492512069003
0.0031384777988357365
0.003116020166638048
0.003105245299281318
0.003092272132307752
0.003096941433078969
0.0030889729562482097
0.003078930510827243
0.003068988744049415
0.003061795664140391
0.0030655454321824524
0.0030716560347718853
0.0030646308795906586
0.0030574050437362408
0.0030680146082614746
0.0030604836841786375
0.0030441144840308884
0.003048177374673902
0.0030432615554738694
0.003041451056362518
0.0030393485909535733
0.003033252770295317
0.003085328931393427
0.0029218249690556733
0.0029333798118639665
0.002582017244682174
0.0025659485456199557
0.0025892914608466244
0.0025733002583536815
0.002566575846234333
0.002587480483508719
0.0025549151609927244
0.0025403492812968607
0.002595162197474201
0.0026022810357742266
0.0025759958508449966
0.0025845820077511584
0.002581992295481042
0.0025836375543815096
0.0024964298315797357
0.002494103998657486
0.002498436192855673
0.0024545658121326013
0.002440504878555105
0.0024342758640158424
0.0024491366949150233
0.0024361012790011993
0.002431840813174543
0.0024328994624658357
0.0024426078091421164
0.002443437957600614
0.0024427241786421964
0.002437870563508996
0.0024323091131437085
0.0024276352426051617
0.0024190744576436172
0.0024217174977433416
0.0024353883384829384
0.0023771162103469095
0.0024009219168016605
0.002398195727582966
0.002307699149104718
0.0022995050775065653
0.002293332483241791
0.0022660605948563654
0.002260752086676511
0.0022259913657911795
0.0022261287616788927
0.002226957674026865
0.0022281222672951807
0.0022271406476719884
0.0022637439877482538
0.0022474176579092347
0.002246037786737362
0.002241004634147293
0.0022014344406300233
0.00219557865117704
0.0021786463113397402
0.0021695040529319956
0.0021655345670229804
0.002161571674219845
0.0021564840737211136
0.0021527065324381126
0.002184396433105181
0.0021408466994415768
0.002127903211716402
0.00212731660230618
0.002125715566110658
0.002118359304799416
0.0021318989784795215
0.001999733115393309
0.0019957961734855304
0.0019759328412309674
0.0019601001528956586
0.0019819624857140695
0.0019993052291246696
0.0020229014560796043
0.00204649557598392
0.0020429998848995774
0.002569977211965745
0.002556334802877223
0.0025484315622624158
0.0025448160454151145
0.002560743979909756
0.002575960873106286
0.0026082722775526697
0.002610044749830881
0.0026322052688426273
0.0026370795382526344
0.0026493563853076745
0.0026585684100024092
0.0026676446720052356
0.002624842168034042
0.0026306041918138503
0.0026407635104605323
0.0026283726198274276
0.002630425019521601
0.0026567916627526214
0.002655793657865742
0.0026439587924232564
0.002642062142846355
0.002647517546358943
0.002647598248558343
0.0026513259340789457
0.002654248587483686
0.0026584915905050717
0.0026699064473133037
0.0026718026483212916
0.002666186251930975
0.0026579614255545932
0.002637515055895834
0.0026449371215953223
0.00267718901487885
0.0026683775752145505
0.0026792949091422186
0.002676723228661185
0.0026791455899365314
0.002673419183193055
0.0026610577497214443
0.0026600706846536615
0.0026572694629405777
0.0026485190936489478
0.0026393193224766164
0.0026357666032349905
0.0026269181260798248
0.0024558034575543368
0.002449653606007709
0.002463245362953317
0.0024608921082844484
0.002454757004162613
0.002448078693042955
0.0024338492348993336
0.0024346292410941613
0.0024648053547977515
0.0024627069515509004
0.002478176186510399
0.0024785237280878654
0.002473191127533504
0.0024761423095372398
0.0024742544506492843
0.0024665349793769635
0.0024635855726726215
0.0024804101677755484
0.002473502505060483
0.002470307425263071
0.002469688084499284
0.0024577540522855794
0.0024556922226453607
0.002448881138103963
0.002448170409099903
0.002441031668649369
0.0024339333818716178
0.00243086327760385
0.0024331733113660183
0.0024270183291442964
0.002437696818632362
0.002428832282843026
0.0024991289245622295
0.0025002775113546222
0.0025002789515992372
0.00250172163770699
0.0025010286286694153
0.002491438525765334
0.0024942585075256917
0.0024936238009691343
0.0024882249836045045
0.002490288775581395
0.002512504655718008
0.002506215029878466
0.00249889260526949
0.002485834672715068
0.002475170873708991
0.0024921704475529684
0.0024924594087406765
0.002481198187852104
0.0024811300522187877
0.0024591479716387634
0.0024789506381776238
0.0024743543631371772
0.002470288341436051
0.002471843435517561
0.0024628037667946217
0.0024530116674714945
0.0024405976706006133
0.0024382263679462593
0.0024391703888065656
0.0024451342366879226
0.002470494431946583
0.0024474025781031994
0.002451308583234162
0.0024509878782042792
0.0024423348160926323
0.002442921647433567
