0.28464531898498535
0.28185099363327026
0.22553119715303183
0.2240281753242016
0.18654072990951442
0.16091933360855498
0.14400246617151427
0.17053297384538585
0.14900850667618215
0.14990684402767906
0.13486667330532023
0.1349236390266854
0.13435642617488547
0.12624834580346941
0.11295560470898636
0.10649391282897662
0.10292748607591622
0.0977312611955169
0.09040292624849826
0.08481586629170036
0.08095011081207881
0.08038737041794734
0.07668746705166994
0.0741939578950405
0.07073656741816264
0.06643123607392665
0.06413317205650466
0.061724412254989154
0.06005816636607052
0.05791277791403475
0.056219929756480276
0.053667192643677655
0.05230004181537559
0.04985717657421317
0.04807192922776773
0.04746149246253679
0.045895523269121594
0.043833035139892354
0.042363984254188844
0.04112719601338231
0.03811936632597021
0.03753661524591058
0.03668310949036492
0.03586796404884404
0.031123277110568982
0.029986088765423472
0.029646490610199788
0.028791415967802728
0.028661743800039403
0.029288729567733575
0.02836600367523855
0.02901395191251792
0.025632911729863497
0.02525958313596096
0.024790167656257314
0.02397370186232014
0.0300904610490322
0.02924130391082884
0.027854285898987044
0.027237147930150724
0.026913269383047944
0.026476237898422694
0.026178887475452932
0.025270587332600437
0.024651068528659045
0.024290524949163277
0.02317594613337218
0.023276523671339037
0.022684476203202002
0.022606622976575595
0.022243547102536666
0.022194714379123702
0.02187332761831065
0.02198208549797224
0.02181386941925953
0.02148357839981251
0.023125100911830742
0.022338123480373805
0.021929620737137157
0.020789006490326473
0.020875676144297778
0.020949387985649125
0.020685136521587124
0.020838257038678205
0.020911496916046733
0.020782448012507573
0.020539332237107872
0.020278625444344278
0.020014804997804784
0.01982475532977433
0.01933030424033464
0.019588878120718807
0.019265371546003118
0.019173213499169308
0.018937265064172003
0.018562872433547685
0.018577777011122808
0.018366423313508306
0.017951813619874888
0.01754563714931996
0.01724130815544449
0.017035832122540177
0.016767570820845255
0.01627226876388748
0.01576387513245518
0.015633037603497248
0.015626186067594167
0.015407178373932587
0.015306443473673432
0.015152895812895407
0.015028741977013338
0.014643368485591802
0.014397909539279927
0.013843123486478133
0.013658307803090236
0.0135173115207173
0.012948605777760898
0.012688452793928969
0.01217224352027795
0.0117365567271948
0.01176402298852871
0.011749965586648444
0.011711803149674172
0.011456461449386562
0.011353635174889378
0.011252004933024685
0.01123572698384124
0.011085412155723121
0.010925518679477355
0.010858304913463221
0.010027710518801494
0.010009817808168016
0.009867246778127605
0.009746332208979537
0.009746662496207358
0.009640119539235598
0.009621377249182533
0.009529128993347147
0.009554625702730853
0.009658553513098873
0.009720631272730451
0.009634856155208952
0.00937221861002198
0.009348243386043115
0.009233539956916857
0.008824569110791871
0.009062678988344937
0.009092817384001162
0.009983405186212628
0.00996989631097894
0.0099752793698587
0.009739392912783819
0.009797519648352392
0.009843634772903084
0.009779095428268946
0.009819514426042387
0.010262882448416033
0.0101529020787167
0.010071176895326068
0.00995856684850246
0.009594609862643322
0.009488851619931514
0.009611720582165067
0.009582378618793115
0.009374596127512286
0.009744325523929741
0.009655568033070142
0.009562624758419435
0.010162313147756166
0.01050689010094574
0.01046208647803301
0.010355263139084902
0.01014134994170752
0.009959704671886623
0.009825597361916818
0.009760693325509853
0.010053015407730745
0.010056683262478428
0.009988636621306396
0.00996320185239314
0.009899246264767202
0.009769962911139109
0.00971186880617651
0.009587031686709997
0.009538081350206822
0.009492047604660252
0.009651980100743267
0.00993451286429446
0.00989290934690201
0.009008999621825959
0.011275591057559119
0.01126625467079132
0.01102063304684053
0.010960303916363047
0.010819608973587476
0.010807633807269271
0.01088812175007523
0.010808208120323428
0.010782582576648566
0.0107173857341963
0.010660686119405398
0.010567618244507679
0.010404064735042746
0.010368770415037191
0.010297446273910382
0.01024190862373458
0.010196871139459501
0.010173126341776173
0.010106378945194937
0.0114111160310217
0.011356891573978947
0.01374991367718078
0.013631024060223608
0.012429605564779364
0.012259070038891406
0.012197929726991897
0.012132589350301782
0.012140740878209174
0.012043569626059087
0.011952213946823663
0.011840659688328611
0.01183167980702473
0.011804487464360138
0.011744362395903511
0.011672493413042287
0.01161442143036902
0.01159216426049968
0.011483234650883458
0.011595062401940357
0.011553725821003358
0.011509480114031688
0.01159167804422013
0.011521912433239872
0.011456967756137292
0.011501030270942542
0.011437677292625778
0.011185807455355544
0.011147812144878559
0.011070806164085905
0.010885457005530513
0.010898277140054122
0.010818834657662976
0.010044313966870104
0.009960289052046115
0.009911238516484979
0.010565084399234105
0.010552265677218994
0.010464783903444186
0.010240967969992198
0.010328928961912984
0.010426473991953698
0.010673667510015255
0.010710432402827173
0.010558537506685572
0.010462327448863105
0.010401141084753273
0.011064335817219365
0.011005835738558949
0.01083287737979285
0.010840075106250293
0.010863626249270507
0.010852617244948827
0.011342642731478642
0.011477773919161233
0.01150460047019327
0.011434947030312706
0.011319973754176156
0.011277516983898677
0.011265825596099068
0.011135374878363935
0.011106202149783397
0.011063573437110924
0.010671025602955096
0.010752305942481727
0.010803616948512665
0.01090006720447419
0.011011382221833057
0.011755095633213315
0.011813144524161807
0.011730407167775427
0.011697842484709137
0.011717908027933177
0.011504537815660156
0.011477479385518423
0.011398666741312615
0.011390112341565768
0.011315290907785111
0.01121888210572815
0.010486669852378266
0.010437418190947225
0.00934092128242299
0.009402863076890406
0.009372630360402437
0.009384939132427984
0.009341512441244194
0.00946198073903691
0.009353904596872893
0.009297880486886553
0.009289374898944514
0.009243672442420591
0.009287762851435042
0.009264739088405985
0.00926791899483329
0.009185373321553447
0.00901047438883384
0.009036462386468644
0.009056485445044372
0.009103514940811706
0.00908116149188455
0.00905370133619387
0.009035372072759902
0.009640777756303055
0.009617196880655427
0.009550648544534359
0.009453094595047801
0.009345661855852875
0.009340160813072032
0.00927997939553196
0.00926635084297231
0.00926238026245456
0.009223393194673156
0.009254341905856582
0.009213411500465472
0.009289041159835712
0.009242671551600672
0.00917359817866022
0.009139047974380575
0.009130663033677431
0.009097367478975544
0.009066819703347804
0.009208165353647267
0.009183048814700846
0.009185496342739973
0.009164376659822688
0.009174922994047627
0.009173798712073388
0.009244976832600962
0.009146970878152591
0.009054530765399032
0.009043220799403326
0.00898143122449574
0.008932331071996178
0.008800525597359598
0.008757258827571984
0.008809031568810131
0.008779731901950987
0.008737402152615977
0.008759919979044482
0.008739387579678024
0.00858461022142525
0.008525375102594393
0.008688665457249937
0.00866896824131517
0.008307745662258779
0.008291826199290859
0.008241342409746718
0.008245815354280364
0.008092517155552707
0.008083836504455473
0.008054133839121633
0.007951190570791928
0.007972402061087515
0.007965573529693024
0.00794907688037237
0.007912378077909904
0.007886632435148764
0.007885540623686646
0.007866359173606067
0.007885329804549975
0.007608126373625814
0.007521715432406097
0.007520284243168349
0.007636201980459643
0.007609145729880158
0.007552425069081165
0.007487334329922082
0.007421096943693958
0.007377576099301375
0.007392364104759363
0.007353057735675964
0.007324677699806865
0.0072959350187522315
0.007268287478306471
0.0072460192679760175
0.007171644566298963
0.007130882183035103
0.0071173838668139216
0.0071122065518837855
0.0070981105879838685
0.007095125319910784
0.007091090159816785
0.007373044092599752
0.007361149092203096
0.007342244627593745
0.00731982398524497
0.007323702101220943
0.00722762056219511
0.007146751973267416
0.007100950075036964
0.007098958566927114
0.007141298231676301
0.007122733634067516
0.007151063791338452
0.0071246234801408195
0.0070592067580758444
0.007057815358624509
0.007082567891284629
0.007107778348516525
0.007065737187058849
0.007037991446903468
0.007083508084108265
0.0070608213618448485
0.007122113159984232
0.0070825661586580765
0.007083003405638853
0.00700214641522985
0.0069767233170485434
0.006968408753900395
0.006960760185375836
0.006920526025171403
0.006856721719758373
0.006868218782704095
0.0068518989711899994
0.006866269983036229
0.006872074594713004
0.006874324692060425
0.007016640943466912
0.0070094582910344505
0.006988999581432819
0.006969213155176594
0.006842547715105297
0.006811588019733246
0.006811357900558777
0.006771379849544312
0.006729092746997071
0.0067044954653856
0.006699878288729047
0.006911248011169279
0.006939183057097996
0.006913404942444231
0.006890327198290252
0.006864965647949397
0.006840589565923965
0.006787627207682984
0.0067734843702186055
0.006752841154353538
0.006733215046097032
0.006744613412641643
0.0067590498780029755
0.006726779409246977
0.006712104783218824
0.006779868554626646
0.006786116733308577
0.006779528905159111
0.0067688695604023515
0.006725549139044224
0.006705310012228631
0.0066996547997769905
0.006724079585515228
0.006676349629874802
0.006778202469733313
0.00674907198497879
0.006678049805424087
0.006616682943359761
0.0065659556789308725
0.00650919380711693
0.006547089307491857
0.0065112797924300565
0.006501425597185093
0.006723582333869811
0.006755755007253682
0.0067080754997040385
0.006694536183910143
0.006687096721357913
0.0066650483864012285
0.00665568817531118
0.006706339153512304
0.006686800826714708
0.0065558864233632155
0.006517032109379572
0.006504517815501385
0.006511318601302007
0.006703290824544106
0.006652566823045025
0.006695876880886645
0.0068030413907729835
0.0067071597200754444
0.006683855583038515
0.006669299790044127
0.006652946311204228
0.006667967191440665
0.006652393361964902
0.006635343921000823
0.006636768561785553
0.006613233441385093
0.0065843415583256215
0.0065622904468734524
0.006626661414481637
0.006672090984124225
0.006653891986655629
0.006629706920387568
0.006620347534737292
0.006617788038489553
0.006616713119253498
0.006616201142864688
0.006592365555523544
0.0065585756882375265
0.006535004743606801
0.006533227227890737
0.006523184248584791
0.00651652661093749
0.006506769805291093
0.006675965839338756
0.006629900082672304
0.0066197173853920115
0.00660587300266575
0.006593863279381172
0.0075000727555139405
0.007475570244591484
0.008444998920155551
0.008438613005323687
0.008455279035759504
0.00839354190625515
0.008377658005060983
0.008358484972058088
0.008331962034560872
0.008295425045038097
0.008256066076966734
0.008261164193939997
0.008248217506546845
0.00823928425496635
0.008302981931225643
0.00828387774183713
0.008260811218680709
0.008252110258893738
0.008232136241004679
0.008206132619841228
0.008190565199514761
0.008174815469182148
0.008133281470380135
0.008108876587625859
0.008075333392973493
0.008318175632399182
0.008275326767374566
0.008239296877779316
0.008202866770778708
0.008201853171244595
0.008227445921050184
0.008235282040762041
0.008222404973526082
0.008197777800439553
0.008092369342437119
0.008064106498924356
0.008053452699908757
0.007998756652753621
0.007971894164509906
0.007950496622480168
0.00796526693744204
0.007840309451369525
0.00781686893344107
0.0078039905704202495
0.007782997601683345
0.0077657521859117755
0.007751681691239619
0.0076547274556790145
0.007648015887313487
0.007629001631742122
0.007587569892340588
0.00757747845322899
0.007565709069848715
0.007575536222419774
0.007621318073388613
0.007607652402094746
0.00759997127937032
0.007596438299868982
0.007583485969975418
0.007558721861736386
0.007558130703849195
0.007540102459636827
0.007582329575137902
0.007546633660452865
0.007537343096849473
0.007517974203811686
0.007478991593880997
0.007465436084026319
0.007456557322708017
0.0074381519637730315
0.007405242735272157
0.007405979650033942
0.007342168711121521
0.007390863161089258
0.007369746591922914
0.007345272188581708
0.007332108100629689
0.0073028091125810655
0.007260493387860504
0.00727602908589074
0.007257349515984458
0.00726805823593168
0.007253617643221393
0.0072132019244677496
0.007201822569874116
0.007475255099907739
0.0074675172878129175
0.00751936953334621
0.00748904919682556
0.00747762568627016
0.007461186284210833
0.0074121840205616145
0.0074001721725890654
0.007392687904796861
0.0073871215976141205
0.007431728979902566
0.007362035718629127
0.007322953121079736
0.0073128718492421075
0.0073505799514188815
0.007369316309319606
0.007330775190231155
0.0073167993746144555
0.0072745906384295
0.007248342359258408
0.007221876672608634
0.007204094480257486
0.0071844928811442684
0.007175399733100543
0.007163402281577739
0.007041039565427822
0.007050894871668244
0.00704764975531901
0.007089577820553608
0.007118424102476409
0.0071086279875474025
0.007109631039293882
0.007075716247990783
0.007072918897138669
0.007090161968446647
0.007102046091293888
0.007086851941221543
0.00713657519633718
0.007130465411593434
0.007138484114984528
0.007129865226257014
0.007116795710537069
0.007108449571980054
0.007085548614571381
0.007110867676713918
0.007088054578628638
0.007105297507951042
0.007093265170006863
0.007092253237347085
0.007080140875354359
0.007060691861141001
0.007086096202265052
0.00709539887984426
0.007076709123173824
0.007046217270270506
0.007027933699974856
0.007116648380708125
0.007092966659539829
0.007076476135233485
0.0070672815412403805
0.0070544213199629
0.007021899676804709
0.007010646775859909
0.00699708044090528
0.006997669679614649
0.006999844852946315
0.007011728331363252
0.006992430514315963
0.006981655052619497
0.0069630612236676725
0.0069367955696581895
0.006894065450264699
0.006886011683432042
0.006876790555538974
0.006870195658279625
0.00683513260545074
0.006819851706720389
0.0067851314103287656
0.006747417104772922
0.006760341156842357
0.00674414693180313
0.006734389330924963
0.006694317573154386
0.006695338866964538
0.00668234124671916
0.006718650022080628
0.006691502436676635
0.006707743699579841
0.006703686883067112
0.006699310834168477
0.0066788329090570865
0.006655201724045346
0.006629793351539885
0.0066213766542591425
0.006601979531940509
0.006489045148089506
0.006512882504820098
0.006512790788358653
0.006464050870670339
0.006462599099376928
0.006466176728818861
0.006459832266972123
0.006466950929900783
0.006451280242435791
0.006441112919679343
0.006460122392574932
0.006452579006862599
0.006417845298757828
0.006404337335420124
0.006392692970440157
0.006435100671077737
0.006418336405283682
0.006408162012167202
0.00640110191834716
0.0063946541875207225
0.006385845520317638
0.0063889577100781116
0.006388595398334955
0.006372936823480472
0.006357832314753476
0.00632698904583521
0.00628211733230776
0.006280240899321669
0.006263612420658464
0.006250481447660703
0.006241695100605429
0.006233335317954533
0.006145598370360192
0.006136828178191272
0.006133705439518684
0.006133902303770458
0.006160738117372006
0.006169167306443747
0.0061712971565615745
0.006163748095239847
0.006181919196631936
0.0061643479849727975
0.006122579167637225
0.006118103587401243
0.006086507618325757
0.006073381996028866
0.006061801774858588
0.006053309545424045
0.006045340346247267
0.0060362950946954
0.006020154913256977
0.006013153025104364
0.005994418148446179
0.005997092461682857
0.006014679847835545
0.006022630749605063
0.006010094788758131
0.006000548900196231
0.006134038501636897
0.006168416338496038
0.0061868860816389265
0.006167645621003201
0.006162108590645279
0.00614621275895352
0.006132384473799712
0.006117395744890628
0.00609453173591665
0.006084284417795674
0.006087222704518174
0.006073238546681153
0.006043764553365872
0.006037896208301825
0.006177396620575459
0.00619469750916871
0.006187815706813079
0.006160613866246168
0.006146560562173695
0.006158425515582411
0.006147773237898955
0.006142475035048763
0.0061170058465408635
0.006099201715849827
0.0060805939623869085
0.006058077076318996
0.006042924910334173
0.006028079132285757
0.006019376222767941
0.006016759535134246
0.005987424826192686
0.005975410486701506
0.005968069643666326
0.005964227008804262
0.005952675288923411
0.005954378660952895
0.005987551270145577
0.005990210571179703
0.005991005373433379
0.005979641156251216
0.005974987812002558
0.005943239690300624
0.00593562718076942
0.005927530413609935
0.005948329440314566
0.005932407838610609
0.005926400596730576
0.005930793472503165
0.005925360756133752
0.005917849852709295
0.005904550132540186
0.005868921697682633
0.005870050374085805
0.005897513687190961
0.005890377648903979
0.005880533512125458
0.005891573806533877
0.0058876952499377815
0.005877908299094289
0.005868279960493827
0.005855386119052053
0.005859749090959139
0.005856334585872721
0.005845819621363932
0.005836896132110611
0.005837354308261639
0.005831177837106734
0.005802774535818708
0.005800700643890062
0.005797546226266307
0.005819557847408977
0.005803462781674562
0.0058076741563974155
0.005819817091736678
0.005815335804239037
0.005809516503946869
0.005790277894184955
0.005776241108606523
0.0057667119061842066
0.0057596828803906375
0.0057495351774874545
0.005734449211122675
0.0057242325686722596
0.005705467339118647
0.005697991030007509
0.005689059212067468
0.005696166298344728
0.005684802708304568
0.005690229478183332
0.005713655392263125
0.00571215811665632
0.00572996345895177
0.005707313836086271
0.005704412224928524
0.0056973112725253895
0.005698536672338929
0.005698884926210375
0.005678084685934212
0.005669828553238823
0.005659162396436973
0.005616771332087443
0.005618395536628096
0.005611730973185852
0.005622853505016352
0.005623588644135228
0.005617270134088238
0.00563798381881287
0.005621992396838867
0.0056077027486467704
0.005482534748669041
0.005469346805450144
0.005499842930522114
0.005486793567216718
0.005518937444658259
0.005523394016757769
0.005550325281872395
0.005528649801468664
0.005530940964201297
0.005520395315950741
0.005531732531746303
0.005527230393293636
0.005519807940315308
0.005512871340626274
0.005498002580431855
0.005496383855833171
0.005499619438109423
0.005488734420512608
0.005479792567852065
0.005465833272154863
0.005432074538225251
0.005423540048430632
0.005427162485494259
0.005399851029492862
0.005400289541268672
0.005394067598775181
0.005386071241764312
0.005379181935587247
0.005374322834280656
0.0053683991312256174
0.005365634293135764
0.005359605365077066
0.005351680539374554
0.00535128352430598
0.005342238753914395
0.005301677399132373
0.005298549959578935
0.005289038201542765
0.005257054075193198
0.0052778306460742564
0.005309275349135802
0.005299800049134044
0.005313297201574056
0.005309315158316907
0.005310939893796199
0.005311739014273919
0.005295153856087911
0.005275477601917436
0.005277032697714304
0.005307428812327583
0.005282626303016921
0.005320750992178829
0.005288040562423658
0.00530162045930199
0.005286824843658356
0.005290380031629227
0.005289746534998897
0.005283292177730983
0.005276934658483988
0.005280235974052044
0.0052767452063610006
0.005274400056224646
0.005282726887987248
0.005276509106371118
0.005222669103472643
0.005223707383343876
0.005237387547572623
0.005245136684375134
0.005237595368000585
0.005223389035996608
0.005233536269793737
0.00522771940228101
0.005259931633066614
0.005270283348362823
0.00527168525123729
0.005248837015604805
0.005249458868851799
0.005247831418413417
0.005249334146772193
0.005242808873468903
0.005239882307794974
0.005242580554551705
0.00524152750919025
0.005244471339073536
0.00523713257015181
0.0052303526744771215
0.00521929908425882
0.005202521885908802
0.0051776160150555335
0.005178065917619843
0.005152366988912645
0.005147155529128852
0.005133893883879822
0.005124628214500983
0.005116115165446906
0.005121299586414258
0.005196765601874472
0.005197086367477004
0.005196432265050545
0.005135199468968312
0.005132887109074199
0.005126548557904759
0.005111607265559945
0.005103713532551619
0.005076023662260609
0.00507455624134463
0.005071015583567203
0.005047647919579901
0.005025111551518348
0.0050190684318584325
0.005012220405690452
0.005007333148869847
0.004998009808533301
0.00499228105997271
0.004989383077324368
0.005027994593599114
0.005021317524924029
0.005010085581267842
0.0049927946847452545
0.004990696096848962
0.005232898045328766
0.00525031827887407
0.005240018778444185
0.005235208122725829
0.0052321342159752935
0.005232867129403971
0.005222426671186827
0.0052583049214744056
0.005253867156600648
0.00529576553692562
0.005294680380202012
0.005288536800185449
0.005292641032248147
0.005282439837472643
0.005257182886518427
0.005308669352306539
