0.01289865467697382
0.006484691674510637
0.05711869476363063
0.04829402230679989
0.10978472450127204
0.09207156699682983
0.0804395280429162
0.06996345235448743
0.06544868652708827
0.059400057293135994
0.06959389154023178
0.07586776640696019
0.07042592664116194
0.06029416030893722
0.05645469203591346
0.05288513322525164
0.04989931258993843
0.04751440931699777
0.045002152456436295
0.04272134217344933
0.042416438851928834
0.040825478115078535
0.039161948370747254
0.03771826786920427
0.036195630570336305
0.03485510794928779
0.033553735851975415
0.03238670162631776
0.03325553183288623
0.03185402623738252
0.030896783711796154
0.029969242420823616
0.029144997860866537
0.028451754793059073
0.027729797424399284
0.02702931343495996
0.026197529457644305
0.025622208637054045
0.025000407882907884
0.024214910330512072
0.02346210761433688
0.02311633283483556
0.022577654492289916
0.022109957314872482
0.021750364246342888
0.025329585995852062
0.02616663024552204
0.02562762086626559
0.024932278195628883
0.024439851329981464
0.023934672578784195
0.023255389966817457
0.022665334633698127
0.021615180755245746
0.02123958636158411
0.020891821314172256
0.020449455739159513
0.02029569716176996
0.019959127969438356
0.019646360039363653
0.019304725180488945
0.018984358845969714
0.018908303972693823
0.018642691069264673
0.018467775861305796
0.01823393688945502
0.018005427244882886
0.017760339082957682
0.017379973547316945
0.017132262929267252
0.016248500990412938
0.01642549365211902
0.016189948176238297
0.01621540215991747
0.0159839173035212
0.01577625588805704
0.015580461948933907
0.01535806332787062
0.015118754847571829
0.014868101732083876
0.014576106883440637
0.01443261863048053
0.014302838025850216
0.014216677721603494
0.013147992415280554
0.012953253214357245
0.012830825956784376
0.012712367368519323
0.012783249351519364
0.012657876980073932
0.012559100966862623
0.012437626185278676
0.012304446986007028
0.012176235118807341
0.011998477654439435
0.011876999512770856
0.011858794274526097
0.011727925312982855
0.01159576025151182
0.0114091740129285
0.011308864373645252
0.0117786469834278
0.011646100257796485
0.011538849403482994
0.011481787535506915
0.01139604454374846
0.011288455743784585
0.01118438793458429
0.011047012117871255
0.010959724463818193
0.010859654495756592
0.010717204502789898
0.010147334928900053
0.010059386414587094
0.009952712540890108
0.009881848864143906
0.009802812693386056
0.00940395094832883
0.009331701143673855
0.009262746446987246
0.009141388830879598
0.009069223832140292
0.008991150319014844
0.008943390773842113
0.010459944770518056
0.010390379460845657
0.010293727013277021
0.01020412916311265
0.01004298404239727
0.009961794583946252
0.00995733447670125
0.009699405694627235
0.009599908609716427
0.009541962870301813
0.009648913115490676
0.009538811303710861
0.009297507604376573
0.009303316901305609
0.009363514875336217
0.009316797782906415
0.009253825710530548
0.009209935485191603
0.009264683832952867
0.00919539092393624
0.00911204630013855
0.008933669180081852
0.00888515984292639
0.008854218220905456
0.008784484001613841
0.008663576899446385
0.008876483361841804
0.008777498835020582
0.008686073506727222
0.008806323075118746
0.008709057495229317
0.008648076130835056
0.008528222442461661
0.008487803456424765
0.00842436495495349
0.008299029795763876
0.008318815362189876
0.008272567465208599
0.008214761545454302
0.008196227006776486
0.008151953084238649
0.008897059031902996
0.00884937643786543
0.008860263116030881
0.0088085774833898
0.00877214216423624
0.008692353656062001
0.008616437754126783
0.008603395156370978
0.008591871496589323
0.008546494980195845
0.008490088262422917
0.008432599898523211
0.008370571193062861
0.008319111502593539
0.008283198613497217
0.00823834342392709
0.00819265851423353
0.008324700760251446
0.008282832826670208
0.00822777579859605
0.008214086088891025
0.008071308682005148
0.008019102960436912
0.008043563009490943
0.008002747389358706
0.0079750012206811
0.007742736877335493
0.007706635822145957
0.0076289666634506694
0.0075891969411584
0.0075497853528025075
0.0074830083751220786
0.0075619246390350985
0.007516158923826876
0.007479461434555575
0.007440326217847809
0.007385748040545821
0.0076018204357858506
0.007549865283753448
0.007541779454716126
0.0075105109228415096
0.007507964374851254
0.007765525191661378
0.007721747716866609
0.007678365515836322
0.0077260649314958504
0.007867090679495264
0.007757734019901149
0.007710923579369865
0.007673593447112511
0.007623383939515128
0.007618736327249863
0.007602881702921909
0.007592047161465001
0.007498916376559105
0.0074710981272211345
0.007430262319146417
0.007399559718448602
0.007392385298800136
0.007351570597858027
0.007338592706715875
0.00783764562577728
0.007806721867334633
0.007751138156036967
0.007717027585173339
0.00768627652146749
0.007667076879614651
0.007774659629232592
0.0077878211463920455
0.007748781332215374
0.007736339665829492
0.007716326900716763
0.007631848469546074
0.007617178387348154
0.007593332306062611
0.0075807468669800765
0.007557819550713226
0.007527148589987088
0.007485482275690314
0.007486181966255314
0.007457523638295833
0.007610885762034976
0.0075598348200463334
0.00752634127647616
0.007487478149559469
0.007484003682740935
0.007454016198794793
0.007419227995814877
0.007378889825115182
0.0073111787026505235
0.007283799702848366
0.007263868508574846
0.0072380894734717476
0.007212875039448801
0.007221006011486435
0.0068953855521154935
0.00682284456460618
0.006862233760826215
0.007154721669349731
0.007124678585562361
0.007096913892961952
0.007068753984368862
0.007032726699134533
0.0070394399523610015
0.006970440520339207
0.006953169099474242
0.006963626090076842
0.0069564653153809134
0.006986662776749159
0.006960728772527006
0.006937330199421522
0.006975220965967756
0.006961790538425509
0.0069583795206978865
0.00688495823450211
0.006949481710272261
0.006931453239721453
0.00690046619961258
0.006884192333765034
0.006887710951101783
0.008517336182986656
0.008479783912864353
0.008457035573814099
0.00846027433219896
0.008408998883200519
0.008380189035263247
0.008356331515844289
0.008327266002995704
0.00829728698373725
0.008204754648849722
0.008173219069386974
0.008146144401464899
0.008112851756330529
0.008087327412019172
0.008061024828920715
0.008052415143357687
0.008020428712241559
0.007999320330495
0.008025739195214614
0.008087400645070884
0.008059785342324032
0.008049435740168198
0.008006341077713596
0.00799085066039791
0.009017499800568589
0.008988467753414832
0.008960416509354032
0.008904070936081851
0.009211593291385925
0.009202989919167863
0.009167984416006917
0.009137361556340632
0.009168962203458876
0.009147164707155748
0.009105673885154984
0.009075139140076094
0.009043726154538906
0.009011306217781775
0.008975597341956854
0.008960315011969502
0.008951556649459921
0.008924254768427951
0.00888930808667498
0.008862293183461364
0.008827275901050176
0.009018807978343344
0.00896937657326289
0.008982505654120777
0.008950457830631881
0.00893230479821449
0.008889599307630216
0.008860877111878593
0.008832146966081953
0.00880977602030137
0.008782006188994274
0.008810139909895187
0.00876191747502109
0.008733503248993996
0.008918963317958424
0.008803413598714102
0.008786326945844572
0.008759549353857145
0.00874077582211143
0.008696757481749435
0.00867820446081977
0.008654859059457853
0.008628318237556967
0.008613380934568884
0.008572694818853257
0.008551466202783907
0.008530164387188618
0.008499306577759245
0.008466707399775843
0.008429737833972063
0.008417615931338588
0.008374598233504555
0.008347725045989773
0.00832811796423342
0.008296375595948544
0.008281855729374846
0.008265802287734532
0.008265865428810408
0.008240006924565847
0.008228601683859362
0.00820886820981171
0.008190865995113924
0.008143414602094973
0.008137689536000992
0.008103202211282527
0.008082524669202456
0.008053830049951149
0.008021232493024038
0.0080075700220432
0.00798731806992835
0.007962617412282231
0.007945239874799443
0.0079153552158236
0.00829990523372241
0.008284291798511957
0.008250567648807721
0.008250991680803146
0.00822606045426021
0.008201487554440152
0.008192433053194786
0.008154144742192055
0.00805375381776462
0.00807727719104669
0.008058715439658628
0.008012087518700011
0.007992696567794845
0.007978535499347501
0.007943279866156071
0.007900266353021095
0.007856485713709845
0.007839121218269084
0.007763317421273289
0.007752964538279414
0.007768149955064466
0.007757891762288819
0.007740883961241933
0.007718235710223896
0.00770465738092111
0.00771682155842285
0.00759171893672518
0.007571703285446795
0.007605016982161386
0.007579609071954264
0.007551900466711705
0.007533954936696822
0.007516766662565015
0.007353065331489946
0.007336091005514069
0.007321012965575758
0.0071464276663304885
0.007175455570155689
0.007265244161636212
0.007267089726994516
0.0072435466409276495
0.007227719957145919
0.0072086783233393835
0.007185805479497529
0.007174916092820997
0.007159275876706584
0.007124907925297225
0.00711092033643349
0.007087364682202288
0.0070584980596457
0.007060790768570228
0.006770955950380356
0.006771171521454186
0.00675070896950919
0.0067574326239991924
0.006746110462467981
0.006728142929205204
0.00670802179481644
0.0065486752761294
0.006624807102913688
0.006637772442044077
0.006650620173228631
0.006636300370892751
0.006601365968862118
0.006365060571624779
0.006356666093009765
0.006340288477949796
0.006409176379058121
0.006394759446652441
0.0063650607700391805
0.006354821001493375
0.006307491726385285
0.006297559955559686
0.0062970483608857705
0.006283482254277426
0.006273118757504831
0.006253227640358406
0.0062369121536067045
0.006219279134164269
0.0062013192363304616
0.006193244181711884
0.006244651510840861
0.006244957924954384
0.0062294463887292185
0.006207432224252061
0.006179214902480304
0.00616683620808428
0.00615841693938423
0.0061516867844748965
0.006137308994791495
0.006080162308040322
0.00607352294064568
0.006059449432885367
0.006046874173360424
0.006034966843045864
0.006035852301763738
0.006022655935278936
0.00600770383704407
0.005994121269690049
0.0059844914847391
0.0060100846855096835
0.0059960574072488015
0.005987245777052721
0.005975981650527877
0.00595066972581677
0.0059257399556007975
0.00587764355966973
0.0058480776951206305
0.00577380453880944
0.005641460927103172
0.005637066094025679
0.005645535007881166
0.0056312369084597766
0.005632709208416788
0.005614093081496398
0.005720234451067065
0.005704002850921821
0.005682456008058239
0.005671104151939699
0.005647861829296465
0.0056331289127965175
0.005595365803432877
0.005566900009402114
0.005549597740873665
0.005537089875862128
0.0055315327051956515
0.005493545434243664
0.0054909887332574
0.005480099927638091
0.0054811241292303
0.005470747232370544
0.005474120982554151
0.005476350031575174
0.005467069228267568
0.005455882750581012
0.005456660223697706
0.0054469945710689666
0.005443912763202171
0.005453289970416588
0.005469096383350556
0.005481223067897903
0.005471037660969331
0.005486729874531472
0.005507255783432694
0.005486655044726581
0.005478991529510825
0.005476328376834367
0.00545763565618071
0.005388745382805422
0.005383102648640765
0.005325989165384327
0.005307906207075845
0.005341594426179434
0.0053312831451627265
0.0053148491396378264
0.005329702221416971
0.005288999202592227
0.00527926812918044
0.0052716770428241425
0.005261416089378851
0.00525370695568734
0.0052329437154635715
0.005094137900417684
0.0050925238521291214
0.005086640116650727
0.005078105041314043
0.005070864123832012
0.0050416161295532775
0.0050281509419078975
0.005018219553390148
0.005009875018700171
0.004998062804723075
0.004987559054635647
0.005028974704082413
0.0050366145242998666
0.005031151915604686
0.005040415607904185
0.0050249900024528695
0.004996709138121012
0.004985278780505122
0.004976728766973309
0.004972697164558402
0.0049593226287708144
0.004846053455654053
0.004837410096282018
0.004820791171093984
0.004815024445844373
0.004808512078335136
0.004833042381404185
0.004828683928703161
0.004789967872703346
0.0047713757297732735
0.004761705475933315
0.004752266325310365
0.0047560567113310625
0.0047759384746540205
0.0047683208048291455
0.004759440137477744
0.00475650477244901
0.0048546107619378605
0.004847788764891445
0.004842904045168928
0.004833042714436878
0.004827027038595313
0.004969395360591434
0.004960669067448929
0.004940349959508883
0.004929978664446967
0.004923963945264008
0.004914178076604791
0.004999224976339548
0.004991671322877203
0.004985778928515006
0.004926887462548386
0.004925525887429527
0.004918226308931939
0.00491745586179604
0.004902921998068516
0.004909440666032787
0.0049185388709024995
0.0049113096131425445
0.004901178632232682
0.004887915969844146
0.004866258516284188
0.004858636682025749
0.004850938136209366
0.004842931651066583
0.004831637393578592
0.00478614071055275
0.004789151374924262
0.0047737577759593645
0.004783646802288266
0.0047621425751635605
0.004751232072477593
0.004738954656687149
0.004730354596179704
0.004728404692756274
0.004734466361134438
0.0047350022705768555
0.0047259639764687085
0.004720234277299776
0.004709080564486793
0.004703107009415503
0.004679578609583174
0.004665217786365754
0.004661163209195524
0.004747500451580094
0.00475195414417961
0.004764591014233549
0.004758002204921845
0.004748158958076375
0.004744794546680588
0.004715453661898984
0.004689854411718073
0.004669937478749007
0.004626811111701324
0.004613349546593778
0.004535907714451695
0.0045238225201079145
0.004523806650770722
0.004528902093145049
0.00464281704691473
0.004693976662084046
0.004696772796085852
0.004686871568925129
0.004695516871319807
0.004688980401104063
0.00469046651529947
0.004686088882179741
0.0046888550077459805
0.004683107439687919
0.004694583739144263
0.004685289324719986
0.004685671757939453
0.0046794165285542295
0.004673944519464755
0.004684804668178193
0.004704394373915411
0.0046956999872305
0.00470040977754202
0.004682094159071275
0.004680769806714634
0.004664926496936549
0.004653446887909694
0.004654252679843744
0.004647316964436632
0.004638870518394819
0.004629396546800165
0.004618471135580916
0.0046143055378044555
0.0046112783700243245
0.004605843277272971
0.004599128984581825
0.004593662955294197
0.004519562667448126
0.004510748446686704
0.004526187487392553
0.004517613109612318
0.004511663518680284
0.004495291103968374
0.004487552142952058
0.004478206058618281
0.004446779923540169
0.004434742016557313
0.0044318802091829375
0.004427446707352722
0.004438160760079309
0.004429700441562293
0.004413106812708743
0.004400296564285993
0.0043890905472450245
0.004388486638036217
0.0043819080813058235
0.00437194553902957
0.004365465255940522
0.004358537291617627
0.004348025272733396
0.004341616044013616
0.004336432233685625
0.004330797475598058
0.004326843153524927
0.004315800000112567
0.004308606727105146
0.004240535921145483
0.004167804246829849
0.0041589571638160835
0.004147630856121546
0.004143287798868877
0.004136657191359035
0.004126214608215354
0.004126298597859573
0.004120873355134095
0.0041167633956741756
0.004107684362436171
0.004100443538415184
0.004077332223761016
0.0040741706127139145
0.004069903893147602
0.004064672428431242
0.00406953428613819
0.004057107552976372
0.004078949073787197
0.004083619205951084
0.004076593621684225
0.004069243294417478
0.004081512394015303
0.0040902948098285865
0.004088185695625863
0.004088334046958504
0.0041365181367877995
0.004129342470460503
0.0041214303972380096
0.0040899102804874184
0.004084967358023293
0.004050892157569085
0.004043279987358496
0.0040361639411924865
0.004030803577548992
0.00403204562248865
0.004029638704190134
0.00402411204419378
0.004003496429685266
0.004000700069131822
0.003996181932375062
0.004029101379371191
0.004020610003627536
0.0040159503635756304
0.003964406629594455
0.003911740861614346
0.0039107751533638555
0.0039046756210926775
0.0038952757869438444
0.0038947290885463855
0.0038929052824205794
0.0038899675181611883
0.0038837332783531577
0.0038795919926326947
0.0038741662308477906
0.0038688916937694613
0.003863442051356383
0.003857130248253307
0.0038877950872643033
0.0039537500338144025
0.004031278984776737
0.004011336306670419
0.00401482599650334
0.004008821167097899
0.004014329733626746
0.0040216547271474685
0.0040161398930960305
0.004005891509538057
0.003999787839786744
0.004008143608929846
0.003993749530188717
0.003992260694751422
0.003986160782615191
0.003987106505407533
0.003996378371354738
0.003993689536668271
0.0039883685596884865
0.00398726161404979
0.003976264153644258
0.0039744693319726096
0.003957391827371085
0.0039528852733378556
0.003949465009928892
0.0039208281873297935
0.0039005658221587013
0.0039026971807279392
0.0038998557144495818
0.0038715770144601373
0.003866298967912353
0.0038612627786050024
0.0038573660245010332
0.003856387332875105
0.003854824075740796
0.003850575843061954
0.0038457026803757253
0.0038431129583283534
0.0038526102285881395
0.0038757819156535946
0.003867408265511539
0.0038712718017429866
0.003861055500717952
0.0038639390301192693
0.0038780438921593263
0.0038733218396642976
0.003874850712287947
0.0038444906867925233
0.0038341530818858114
0.0038300795887561945
0.003822938675893624
0.0038801686202764207
0.0038761520650904026
0.003869769779982638
0.003872478860710435
0.0038779220157998504
0.0038739588186011476
0.0038716828972375898
0.003864902703699458
0.0038572545361479573
0.0038519875834004493
0.00382737369496024
0.0038175779543526997
0.0038174583585688145
0.0038262067672802666
0.0038330112801687956
0.0038348203630365315
0.0038270071806017214
0.003815497119559107
0.003815251906081074
0.003808714189423063
0.003806315930361093
0.0038258688479649076
0.003831386249180407
0.0038258341143195727
0.003833453911682307
0.0038289988273851544
0.003820962256096869
0.003803976021660374
0.003798618058237335
0.003791090170611736
0.0037870562216555897
0.0037824322157946197
0.0037245091226172596
0.0036461572536460344
0.003644689643714461
0.003653512898896575
0.0036485518322423465
0.0037179977040337105
0.0036944802826629187
0.0036830778171754877
0.0036785319647708167
0.0036708693323785086
0.0036660870827182447
0.0036653534753388435
0.003654624667082268
0.003650450703483658
0.003625494593097644
0.0036226429715397763
0.0036218937866410437
0.0036167209956026436
0.0036216098846289305
0.003617928763132481
0.0036149844591789287
0.0036040068876435722
0.0035994647241541357
0.003597410196542277
0.003599543977476604
0.0035896862641581987
0.0035859944499626495
0.0035793170877233345
0.003560479678422632
0.0035666351982249207
0.0035616066188325743
0.003588079847637117
0.0035550392156933753
0.003545545090535499
0.0035435135338262396
0.0035343558825258383
0.0035213429138689317
0.0035191408619790997
0.0035169900936616086
0.0035114620328496747
0.003512405201314594
0.0035063251787022624
0.0035008876030679895
0.0034982271083818955
0.0034838416777592082
0.0034797867104623026
0.0034791661073825817
0.0034798078186447042
0.0034789210403200024
0.0034672419520370324
0.0034681871161623148
0.003518793301958427
0.0035135551245346233
0.0035097206110548374
0.0033492469769741645
0.003353050539563589
0.003347073023999335
0.0033425297242883805
0.00332171740529816
0.00328285878420796
0.003275804438001684
0.003274076002447222
0.00327950506517471
0.0032767416683566644
0.003273719785395587
0.0032709477232828483
0.0032578530248731597
0.0032430725762667575
0.0032371324276218305
0.0032389601233148383
0.003238614398519038
0.003252458524063929
0.0032494342681077372
0.0032447295537352118
0.0032456602350614924
0.0032391549245372824
0.0032395947541043876
0.003241410041369516
0.0032341028678239173
0.0032386043953827035
0.0032339325075240685
0.0032366733967891174
0.00322713870193711
0.003222495966449511
0.0032201297079217147
0.0032166923434938425
0.0032103638549312056
0.003207549330810163
0.0032103755472009713
0.0032065260871068694
0.003184264279334916
0.003188470264256894
0.003186277000086767
0.0031884262437963553
0.0032026371579228405
0.0032012398870707964
0.003197811550739579
0.003201530462703119
0.00319027488481267
0.0031849709203140447
0.0031796106443754356
0.0031813165555577764
0.0031823996870049306
0.0031981429521815265
0.003194405417757894
0.003179179992422808
0.003177704436981393
0.0031749464794097364
0.0031702489898303527
0.0031136591978403435
0.0031010731129494083
0.00308937089825381
0.0030947806787329007
0.003090841018752397
0.003083741226783059
0.0030904688448472237
0.0030888033846420454
0.0030876960352194606
0.0030759657291252163
0.003056373652095434
0.0030500979842633677
0.003047099062057193
0.003043558539960109
0.0030398160880787547
0.003035540436876576
0.003032036419704341
0.003028158035186793
0.003023573086934325
0.003011635580359781
0.0030085449961488034
0.0030063148421443156
0.0030021743685682695
0.0030033273381396015
0.0029983944231251414
0.0029927434785394155
0.003053107792772711
0.0030497297557747272
0.0030454730012703405
0.0030430307927271937
0.0030365886750743963
0.0031024077071058584
0.0031111322551431483
0.003113136976540454
0.003110718379859942
0.0031099825947245685
0.003115328312787589
0.003110363698768601
0.0031005096038418467
0.0030959941150103198
0.003080986367947595
0.0030859756366253344
0.0030822751351143383
0.0030762743280938532
0.003071711231583047
0.0030801060256526558
0.00307959492927626
0.0030676414588747063
0.0030632763118013935
0.0030622786918402018
0.003096383224449405
0.0030682952043669387
0.003064782379401728
0.0030613560885240465
0.0030619637315311386
0.003062785254880985
0.003057641506632108
0.003035162703080268
0.003032317938035912
0.0030323518780579106
0.0030301279212686244
0.003026980677467933
0.0030062728893284563
0.0030075405855884475
0.0030046085403628853
0.0029984601630073477
0.0030059439989351816
0.0030059253785843444
0.0030165376659396052
0.003005464854459997
0.0030038619614205907
0.003001674052340973
0.0030011433924111734
0.0029980074342850754
0.0029926107169578457
0.002990802329660326
0.0029875239246057506
0.002979579424748083
0.0029814489238499204
0.0029787529330762316
0.0029805992687576017
0.002975645318505748
0.0029720910747348733
0.0029734333957898832
0.002979623526742237
0.00298276001882053
0.00298138387938815
0.002979865347167667
0.002974991239010629
0.0029690864655579742
0.002963667184607658
0.0029596651771699994
0.0029568326819980825
0.0029683237896928594
0.0029648961130377877
0.002961842825239901
0.002959009521144683
0.002959719783366736
0.002915617117677698
0.0028980872155781184
0.0028970476812035634
0.0029467235811667567
0.0029265682723362816
0.0029244054654863736
0.002913613166544662
0.0029120197489795603
0.0029103055306086696
0.002906466905601409
0.0028923076595144953
0.0029011185234845208
0.0029295864061299024
0.0029290521533698677
0.00292314940710642
0.002920569492212003
0.00291726725118108
0.002909227094865413
0.0029105600650059663
0.0029119055052162337
0.0028879835165469825
0.0028849079961753236
0.0028877307437782046
0.0029114078048706267
0.002892473098271062
0.0028934905791006475
0.0028903618236001487
0.002886717513821008
0.0028920682343327323
0.00289160351178158
0.0028884475445488775
0.002885529513951302
0.0028871444575199598
0.0027911676466621407
0.002792884939262334
0.0027899495318139144
0.002785144749446684
0.0027825656671123257
0.002785164860491332
0.0027876103756637924
0.002788359863374861
0.002786681303050028
0.002782868195259785
0.0027820438883947793
0.002779105125112077
0.0027763085711955036
0.002778523255745688
0.0027730107881647047
0.0027615001590172044
0.0027622707768050862
0.002736469677758604
0.002732579980443452
0.0027295009302839585
0.002727429813508297
0.0027255947299539484
0.002722123713639107
0.0027487082083258747
0.002740189187197293
0.0027379036269254216
0.0027377861438980158
0.0027489578021350075
0.0027450128995772315
0.0027445143458795086
0.0027424550885834626
0.002744427525570721
0.002748308762826511
0.002745303903293901
0.002743644002694308
0.0027431396970634225
0.002742267707507378
0.0027381502206909355
0.0027386008326306006
0.0028619365090212776
0.002858130540487835
0.002856900909435901
0.0028425553101852764
0.0028393699362199818
0.0028378408660083157
0.002838658065870111
0.0028436580502401204
0.002840969178752915
0.0028409953062634072
0.002856097872736276
0.0028540366917499116
0.0028522611951202793
0.002849647840140957
0.002855998449545763
0.0028627933774317137
0.00286150888775647
0.0028783615965141326
0.0028725756972848397
0.0028802032627596817
0.0028813577749584496
0.002876372693737605
0.0028734996234944577
0.0028762100433010734
0.002873714982723647
0.0028696153527189546
0.0028641801935321703
0.002861458421968391
0.002858665683566915
0.0028587018900167777
0.002834144734687875
0.0028327151569591254
0.0028492248233395238
0.0028467381999062345
0.002843386323741231
0.002842554164625317
0.002840729623086953
0.002888841540698811
0.0028859445426790125
0.002879764487867968
0.0028768454560126923
0.0028749063641411348
0.002868276348280285
0.0028716999463594883
0.002868993066968774
0.0028665307246001936
0.0028719971705434087
0.0028669034768558695
0.0028659074474404666
0.002868970290058547
0.0028719218875762962
0.0028672788194808773
0.002863176499005361
0.0028608616326583547
0.00285980984996515
0.0028586120747258244
0.0028554331414358987
0.0028545181393340147
0.00284719370656564
0.002846560226240103
0.0028469890871283703
0.002843413773371744
0.002841839266783822
0.0028417394451040966
0.0028394471569219383
0.0028315449859237117
0.0028336043557706
0.0028304048828583675
0.0028255909755632302
0.0028233699330786313
0.0028212337601567694
0.002820772917038379
0.002818713086922211
0.002815906356145198
0.0028093350678004936
0.002807690970870561
0.0028058605427864185
0.002804564638312886
0.002801409831512214
0.0027786438636174765
0.0027724610239769245
0.0027691282795081025
0.002764786704906858
0.0027606474362441872
0.002760558901102918
0.0027626543987575016
0.0027578756359241093
0.0027537141194513737
0.0028352868823515827
0.0028439870335283048
0.0028411715333129194
0.002840786102862241
0.0028422354582611936
0.0028424736576854433
0.0028351710198153035
0.0028422827127793887
0.002848162878042492
0.002824615382281733
0.0028204946847880724
0.0028385768009432095
0.0028356821386098375
0.002839715987520255
0.00283794720692797
0.002824913462881503
0.0028251039588357467
0.0028238615172375007
0.0028205577722266026
0.0028181056256163335
0.002816916313209126
0.002831692275669291
0.002830306674211215
0.0028277287595291083
0.0028247435412955555
0.0028297795477350606
0.0028281800321486
0.002825952156564335
0.0028245910555773465
0.002824002190905287
0.0028193676602788387
0.0028396559403227432
0.0028349669331087556
0.0028322749630678235
0.0029547481586411324
0.002953429002294424
0.0029509484628914436
0.0029482852324768977
0.002940765037068592
0.00294785515912964
0.0029449306567139377
0.00295941662658139
0.0029567144750751876
0.002961394550915195
0.0029619144111176702
0.0029608530739659686
0.0029597289423927593
0.0029592895465029557
0.002960974938803705
0.0029604904369258393
0.002941199194568246
0.0029359967120255468
0.0029338562874941907
0.0030917176995052895
0.0030901341004315815
0.003087774769490229
0.003084982623967993
0.0031244916889327764
0.0031224780713332723
0.003121127267949407
0.0031186433044500693
0.0031156186626854375
0.0031108423872117487
0.0031015680069600435
0.003098745926864481
0.003096184365350033
0.00309304352329953
0.003099074085278476
0.003095841747749102
0.003126590640025012
0.003123821329057833
0.003127432767263249
0.003125220869462872
0.0030384531545260217
0.0030366702778183738
0.003032802151238683
0.0030353220807116965
0.0030334233676594245
0.0030293907108109976
0.0030261379468797924
0.0030315938395719666
0.0030076181693644097
0.003005037793543553
0.003002963412324203
0.0030050517053818847
0.003002546814020129
0.0030058230249450078
0.0030020448241349727
0.00299950307255726
0.002996501836173167
0.0030018500517970063
0.002995649296147329
0.0029893921356416416
0.0029857494584870506
0.0029833310484984853
0.003002454607760484
0.003012403477796188
0.0030141254991959293
0.003011839279667624
0.0030531933772794395
0.003051665400825154
0.0030434475004637584
0.0030418856856801375
0.0030400696705135
0.0030391336302830036
0.003038792555694126
0.00303611878350364
0.003044570166213186
0.00304243191046554
0.003042233961939898
0.0030345099525254816
0.003030935640431667
0.0030357067573007043
0.0030324758201530333
0.0030286289681742827
0.0030298851051874754
0.0030272005670899126
0.003025928323917428
0.0030299113342996758
0.003026827285496578
0.003024931368682362
0.0030223508276817313
0.003020327006614461
0.0030186201257371855
0.0030210735440036806
0.0030337865370806297
0.0030324436419024263
0.003031024976637752
0.0030324272292425107
0.0030296470430005674
0.0029941656175191673
0.0029924962403724904
0.0029867984881157485
0.002984482262778341
0.002993214090263019
0.0029170063266738583
0.0033088763690879283
0.003318200305768404
0.00331660042388866
0.0033137121978677707
0.003310534400576859
0.0033040501597025227
0.0033015813524217264
0.0033042511689598186
0.003296759757387716
0.0033020810326968913
0.0033016463017811843
0.003301072731714985
0.0032988768460544167
0.003304941355758442
0.0033024990599097703
0.0033087527230300285
0.0033062661208833164
0.00330277793568578
0.0033042339338299354
0.0033011580451293198
0.0032674510591306242
0.0032629669867568095
0.003257475623881657
0.003255429472468923
0.0032510679012127354
0.003249850786330671
0.0032487855591931763
0.00324531344506257
0.0032429594466046
0.0032398884921138265
0.0032448325398762444
0.0032418516133338395
0.0032371686127087283
0.0032409119747492257
0.0032375650510675365
0.003237209667173422
0.003231883063450353
0.0032271335887150295
0.0032255357484070354
0.0032220192395994184
0.00322147879075576
0.0032234224790248897
0.0032290778711547125
0.00322382053687301
0.003222101968198304
0.003221789344261867
0.003219403316034934
0.0032088868728258916
0.003206457872130789
0.003198343971715588
0.0031947396135437755
0.0032010517097271034
0.003198245849401297
0.003204337167133725
0.003202506616762669
0.0031985790794033142
0.0032203028515403694
0.003218530108548305
0.0032173031050926146
0.0032151087955618065
0.003227576356888104
0.0032252725635817927
0.003219469552568514
0.0032193583095055443
0.003216117022505253
0.003208236721149786
0.003205858391629454
0.0032038577083550583
0.0032019379878330807
0.0031898496341429333
0.003187278356910076
0.0031844953311120743
0.003180709120781825
0.0031787492775411028
0.003177413413979681
0.0032587261340761586
0.0032580721770553984
0.0032584944810623525
0.0032585936859421266
0.0032563512646142266
0.003222935967382796
0.003224009119170468
0.0032201220316034895
0.003218329602539924
0.003215325424863518
0.003211217073102858
0.0032122085057916896
0.0032140492693162083
0.0032164232758454168
0.003212829971291984
0.0032618335166745495
0.0032689272915308733
0.003262286996456489
0.0032612658311699117
0.003273545063752209
0.003271396653930073
0.003273324432503991
0.0032718565247961736
0.0032693230733288384
0.003252073277868342
0.003249430762647536
0.0032416177021234458
0.0032331439117668473
0.0032312763298370517
0.0032284081713629433
0.003224559804081486
0.003223267462827832
0.003275216034905798
0.003274337084423584
0.0032729856212339674
0.00327328238608814
0.003265089807546201
0.00326329985585718
0.0032617001679259767
0.0032490709176849785
0.0032528183962460626
0.0032595015307548864
0.0032539236637296235
0.003297974598981069
0.0032960468983491624
0.0032945924671846523
0.003291130469291219
0.003287750987073505
0.0032875995623367154
0.0032953846366544203
0.0032935672078957226
0.003290637366790381
0.0032777218502482866
0.0032776889567170038
0.0032841283011465845
0.0032824019923861966
0.0032823724489410653
0.0032762345812785663
0.0032739815372780662
0.0032759391265884566
0.003273355671976223
0.003272109664920319
0.0032688878732358793
0.0032659423010971337
0.003282136907557353
0.0032815847037477148
0.0032794981269220137
0.0032754815567236748
0.0032741484274972344
0.0032678616430983523
0.0032678031747659527
0.00326468916790542
0.0032630919960139645
0.0032624393701033896
0.0032609541702186017
0.0032589451154267646
0.003255395921719715
0.0032533645356470336
0.0032524757692533176
0.00324932982455182
0.0032477757453510097
0.003247807461208956
0.003233338627175454
0.003231441328249884
0.003229356305654917
0.0032273060116854743
0.0032316170487902227
0.003227591625551758
0.003226216549150068
0.0032199840590926513
0.003216036314744633
0.003214209701972437
0.0032078495968009993
0.003206345825354622
0.0032041166366908284
0.0032019476064994975
0.0031994625947515684
0.003197358922011045
0.003195383672823532
0.0031961226173806228
0.003189791867940196
0.0031908017226359654
0.003189017359317113
0.0031973532364440783
0.0031949450749807944
0.003195000418017327
0.0031957931798682376
0.0031939696992379233
0.0032551191672285
0.003252848737751024
0.0032507474192773975
0.0032492876794748397
0.0032470883044160704
0.0032493691875206177
0.003242924746996017
0.003242875729613618
0.003242538853538038
0.0032409530968249174
0.0032389512695343344
0.003237214203924683
0.003206364614552419
0.003204295770339651
0.003192725203141231
0.0031900958085287943
0.0031913541927896033
0.0031883922164566373
0.0031863931036785124
0.0031806165259089607
0.003179125034386763
0.0031785967486857637
0.0031756572567845053
0.003173274354618408
0.003173492048942766
0.0031760779830742854
0.0031721579573945054
0.0031710811128806853
0.0031679387988876036
0.003166882184149783
0.0031728303646654916
0.0031584895272043978
0.0031610688968532266
0.003159338504315176
0.0031588547087350633
0.0031524379012908086
0.0031507488886021472
0.003147338021721733
0.0031583432636170523
0.0031587171314561404
0.003156866519497967
0.003154089153492036
0.0031517550450498658
0.0031514046985877593
0.0031488170165468363
0.003147993527869147
0.003146043020502993
0.0031437349213091765
0.003139424404465779
0.0031375513140352008
0.003144840846339814
0.00314055445129091
0.0031397889692185797
0.0031383134341455223
0.0031352628427640736
0.003133439289608979
0.0031299874491968627
0.0031328932760598385
0.0031260351526094755
0.00312300479166323
0.0031208159147482007
0.0031191911338308356
0.0031151760637810454
0.003112224955008765
0.00311224718255485
0.0031109569405689663
0.0031116631435133854
0.0031098531279151087
0.003107690183450996
0.0031064169862297254
0.0031004305011331046
0.0030997194802144363
0.003094487399324973
0.003090404409993399
0.0030894287093084487
0.0030867803624255894
0.003085323973458143
0.0030749605104539463
0.0030732939930819417
0.0030712098593651937
0.003069074738615022
0.0030661817902405976
0.003065991178519272
0.003092470733777255
0.0030922759024954553
0.0030912986609618635
0.003088898847254526
0.003083633632669844
0.003084147047263042
0.0030823374131964515
0.003078696671620811
0.0030758237339726245
0.0030737645184959533
0.003057118788331021
0.003042054290832139
0.003037893455483954
0.003036678320633777
0.003036269639603658
0.0030442606305670803
0.0030427420932332304
0.0030425753774041987
0.003041165038961613
0.0030378215692318956
0.0030289140900253155
0.0030200677066405538
0.003012847097369052
0.0030115012928412853
0.0030064983463629724
0.0030089328493697015
0.0030039553910254447
0.002966983074152487
0.0029641603449411425
0.002964361756498071
0.0029620623180859093
0.0029602453818573077
0.002961598456725644
0.0029732914339657386
0.0029730655211886565
0.0029714045373005894
0.0029716535482920796
0.00297009082975654
0.002970479829693193
0.002968344506858755
0.0029670515472066655
0.00296540243038622
0.002964210626605183
0.0029637304221408482
0.002969509374983292
0.0029687407548476107
0.0029671371988815877
0.0029611298082228847
0.0029615184782635974
0.002952098028414381
0.0029421646015445183
0.0029409052254445985
0.0029402744007719635
0.002939182120297073
0.002936590628554486
0.002934227347360964
0.002928165875509243
0.0029265380479419805
0.0029243890349727004
0.002922352700210159
0.002920953198490335
0.002919906407948111
0.0029184667525277647
0.0029158065011393812
0.00291472912989052
0.002906745424387443
0.002904714831628233
0.002905385369059597
0.0029050062700405723
0.0029030457707118038
0.0029010912121612475
0.0028972770976785933
0.0028956260868471632
0.0028955209616975544
0.0028939090897691483
0.0028923431889405497
0.0028926844817515765
0.0028908201737672906
0.0028869552746290344
0.002885095015171643
0.0028830127251480405
0.0028811408530913275
0.002885734290371902
0.002884207049693714
0.0028824456536630408
0.0028864966636606166
0.0028851348556116533
0.002883684030384231
0.0028803566186232947
0.0028778467977748344
0.0028758334016201737
0.0028722122650827113
0.002874175575392363
0.0028725468390084995
0.0028640072066524872
0.0028643278089696515
0.002863285603721295
0.002862687607483021
0.002861568552419652
0.002856962540409482
0.0028584791763491134
0.0028512100423019643
0.0028516336066324592
0.0028557293390021553
0.002847482325524365
0.002844826199630845
0.0028433663198758124
0.0028426428682899233
0.0028398182472100944
0.002836673422254696
0.002836789986068005
0.0028348603927825923
0.0028338504133540486
0.0028379921977230798
0.0028373364176825207
0.0028348535821901308
0.0028328218164892127
0.0028317173255450337
0.0028302655186812995
0.0028365394834722695
0.0028364954690554244
0.0028337075689577867
0.0028338945615089483
0.0028339675522481857
0.002831512651945198
0.002830138978248176
0.002824642453960641
0.0028237743778862043
0.0028408303021469554
0.002838964968228352
0.0028661473328529096
0.002866002996893194
0.0028669795403783063
0.0028651869209923866
0.0028656291589155736
0.00286422718244835
0.0028743157878862854
0.002871820166175692
0.0028660296877433744
0.0028742212670085612
0.002872241228291898
0.002870772170794797
0.0028687311382138503
0.0028642055330030955
0.0028582634719179845
0.0028436691836088417
0.002842267186572438
0.0028396984178062565
0.002840270568860225
0.0028386173565659767
0.002837188645844372
0.0028356555963967565
0.0028337448921137796
0.002837261218667389
0.002835806584403941
0.0028345576449886286
0.002855939805338967
0.002854499845840526
0.002855062531856611
0.0028219887480198736
0.0028209180615146614
0.002818872344129012
0.0029098451450715527
0.0029076338317516547
0.0029008138820105695
0.002899651661828213
0.002901395480682243
0.0029014487293764235
0.0028989750451290162
0.0028978430232225825
0.002896822895885644
0.0028955186218719464
0.002896696499762215
0.0028963812921107006
0.002888430932031723
0.002886766940170954
0.002883579065123224
0.0028818867344259794
0.0028787149121058263
0.002879188852700182
0.0028767195545516375
0.0028760121235158888
0.0028754828839304583
0.002873648317452321
0.002862669634391488
0.0028620063248945347
0.0028603843805048873
0.002858629891627548
0.002857682476986098
0.0028562992677246294
0.002850522078981596
0.002858069635202097
0.002853724253754359
0.002852703155048445
0.002837332316880722
0.002829215564444528
0.002824713382329767
0.002823493256079565
0.002821708341078921
0.002816431675707935
0.0028134358137109766
0.0028084274141228394
0.0027976743165858066
0.0027926868636883443
0.002793811334848983
0.0027917029520581394
0.0027892316456024674
0.0027914113942554995
0.0027927676825552795
0.002795418067234535
0.002787364847886806
0.0027851645787068027
0.002781181166070801
0.002780472901912968
0.0027787530297375645
0.0027757198294949856
0.0027740547572290344
0.002759702759168845
0.0027598995788297776
0.0027583079977702572
0.00275667008441263
0.002754824401462426
0.0027534591410101773
0.00275077354747775
0.0027496773630479106
0.0027469563778274777
0.002743611622268567
0.002739529976565041
0.0027413700731509887
0.0027388246836949318
0.0027244432687653854
0.0027238716070137423
0.0027207744946140533
0.0027209215031935097
0.002720596245467206
0.0027185998990306407
0.0027133619154968147
0.0027174533747196207
0.002715369944570976
0.002712582201917051
0.0027153031197668267
0.0027148406484851346
0.0027194608972196297
0.0027199381334925784
0.00272107060356094
0.002730081480928599
0.002728499197752123
0.0027287351075533707
0.0027302470977626195
0.0027292644960798117
0.0027262183886376874
0.0027392329182872994
0.002739240404022935
0.002740327301300537
0.0027391057483736256
0.002741654939748107
0.0027383978945848867
0.002737492265145048
0.002735885771235906
0.0027359482948381185
0.0027327877894792975
0.0027308372428978263
0.0027253054392568496
0.0027241133164855515
0.002727837379675555
0.002727713295499412
0.0027380247260118252
0.0027294974496824727
0.0027279384385086227
0.002727023901668047
0.002725204835644702
0.002724015932082713
0.002727148477304064
0.002722875709581842
0.002721964485349318
0.0027208126143849266
0.0027194754306757406
0.002721606723291251
0.0027167139098281242
0.0027170289916549355
0.00271395615079305
0.0027096437375559836
0.002708241868432316
0.002708381342412097
0.0027139863555415895
0.002712379562883389
0.002714336966126166
0.002709852887546874
0.0027210909412703757
0.0027207197786116573
0.0027198977488447416
0.002709868340934527
0.0027056015897531775
0.0027066190727893045
0.002714485158688552
0.002712677406440526
0.0027097585223688956
0.0027100449247120075
0.0027081905381420206
0.0027061629836665087
0.0027089287768769362
0.002710520116239571
0.002709095719147068
0.002652284364277563
0.0026912458332357565
0.002680037744389244
0.002678986923700759
0.002676696152525948
0.002675066587655772
0.002674329946616229
0.00266498107112032
0.002664623088384808
0.0026642437476378997
0.0026628654190580937
0.002662182239402795
0.0026606611342533328
0.002679511947694695
0.002677574659234028
0.002683418262751406
0.00268066786999448
0.002675171273775935
0.0026741356377709517
0.002670850287985095
0.0026712178151599006
0.00266979471634165
0.00267216230893367
0.0026744014655920557
0.0026756529409813525
0.0026675189647522423
0.0026586977124634877
0.0026570613896149484
0.002651018661365167
0.0026530599256723735
0.0026567115911464594
0.0026551196589206746
0.00267987315136764
0.0026791597515942642
0.002677798324374856
0.0026776000487488843
0.0026760831722060056
0.0026714131729740887
0.0026694949130254453
0.0026660783795328757
0.0026652900134946727
0.00266300426033798
0.002661849566670704
0.0026611857171242336
0.0026593400191623137
0.0026588019587525454
0.002648438184626244
0.002646482486776321
0.0026457991576771833
0.0026438633030347928
0.002642222936582795
0.0026412802846177393
0.002641225258136314
0.0026458792507376865
0.0026505780612927484
0.0026506741117624075
0.0026493913219493505
0.0026474864724971036
0.002647083557383125
0.0026479924221763872
0.002646307592952531
0.002649468932340937
0.002647054853842235
0.0026448930129762778
0.0026437432472023095
0.002638520372517446
0.002637996590475104
0.0026348312318516098
0.002632522212415616
0.00263164462402125
0.002630192742806715
0.0026193207525259284
0.0026167997179562083
0.0026160693557147736
0.0026153043239237144
0.0026589526215327125
0.002652454738838969
0.0026514558801501464
0.0026532240200295844
0.0026521206292154944
0.002651123237992573
0.0026262228028659166
0.002626236891207388
0.002624136325506559
0.0026219886398005468
0.0026203467612467683
0.0026190278459849695
0.002618123762687794
0.0026173078860875663
0.0026134656318521853
0.002612321525781736
0.0025930128279956525
0.002591576016216478
0.002591763122965922
0.0025901817710082963
0.002583923170762766
0.0025844081722945123
0.00258233582677974
0.002581337622198216
0.0025801904382956845
0.0025801368630943545
0.0025786022737361034
0.0025775953962433127
0.0025762609827189547
0.002573949935007248
0.0025735830798253568
0.0025717223713120738
0.002573769609755408
0.00257183319376649
0.002570773803728179
0.0025695660645087665
0.0025711707869313116
0.0025701849046784815
0.0025691265809060257
0.002567585609360644
0.0025654837312717375
0.002568672090694305
0.002566571278242052
0.0025658894573847004
0.0025589763175924117
0.002534881158249377
0.002533520441761567
0.0025325223747892215
0.0025314572679146787
0.00253090130852747
0.0022025319324589392
0.0022006213628180627
0.002194611956726818
0.0021911595263688307
0.0021941622800571276
0.002194968920886773
0.00219749799684326
0.0021907442663321344
0.0021893764678165934
0.0021911340299072698
0.0021881578530005296
0.0021864349057938988
0.002184461422118727
0.0021885120537162186
0.0021873516955924787
0.0021868184299501476
0.0021862659891867873
0.0021853196642313095
0.0021841420515860085
0.0021840054234078575
0.002183849824394871
0.0021818472190010263
0.0021804163491902025
0.0021788016354731656
0.0021783406628403655
0.0021831033391929142
0.002181806061799946
0.0021833329042922605
0.002181689413718988
0.0021799886903061273
0.0021796239721406413
0.002176855286092461
0.0021761402928628074
0.0021754836469302765
0.00217445957677647
0.002169658431061036
0.0021672789875855037
0.0021658849753758663
0.002163407811116764
0.002162978634715687
0.002161576952644267
0.002159498168406627
0.0021825362474083123
0.0021808133573693136
0.0022217069913275027
0.002218279034130742
0.0022152758896301725
0.0022146764228148353
0.002209972748693912
0.002210459014639172
0.002208312476454756
0.002208240499031203
0.0022042320248566814
0.002211729849825375
0.002208175848187087
0.0022088120063597735
0.002207964620636235
0.0022009347364528287
0.002200175126011395
0.002195278147345673
0.0021974473697453545
0.0021957563415000206
0.0021946134991449526
0.002193011563324905
0.002192553961693417
0.0021875943865456533
0.0021908259291502567
0.0021925933803314244
0.0021921101708131593
0.0022037736545538764
0.0021824467586434295
0.0021755532791178584
0.002174049895260879
0.0021722046789693717
0.002171367670310983
0.002170625953603684
0.002169961288805667
0.002165894661018673
0.0021650455019999247
0.002165514075684478
0.0021655633730937093
0.002164411201879744
0.0021640317247842563
0.002163608775065635
0.002155442558926529
0.0021543422108844
0.0021546584496000103
0.0021530801839763918
0.0021538258568076776
0.002152479013241301
0.0021551191187365523
0.002143226578754932
0.0021436120411551063
0.002139997133315199
0.0021402621161725555
0.002120129821852508
0.002122360732408985
0.0021214794391220715
0.002110077547057969
0.0021218266050736763
0.002121232438380425
0.002120610496364179
0.0021183164416545336
0.002117055957620198
0.002122109610110751
0.0021212995159412633
0.0021202860906711896
0.0021274485715396998
0.0021247862543466453
0.002123360936111614
0.0021227025924187783
0.0021224532775368753
0.002121262341112976
0.0021203397553241662
0.002119214009264314
0.0021196098180317406
0.0021032098930319136
0.0020999924718756815
0.0020986554598012904
0.0020779401558630355
0.0020967379469407246
0.002095831441202566
0.0020944060162235685
0.0020934859631709032
0.0020914257132109977
0.0020950195130965557
0.00209382891595366
0.0020922153875102315
0.0020867505815787947
0.0020855338968030347
0.002084178888786248
0.002080262846401206
0.002084606034694512
0.0020764234359710158
0.002074570507547616
0.002073994941547255
0.0020730874428055495
0.0020720132900731957
0.002067191073571203
0.0020808407105625364
0.002073112937806382
0.002050933147275364
0.002050007539606472
0.0020391646587411996
0.002038734669999423
0.0020381368141989165
0.0020341086499182544
0.0020362931201126084
0.0021003415770975207
0.0021533153237447656
0.0021490465773530442
0.002147345558150909
0.0021451590809783267
0.0021434265424934234
0.0021569058105568462
0.0021550151793847073
0.0021550737810151857
0.0021569141675326863
0.002154576030547785
0.002129881565245464
0.0021285970384083944
0.0021331011074549088
0.002127679598602741
0.002126879263203692
0.0021264307191448876
0.0021250971174578666
0.0021259836737214516
0.002125714319312555
0.0021224048128346256
0.002121770576271139
0.0021208139689931904
0.0021180981179846447
0.0021173568852844893
0.002116021511258144
0.002115803197412217
0.0021187701531088544
0.0021850572121619406
0.0021692858874849843
0.0021670398636972074
0.002165998000263035
0.0021657834096688697
0.002165200018323377
0.0021671337075283123
0.0021664395776293094
0.0021671129817048703
0.0021659762674857462
0.002164394444715719
0.00220502227676664
0.0022045252352089666
0.0022050229464797727
0.0022038470390052176
0.0022060345869307947
0.002205770368394865
0.0022046850701617424
0.0022068103544878085
0.0022060410650673024
0.002198450957904256
0.00219652464687025
0.002197303662545102
0.002197361255303812
0.002197783277311692
0.0021875928063129543
0.0021864792380844457
0.002187572536544213
0.0021869115952058895
0.0021866699602752344
0.002182424203814117
0.0021778312338760365
0.0021819324050225404
0.002181544358013992
0.0021804642237806967
0.002177842549439867
0.002179006930998699
0.0021768579037962166
0.0021770075389176066
0.0021745674234783467
0.0021709334684948435
0.0021704730104115514
0.002168943096138028
0.002168266162158357
0.0021716312069903756
0.0021705069035933915
0.002165483433826322
0.0021649654046845324
0.002163582885479183
0.002163771346424515
0.002161442156526512
0.0021611580025716897
0.002160648575787419
0.0021595589777291583
0.002160268881310868
0.002159911704761729
0.0021591983099175462
0.002159742186650295
0.0021580692171474123
0.0021573832910546167
0.002156365971044565
0.0021548600812282066
0.0021609163232807183
0.002162317825021695
0.002159808857866489
0.0021601203859388787
0.002163917406562255
0.0021608284763511777
0.0021618458875082122
0.002153989538065139
0.0021530251408612964
0.002151613161154991
0.002150534293896858
0.0021481848655940106
0.0021468001821147815
0.002144532545444802
0.002151927675538803
0.0021452019124410244
0.0021448691832669804
0.002145588703753433
0.002144438701314532
0.00214156470194178
0.0021404952801264243
0.002139001415754487
0.0021386805190030476
0.0021379125569092336
0.0021357710853557184
0.0021368856719802226
0.0021355230942581333
0.002134530994383709
0.0021332656966208665
0.002129351597548542
0.0021288901339095293
0.002127533537712154
0.0021283077309850965
0.0021261195058486296
0.002124505554501278
0.002124930107933669
0.002118743808643414
0.0021183408043035654
0.0021176790636538274
0.0021156543705503194
0.0021149823339805807
0.002115898141062127
0.002114438797911796
0.0021116783926865513
0.0021100998771517256
0.0021214979266924528
0.0021193663444337113
0.0021181908751077934
0.0021192770596726537
0.002121646585154149
0.0021308241353349363
0.00212618149389909
0.0021253847703100823
0.0021112945652170634
0.0021100069603635723
0.0021095272851821543
0.002135812914545299
0.0021403640982583945
0.0021405625173282253
0.0021403593158745133
0.0021441318475142125
0.0021433675945681306
0.002145221737306016
0.0021384160343521537
0.002133567170336457
0.002132610467191811
0.0021329426646600597
0.0021308677783297794
0.002132751281240344
0.002131709670937281
0.0021324433719158344
0.0021318124802908213
0.0021432738246026876
0.0021416185783910196
0.002139725773054188
0.0021392657605051246
0.0021386377246193754
0.00214152123673125
0.002142095585978741
0.002144803256681865
0.002139501309799374
0.0021380500982469868
0.0021396990659773153
0.002140105502223184
0.0021387172401025408
0.002138733771510704
0.002137652217250447
0.002137042785068047
0.0021342570428283855
0.0021334590814330047
0.00213193533698602
0.0021287528327284164
0.002127291516308961
0.002126205709365946
0.0021224592141428442
0.0021191661054057627
0.002117936908381304
0.002116705901340426
0.0021157130008670035
0.002117634332031083
0.0021165521651262797
0.002118011677461457
0.0021154121852289954
0.0022832838901948845
0.0022826828716242652
0.0022777388353392393
0.0022768847714292736
0.0025794712723528433
0.0025780355690513254
0.002579599000108578
0.0025777215436182167
0.0025744128655614514
0.002573368997930517
0.002574729664906866
0.0025711050318797273
0.002571000495675744
0.0025701616258360068
0.0025694848857801805
0.00255762991766383
0.0025586251210524083
0.0025578688058570808
0.0025594944963480792
0.002557737988073364
0.002557135724146439
0.002556320693604974
0.0025571933125181326
0.0025562377251875656
0.0025552170003622517
0.002560050988134248
0.0025583742287862135
0.0025470866912678343
0.002545615660795301
0.002543974963793991
0.002542743980577729
0.0025364569287622497
0.0025338380410589592
0.0025323141908189365
0.002531072780411625
0.00253781994791528
0.0025376353974569275
0.0025362562230693045
0.0025361485299126214
0.0025482287535296237
0.0025477954553026192
0.002547991426355602
0.0025490187841056946
0.002548082994188755
0.002546154673634894
0.002544833508394781
0.0025352466116056586
0.0025336854812514956
0.0025330915232697135
0.0025335598104037882
0.0025310070351046805
0.00253171730189927
0.0025306414265900707
0.0025322445404931584
0.0025084243133621387
0.00250733806943925
0.0025074314004886727
0.0025070001244788397
0.0025056494468788594
0.002506510264484578
0.002505764445121696
0.0025032374553297337
0.002502484730027142
0.002501828473700985
0.002500894068854937
0.0024989761947536585
0.0024981548616761183
0.002496408166715995
0.002487864109483918
0.0024858174184931143
0.0024841975276811766
0.0024819949915692308
0.002480008491664876
0.0024783044837795288
0.0024742954042821755
0.002468684749460387
0.0024678612199542553
0.0024656525648139097
0.0024652065536553275
0.002464837484920897
0.0024640320813185705
0.0024625626650697963
0.0024615160570825596
0.002459573797436048
0.002459468922311147
0.0024591217673375753
0.00245831928129186
0.002465820686481864
0.002501040174690488
0.002500468854880018
0.0024981502512603053
0.0024964145691564557
0.002495748385396442
0.0024957931698688035
0.0024948971749044167
0.0024980299636956985
0.002497086487750927
0.0024963109798127048
0.002494275600194179
0.0024846551151904215
0.002483309766631619
0.0024838703623217516
0.002480042555420645
0.0024697663251383927
0.002476029858663678
0.0024749515428220993
0.0024734792262470565
0.0024726697579074506
0.0024687266977897206
0.0024680462537396545
0.0024761510912488373
0.0024772632865926424
0.002477585074592434
0.0024792480676167437
0.0025145135131984663
0.0025127870466705813
0.002521984786725017
0.0025223438723962818
0.0025220693075161038
0.002520678750063987
0.0025205438420061385
0.0025179974169649887
0.0025197092496336304
0.0025101553108897363
0.002508790159269961
0.0025077818784599967
0.002505843013608631
0.002516025748331239
0.002516321080360267
0.0025219621226034317
0.002524416135300364
0.002517224920386511
0.00251932875268112
0.0025194851432774803
0.002518326784419985
0.0025189794630031486
0.0025183229163700254
0.0025150069592709398
0.0025139638912061568
0.0025114479466280294
0.002510605421172381
0.0025096132912787532
0.0025547127119341247
0.0025537461143617327
0.002549558268898399
0.002548550329023148
0.0025471925057843994
0.002541046828665362
0.0025390439138930276
0.0025380955052392556
0.002545525252525769
0.002546949484299048
0.002544139029382339
0.0025434616795166824
0.002542844501237598
0.0025433681022636644
0.0025421392037325717
0.002537912029014301
0.002541340772406793
0.0025384397348350097
0.002538214597054461
0.0025372500602849424
0.0025455536068043068
0.0025402361186733706
0.002539136884157659
0.0025391173169026547
0.0025384103404217013
0.0025373450985244047
0.0025362444207861763
0.0025275782277680413
0.002525658842918091
0.0025250004097970152
0.0025238332261457025
0.0025216052867155945
0.002520921207729993
0.0025207776930356316
0.002519181513765382
0.00251041584953265
0.00250892644593741
0.002508403080817149
0.002505745845729096
0.002503249833252057
0.0025020873290769914
0.0025018439925283036
0.00249906357752946
0.00249815230982948
0.002508633283504309
0.0025064299153747184
0.002502084227246305
0.0025033849170623583
0.002502768053526102
0.0025016490258419613
0.0025028663850391627
0.002500425671211608
0.002499848955484371
0.0024987545367119624
0.002494630478306495
0.0024934700355667876
0.00249280484727009
0.002493904919073753
0.0024929044109258886
0.00249151668508203
0.002489351839460889
0.002488955426383148
0.00249357028524629
0.0024957223439335046
0.0025694506789926677
0.0025685902331561757
0.00256765121346677
0.002566058166733998
0.0025639900037957688
0.0025628802390167222
0.002563494104912219
0.0025620719019848765
0.0025622646637258615
0.002561499958695461
0.0025604426051214968
0.00255889428637239
0.0025560905228380225
0.0025545021642351118
0.002553830076469284
0.0025525226441083233
0.0026177157277313683
0.002616259816660926
0.0026150211796618955
0.002614328335417181
0.0026137747972128844
0.002618347326477983
0.0026252131829179906
0.002625345772912008
0.0026240535365630335
0.002622958608968776
0.0026192734031208237
0.0026217011454350713
0.002620760077993398
0.0026199360648437873
0.002618790003000213
0.0026177418061071405
0.002616560185892582
0.002615153022282306
0.00261365174148982
0.0026128693808720126
0.002610468358400827
0.0026092049281332677
0.002604391300131625
0.0026032464642054866
0.002604454206785533
0.002604445381359698
0.002603160488460021
0.002602189256114024
0.0026013234228989416
0.002600989113409715
0.0026049849882926494
0.002604158011203288
0.002602742771611666
0.0026034982315779327
0.0026028712184994855
0.002594961048820896
0.002606147808789923
0.002604374922837284
0.0026086446052235018
0.0026089542876361355
0.0026082799395006277
0.0026099753850851097
0.0026087415046311116
0.002654246375703467
0.0026529200737967044
0.0026529989960168304
0.0026515883167367474
0.002650209793354212
0.002650230455987703
0.0026497830966492972
0.002648673722611081
0.002647926680235688
0.002647806212479544
0.0026467117532043023
0.0026459688291772315
0.0026453235210079
0.0026442659990451598
0.002640018778103728
0.0026430493378902073
0.0026401867904574288
0.00264126230921056
0.002640104819320209
0.0026380239117618884
0.002637530756067243
0.0026366873907501137
0.00263649280067886
0.0026338193979253623
0.0026327268821219885
0.0026314014484517196
0.002625449899973302
0.002623937065698798
0.002622781157250541
0.002619201996737915
0.0026188652196812395
0.0026169352578738364
0.00261623711062436
0.0026161675194335795
0.0026152647702139074
0.002613840981038605
0.0026130903575483613
0.0026104179551707306
0.002610783312882859
0.002610902571599519
0.0026074468028737707
0.0026075046225633777
0.0026074333048791334
0.0025797930398306196
0.002579483799246505
0.0025782294371030096
0.0025773224778670384
0.0025761232761502737
0.002574289194790222
0.0025768420386238
0.0025756338187984226
0.002573901309949853
0.0025732403501636547
0.0025723141797507065
0.0025781505378968026
0.002577132167131693
0.002575890989083279
0.002574930879053939
0.00257553535777716
0.00257075164444865
0.002572505315732451
0.0025715256290562848
0.0025720886631158194
0.002572803673094932
0.002572460951864356
0.0025723133701841734
0.0025717613640939903
0.002570393001101534
0.0025694904724051044
0.0025681121266750363
0.0025675611273866467
0.0025691536649472425
0.0025659488645198556
0.0025650177717987184
0.0025636982842329203
0.002564877716104858
0.0025633317488140987
0.0025609167424908152
0.0025601495831246023
0.00255605104272641
0.0025554000248754153
0.0025544449084436466
0.002549232892225589
0.002549562831821128
0.0025452311860847073
0.002544895742423178
0.002543810914965852
0.0025515049611851246
0.0025500330462027267
0.002547606354327902
0.00254713779811943
0.002545850065575615
0.0025447745717478236
0.0025461599334607706
0.0025429996414830314
0.0025426347005366493
0.00254221021036197
0.002536303321188793
0.002535271327622555
0.00253343318367048
0.002532002975978461
0.0025318559168633855
0.00253131614998331
0.002530798257522101
0.002529316257579035
0.0025266891935552633
0.002525482406639002
0.0025271670452188025
0.0025263100078772366
0.0025253826277219188
0.0025246896927950983
0.002524641432982496
0.0025237001316691697
0.0025232122820148715
0.00252209704533745
0.0025259232184494814
0.0025256147337404285
0.0025248967724249348
0.0025236821157626397
0.0025239103425667383
0.0025237257599293565
0.00252208806936425
0.0025206802126743638
0.002519977704471277
0.0025172154962041574
0.0025162927668933538
0.002517313058346211
0.002517533488347699
0.0025177731106252824
0.0025164651735826485
0.0025153263656567185
0.002514313217465742
0.002516047817386523
0.0025153562390085277
0.002514858388881865
0.0025147360634947603
0.0025136444441939765
0.0025131184717376736
0.0025124783133041078
0.002511378133940549
0.0025101045990003736
0.002507855872179645
0.0025032206434670505
0.0025029684522305216
0.0025267524042311734
0.002523165087328522
0.0025217330168764876
0.0025210842110018256
0.0025175072892870813
0.002516604514038192
0.002515141085282659
0.0025147370307006325
0.002514896415004557
0.00251328630409484
0.002512080385376919
0.0025107708423576357
0.002509690168492517
0.0025080214689314614
0.0025075727484410145
0.0025421466805839615
0.0025446030658360687
0.002543779385795664
0.0025438124225627633
0.002542923108427072
0.0025407537743218065
0.0025388809927410242
0.002545017619443097
0.002549401549837279
0.0025483892124996384
0.002547739237700534
0.002546641021344336
0.002545123806122331
0.002545189758844578
0.002543670481200198
0.002543134630619865
0.0025451611384442714
0.0025409096670457715
0.0025376724423096823
0.002536657201497442
0.002535567110578012
0.002535516373909093
0.0025345071601401677
0.0025359069847032496
0.0025348426854690555
0.0025346903923465754
0.0025169995105077075
0.0025159331530879266
0.002514029248296692
0.002512308525898502
0.0025103677421329904
0.0025009898788504945
0.0024999737496197235
0.0024989909296652666
0.002498192816647599
0.0024954653117652296
0.0024980051460766644
0.0024971385795425913
0.002492454876845976
0.0024905176379412014
0.002488607141944181
0.0024879961386561865
0.002485924862959722
0.0024835855548071017
0.0024827971265855824
0.002481838371895456
0.002481118104846115
0.0024802235632488687
0.0024804922904559145
0.0024795975648321572
0.0024800143460572592
0.0024949001558494913
0.0024964477755590217
0.002497268114478926
0.0024960492909848974
0.00249527553878737
0.0024937719485219395
0.002493617407367976
0.002492631246746061
0.0024932952239333553
0.002492410896646587
0.0024912625058001953
0.0024900704019613098
0.002504331169565639
0.002502696147360254
0.0025082182878559977
0.0025084479690913744
0.0025031590000063925
0.002502405766699598
0.002502792893383537
0.002502580196961737
0.002499791064445722
0.0024968658446374013
0.0024947872064536333
0.002492578226249776
0.002491709518798815
0.0024891599997826403
0.0024882371418323205
0.0024857009751010784
0.00248483841264631
0.0024843427150202132
0.0024832827667057838
0.0024827645676692243
0.0024833971191433237
0.002482467504067737
0.002480131300470702
0.0024855845489525014
0.002493365087754529
0.0024912480274435116
0.0024905624985088956
0.002490507914216286
0.0024895445855710615
0.0024891824741017222
0.002489197614484168
0.002488859140235393
0.0024876867347047105
0.0024819671618772654
0.002478932066201727
0.002481915620828628
0.0024815137881195235
0.0024885673605796565
0.002489308973335491
0.0024908563583869205
0.0024904437254897513
0.0024786777969955332
0.0024777702824165127
0.002477512467565252
0.0024720021138882227
0.0024678038454331278
0.002467214853154924
0.0024664352111594973
0.0024670683306408214
0.0024525287015877404
0.002437605020854265
0.002435293223428583
0.00243516707644249
0.0024330344902655826
0.0024225126779897593
0.002423143625438798
0.002423302912312609
0.0024255859918530073
0.0024257113774294728
0.0024260712860350382
0.002425842891134164
0.002423963737317595
0.0024214884155853568
0.002421284375644081
0.0024208641859588976
0.0024202381451504888
0.002418852876957229
0.002418163797086217
0.002417566154832205
0.0024194276366535775
0.0024190761061254618
0.0024176992639519997
0.0024132212848149612
0.0024127808606389
0.0024190572720423353
0.0024186142814249982
0.002416998098428006
0.0024160824671165147
0.002417490068625383
0.002410876143115942
0.0024102469334445747
0.002411277875711247
0.0024091660538190385
0.002408929620805505
0.002409194369487958
0.0024327990390096556
0.0024341359898380683
0.002431906819663557
0.0024306950812985778
0.002432989292282863
0.002432297555706178
0.0024312072585867305
0.0024287946203676485
0.0024266787691095883
0.002426673320939133
0.002425455476562472
0.002424055673563767
0.002421194577877186
0.002420595493931573
0.0024197232237940926
0.0024128382413712655
0.0024115097008455505
0.00240993468455423
0.002410114947604603
0.0024088133969425592
0.002407905332784001
0.002407126768519406
0.002404395099341814
0.0023994943738628984
0.0023987010069884303
0.0023977018982361967
0.00239945233202698
0.0023979914837495447
0.002397215174862315
0.0023959960211704895
0.0023951670766092516
0.0023982412480858615
0.002397416619561622
0.0023817595524726065
0.0023812786430827265
0.002379326701283195
0.0023770636256589686
0.002377404297196167
0.002377658392621091
0.002368848323681645
0.0023678634200170485
0.002369416376502156
0.00236977477124916
0.0023682258373345384
0.0023683443864056615
0.0023681112287923228
0.0023669830244796466
0.0023662024784905098
0.0023671699821214112
0.002366483097970529
0.0023594871452507662
0.002361782279385154
0.0023624003995973246
0.0023614767595867333
0.002360226675670051
0.002358062534976548
0.002357470945550059
0.0023556847820924
0.0023547176237012435
0.0023543765475535156
0.0023536268168613678
0.0023528830025190857
0.002351057231225543
0.00234974192869102
0.0023471554455269093
0.0023492328786873158
0.00234790675885022
0.002346520810487843
0.002346016832890873
0.0023455023517924166
0.0023448630679987477
0.002343560315541661
0.002342993741368372
0.002343360211924107
0.002342702910343142
0.002341999889853538
0.0023435734826703692
0.0023451900158206977
0.002343227460218486
0.0023429979518918855
0.002342176595164896
0.0023354105617991523
0.0023345585255272294
0.002342111012864528
0.0023805670479018774
0.002380895984071225
0.0023786739182889934
0.0023789564055775865
0.0023764869650962973
0.002381853338858065
0.0023834706226602245
0.0023829645492677264
0.0023814366867354916
0.002360007070847265
0.0023598127129356612
0.0023881232433703905
0.0023874009789291357
0.0023873250432056244
0.002381664890717913
0.002380661428111016
0.002369843198562528
0.0023791206840030684
0.0023748479980925
0.0023736860827422187
0.0023731666243001393
0.002372299546390144
0.002371489189823831
0.002370521776998158
0.002370246812322877
0.0023682304737039513
0.0023476618685520523
0.0023481548919579583
0.0023469932482318304
0.002345836646334914
0.0023448444105286523
0.002344095473896189
0.0023438205164028982
0.00234279389950428
0.002344191988844007
0.0023441813025509846
0.002342535130366634
0.002341927800534926
0.002340891546060298
0.0023457599850462557
0.002345106164214865
0.002344562459743596
0.002343395507945682
0.0023425932210331605
0.002342587346603441
0.002346141611741533
0.002344560243088038
0.002343813703516742
0.002347856587230441
0.0023465695079246634
0.0023453040809219903
0.0023485010842617072
0.0023493824545529965
0.0023495572463617933
0.0023484106877602043
0.0023478093422086782
0.002347016630386848
0.002347643414411113
0.0023473619704048767
0.0023467489597824216
0.002347104810344571
0.0023469165892868404
0.0023465936183797048
0.0023453540585634796
0.0023440640089227647
0.002344074520079179
0.0023432766460096135
0.0023429302327250927
0.002342434614595479
0.0023407498930662265
0.002339851318174848
0.0023397987529069917
0.002338727873063464
0.0023380908548146897
0.0023377988500121495
0.002337594046620127
0.0023342527334818106
0.0023335230097714594
0.002332591386978786
0.002331934985865569
0.002330387225927654
0.0023285577198985026
0.0023266667681436227
0.0023262053976696815
0.0023310328972039164
0.002330203631697133
0.0023371018156081243
0.002337001769949913
0.0023372547498041367
0.0023369623265838734
0.0023363040343641023
0.002338760823971713
0.0023380908804094946
0.002337353560766526
0.002337193152547273
0.002337837244035904
0.002353290608398052
0.0023532659313760256
0.002351657119142583
0.002350636323134133
0.0023516741280001224
0.0023493748343900306
0.0023502396719610893
0.0023506785820417548
0.0023496525307076218
0.002348897603622155
0.0023463078240542425
0.0023452408464374416
0.002339318628514839
0.0023386894905589486
0.0023378957436651113
0.0023381803472070635
0.0023372589933035185
0.0023374951269735634
0.002337366966236591
0.002337051378409176
0.00233731957223512
0.002328652114246955
0.0023528617398979614
0.0023521631816727003
0.00235160117947645
0.002353239743485323
0.0023524813176113036
0.0024276437334848464
0.0024271498681081092
0.0024326297394577567
0.0024319392064470033
0.002431286523670945
0.0024306139223161244
0.002431336875686683
0.0024307037262873473
0.00243833805296774
0.0024380723801317983
0.0024448581957913604
0.00244528599578142
0.0024456710513944143
0.0024443942329674907
0.0024450603365161355
0.002451398261480369
0.0024497910980541887
0.002448637158275653
0.0024490698857295265
0.002448551594291671
0.0024506095545237467
0.002449272304226377
0.002449607565198013
0.002449896156269891
0.0024498459058922986
0.0024513023584926087
0.0024522518268659133
0.002452324637253554
0.0024514122191624365
0.0024513368468160436
0.0024494066013780857
0.002444818916192334
0.00244532533447364
0.0024363325582208266
0.002435539967394228
0.0024350577595964647
0.002433454451965635
0.0024322979467259194
0.00243315793602941
0.002429881756730021
0.0024305368074261794
0.00243092996403827
0.002431451300621499
0.00242253016662778
0.0024214042252541073
0.0024197681007510122
0.0024199032658747846
0.0024205256177355083
0.0024195961880336403
0.0024186516125491962
0.0024161481985252448
0.0024147658041170643
0.0024128936941773585
0.0024117942655985406
0.0024106948413609463
0.0024100146272859712
0.002408249696986514
0.0024076852746280314
0.0024043145933091907
0.002402639784097748
0.002404401363904645
0.0024060600432591183
0.002403994964080505
0.0024006242881419613
0.0024005874391192007
0.0024055735731985488
0.0024050330859487234
0.0024046143034077926
0.00240405604271301
0.0024030852792406676
0.0024024910454849974
0.002401993993506285
0.0023986367573400652
0.002397937484797074
0.00239734156869566
0.00240048347309816
0.0023996666807676223
0.0023987652867757327
0.0023958175858917008
0.0023988159494810505
0.002398000210599382
0.002405305413888501
0.002404694040444744
0.0024037431503999987
0.0024021639957133773
0.002401506653693584
0.0024006236347910498
0.0024006311551061834
0.002399949463127328
0.0023993567645176133
0.0023985388234683018
0.002398031277528175
0.0023937310104960494
0.0023931400507935926
0.002392268520497967
0.002389807854907164
0.002390010070385984
0.0023917749210197424
0.002393465642033386
0.0023926163726150996
0.002394933650290328
0.002422294364141674
0.0024216579499184957
0.0024210302776653475
0.0024206765901212852
0.002424571998108972
0.0024239102669361173
0.002422803402556963
0.0024220810908344593
0.00242596630612492
0.002425131430795657
0.002423580568181708
0.0024178605560678554
0.0024170161338009626
0.0024116088078138566
0.00240939482867959
0.0024057987529312384
0.0024052734199085588
0.0024045083868926074
0.002404058488687623
0.002404722723215676
0.0024040125615466396
0.0024048771144034135
0.0024039434524715975
0.002403184932708305
0.002401924384157654
0.0024048844763209527
0.002411984834069669
0.002411381008150833
0.002409944293826974
0.00241095220956239
0.002409347054980145
0.002408368129145454
0.0024079365035717237
0.002406678182071356
0.002406121439670438
0.002405673941720042
0.002404420542167691
0.0024044236330706546
0.0024034635974623914
0.0023979244426377225
0.0024003571313577408
0.0024007689355885517
0.002400336957669494
0.0023991281947449467
0.002395952988216438
0.0023957536772936197
0.00239657996346269
0.0023951105122354934
0.0023937353161424687
0.0023933078140138068
0.0023931395769668322
0.0023934396363380086
0.002392613789784221
0.0023915250684697254
0.002389321251812569
0.0023883307937854026
0.002387424388336866
0.0023869337252270285
0.0023867711591250753
0.00238721856837557
0.0023854233798724918
0.0023841333335153526
0.002383313419900233
0.002380733244057959
0.0023796882774458216
0.002376409453618739
0.002375519206392128
0.0023741655003677617
0.0023766054158438385
0.002375463755284945
0.0023738330454602706
0.002373859185127332
0.00237324761999471
0.002371107563519973
0.002370950031356263
0.0023704759144805563
0.0023693712520326286
0.0023707127457259633
0.002367878739367437
0.0023675606370413935
0.00236959351580029
0.002366471705928375
0.0023657886440288335
0.002363370968942051
0.0023622421647657337
0.002361747966536537
0.0023611180607235015
0.0023607513085147644
0.0023602385464931847
0.0023598622980810433
0.0023592919330046435
0.002358970130975505
0.002362594702289973
0.0023632244953193477
0.002360043536462041
0.0023613798936208126
0.0023608245256598027
0.0023596483181331377
0.0023598968466176963
0.0023593897737864736
0.0023540100895150444
0.00235692392509625
0.0023568086366541753
0.0023559511648105795
0.0023551535618781356
0.0023550051537523592
0.002353654724756207
0.0023526429716489643
0.002351883258491052
0.002350995194147485
0.0023478669147596544
0.002347245700359423
0.002346303757056557
0.002350614971223323
0.0023498084047114598
0.0023486318839749452
0.0023548413821584454
0.002354682153030516
0.0023568489463604925
0.002355331663881707
0.002356182982899469
0.002358467524815383
0.0023509264104219184
0.0023510134624917184
0.0023502635887485118
0.0023499565436461245
0.0023481832982909247
0.0023469105594980722
0.0023464130944229515
0.002345970041025196
0.002347576354129156
0.0023489973374592387
0.0023483145427028542
0.0023467159645508186
0.0023458509030045574
0.0023434649174888236
0.0023427351582790304
0.0023335267659233333
0.0023379347437711834
0.00234251783705114
0.0023418493087269754
0.0023413537867084883
0.0023414512965685796
0.002338351908535716
0.0023374829850874865
0.0023372118078323185
0.002337119999046574
0.0023368130400880276
0.002335441088549411
0.002334812570303701
0.0023328678105281457
0.0023322162946017356
0.002330207557916089
0.0023278947520993533
0.00232700936671603
0.002326166342278838
0.0023257951084551666
0.0023226150484881394
0.0023227255341306467
0.002321930101286204
0.002320683637960337
0.002322571472550112
0.002324484083881048
0.0023290642859928553
0.00232856493543925
0.002327397665761824
0.002324777825451057
0.0023232572852415426
0.0023225415454646322
0.0023233617186903593
0.0023224630019875172
0.002320131639783269
0.002319312820883206
0.002319416579824067
0.002319214236129387
0.002319532895124645
0.0023178955388593286
0.002316711629116659
0.002316289981698764
0.002319963379776657
0.0023322195541268394
0.0023312389127795228
0.0023312941336926163
0.002330091066024547
0.0023297768454864486
0.0023293408193126707
0.0023283614753071744
0.002333066058683703
0.0023373235638087485
0.002336007236305012
0.0023305324741550457
0.0023295696335205594
0.002329768015504357
0.002328722464396274
0.002328216780054542
0.0023257969005435856
0.0023248073454495873
0.0023232196908036917
0.0023226379522514494
0.002321247924882306
0.0023207711545857766
0.002320650113595965
0.002319383595905631
0.0023186585725441956
0.0023174030610944017
0.002318912532653996
0.0023182858187329267
0.0023184791814132065
0.0023175744728917698
0.002316307387050488
0.0023156834086971315
0.002313579211598131
0.00231511567968955
0.00231256426165706
0.002311663752470316
0.002311692315913209
0.002310666600947442
0.0023099168455239637
0.002309167631359894
0.002308561841679083
0.002309053580158055
0.002306912525004925
0.0023061921630239545
0.0023028088763220674
0.0023081259799085855
0.0023074803829115278
0.002305300757057975
0.002307178972907543
0.002301629006697919
0.0023015544053406993
0.002300355052944168
0.002300969498024816
0.002300264405057689
0.002299699809751779
0.0022983107925247065
0.00229719436142901
0.002297508300864277
0.0022968872286108348
0.002296917972121233
0.002299229498039977
0.0023056780730685146
0.0023030009563247667
0.002301783509128571
0.0023000970376915223
0.0023008006915936382
0.0023003799432131508
0.0022990661810169135
0.002300187520301262
0.0022990059290567263
0.002299407907600745
0.0022983652594137393
0.002296450864054353
0.0022972096688271817
0.0022957047777608154
0.0022918496462166643
0.0022939107705111255
0.0022927932817406868
0.002292008407581501
0.00229201148762219
0.0022944640119891046
0.002293762826268785
0.002293109933277128
0.0022920341718455075
0.002292520835802171
0.002291673896427367
0.002291493109964603
0.0022905951484571536
0.002290108156277999
0.002290298653143067
0.0022899405588021177
0.002293774024495237
0.0022920129533817273
0.0022908447380204713
0.0022890104262862153
0.0022874846312436487
0.002286914874509914
0.0022881899594614243
0.0022864706820618225
0.0022860511470738924
0.002287564889434008
0.002286906109350577
0.0022867580920148457
0.0022854044070916135
0.0022845465533811835
0.0022838038122252624
0.0022911462031765958
0.0022913790147445897
0.0022915387437790324
0.0022928144615303437
0.0022916371607403785
0.0022889568817671393
0.0022830219013498143
0.00228251410608218
0.002281232881282957
0.002280829732039859
0.002279250473161048
0.002279732151899689
0.0022792701080781063
0.002277794465703678
0.0022760473517900925
0.002275013654088121
0.0022742147130160924
0.0022736281352440063
0.0022713138519783213
0.0022708838214776958
0.002275363222015721
0.002272796718839379
0.002271468894698748
0.002270930994537084
0.002271276005501831
0.00227170901481996
0.002274461638283427
0.002272891970651719
0.0022717474025512096
0.0022708920095095135
0.0022865653347158505
0.002284618980558578
0.0022837960715114567
0.0022828877458392306
0.0022823430607462995
0.0022848042205815765
0.002284157808669267
0.0022837997246078295
0.0022848942279806795
0.002288637982723051
0.002287955943790389
0.0022877632520637674
0.0022874831526619867
0.0022867610890524867
0.0022860539116258956
0.0022813087936620602
0.0022806184597177416
0.0022788911102877706
0.0022783646222833505
0.002277921351491778
0.0022778722477801057
0.0022776031120837416
0.0022768240218881235
0.002276892325269687
0.0022774106644046395
0.0022815199201776733
0.00230181237598155
0.002301296710054332
0.00230116315477093
0.002301155346592616
0.0023028431430238572
0.0023017809878706076
0.0022993372757926416
0.0022990550434083177
0.002298194307180651
0.0022958821434934384
0.002294944729875957
0.0022941668924689514
0.002292121266123814
0.0022930356971647666
0.002292810973906096
0.0022909130835104263
0.002291349821308418
0.0022912528320837362
0.0022905016146511806
0.002290363317228266
0.00228984042149426
0.0022889254325397105
0.002288296027692855
0.0022878337380015635
0.002286554657238161
0.0022876997077359226
0.0022863231765414063
0.0022857174112629365
0.002283361705269541
0.0022844461940455616
0.002284718018624284
0.002284397975869764
0.002285991730187323
0.002285370746420192
0.0022845501333704677
0.002283978162268372
0.002283881922555117
0.002283539528566399
0.002283044685728596
0.0022825668952636173
0.0022817982560521055
0.002280955597219253
0.002270818712385444
0.002265118445394937
0.0022649041787291334
0.0022645516157318007
0.002263521170043634
0.002262936788264627
0.0022629351282873406
0.00226222853668751
0.002261281534393205
0.00226066195142079
0.002260022285909875
0.002259671904875527
0.0022591578165517523
0.0022589712980378876
0.002258843461915485
0.002257900723217491
0.0022576786765228576
0.0022567986457209853
0.0022553566251376834
0.002246335210395128
0.002246002033788643
0.0022461449177496257
0.002245864398115544
0.002245220071907351
0.0022447628049931776
0.0022443154473798985
0.00224346507626955
0.002243068791316804
0.002242497029361545
0.002241390513033446
0.0022418814721105714
0.002240603190017744
0.0022431330691302285
0.00224242765207339
0.0022419330032173723
0.0022412544113114973
0.0022405487825274727
0.002240097445994167
0.00223912814403252
0.0022387307522884416
0.002238311168976618
0.0022380101551870476
0.0022374452627032014
0.0022368355916398183
0.0022361905264000753
0.002234830107968101
0.002234377375635632
0.0022392923240765177
0.0022382824193775044
0.0022380101372377658
0.0022371882443514048
0.002237280471505257
0.0022358163590988243
0.0022347844975766644
0.002234212677689114
0.002233432697146014
0.0022165798543292117
0.002215840408802129
0.0022155206433233385
0.0022143439317735512
0.0022145546202939877
0.0022129397301906607
0.00221234698044261
0.0022122780137774837
0.0022118091121062925
0.0022042432386016673
0.0022035809606023708
0.002203274348543023
0.0022026150645363257
0.0022003992600339727
0.002199500942510929
0.002199788474297402
0.002199508058848388
0.0021984917075999087
0.0021980300410194943
0.002197609150777181
0.0021970485571432634
0.002202572923970063
0.002199534790637464
0.00219910428821429
0.0021984554853647763
0.002197668699362088
0.0021975286757436744
0.0021964034170469885
0.002195658770800959
0.0021964611786139863
0.002193030882127279
0.002192707533839641
0.002191703310654227
0.0021917129356885524
0.002190902185550562
0.002188272680351865
0.0021858564499693993
0.0021869722220770977
0.002187109068137304
0.002187123871979739
0.0021902606289860693
0.002189249257994866
0.002189005166539952
0.0021884754127722977
0.002187110232785956
0.0021872046877125456
0.0021873703882350016
0.0021837131604224174
0.0021832915242360655
0.0021825191711128994
0.002180627604958727
0.002180613006598369
0.0021805302907049458
0.002180012246965897
0.002179430583830563
0.0021795006836830954
0.0021787997576066176
0.0021782095506882797
0.0021775597153634364
0.002177021485023368
0.002171235928362332
0.0021708016586053994
0.00216907114554921
0.002168754401417215
0.0021681779537945454
0.002170509880197726
0.0021699604749064734
0.0021692999169159476
0.002168183845650884
0.002154013014670077
0.0021535921239738062
0.0021518994644485136
0.0021516057443489293
0.002149517208344797
0.0021486727596266887
0.002148295641478222
0.0021482814855153473
0.0021513367466765585
0.002149084665597249
0.0021488425671768903
0.0021486674283035558
0.002147290402791748
0.0021465595023934395
0.002149307101485139
0.00214823646469121
0.0021425214748906876
0.002142016380037168
0.002142218709479695
0.002141665180188016
0.0021413703537578486
0.002140594686190394
0.002139785347618451
0.0021382780341574975
0.0021368411930839716
0.0021360856329439974
0.0021350477014799884
0.0021341232702542516
0.00213042069829553
0.0021294417174232516
0.0021289390237206364
0.002128148297629331
0.002127952845795879
0.0021277703398488433
0.002127103420925688
0.0021270974892378257
0.0021275683352448586
0.0021139548656802292
0.0021136023643756776
0.002113103113785532
0.002111269865198073
0.0021076459106671715
0.002106690349467198
0.002106159167785237
0.00210624079384587
0.0021055617623971594
0.0021055642630159964
0.0021048278322639926
0.002104455401848872
0.002108298786241633
0.0021066336100744325
0.002102456060862094
0.002101430007310958
0.0021010133638763224
0.0021007323398022568
0.0020982373031109064
0.0020976803331859838
0.002102472204653046
0.0021018127790483052
0.0021016101285439106
0.002099362613929529
0.0020988128488025524
0.0020983342218318522
0.002097100543765719
0.0020953154171313615
0.0020930488118954616
0.002093487786049749
0.0020939964846009213
0.0020933710484252665
0.0020932686177133615
0.002093740911872364
0.002093049320706041
0.002091852219809765
0.0021016567855834793
0.002101403282588193
0.002099206889539225
0.0020987005746419016
0.002098130619996129
0.0020972024683551284
0.0020967985934490503
0.002096257591866632
0.0021020636033320535
0.0021016948066462345
0.0021014795282783554
0.002100850637963473
0.002100890948750109
0.002099594573185772
0.0020991012179099166
0.0020980155243332014
0.0021007011806602107
0.002099755972131711
0.002099514716107309
0.002099535843769204
0.002099351188700725
0.002099786536034253
0.0020989314567093215
0.0020982073566736177
0.0020992185950749714
0.0020898434501349975
0.0020956200479423158
0.002095042474170053
0.002091983257190144
0.002090855844739145
0.0020884149953156817
0.0020916477548957356
0.002091188557962954
0.002091150769521512
0.0021046563837822958
0.0021043702577522236
0.0021036368903370657
0.002102975270207967
0.002101912377822809
0.002104340314389774
0.002104228200844406
0.0021033207637830903
0.002102621614257122
0.002102748168062491
0.00210240452453644
0.0021019627951942644
0.002098679065103728
0.002098038189028922
0.0020973539062585276
0.002097422805039117
0.0020967133769922686
0.0020960360331598628
0.0020951195899076755
0.0020945598597273234
0.002094197734643349
0.002094164415230805
0.0020911745302334803
0.002091567308419308
0.002091253631795272
0.0020921224909059943
0.002092373713759469
0.002091569553406084
0.0020915571456097772
0.0020907211045672943
0.0020877348405938683
0.0020875090185356955
0.002086910892084723
0.0020869287631732182
0.002086170771012247
0.0020864931283539412
0.002086889179059463
0.002084243408529114
0.0020804991461705253
0.0020785851915744997
0.002079882248430225
0.0020764027780042337
0.002076388021240483
0.0020758524410328175
0.0020759563561462777
0.002075612577021325
0.00207508197192151
0.0020746362269925974
0.002074865374850077
0.002074481013080854
0.002079797502937015
0.002081488350913282
0.002080436411267656
0.0020802006660774783
0.0020805104887660886
0.0020827138767999125
0.002082160371367156
0.002082015145162882
0.0020811554071375883
0.0020806910604326857
0.0020798563191486595
0.002079304999983853
0.0020791524762800045
0.0020783373738078705
0.002073820764860268
0.0020772593234326064
0.0020763794098665016
0.0020739855368546397
0.0020733322937932517
0.002073075843105871
0.0020709248098936778
0.0020676028320923082
0.002068635753964473
0.0020689960062177837
0.0020694540203470093
0.002068557737292996
0.002068127567816898
0.0020672412417778933
0.002064637346339399
0.0020646127096893554
0.0020636549508694048
0.0020611775494600226
0.0020606456559818602
0.0020605191874333577
0.002058845151634242
0.0020585238559664002
0.0020594033749471497
0.0020592357051015925
0.002061175248656624
0.002062387437693734
0.0020619379673578265
0.0020594070365872043
0.002057555974960498
0.0020948541504622136
0.002094080371347627
0.002093074135061918
0.0020926797341949146
0.002089905317044864
0.0020884550245626574
0.0020876783428933074
0.002087192366250246
0.002086614766802572
0.002088344938845717
0.0020874527132222907
0.0020873398381160944
0.0020825690426455453
0.0020796864048176914
0.002087023488702285
0.0020874275459062683
0.0020873203751839427
0.002078762977519204
0.002079077020972535
0.002078528826101936
0.0020815647527054706
0.0020812603486667484
0.0020808504382207257
0.00207953061301394
0.0020815071835147804
0.0020816210011196973
0.00208138670212246
0.002080611204943859
