-0.00560153741389513
0.022126763438185055
0.008725272025913
0.0072930676629766825
0.006237592334703853
0.005225190344000502
0.004160122931352817
0.0037153654686537477
0.0034855345176765706
0.0033335727877618587
0.0030293279536029644
0.0027273278213285207
0.0022794046401811243
0.003449569477622088
0.0033629416047915596
0.0033102018590879584
0.0030352268157811434
0.0021120462073380823
0.002057728385261726
0.0016514640786529835
0.0010937509505311034
0.0014281215427099207
0.001438214316294762
0.0017301315709482884
0.0014402602626852556
0.001390424254134781
0.0014808168707531886
0.0013618363330445808
0.0012778874438178424
0.0010066867999417054
0.0011401405890865144
0.0011097115533299413
0.0011079947366584646
0.0008665004969641041
0.0009790708063519566
-8.021169609541163e-05
0.00010909395840778809
0.0001255804187773422
-3.820662459474934e-05
-2.777606047258273e-05
-6.872543391571993e-05
-0.00016030202806537356
-0.00016168316473009608
-0.000976669435557495
-0.0009595525628790943
-0.0009432844882657587
-0.002013379791909149
-0.001945665886932128
-0.0012847322053858071
-0.0009351963848994087
-0.0011059831340389783
-0.0010463331822187297
-0.0010193097149129705
-0.0014407609930706454
0.0009428542520514133
0.0006548855369481707
0.0007775306522521069
0.0008166456845158845
0.0008188963186209252
0.0011914031917408694
0.001166419243212835
0.0011830674343472649
0.0011619915828759992
0.0014303181255504926
0.0016090362409930544
0.0012484539181616082
0.0009000626714088661
0.0010660414158390249
0.001067602378939878
0.0010668862925458733
0.0016211640555007366
0.00156701388764865
0.0015155015947105293
0.001476126543517846
0.0029385514673393983
0.002862795432024128
0.004509405466356279
-0.0010586207243687574
-0.0010494992327949144
-0.0010375805304423085
-0.0010122478509778947
-0.001055410777180769
-0.0005086135686377966
-0.0007084203940501211
-0.0006946828028493077
-0.0006853775345404551
-0.001189964819125386
-0.001112218863485129
-0.0010873165262940642
-0.001083975196956748
-0.001123677250491353
-0.0010803016725682232
-0.0011814813289984535
-0.001152756427549511
-0.0011854764837456353
-0.0011511819203715455
-0.0011504414139139666
-0.0011289410520641293
-0.001053743140946607
-0.0011079171047163289
-0.0010934197472285143
-0.0011316020150772895
-0.001101450552736283
-0.0016659730482691275
-0.001658992293534607
-0.0017892208228336
-0.0013575544890719118
-0.0013752260783136128
-0.0012211441027995366
-0.0011863667517376072
-0.0011136832646505873
-0.0011044905507582676
-0.0011290661013366556
-0.0005633899248610049
-0.0005969042916870517
-0.0005646355576518701
-0.0006093912086078614
-0.0006148235362703999
-0.0006262231244666813
-0.0006389152696394662
-0.00023942141265028202
-0.0002889977365815482
-0.00030920438744473243
-0.000309831123566255
-0.00030703901604052617
-0.0003027686594062353
0.0006631165137491735
0.0005368481172125086
0.0005388917333710617
0.0005359750472427744
0.0005475241504234764
0.0005101088081163537
0.0005137600319493916
0.0005034333245324281
0.00044833111480650534
0.0006059276863204376
0.0005985495232723051
0.0008256540764286517
0.0007860500408631715
0.0007375029870040602
0.0007369138431488569
0.0007335847730392596
-0.00573669044615599
-0.005607853506958706
-0.005520499883746259
-0.005497077893203229
-0.005453743241387938
-0.005609236557074531
-0.00561296073666502
-0.00556255190654246
-0.0055835137680715925
-0.005931793956561211
-0.005621624670028096
-0.005367115879996543
-0.005733771459581941
-0.005248148274056652
-0.0051339634916029685
-0.005093787335755915
-0.005041117569135166
-0.0050685265557844075
-0.005078177374759242
-0.005111624262707401
-0.005045680529602999
-0.004979855393872695
-0.00472866156558732
-0.004911580648836834
-0.0048990213935255844
-0.0048485899472987355
-0.00482089317901067
-0.0047975132022375026
-0.004790435802723826
-0.004498080816498428
-0.004408735062382732
-0.004373947403634832
-0.004348790548605889
-0.004403678600725357
-0.004363517544150228
-0.004426681749139294
-0.004403424894836561
-0.004597425595199552
-0.004611530065481169
-0.004522260370665252
-0.00479492493559519
-0.004740790502330275
-0.004704530541720907
-0.004636918210116635
-0.0046217163319639395
-0.0044640745621075395
-0.004439553936313849
-0.004382939257603248
-0.005246950176911013
-0.005235658183344337
-0.005234714728768387
-0.005207449328363274
-0.005177454398832121
-0.005153952179882002
-0.005126208777044372
-0.005089292031140697
-0.00505417862717877
-0.004995838412754376
-0.004574327197560975
-0.004388710560037391
-0.004384357096854478
-0.004369347600306089
-0.004306253894470695
-0.004299600589384914
-0.004284307222265991
-0.00423751450876224
-0.004245662474533587
-0.004219871543880808
-0.004147146090306122
-0.0041151544877968535
-0.0041093721475275935
-0.004179366545746277
-0.004153194580592552
-0.00416529693193884
-0.0041397354449946525
-0.004193621798557736
-0.0041532293431704274
-0.004142217528116068
-0.0041360928280318905
-0.004127594749229197
-0.004227700047002666
-0.004164798262192766
-0.004182659990367465
-0.004177283785292585
-0.004051353229314964
-0.004103389078945403
-0.004079472652570671
-0.004075157150068802
-0.004057706040275037
-0.004043588207314161
-0.004032031823875998
-0.004207500696375453
-0.004162885662897342
-0.0041042557377947856
-0.00405723925573779
-0.004080349587125193
-0.004062502536180549
-0.0040557349284993
-0.004036594822416894
-0.004023462711088939
-0.003996225239849296
-0.00397692702898319
-0.003966777142855662
-0.003942020479113675
-0.003929082933609612
-0.0039165771553941854
-0.0039017583242384767
-0.00388700898657405
-0.003867272324217969
-0.003926617486918674
-0.0038791896302599557
-0.0038809127189155137
-0.003869690198484937
-0.003854550351479353
-0.0038281721730767113
-0.0038179071960812595
-0.0037942511401175072
-0.003783233053411337
-0.003773714390846387
-0.003785520135124039
-0.003772287343908283
-0.0037672694088267387
-0.0037516723160458693
-0.0037455407900200363
-0.003728135804182667
-0.0037153608458450798
-0.003649628124980226
-0.003634334071578009
-0.0036180248621616707
-0.0036051065481166426
-0.003576176961041383
-0.0035665565721203873
-0.0035243091280289557
-0.0035280315281629154
-0.0035201281652197103
-0.003490623811522326
-0.003480138566945767
-0.0034714586974483766
-0.0034569931912243395
-0.0034425810256388
-0.0034493963959365374
-0.003360464758895293
-0.0033465686630823207
-0.0033135428929475146
-0.0032971236004818356
-0.003282963710800413
-0.003246042390950108
-0.0032404251077114013
-0.003124399129861462
-0.003083984326277608
-0.0024780983131138957
-0.00247401339598829
-0.0024664905950221782
-0.0024541860701800867
-0.0024485298841719024
-0.002500175113116555
-0.002485845412738856
-0.0024419380639555213
-0.0024434902069882807
-0.0024302349413461576
-0.0024246713278204754
-0.0024559659251206585
-0.0024441436773034444
-0.0022356941628536068
-0.0023081963361666533
-0.0022959620064078516
-0.0023010625974782158
-0.0022967703513845283
-0.0022925921838088067
-0.0022898145637325453
-0.002279127494327853
-0.0022662177919835196
-0.002259961510240323
-0.0027596487083721317
-0.0027398994238150274
-0.002687805943469501
-0.002684260333217027
-0.002129477955358513
-0.00235814319937801
-0.0023604851996294747
-0.002417568398672258
-0.0024147902869243332
-0.002384475204817584
-0.0023420690326999166
-0.0023701492985465623
-0.0024167025800335092
-0.0020767548639648334
-0.0024116085964909937
-0.002402015856117593
-0.0023980530641966747
-0.002388489418647402
-0.002412838697278833
-0.0024058913011989133
-0.0024132825531925995
-0.0024117734953759402
-0.002351707551771039
-0.0023421097324899188
-0.002336507394005679
-0.002327037136010353
-0.002320699982253298
-0.002318456454917779
-0.0023012858747793186
-0.002282579866825233
-0.002285166530143063
-0.0021185314506029767
-0.002084645796893267
-0.0020779083361308717
-0.002076486509804586
-0.002061335319819015
-0.002026827805542829
-0.0020154122373812378
-0.002012695022674221
-0.002007639146009509
-0.002012226629394262
-0.0019887672292675748
-0.001980423671351509
-0.001977643290653459
-0.0019837946006330083
-0.0019809690429158575
-0.0020062756549190826
-0.0019688866455848343
-0.001966453847464987
-0.0019384156517158711
-0.0019347369303501477
-0.0019335794129050504
-0.001929341827459771
-0.0019358261746969543
-0.001869707765628623
-0.0018604732590428049
-0.0017634727821044648
-0.0017706134215824988
-0.001800734207402762
-0.0017783491160097357
-0.001780402848853847
-0.0017502393285217582
-0.0017374787946490625
-0.0016745385944216815
-0.0016473440189375026
-0.0016352546615829332
-0.0015819220310014782
-0.0015757246156340465
-0.0015696714291093565
-0.0015636091300555092
-0.0015589297111638003
-0.0015641590417385272
-0.001560170421576438
-0.0015305211411965195
-0.001540922021749074
-0.0015769312422166059
-0.0015689266673997227
-0.001557692071341091
-0.0015692316882439047
-0.0015469771480841011
-0.0015446601282105559
-0.0015427769245050433
-0.001534226609831316
-0.001434722831727415
-0.0013828240894927942
-0.0013745292990143543
-0.0013709446418302203
-0.0013675047100357683
-0.0013709511341818883
-0.0013710736998537832
-0.001366776605768112
-0.0013406891437661432
-0.0012576947810974
-0.0012514946995574219
-0.0012579537616211913
-0.0010888924981258068
-0.0010914132564708318
-0.001076228239717372
-0.0010735273432475392
-0.0010710250777317663
-0.0011051890798377498
-0.001103585531356015
-0.0011176624922061703
-0.0011095566098447325
-0.001107099662761849
-0.0011892804336014538
-0.0012637465644759793
-0.001259826133864753
-0.0012550893601163667
-0.0012703864111484047
-0.0012634212278677974
-0.0012380881218598588
-0.0012353091104897623
-0.0012403458744936592
-0.0012437903645713512
-0.0012710209566564505
-0.0015674322475065568
-0.0015558148233588422
-0.001545653732360714
-0.0015422674929524904
-0.001583108713383054
-0.0015720561958703127
-0.0015236781536402478
-0.0014810062254582603
-0.0012844777959297965
-0.0012834117847122237
-0.0013230120181089617
-0.0013275784157412026
-0.0013264491603682954
-0.0013297084898508719
-0.001313605802486247
-0.0013091939245230486
-0.0013388477304710148
-0.0013342182363056873
-0.0013346301247153475
-0.0013465393767305184
-0.0013658154398088166
-0.0013673152826866328
-0.001361107389635477
-0.0012103884388970838
-0.0012072880580165787
-0.0012076962097658153
-0.0012120000006562426
-0.0012023544687073588
-0.001192710443081095
-0.0011886552546421679
-0.0011463793471075795
-0.00114603607179059
-0.0011464394033390177
-0.0010366090678528355
-0.001033443898510434
-0.001038358655520833
-0.001039423700097812
-0.001037006292941404
-0.0010294216745043055
-0.00102402812826305
-0.0010251153578688763
-0.0010339900323926982
-0.0009903563338708708
-0.0009410689333722202
-0.0007892388599788448
-0.0005321432519971407
-0.0005504338412203799
-0.0005553409297363044
-0.0005557816478276997
-0.0005547721832792003
-0.0005556785600104088
-0.0005464153316420728
-0.0005427632512288904
-0.0005431744834841619
-0.000524474623577144
-0.0005243678189695182
-0.0005235461100463025
-0.0005237909014516746
-0.0005264053046863986
-0.0005631913512015166
-0.0005847771281411796
-0.0005542153976715691
-0.0005536670049501366
-0.0006012787396376829
-0.0006052611515513785
-0.000593842663246722
-0.0005971694259562207
-0.0005959470170419094
-0.0005741067902572971
-0.000578603339999249
-0.000589006171302506
-0.0005704821956709262
-0.0005623905330139691
-0.0005529040200948123
-0.0005633640085462162
-0.0006004059238883099
-0.0006160982281448444
-0.0006488901645948953
-0.0006553803037344821
-0.0006551535280650011
-0.000649051962781562
-0.0005722222746320326
-0.000576271236617316
-0.0005747745458569453
-0.0006037663735707263
-0.0005866419526412496
-0.0005869779956731969
-0.0005840374629420145
-0.000571078328381286
-0.0005688389043766508
-0.0005743028169989673
-0.0005821903790280083
-0.000581823363144872
-0.0005905205029325314
-0.0005883326583202966
-0.0005762021431895525
-0.0005738856746459857
-0.0005769785801330393
-0.0005802730512493426
-0.0005192859956317505
-0.000516349150982193
-0.0005346975596442331
-0.0005328152027559393
-0.0005091600403273396
-0.000505425534044986
-0.0005078901398262571
-0.0005082703956626066
-0.0005137415709719394
-0.0005117343974935288
-0.0005966423160548058
-0.0005982595121536329
-0.0005884797190326622
-0.0006250134508171951
-0.0005790748644944595
-0.0005808521614190675
-0.0005796334301382308
-0.0005971205371212225
-0.0005920484789517526
-0.0006107613858899439
-0.0006046540022485934
-0.0006107563977750261
-0.0006123429178619082
-0.0005441384468065596
-0.0005490082166223732
-0.0005217217625437219
-0.000520802669197238
-0.0005179603993477728
-0.0005295867281152572
-0.000533683097469918
-0.0005282893989359354
-0.0005762475878878552
-0.0005755402377439924
-0.0005782824430954176
-0.0005789127462197908
-0.000576561936388535
-0.0005726000476641564
-0.0005733627192276601
-0.0005704922087859726
-0.0005882901659183071
-0.0005885680349336817
-0.0005881660186092278
-0.0005858902831965776
-0.0005882972671141674
-0.0005909353140888629
-0.0005880227147746719
-0.0005875273131171573
-0.0005318901014659744
-0.0005521996701896452
-0.0006189921505790009
-0.0006190431105687361
-0.0006187818242006047
-0.0006281367219680645
-0.0006275915308359475
-0.0006381079581612949
-0.0006111197638500621
-0.0005829082214354993
-0.000544327061234906
-0.0005535464353454448
-0.0005833562493499899
-0.0005838782163184974
-0.0005845998382487076
-0.0006092586600092255
-0.0006068700201016521
-0.0006137293222437575
-0.0006172337013581397
-0.0006172587325752012
-0.0006163540296292994
-0.0006157949747709316
-0.000617856747155207
-0.0006188321278924717
-0.000559878015892794
-0.0005567262663899847
-0.0005996007182140371
-0.0005970404391780121
-0.000548178179456293
-0.0005472853368150706
-0.0005457186284468348
-0.00054493118579677
-0.0005115092448333292
-0.0005115151291415813
-0.0005122382305684999
-0.0005129634049488431
-0.0005142899950028302
-0.0005003573387157668
-0.0004983335912116887
-0.0004962258397332745
-0.0005096222628352789
-0.000509408477850113
-0.0004645659869684678
-0.0004870432477888559
-0.0005059939404983379
-0.0005025773234009636
-0.0005245062055648315
-0.0005263730264165614
-0.0005232528332782218
-0.0005221375142274009
-0.0005201908454228837
-0.0005213213765403331
-0.0005146497320561832
-0.0005162815798629016
-0.0005154277216154823
-0.0005150497860367213
-0.000514039857687492
-0.0005177691293981576
-0.0005173105539194263
-0.0004981926268957993
-0.00045473620280995553
-0.00044653769047045083
-0.0004252220222414277
-0.00042195244001798105
-0.0004230349964407372
-0.00042144719368508195
-0.00041986279508375205
-0.00041320094812473005
-0.0004163141599270652
-0.00041508748064963545
-0.00041527597493793875
-0.00042008586676764545
-0.00041756879527970586
-0.0004188137488305597
-0.0004193380394574175
-0.0002648509730659158
-0.00026620566128008526
-0.00026559479437776015
-0.00027105437494969365
-0.0004027617156282141
-0.00040231767494617725
-0.0004014605161611346
-0.0004212490624559555
-0.0004272854751123869
-0.0004255342542136422
-0.0004221236840749052
-0.00041746335626882767
-0.00042654553869176065
-0.00042905679830314113
-0.0004346023059717959
-0.0003915732809742163
-0.0003945899159589326
-0.00038813386823478613
-0.0003778902913338599
-0.00037944453570932694
-0.0003792411189351707
-0.0003800113490217858
-0.0003825831531496906
-0.00038540515817773796
-0.00038584565450748256
-0.0003858878015800642
-0.00038546115244090015
-0.00038468813763703453
-0.00038797375219684713
-0.0003860517429624419
-0.000384066433895381
-0.0003812250796043542
-0.00038146750237862413
-0.00037990728357992963
-0.0003802376182796071
-0.000379733663972408
-0.0003729381116737277
-0.0003764452875079495
-0.0003088186700982986
-0.00026903630370665016
-0.0002685355712130094
-0.00026946294429442406
-0.0002745159397860323
-0.0002750349145360438
-0.00027478811399308113
-0.00027781585368823533
-0.0002799480400530498
-0.00028054048072250544
-0.0002990685582198769
-0.0002981711931743272
-0.0002982695486521574
-0.00030283570534827154
-0.00029970164660254986
-0.0002946402374776866
-0.0003542729067148539
-0.0003551635976991794
-0.000355082621812677
-0.00035433546762288735
-0.0003550703160440573
-0.00037817431326928204
-0.0003799022491600669
-0.00040268300771159745
-0.000398577989380503
-0.0004044135308235428
-0.000404721292760159
-0.00040213304282145406
-0.00040413126872509736
-0.00040326796381410807
-0.00040385817749431644
-0.00040851253366054727
-0.0003975448712556391
-0.00041409903424711775
-0.00041269972213988515
-0.00041956299950898486
-0.00041837987615448715
-0.0004212979116677972
-0.00041914950812646984
-0.00043543867329941434
-0.00026142478988030766
-0.00026864321103289737
-0.0002770101877282462
-0.00027544464598026604
-0.000274933822548401
-0.00024964037021414263
-0.00035693287846823567
-0.0003599287308265774
-0.00036410650164062054
-0.00036301729011279694
-0.00037755895596398663
-0.00037237339813126294
-0.00037767416840999444
-0.00035346261350259933
-0.00035347444827006153
-0.0003757112243372039
-0.00037647483572423066
-0.0003733876852269847
-0.00036135716323042357
-0.00037071700309810685
-0.00036249441881351457
-0.00037900157291599916
-0.0003771171011720835
-0.00036002674303094715
-0.0003762396969904861
-0.00036766246053691074
-0.000344273642452384
-0.00039066785196997713
-0.00038817770414186197
-0.0003834294892243899
-0.00039294901296842963
-0.0004209819325753391
-0.00037287001571412686
-0.0002613116955663103
-0.0002624406931244328
-0.00023639931654569196
-0.00021391362215202584
-0.00023195935586653362
-0.00024860459098262886
-0.00024740442380489765
-0.00024713776036273694
-0.0002472968221038772
-0.0002460781468034281
-0.00024465425452593057
-0.00021312126895300652
-0.000217031647063621
-0.00021770663190514013
-0.00023140205349907728
-0.0002325873836339159
-0.00023278199894894594
-0.00023239707245657938
-0.0002338973436715583
-0.0002300204757412596
-0.00022956265462302974
-0.00022141697677363384
-0.00021801245797064926
-0.00023013377363055227
-0.00022553841055246096
-0.00022367975635703154
-0.00022377979174480377
-0.00022816453989122802
-0.00022791349704321323
-0.00024195188844744548
-0.0002444906792191225
-0.0002461682143624808
-0.00024631139759678116
-0.0002600081301316009
-0.0002660353396610812
-0.0002734090002650196
-0.0002716539350191349
-0.00027412402986944003
-0.0002591027577128875
-0.00026407446172350507
-0.0002692467626057691
-0.00026896649776670116
-0.0002706705936688523
-0.00025713609033352873
-0.0002593333499277822
-0.00025844401663315187
-0.0002604817238420068
-0.0003061783985811358
-0.000306424995670621
-0.0003049742624441298
-0.000303960653096745
-0.0002779708511610027
-0.0002855030929839236
-0.0002868473667640817
-0.0003727887495641129
-0.00037356822311976925
-0.0003748924053482471
-0.00035079620159431574
-0.0003534688016875804
-0.0003601081068101624
-0.0003632873684568265
-0.00036791688971811047
-0.00037855055885376975
-0.0003837141806235785
-0.0003825307630970549
-0.0003837519473070495
-0.000385827256754347
-0.0003783905756292306
-0.00037350910393537875
-0.0003740318503590042
-0.0003730482741565419
-0.0003702606379397263
-0.0003708984207182451
-0.0003703044396458043
-0.00036283144696042774
-0.00036338999826468753
-0.00036156203376356205
-0.0003618129923991351
-0.00036029601776814353
-0.0003550955534463198
-0.00035459059646636307
-0.00035908135878365754
-0.0002923355560750532
-0.00027146020996488587
-0.0002713272971147664
-0.0002759317910214824
-0.0002762995958550893
-0.0002643266413495771
-0.0001806902901730728
-0.00019646816428099087
-0.0001983165044134302
-0.00019734411989702567
-0.0001977107431134746
-0.00019666392889371433
-0.00019200425150779762
-0.00019148424572597712
-0.0001920829417180149
-0.0002419876787602396
-0.0002306840156320949
-0.0002852799396106538
-0.00027225040409675696
-0.00027242911238164634
-0.00026750207648353075
-0.00026538639708779884
-0.0002663550977162116
-0.00024111528757370237
-0.0002153872292506931
-0.00021779224694793483
-0.00022184826755417686
-0.0002262184291917055
-0.00022020514734738046
-0.00021719146194159133
-0.00020580153705874457
-0.00021075757149964877
-0.00020830834626237585
-0.00024929394632884215
-0.0002489989599865188
-0.00021094277481159315
-0.0002109563839158758
-0.0002251949821156285
-0.00022362965970325856
-3.453887664643001e-05
-3.532946993698111e-05
-4.3403209974303804e-05
-4.291843343064591e-05
-4.106419051986313e-05
-4.049352689642463e-05
-3.152160101993502e-05
-6.674331339234099e-05
-8.207112545119869e-05
-7.801170137892388e-05
-7.958062840884916e-05
-9.349713448357654e-05
-9.26432079690469e-05
-9.705730829008162e-05
-9.690947526299537e-05
-0.00015604137640288726
-0.00019291242045471626
-0.00019269039631487504
-0.00019333967896120093
-0.00019294027814648735
-0.00019654632518558224
-0.0001901704353817076
-0.0001918949964968789
-0.00019567443394766007
-0.00019572175119969687
-0.00014367535380944017
-0.00015155625012659268
-0.00015505649669445695
-0.000147240583271295
8.858825785665748e-05
0.00019047400306335886
0.00015300587427195106
0.00021633901032936786
0.0002102896818248977
0.00021316974214483723
0.0001866214009008228
0.0002080699868637917
0.00020012565248952647
0.00019512583385930294
0.00018808825629388823
0.00018760277139208065
0.00018753202584677686
0.00018698392650627407
0.00017930328120120668
0.00018043761739400225
0.00017837751693736568
0.0001830539020281311
2.998226605676222e-05
2.5313199772500096e-05
3.9813351553003776e-05
3.753762328990349e-05
3.607627545539131e-05
3.569513921944687e-05
4.0823506784513875e-05
4.053840592414934e-05
4.3027749235522683e-05
4.464043430765092e-05
4.541847612284687e-05
4.536137468630008e-05
4.545887895609023e-05
3.93667149329003e-05
1.917290981110136e-05
8.369038668309478e-06
4.03361364471462e-06
3.7919082560140853e-05
-3.637658202080932e-06
-3.764932065709487e-06
-4.585095901468682e-06
-4.968774971933299e-06
-3.121668348395451e-06
-5.303605785344374e-06
1.560000696671601e-05
1.3796525586077218e-05
1.1212695742175156e-05
6.018554969007399e-06
5.758132713752487e-06
5.811715620699241e-06
-2.5583764379413107e-05
-2.1236329967260758e-05
-1.994832572295063e-05
-2.1341356427468894e-05
-2.1515843780241664e-05
-2.0142673383065103e-05
-4.044959599486136e-05
-3.9841714743423376e-05
-4.199795984699936e-05
-4.191245120880517e-05
-4.164997999312225e-05
-4.093229870506917e-05
-3.949075168258426e-05
-4.3956883447492256e-05
-0.0001557617921550145
-0.00013834551916571926
-0.0001376763196650837
-0.00013804484548315116
-0.00013588552636558567
-7.993778324746627e-05
-8.848331918788298e-05
-0.00010048235502451734
-0.00013335688450881385
-0.00013566058163002118
-0.0001320641899234378
-0.00012469164308780736
-0.00011679568018076769
-0.00011817868135683177
-0.00010782298669483974
-0.00010589212763534361
-0.00011151550698216871
-0.00011173172034456199
-0.00010346327751483611
-0.00011595902526322839
-0.00012193592374935056
-0.00012725141449461823
-0.00012271795419435347
-0.00011027740181816681
-0.00011101241511165231
