0.0069519151002168655
0.015268150717020033
0.014599484158679841
0.006801602430641649
0.028593614852676787
0.031189234794250554
0.05528544040862471
0.049788069911301136
0.045926347281783825
0.04350280211391774
0.040072810370475054
0.03790721834565585
0.0349900419158595
0.03068890509506067
0.03070003853645176
0.028806168983197388
0.013838061610133283
0.013160915420341647
0.012431584356818346
0.01626504395556237
0.01671738758556206
0.015766921787239287
0.02031017177311393
0.020714673968032
0.026410058687011212
0.009402846270758245
0.012257334884322648
0.0112847862203188
0.011809426895342768
0.011705050342566066
0.01259772855701158
0.014528870843633107
0.015027527348138392
0.019014455943501422
0.01918642443423677
0.018554400382060056
0.017637049270744783
0.01686881671850689
0.016087520244764165
0.014870095572139067
0.01432320154604635
0.013965234555693906
0.013699881213886494
0.013070361202375756
0.007851010158091136
0.006928873397013608
0.0061815031901157145
0.006421164676014866
0.006601449595764279
0.006486232992827745
0.005981712420739662
0.0037269267881781137
0.0032018949773542026
0.0045057693305848665
0.004444007408372791
0.004353995367541517
0.0029003808800741257
0.004251430835180237
0.004487594696305071
0.004285784314203335
0.0038537216323968615
0.0038371482505536966
0.003777363801418686
0.003404452420699481
0.0036003804663337306
0.0034433551699117704
0.0031725799729910614
0.0026397319979614745
0.003042142131432358
0.002956066265846536
0.0027492904450304593
0.0009679615940924164
0.0008993373060523448
0.0009535283579801511
0.001022837245775582
0.0009279626636318371
0.0010378004562181342
0.0009505992174690843
0.0003012090091942804
0.00038101075556313125
0.0005604049358403349
0.00044593536884086253
0.0003710906284617343
0.0002664307283018436
-0.0012143037003075146
-0.0016871576168007042
-0.001678868372850544
-0.0016849115817922729
-0.001399568997375254
-0.0013367547359378954
-0.0019569438034364875
-0.0029681499368981812
-0.0021110818822907803
-0.0020886188219791575
-0.002093477928307645
-0.002500399118457374
-0.002774946540665376
-0.002994374830082925
-0.0024771136388881134
-0.002355524068490814
-0.002038592068072153
-0.005013124887872198
-0.005389822536716776
-0.005263967880247428
-0.005263344764177917
-0.005375427317426967
-0.005320839812931674
-0.005572675313445988
-0.005646352339218456
-0.005940199708503143
-0.006083865455106466
-0.00601981474195846
-0.006423947085287389
-0.005755833725181773
-0.005724257157798376
-0.005900166366094104
-0.006109131131640842
-0.008710405196967152
-0.00886235349898925
-0.008825395254837734
-0.008302717819355702
-0.007635100311656459
-0.007653312132817752
-0.007662278419826179
-0.007670680968745034
-0.007693213174636585
-0.006595940000352129
-0.0066241949797579075
-0.00692981101008347
-0.006885272630700088
-0.006790348718905906
-0.0066089469163076375
-0.006322332736497411
-0.0036651092637502753
-0.003982336871986797
1.445324729489137e-05
-2.694763732479221e-06
-0.00014411242847940488
-0.00048466551192437334
-0.001197701995838961
-0.0010192151346184882
-0.0010281819903122423
-0.0011074118782643274
-0.001152516033195344
-0.0011577335053142665
-0.0009660201901918411
-0.0009816658350393624
-0.0009433234523788039
-0.0008797294696948175
-0.0009563936414783013
-0.0008158566859875506
-0.0009992579291148557
-0.0011341200235100194
-0.0011600465172030509
-0.001171827073379133
-0.0005146683550404179
-0.00047844064995186664
-0.00032627216061436573
-0.0006675173895928305
-0.00031917087729407064
-0.00035307255902695473
-0.0002699593625579915
-0.00023473485936581032
-0.0002695016495911681
-0.00018050282504914427
-0.00010465417220396581
-6.648763865953074e-05
-1.9780215848589365e-05
3.197029445265644e-05
-0.0006551747499660131
-0.0008089589107332226
-0.0007545553148465731
-0.0005794902771695286
-0.00032425610514889814
-0.0003986830485122146
-0.00026141825207051276
-0.00028000076679418623
-0.0001801016520027211
-0.00020447805194028905
-0.00022826845228970404
-0.00023834266895581758
-0.0004598425750244057
-0.00047470831455227497
-0.0004087496275157738
-0.0003578583437633966
-0.00036117327704597314
-0.00029000312745065793
-0.0001970847071365266
-0.0001192848666840669
-8.86263167948813e-05
-7.157247243109498e-05
0.00018658044770929454
0.0001339674996303342
0.00504782313737684
0.006021891998267277
0.005645972361899251
0.005886377025609648
0.006402439987415626
0.0065105733202653945
0.005431039853945875
0.00558452289015525
0.005801120297834185
0.0057894234980945015
0.0037811557963922074
0.00392184284424129
0.0037341148900160576
0.0035036293375014793
0.0047534414470690395
0.004735404601974768
0.005037324682652721
0.004755436560031431
0.004719297475664672
0.004673110538490866
0.004679388327383286
0.004770929243629023
0.004797938249496667
0.004729649769473361
0.0046240635740902435
0.004588942775576884
0.0040051356941457365
0.0038899208819137086
0.0038429484073586383
0.0038007831917639145
0.0034775458625517807
0.004363095026980445
0.004472966057439193
0.004434417338639483
0.004384989217564254
0.004269297734540686
0.004352769251757614
0.004290866791742358
0.004370626691447038
0.0043101048703468635
0.004170636882004826
0.0041659394497647745
0.004144771451686555
0.003898895598758218
0.0038927992653378374
0.0037536655889804653
0.0038969904921960525
0.003951680472010964
0.004899374407442067
0.005418024990339308
0.005317575122201248
0.005009881745809995
0.005670731746533188
0.005641429950511312
0.0056063992083054
0.0055492813277524
0.005714835709218771
0.005202917188788503
0.005354526587771146
0.005365777477268208
0.005339870469270315
0.005392708348836099
0.005333171268437672
0.00504067123126665
0.0050905678863097815
0.0050799712240964644
0.005180778487458814
0.004923858913328175
0.004912304752833875
0.004848489277444035
0.004795960295409459
0.004903737876408463
0.004898238454270441
0.00490298103032905
0.0048326835151827575
0.004379124956472814
0.004337470490284391
0.00436810498885119
0.004140775940498689
0.004820466316670495
0.00483083934248002
0.004931441811714796
0.0048100129641938825
0.004788623417337367
0.004642376914665465
0.004488690601387395
0.004483491548351958
0.004318665800383316
0.0043201892019262686
0.004307644772728658
0.004257897820054115
0.004246461966972136
0.004246507397932343
0.004242972696172529
0.004322600740074121
0.004465568462860419
0.004579177170094181
0.004628343685260618
0.004636649689804001
0.004684965384983123
0.004663229224437817
0.004585483012920737
0.004586818391850739
0.004529666392118576
0.004553205746943972
0.00451566741860006
0.004483611648399506
0.00444675731185102
0.004418519684213455
0.004412998641974378
0.00438697809929822
0.004393878265617269
0.00437220248013753
0.004341891212139411
0.004296213745412305
0.004306686427556879
0.00428550275341365
0.0042629283000282245
0.004316469075525709
0.004406027280641008
0.004336607584633702
0.0043355857441717575
0.004321693637215883
0.004300880287415144
0.004284782818887898
0.004301255317659526
0.004367634653138444
0.004405544271587065
0.004384578645896837
0.004353121701120631
0.004333929541126755
0.004345410550405999
0.004343729255975878
0.004442396136987444
0.00456228863082028
0.004454979024453541
0.004411798756073013
0.004409563094931543
0.004381198638612432
0.004378362495171932
0.00439023933800827
0.004370670459874894
0.004360409894818578
0.0042470393627647785
0.004235048203318376
0.004257462394718244
0.004288263702758279
0.004286375970883317
0.004262105905099258
0.004160954620855655
0.004198411559058435
0.004208199173646759
0.004202363777587657
0.004198649122571069
0.004222799594718216
0.0042363449723260204
0.004241759956985489
0.004162015209989146
0.004135138219817365
0.004238608266104613
0.004224434962437134
0.004085159667452348
0.003989257691108495
0.003990920188195494
0.00398939300356381
0.003976004709612527
0.0039873018625728954
0.003954098085732617
0.003955998074888065
0.003943869481240604
0.0038711434923916132
0.0028496399842128867
0.0028146290369725174
0.0027540971519635564
0.0027805114861231975
0.0026135441574985417
0.0026461675998784924
0.0026185872834063166
0.0026209522798674896
0.0026198550310162676
0.002625894582364708
0.0026346915399970265
0.0027928030912255475
0.002804557983634165
0.002825835354639693
0.0027757700518888755
0.0027569925271676175
0.0027491762766039176
0.0027009046809169076
0.002701780923113498
0.002683936367295198
0.002758001877897337
0.0030379865194601068
0.0030609544603029245
0.003064042459431183
0.0030375605789371408
0.003113027595941101
0.003151516497196934
0.0031596792988602368
0.0030397941910326105
0.0031328251532314324
0.003105451399342844
0.003089631843716094
0.0031156067885037275
0.003127601779040351
0.0032127440784825018
0.0031752927557442186
0.003161934419275628
0.003179363492141402
0.0031660398368096665
0.0031106471676195483
0.002996898263697444
0.0030425633412513534
0.0030068608723334317
0.0029460069112033386
0.002987682517822378
0.003023547805288304
0.0030132884866652964
0.002990197913200295
0.003083796460566152
0.003084867011407862
0.0031403930347900875
0.0031173781414205832
0.0031171639020438867
0.0032493356520283375
0.00331149236548559
0.0032857703125201646
0.0032990094182143315
0.0032895843029995373
0.003280018589443984
0.003289742688100566
0.003451093969300407
0.0034640735199029365
0.003455075644031189
0.0034842725346187274
0.003479557953636855
0.0034884031683886144
0.003457916139841136
0.003460450352056116
0.0035858685540358327
0.0036288628250965315
0.0037817746156387656
0.00387204136280929
0.003873489765552953
0.003892277942661192
0.003719384329385569
0.0037558996364766787
0.0037772625401469658
0.0037704776033983018
0.003769985552542101
0.0038234370156960424
0.0038409320893514733
0.0038374057193927397
0.0038159237434618786
0.0038363498940629337
0.0038473257555031322
0.003867813587168587
0.003803605840974632
0.0037899658145721204
0.003804970145779909
0.00403148694722504
0.004021686222570186
0.004006959582055885
0.003907561776552078
0.00391319863685135
0.003925067642463231
0.003916506682345322
0.003891331223870258
0.003867074287585517
0.003987361503936099
0.003989680167049751
0.00401816696940088
0.004006105173058606
0.003992448419665334
0.003980744234993678
0.004015061142420933
0.004010795949844076
0.0038916711909208128
0.003861698914719472
0.00387281531922152
0.003868209574138748
0.0038595386184536785
0.003853626808676816
0.0037242727114031866
0.0037108035945277174
0.003615811794346278
0.0036039445048252337
0.003733163367410065
0.0036812597891994567
0.0036872924280964814
0.0036823914292719736
0.003625263750539719
0.0036651531200439097
0.0036902648511774037
0.0036934183251992624
0.0036982607792549775
0.0037042827882695886
0.003769076778790045
0.0039812150001847044
0.003972437109836843
0.003960937448198711
0.003968800561133616
0.003988593878946877
0.0038953239801124756
0.003993736459049612
0.003967726497328842
0.003983288076116023
0.003940048344053916
0.004157848495441059
0.004150955162971054
0.0041892704262287556
0.004155958889824389
0.004199665808876616
0.004229140194205343
0.004225844671388941
0.004219418192423847
0.00421146319897977
0.004248520363830725
0.004221661492785512
0.005456944363049493
0.0058717364905338815
0.00629841759446702
0.006275447569062444
0.006322891790213959
0.006636761004075605
0.006607330059341624
0.0066149892604323544
0.006576093346289972
0.006546090680097071
0.006521403289978566
0.006578469033286511
0.006618888657287779
0.006613358980167546
0.0067210548505968444
0.006726741462761964
0.006725920127366477
0.00671144175308576
0.0067057656134081375
0.0070133380965141014
0.006915942986503642
0.006872224923610584
0.006892298776660734
0.0068992623493285225
0.0068711095367736605
0.006858143786677714
0.006822992910100664
0.006820618053282784
0.006805971805783799
0.006788728654605008
0.006772824363960192
0.006791794374734676
0.00676167644029432
0.006748546026727965
0.006688531555628819
0.006676664586430873
0.006675202713919464
0.006737158185326596
0.006723407784496278
0.006713230931557962
0.006702839938099141
0.0067217532846329895
0.006722595658142406
0.006706994270075686
0.006682462239113057
0.006720385275850294
0.006668700630273501
0.006720347386314207
0.006734776809323556
0.006723014095969343
0.006702608260361588
0.006656660660338974
0.006640945398228162
0.006763567190310986
0.006745625172416237
0.006731577340848185
0.006735599721197788
0.00671895266432664
0.006789551115406747
0.006768337818757381
0.006720252243095345
0.006695871475132424
0.006702772306602531
0.006704390551463137
0.006693253234519451
0.00666440227352459
0.0066295588907890075
0.006609442838280911
0.006583585801211911
0.006582966832844236
0.0065770635202133144
0.0066002931088631036
0.006612381572956728
0.006595780053695591
0.006576009292799353
0.006593477814312051
0.006594909977866338
0.006602792271910088
0.006637752132519383
0.0066079858253304796
0.0064123180524958785
0.006405399879147183
0.00643764730183886
0.006431849233566675
0.006399037779085371
0.00636739443331873
0.006356922285340261
0.006405029132572498
0.006379353358705012
0.00633414238229916
0.0063135566978001455
0.006273918947270372
0.006247367851744276
0.0062456949215261145
0.006233190992134043
0.006255952971784801
0.00625025745277049
0.006228151573527473
0.0062331092716811035
0.0062124089583440074
0.006225576116237034
0.00621929221674876
0.0062564590749483555
0.0062457572828602485
0.006241728703421318
0.006251300711719615
0.006288409297215577
0.006310135589056952
0.006304003478239754
0.006297284744984146
0.0063002485880226805
0.006268214041274046
0.00621991523066551
0.005488203871424093
0.005485933767405497
0.005496930250574488
0.005463134118499948
0.005499972652908856
0.005506446702487601
0.005511999491725039
0.005474224127957614
0.00547691588500867
0.005465623329129255
0.005475944730769729
0.0054608995008587485
0.005468066600577673
0.005465407501014855
0.005443647152518307
0.005421842714155828
0.00541236879628856
0.005391819691896496
0.005380394305517657
0.00537208997222434
0.005350728334741704
0.005399996344087058
0.00539959671640574
0.005382341798842675
0.005387836004755452
0.005364106005744048
0.005351064551730787
0.005347940728046285
0.0053302945296337025
0.005323558526891631
0.005525829475316334
0.0055184719247579365
0.005501972528369552
0.005471967770294716
0.00547905375902033
0.005458808236746996
0.005463358329477
0.0054695486506245285
0.005471464399164338
0.005453820153651345
0.005451493818002914
0.005430756535166378
0.005426756279982955
0.005431096229021123
0.005532688777352482
0.005553660588269682
0.005549165952319692
0.0055385137146797625
0.0055324567616399836
0.005519185260698734
0.005492997176923205
0.005560692618147732
0.005583581037336585
0.005455290524782071
0.005464962992691351
0.005769392220123165
0.005832260664099748
0.005823453830259623
0.005843451672682313
0.005835361339378586
0.005811014770343091
0.0058749915825861
0.005343183759344458
0.005346339407032766
0.005360696268505146
0.005353735208563846
0.005871881845589964
0.00589040039366874
0.005841460811114949
0.005844050164477659
0.005834324851764406
0.005882647969088866
0.005909309470499784
0.005906189669289498
0.005941083306511776
0.0059344767162674535
0.005942557136075123
0.005928865039756854
0.0058990582121958915
0.0058913985997763
0.005870739779701196
0.0058224139421702145
0.0057791858346349975
0.005777835063997033
0.005785534831462108
0.00579007294828863
0.00577299920028941
0.005821177384885249
0.005805951222562453
0.005799071770454062
0.005775646965936447
0.0057592945555056466
0.0057438177515471605
0.005716355600452524
0.005819641622190272
0.005811416866379369
0.005799082857416564
0.005773218102807519
0.005770448610258842
0.005760976457373457
0.005755445100740182
0.005738630200070042
0.00573295306332764
0.005731600487631854
0.005729917255008889
0.005679357935945812
0.0056738540024600225
0.005665685973145716
0.005655242776898927
0.005648731621200258
0.005648278574602371
0.0056350068506664285
0.005624989912372923
0.005657626920249131
0.005698354429838426
0.005697185059608032
0.005680506786559984
0.005653121241598999
0.005653721871887396
0.005639383301768401
0.005632526132658721
0.005595939522641804
0.00552015783420195
0.005471629025919058
0.0054654219005577515
0.005452069202990666
0.005441608598678729
0.00544226897216683
0.005446646524021186
0.005450888205371697
0.005441974138829044
0.005436040803743717
0.005431753260426154
0.005593574365584101
0.00558586073899367
0.00558212294116931
0.0055978985778028685
0.005580248774270989
0.005544925989846406
0.005527037175078323
0.005516538993163147
0.005565588175045383
0.0055535030571313366
0.005541098540136295
0.005553707955340196
0.00554648384590996
0.005556161481816363
0.005550659815128996
0.005554606880858403
0.005548592940074033
0.005527719052223545
0.005514044816780861
0.005509316885951812
0.0054989134710595935
0.005492619363095346
0.0054801017075013485
0.005472021912761363
0.005473111333532541
0.005469054356203486
0.005463012267226743
0.005460081350404202
0.005450244912885106
0.0054304350916327924
0.0055152989337318445
0.005499510913684959
0.005500958439576858
0.004981810344172057
0.005002910669783102
0.005040376094220621
0.005049720265825691
0.00502253780893809
0.005041826401711458
0.005031453643985265
0.00503165817614445
0.005023175393265262
0.005005377616215725
0.005024266977529203
0.004996428386334065
0.004996863059304196
0.0049837101629173555
0.005070206775839274
0.005069363746711722
0.0052235334952041666
0.005245204435153559
0.005262248256803345
0.005260939057501533
0.005264788782691764
0.005379683005436207
0.005239514996529956
0.00523752701329328
0.005226541085684292
0.005227431236789373
0.005224191071395432
0.00521549905092465
0.005205704942309642
0.005242522499440538
0.005251924091436626
0.005245446671240436
0.005255301121298658
0.005237146948882842
0.005229233883611026
0.005226276473692547
0.005205681435868635
0.005239052032191536
0.005230438748275156
0.0052104716166966785
0.005242863121722323
0.005213506434493896
0.005204330623543908
0.005210628148303437
0.0051808404763073225
0.005168715228623667
0.0051626473182517976
0.005126967886588406
0.005113845041167086
0.0051152840514555415
0.005133637928773219
0.00512206827697896
0.005112926510822052
0.00510414615401536
0.005114752373044879
0.0051023759597614605
0.005099255686642603
0.00510090643168951
0.005086415965610507
0.005077589226588522
0.005071417560172876
0.005054784999273489
0.005041552255018133
0.0050350261105246066
0.005024443970137673
0.0050580953557751804
0.005062638059404592
0.005057865143591996
0.005056443412244976
0.005058378010412137
0.005047577276323857
0.0051644593084355876
0.0052942085252663295
0.005280825261115648
0.005291309358118966
0.00531133250574867
0.005330422303776299
0.005329212507865448
0.005326738924079746
0.005318279053222096
0.005311270637992209
0.005302607253577235
0.005305135053370449
0.0053069891078250725
0.005286515610927364
0.005261921735586269
0.005271483665312895
0.00526358556809431
0.005271778780694029
0.005269908832145155
0.005234873886505757
0.005230922779944659
0.005213707143699489
0.005248611924501062
0.005363554662443981
0.005205283739771633
0.005115187972239058
0.005108970310232435
0.005109695737768628
0.005122618228956179
0.0052207808783153046
0.005214953136125141
0.005265393715265484
0.005268895490794584
0.005263702764775982
0.005265478488067218
0.005253703223063837
0.005264437714443678
0.0052516644274357305
0.0053638943032787295
0.005348675377861912
0.0053299939953815115
0.0053951153819372395
0.005394087115949295
0.005399933816408186
0.005443335455872094
0.0054436393375749586
0.00557787179031648
0.005555331851613385
0.005573758526085377
0.005556305812736077
0.005577203747823549
0.005571060442662947
0.005573282544670952
0.005544905055873941
0.00567200672143895
0.005653171012361523
0.0056614551305558605
0.00566044011923521
0.005649229657283759
0.005610305612322624
0.005602105510795069
0.005592821781555776
0.005597667669488217
0.005579144454255788
0.005572356115772765
0.005544829943933152
0.005554823002294337
0.005546600516806522
0.005558889676961686
0.005737092571503774
0.005757511174562567
0.0057651468089049895
0.005799297504999673
0.005676390321856731
0.005680993265828827
0.0056785786069237605
0.005677907110119585
0.005679916607482263
0.005654495248218114
0.005638696424361873
0.005561282752893728
0.005548091937139383
0.00553317174353555
0.005531048152107015
0.005517907745903386
0.005508477254890452
0.005498557285314553
0.005491018078329127
0.005497258933739445
0.005491565123543461
0.005512913956706182
0.005493572588568261
0.005479019630325318
0.005472700492460934
0.005464062002717425
0.005450811259816135
0.005450255442599427
0.005421887543803046
0.005390733685106815
0.005344506631080701
0.0053381268994315886
0.005315072426875994
0.0053035177978273665
0.005282343753522546
0.0052795973071421785
0.005274328595717436
0.00529713961279656
0.0052842490956586516
0.0052628181834816585
0.0052345274464521375
0.005233031146170969
0.005232450844416279
0.0052079776821383475
0.005204883417738067
0.00520043070366845
0.005197328255605075
0.005213724627897968
0.0052059244361244
0.005201885025587923
0.005174561135883972
0.005169708857166122
0.005158007343916183
0.005072312065384153
0.005058230159871247
0.005061750444882437
0.005059259614035236
0.005073947861110537
0.005087595042947418
0.005024913567896667
0.005160735382621597
0.005171654739337523
0.005168775675413062
0.005178023977295885
0.005170828630778789
0.005154317535768907
0.005162192513898704
0.005157146228495545
0.005153756142476251
