-0.0066396016627550125
-0.0036740930130084357
-0.0041263054590672255
-0.0008347244933247567
-0.00041683377154792367
-0.004793046191999955
-0.0033828163432190195
-0.0031705600106053883
-0.0021454172674566507
-0.0020562425488606095
-0.0019730411489338926
-0.0017069181104978693
-0.004537621629424393
-0.004105457485032578
-0.003873827175993938
-0.0017885077155797796
0.00012935676689570142
-4.348443747547118e-05
-0.00024009629269130536
-0.00010209635365754374
-0.0005098630684766581
-0.0010873121260057974
0.0015258342173183335
0.0015021455381065605
0.0018023135086808065
0.0018431368387407724
0.0017432665523041836
0.006412646823546624
0.006166517247523492
0.005989325178351494
0.005850252300660942
0.005680436395447364
0.00553786350407309
0.0056432720922332796
0.005539872326254329
0.00539236230975508
0.005256523624427104
0.0027498547476567103
0.002846156888335828
0.002736384828117813
0.0027084077075761304
0.0017724238714436073
0.002140495768385749
0.0019643193844886913
0.0020490436743231207
0.002916025811189568
0.002857540266935151
0.0035543993708786878
0.004107596053218003
0.004129927987449655
0.004143953178684638
0.004052527731818251
0.004034752461410351
0.004001370495428669
0.003893044905843063
0.0037823708586521405
0.003705240788835437
0.003346531165288208
0.003009363328601465
0.0029896143563836034
0.002908849864099699
0.0033762309086298376
0.003555567179091666
0.0034786544442445455
0.0034757283237095995
0.003466174450186914
0.0032973730350717863
0.0031139118235433407
0.0030687902519795367
0.0029644917524140973
0.0028995694493561225
0.0028823508770597374
0.002779795891861745
0.0027576929716936613
0.0030111510099423426
0.0029638617580330182
0.002934136858339815
0.00332631625856208
0.004335807660208957
0.004257938497445408
0.00423529827679797
0.004189343379104947
0.0041162103486948615
0.00430003086272764
0.004262678403181272
0.004215190019665938
0.004682699455026355
0.004770278913496071
0.00488291790873821
0.0048232564565426255
0.00486469322308751
0.004724861171330644
0.0045725241923603175
0.004532316076955267
0.004791222226382765
0.004752382449895747
0.004779267467989594
0.0047716220117331645
0.00472084906636155
0.00488352033037042
0.004850741703943211
0.004790908114355083
0.004509995700293353
0.004457208010717293
0.0043142919958830475
0.004136222051146491
0.004109562499555369
0.004007300323408326
0.004045595427504104
0.003974173358418172
0.003917743516207596
0.003796920301758402
0.003779055505634586
0.0037861867887524713
0.0040163380566307985
0.0039966040007067575
0.004186706741659119
0.003999045977497104
0.003943290862055921
0.003908939970116522
0.0038725408235446485
0.003812849360974352
0.0037691456947809873
0.003764158753911031
0.00336767058835239
0.002463830677346933
0.0024598974835043897
0.0024943208999213444
0.0011240780839356212
0.0012136185384010658
0.0011545024147684038
0.001157022430780306
0.001164894583400461
0.00121995220758469
0.00125373829167288
0.0012291901191292017
0.001207256381968506
0.0024239318405542658
0.0023706073866508475
0.004519062855896861
0.0045238370528775836
0.004307639367684681
0.004198525061534988
0.0041756278219038665
0.004137543166631971
0.004082708723477218
0.0040660999187133
0.004010411297579
0.003994733811705371
0.0039522888114604925
0.003948534433890781
0.003919619478527271
0.004153289332307038
0.004202641032057842
0.004465205728289824
0.004468395462768317
0.0044369960733898605
0.004543832126007642
0.004515838841871299
0.004523262656865038
0.004490246575715214
0.004470522810977831
0.004619207362205686
0.00459475599169364
0.0045028642801419215
0.0043766385752604525
0.004360724271550894
0.004358134334927598
0.004303597766214377
0.004619376285087413
0.004583201896186731
0.004537748727197836
0.004446204082509124
0.004436188023371086
0.00441923801207105
0.004401667327534583
0.004362269851288839
0.004344642084116613
0.0056088758889624515
0.005576601167301419
0.005620611112825136
0.006245000641827999
0.0061167220602605385
0.006080890767122114
0.006202255073300768
0.004916910209645079
0.00475003875281471
0.005196360682020894
0.005167146140363336
0.005079705380826714
0.0050607058382562764
0.005035491190806097
0.004950787054618445
0.004912523006966624
0.004959292428143921
0.005090883279279546
0.005173162400641366
0.005168185715450105
0.005165288004645845
0.005144886716369734
0.0051724859673269365
0.005071491895219439
0.005159901557621482
0.00549192177117575
0.005567037430224551
0.0055385051937132685
0.005512743004916185
0.00584651650862298
0.0058513354807343725
0.005930247891849342
0.00598306599258992
0.0058592544908076735
0.005829684922178428
0.005776871264936554
0.005741066412088844
0.00578858689701427
0.0057985221357923205
0.005571965171307532
0.0055429501581370855
0.005555452192710538
0.00550009121208269
0.005461374679415886
0.005457963035236648
0.005504890909586618
0.005166793651675363
0.0055952081965135875
0.00550503737714168
0.005414958390080385
0.005357936674124135
0.005287358680000684
0.0052741860468688215
0.005308689820930428
0.005358067563594153
0.005329330573712988
0.005430719096046353
0.005404363801952878
0.00538685585685444
0.0053483784062009505
0.005281804924561584
0.005248328028944769
0.005235552891267729
0.005184821350992956
0.005151306709895372
0.00526011204875635
0.005234748962284652
0.005212886834261196
0.005174539442797991
0.005190076284312986
0.005183588447340298
0.005215258202415824
0.005219048301475436
0.005222606165585358
0.005165834968286753
0.005203619382319076
0.005176815270090173
0.005142474879797435
0.0052932614541017844
0.005272142618139899
0.00526192178977698
0.0052451902472033145
0.005228683194343288
0.0052394355371609466
0.005183994627231819
0.005080124038273802
0.0050588199852714556
0.004935397697259037
0.004756586296527748
0.004735528434798568
0.00471811640805013
0.004744065955764103
0.004957436812700883
0.004934519805882346
0.004914419090988823
0.004879437279675835
0.004863127891229049
0.0048324102466499
0.004837040604961529
0.0048222530662002045
0.004745629410068174
0.004727576884256307
0.004695942389373406
0.004592077716195286
0.004581850135316057
0.004522554748058484
0.004272365345154773
0.0042469242299892325
0.004101428968169786
0.00408598729322671
0.004109991639792311
0.004073309599397117
0.004108712101958802
0.00404901491605626
0.004064492557493204
0.00405479108103772
0.004042536958090873
0.004089934111891083
0.004190556386418504
0.004171668723370432
0.0041719911016601455
0.004257268301927581
0.004239523130899221
0.004211352000638486
0.004451270692937358
0.004313674874290763
0.004299501387506657
0.004257599639358205
0.004230735894287301
0.004211881174348011
0.004259516428423774
0.004297430346022925
0.004244494052377726
0.004227220999190774
0.0041911518013076614
0.0041184690549030956
0.004113911336182492
0.004334825567467056
0.004265088579670889
0.004302643978589456
0.004302755781554878
0.004314276332204662
0.004218772282662674
0.004205946504908265
0.004147408369146747
0.004170391525213535
0.004156487359146822
0.004136824694323989
0.0041310033527069455
0.004096071608258429
0.00408314178710112
0.004072763813146759
0.004057204174014588
0.0040431633204824425
0.004033020667994568
0.004027042558517502
0.004108009791750755
0.004097909749245813
0.004085342744716647
0.004085132690623216
0.004069967525292133
0.004173579684334405
0.004162232624537077
0.004149829402855127
0.004109567915377759
0.004067672226422777
0.004068908097412211
0.004087282375731808
0.004084135347678881
0.004073284119754538
0.004390489843873573
0.004401917852251724
0.004394541581859812
0.004378421272998068
0.004369311379650238
0.004355540730938
0.004332389087701383
0.004320958165219705
0.004267506226285896
0.004343528796342774
0.0043797190951105815
0.004358778316514705
0.004101475493310955
0.003898161182182612
0.0038883560634561
0.0038787767361237162
0.003953922557125448
0.004048290331936783
0.004040736855012769
0.003927579869549004
0.003999707523758547
0.003996786507690008
0.003985438446781249
0.003908574831805905
0.0038860946241034717
0.003812397463596425
0.003788436065464183
0.003768239703021056
0.004126183953847324
0.004112575258508307
0.00411576456761778
0.004102229361345666
0.004094386654663696
0.004129217641877055
0.004022030141375882
0.0041387093637831026
0.0046592874490849565
0.004649682666900932
0.004633843515060189
0.00461710263185046
0.004569732959909087
0.004554721259172881
0.004549832769043857
0.00452874109724983
0.004528695453635856
0.004477014935824464
0.004466245298887097
0.0044884151480452696
0.004465188869627907
0.004451471408242638
0.004373100713637539
0.0043459988315734865
0.0043159863425491695
0.004326536782850249
0.004319740498728362
0.004325557650960866
0.004310805466598968
0.004274668235143563
0.004259450253491248
0.004258250924323121
0.00430090017808408
0.004318050158347756
0.004299698839090126
0.004290368974326655
0.004294457476811621
0.004298204826878337
0.004280877252942724
0.004252120062200199
0.004379192327439414
0.004369934090940494
0.004358278501327037
0.004344807272500992
0.0043126293795290324
0.004318270672194716
0.004300651083470272
0.004311348872656439
0.004300444721183606
0.004237617989601259
0.004226661561082536
0.0038635680765550682
0.0038515802350322956
0.0038402175242183883
0.0038309781783162277
0.0037675482938394097
0.003774511605656213
0.0037862016030603277
0.0038687369069687924
0.003857849750071611
0.0038469954050006734
0.0038361857201164693
0.0038233423247716397
0.00386462678472604
0.003807379550401147
0.003833364630336123
0.003752645837373268
0.003739202098614857
0.0037260103644881433
0.003889855421583166
0.003877954556173786
0.003863319605970046
0.0038238655182714016
0.003799735006456571
0.0037797099332591948
0.0037608995720015276
0.0037488173197884078
0.003744586163320687
0.003727941880737358
0.0037210310838736464
0.003709253813808589
0.0037052559141705715
0.003718057958821702
0.003711505224531788
0.003776342195982324
0.003768657633013161
0.003937620957787717
0.0039369819376940595
0.003926523642514803
0.0039235478113078814
0.00392766292700091
0.003936983825821826
0.003991130939740536
0.004053399799399781
0.004074052964901732
0.004063133200209429
0.004055810711727984
0.004062305664012549
0.004057848872182773
0.004068135505643929
0.0033323503964033567
0.00332931960979209
0.003333771836726856
0.003349857351249188
0.0033255820439442975
0.003329750625413019
0.0033240826166495135
0.0033172907746101695
0.0033158399520689546
0.003298599161242335
0.003311743539120841
0.0032455260021260163
0.003232890961612145
0.0031403098759526372
0.003133368955084406
0.0031348340883395284
0.003134681252984899
0.003150784037860268
0.0031899083272829503
0.0032577322404754323
0.0032445493439830957
0.003233278478034545
0.003216035353805634
0.003209330735094015
0.003202797000400651
0.003194023442586439
0.0031818561043283297
0.0031800651397079997
0.0031811747674064324
0.003379661790071731
0.0033730721932543205
0.003375522397393481
0.0033753933077284295
0.0032939938539446574
0.0032960709252591834
0.003296264977196975
0.0032875735568151463
0.0032757036919559735
0.0032521239886133197
0.003234653028240582
0.0032305301492915744
0.003211549927409522
0.0032826683923233794
0.00320918142402912
0.0032018100828978494
0.0032077236065833994
0.003208452734412717
0.003186745837017602
0.003167778354519581
0.003162627605134525
0.0031463047085349915
0.003137598089877198
0.003115154172989584
0.0031022601100332645
0.0030007726103836534
0.0029944618898359748
0.0032494606077055144
0.0032347310548642757
0.003218691994673581
0.0032096279480747503
0.003211122852772081
0.003209952429266437
0.0032069079690969595
0.003201837481744389
0.00318703137247037
0.003183399030259007
0.003212205147907721
0.0032066262399093118
0.0031961589584470515
0.0031094199366767687
0.0031021824522286124
0.0031071981042978666
0.0031280118505740287
0.0031313543754921108
0.0031133774410868047
0.0029722925537630195
0.002971236537218939
0.0029626819805786395
0.003006043831087379
0.0030070639110672498
0.0029913777103880166
0.002985621684049989
0.003013238543475637
0.003092237274905263
0.0030946853474499007
0.0030794101021165473
0.003222068067280805
0.003295963160954803
0.003292493612293949
0.0032841356718358115
0.0032781694699224274
0.0032698012664551953
0.003257485023947845
0.0032529708669770015
0.0033658133571960523
0.003358933143901804
0.003327964688828722
0.0033222595771329193
0.003297578823852135
0.0033000218632559942
0.0032978001630512123
0.003291560189719252
0.003282119145020759
0.0032447066082215955
0.0032369932811367186
0.003230799323704257
0.0032342096254642555
0.003233649842261979
0.0032250967347373007
0.003328086006803375
0.0033265712626831152
0.003328045584749213
0.0033253772621303457
0.003320883890096247
0.0033406303687976034
0.0033153353656899683
0.003332808474137568
0.0033319362039098636
0.003331039605905212
0.003349623468433858
0.0033249123520132148
0.0033152314583780227
0.003309256031546583
0.0033055457724111056
0.003316182644625479
0.003305383201802044
0.003280141969756467
0.0032760380384365974
0.0032744179105174023
0.00327321526167156
0.003268349750502044
0.0031738819736812983
0.003167033626995672
0.003161686259162675
0.003163596298631671
0.0032479267621734363
0.0028355691690819425
0.0028395429601522732
0.002837216552400708
0.0028488997494556753
0.0028327679015195126
0.002837169855784246
0.0028353161457949473
0.0028311606490034644
0.0028271800050104095
0.0028221367921626547
0.00281230172383099
0.002817046430159822
0.0027526398615346412
0.0027446343997710398
0.002759045712360356
0.0027514979117909903
0.0027561925952290407
0.002751429798923265
0.0027228487347834896
0.002733998689653829
0.002745332799100241
0.0027328715745041543
0.0027233317364363215
0.0027166306238854084
0.0027269411955009944
0.002728465701962496
0.0027130641007829547
0.002720483804772973
0.0027187041443562424
0.0027052011911459077
0.002693135220758916
0.0026819287484458466
0.0026785806231507925
0.0026739429839325495
0.0025574684765317956
0.002555470982091933
0.0025418094541237203
0.002527455432611332
0.002521346003328969
0.0025252987721520043
0.0025241907170069616
0.0025362796833643584
0.0025330424334087417
0.0025270971924367227
0.0025243625035379414
0.0025479631621871247
0.0025396079754665887
0.0025434788405010573
0.002536392948506951
0.002533063019649458
0.0025283921062487836
0.0025271701048013634
0.002543393479424263
0.00256325108636594
0.0025545306566446173
0.0025524552312150756
0.002548231205865202
0.00254526348282861
0.002542695924917314
0.0025441565335266197
0.0025571254956974192
0.0025554079501307566
0.002557447485408498
0.0025428644405817028
0.0024929746332552436
0.002487608197581765
0.002486131642527814
0.002481035337327052
0.0025227900168349284
0.0024365300075312106
0.002421337815964672
0.0024142775476513347
0.002400712206079058
0.002591030420986695
0.002588155599548986
0.0025838785436152582
0.0025844573954046887
0.0025833475850637923
0.002567902373554501
0.0025641704374316358
0.00256391113381962
0.002556905833128656
0.0025528683457290255
0.002624329037524154
0.0026321806887887387
0.0026277950548191983
0.002650756310706908
0.0026060609660130793
0.002603597856646863
0.0026035439738578024
0.002646080113632623
0.0026576229019923603
0.002661652278527172
0.002712444826330982
0.0026889254672027426
0.0026906864041297846
0.002678003122025369
0.0026781498060422376
0.002677648041018084
0.0026817305082949836
0.0027047703798041976
0.0027835626805293163
0.002785846561617585
0.002797708314611051
0.0027942315038297005
0.002792456717946763
0.0027945664422380405
0.002789903087214093
0.0027876030129382616
0.0027630126783270855
0.002785911841914318
0.0023715480922516592
0.002380126981212922
0.0023637371029509606
0.002355836575039215
0.002330238687001703
0.0023282334240881425
0.0023306285416397326
0.0023277773637401067
0.0023367715067943106
0.002340182311663912
0.002342562132752991
0.0023397146349393347
0.0023334326427667637
0.002336518174750105
0.0023371310470250363
0.002345794302301648
0.002340012675069298
0.002328689583691199
0.002326201592103317
0.0023235669684342404
0.002320313862348741
0.002320912193047615
0.0023190190332245553
0.0023086103284346306
0.002461862758793094
0.002455147657281486
0.0021675701638654687
0.0021589042101058634
0.002150303429129993
0.0021584931948638014
0.0022770627109285303
0.0022782268962151003
0.002285919239905788
0.0021722195575267634
0.0021720777020185524
0.002182839533031113
0.0021735792236609003
0.002165933499915793
0.002161142148575572
0.0021687747872391437
0.0021414023911252504
0.00213802902548832
0.00211474089872833
0.002125646920423681
0.0021130483519572487
0.002085190683850102
0.0020761037973347166
0.0020712937650783016
0.002073576148462112
0.002063410029250924
0.0020611930409194746
0.0020934065728444276
0.002093380310396562
0.0020316141856413666
0.002029253222096178
0.0020180660881007305
0.0019852672800918523
0.001991711031302617
0.00196770951468719
0.0019696840040709573
0.001966831577093871
0.0019603874409307204
0.0019397009429708975
0.0019306065939514695
0.0019287884626328774
0.0019230771209411699
0.0019371853200263246
0.0019332798296586994
0.0019343315768687599
0.0019198845014488813
0.0021284258349761266
0.0022581319678543345
0.002277046392305208
0.0022731949187285473
0.0022697395712778443
0.0022700660507052805
0.0022649603409634644
0.0023369085276880412
0.0022758774766510723
0.0022736830113949244
0.002286001268540354
0.002279626963283214
0.002229320589067309
0.002229862436684239
0.0022269754408895683
0.002277128572691084
0.0022768008726757063
0.0022767002487517427
0.0022758930054042037
0.002273243877497064
0.0022654367037395298
0.002258042280252137
0.00225611085936832
0.0022544039517740254
0.0022523063026833844
0.002247322710997938
0.002244525707542395
0.0022664429554840725
0.002269501917192097
0.0022653557754707533
0.002264052431022388
0.002263414505178022
0.002256414016543223
0.002250216887756578
0.002250631008388238
0.0022464340678438983
0.002288398658136158
0.0022858050367500038
0.0022826479049652794
0.002278823318650754
0.0022696878328547507
0.0022874016698220985
0.002283254139241797
0.002281395281311787
0.002285027074671043
0.002284190896244538
0.0022781298065163358
0.002278632870023787
0.002276422925542744
0.002279344531351771
0.002271232767325596
0.0022643737311077087
0.002286398917579164
0.0022762319505768834
0.002240945005433606
0.0022380717840389803
0.002227286200470722
0.0022291697360516246
0.002228490499156597
0.002228038119899653
0.0022260416318890196
0.002233834055740237
0.0022322561008742757
0.0022602589118650524
0.002255500549803321
0.00225899808432756
0.002258290322872187
0.0022501153113139035
0.002248494684533682
0.00226993076938908
0.0022659105592653917
0.002262803563983004
0.0022539220349029666
0.002257458192302127
0.0022541441963689836
0.0022430714818653342
0.0023684277744972387
0.002363276569838557
0.002358662540148972
0.002356331200527942
0.002343685145560552
0.0022622172219893583
0.0022612947249479294
0.0022744107818466535
0.0022719710097457552
0.002270611376897333
0.002267265152961982
0.0022608130075323697
0.0022553256762994564
0.0022522368193413425
0.002258442650095455
0.0022469203478779755
0.002220041712323838
0.00223859234111424
0.0022326681728403615
0.0022381719222772673
0.0022170031892738908
0.0022006422978753885
0.0021966020720097326
0.0021966859972836835
0.002194839253487206
0.002191769978257492
0.002189082715915129
0.002185917992181542
0.002184310525523046
0.002252582520147067
0.0022478564508035047
0.0022343338024274945
0.0022305696005050194
0.0020957498364881006
0.0021276087411436517
0.0021228446969833426
0.0021182213235602385
0.0021161870054770436
0.00211246254020827
0.0021133936602652
0.0020898619632743775
0.002035757178406894
0.002033335513224818
0.0020304032102105496
0.0020274331504735086
0.002019194915227945
0.002007039397561038
0.002006650390925372
0.0019888825717731306
0.0019832476155186105
0.0019670940045345762
0.0019660253694773464
0.0019658103726608056
0.0019832664149314985
0.0019795002132957803
0.001977944811833897
0.0019730667066219405
0.0019781126020500866
0.001975521708841805
0.0019798766390111615
0.0019765443831161584
0.0019741520149057267
0.001958228667208927
0.0019555775544630636
0.001948844369244543
0.001953785986518821
0.0019520916369769542
0.0018489325954270087
0.0018467914694472924
0.0018435153011717154
0.0018400336713761771
0.0018395419925145834
0.0017771837960825032
0.0017748993411560601
0.001766844477419643
0.0017657783495332213
0.0017677795659757634
0.0017612050181855044
0.0017538317216714368
0.001754847824038158
0.0017405542852072095
0.0017382531347889067
0.0017154042494002529
0.0017093852255385088
0.0017076258363724242
0.0017093744704633597
0.0017091936296744754
0.001718135439811716
0.0017168715133155262
0.0017793151622943987
0.0021653561833679274
0.002163273297313227
0.0020772272489379185
0.002083558621542959
0.0020774670441852387
0.002077981335981575
0.0020772122643712993
0.002078227822392753
0.0020757300606530182
0.0020832172708566935
0.002074729514854051
0.0020512333540591106
0.0020475869837359934
0.0020407270464025246
0.002039033901979936
0.002039840403969092
0.0020434736916500147
0.002038719161903106
0.002038318761183972
0.0020391335984882323
0.0020399727568877466
0.0020410945429248815
0.0020364301617722762
0.002032656977821086
0.002013224974082726
0.002006781772002946
0.002001601110172902
0.0020064266036643815
0.0019908210234471976
0.0019898918893188518
0.001993070886426236
0.0020537589526765567
0.0020606687078918613
0.0020567994778460806
0.002054609114441805
0.002052578467033255
0.002052470088247966
0.002052407334112629
0.002044602805168747
0.002032462690800456
0.0020306656996391384
