0.04047750309109688
0.025910355461140473
0.019303514302009717
0.015311211335938425
0.01162892765326736
0.009474683245311357
0.008408599060203414
0.006794859286552916
0.006173056358238683
0.005890760904135691
0.005292744526135115
0.004076291301036971
0.004632026418611142
0.0035393274660843127
0.003304071986349301
0.0030917102943503255
0.002795549617278287
0.0034505355227003372
0.003325523444800638
0.003514102757132302
0.0032932791800703858
0.0031006624846233303
0.002619736160947166
0.0029788088356144733
0.0031168469733809344
0.002986653118299459
0.002997464638610837
0.0029915849134277816
0.003024197103028807
0.0029283094064017105
0.0028425989194147414
0.002830028651232804
0.0027114947725375028
0.002802925201831386
0.002593611332283925
0.0025134290524481528
0.002410337466771078
0.002257198307257242
0.0021922755375271673
0.0021444348825664246
0.003613811214953396
0.0035273953906780247
0.0031869716754458345
0.0030539025255065006
0.00301643685088493
0.0029220041519209274
0.002860128628526582
0.0026304180726732075
0.002794481591554359
0.0026995602221337755
0.0024287575383473625
0.0023871532186672518
0.002461489855906823
0.0023130658812905583
0.002484960711236844
0.002454036740553484
0.0025266575434341517
0.0036855203146904207
0.003459156195943555
0.0033744097607149213
0.003332270414478356
0.003332002025600227
0.0030536195081367623
0.0030334209862093514
0.002559346399114778
0.0027336985300253354
0.002681334296700216
0.0026507006892327063
0.002574339686127912
0.002583358778690421
0.0025588042149643627
0.0025072647633400994
0.0024496913514716707
0.0024497745612946653
0.0024286697528288262
0.002249999045146412
0.002145292351577575
0.002422282655717499
0.0024115390078804926
0.002358462183627036
0.0023445748112153083
0.0023035384730031964
0.0022737371847532427
0.002183611551984488
0.002138265268471049
0.0021037248634979476
0.002067476327118295
0.002120016144033982
0.0020965156365289456
0.0018720045432468859
0.002316846908323224
0.0023060055382008995
0.002238492522279712
0.002715950323219754
0.00265550239055301
0.002622903174643894
0.0026148039032705124
0.002500432078971179
0.0025196884165052317
0.0025421298802876377
0.0027063621046003314
0.0026102832086764057
0.002560438665498693
0.002629527916377854
0.002756589449248013
0.0027767975442546692
0.002559588563464651
0.0024470363737195047
0.002466056903358549
0.002418450982863637
0.0024320810095689793
0.0023767938930129187
0.0024992802697070466
0.0026062465080505482
0.0025666722764887307
0.002531258810239916
0.0024901404769664985
0.0024955635489269847
0.0024705178657313817
0.0024588092871025706
0.0024273561468332646
0.002393851940694258
0.002384045565005152
0.002618987126275898
0.002604505706888935
0.0025732911899539203
0.002525906475057128
0.0024967927678827525
0.0023039550583164865
0.0022782319596833522
0.0023078664362952686
0.002265033944986089
0.002252827229068629
0.0022385112294513324
0.0021857893075588547
0.002182497382062032
0.0021367145413735316
0.0021426875266521207
0.0022020815381048517
0.002182986747460268
0.002167869977813713
0.002149814252995632
0.0013317036549172676
0.0015016962179978347
0.0014952628945848867
0.0016085568520075762
0.0016051896629899086
0.0015589363506570107
0.0015744460370236385
0.00159683519787778
0.0015867499440853285
0.001527299507585007
0.00149846649479254
0.0015349173328779156
0.0015332355199065297
0.0015269631166218713
0.0015268629284935142
0.0015580620233748553
0.0015489823945245007
0.0015720596239809526
0.0015767260406448012
0.0015741307377683835
0.0015635787288973495
0.0015786583152613744
0.0015625151907618395
0.0015579196587860206
0.001530187278452407
0.0014715573036445295
0.001476619115119855
0.0012519381447131503
0.001209454826684398
0.0012095551774635202
0.0011967358662112585
0.0012046973485433101
0.0011904809294223514
0.0012491651530190779
0.0012557212499773466
0.0012419892710115884
0.0012620157780474982
0.0012618482795618577
0.0012498348888974372
0.0012360838742206596
0.001364733854406159
0.0013668106870436286
0.001364061970830775
0.0013349993332764782
0.0014223534543565078
0.0013659575243576592
0.0013945197871898447
0.0012278407898972893
0.0012366012162298525
0.001222176552259175
0.0012241470336148363
0.0011934435593549354
0.0012871208958558226
0.0013651670818630758
0.0013733973135440281
0.0017338318321163575
0.001732092545280466
0.0017621460527387815
0.0017445917314178965
0.0017277283212364985
0.001742687965566338
0.0017330213888582387
0.001745193279647829
0.0017145789473864209
0.0017182286746202197
0.0016827574719699393
0.00164379636338535
0.0016177574254548114
0.001610160294320557
0.0015883307645486516
0.0015529935173668556
0.001545073809156324
0.0015275101859178563
0.001523115728232872
0.0005689723966664572
0.0005863411631116207
0.0005713543836133213
0.000570960825665251
0.00057447097407914
0.0006011755066305698
0.0006034337163457944
0.0006136309347736336
0.0005683425674317978
0.0006176162716760276
0.0006298573839318886
0.0006823103001044336
0.000669075792867933
0.0006675343341657736
0.0006101613328390721
0.0006111828183611381
0.0006086512341394891
0.0005780390265615695
0.0006276058423790638
0.0006213619590850884
0.0006091591717182275
0.0006106378988920083
0.000622331948155382
0.0006237945401523247
0.000619380907319132
0.0006383238276447563
0.0006649159155041743
0.0007936926627512642
0.0007853736550588828
0.0007767566144636075
0.0006920034359228016
0.0006886769512043629
0.0007289431623648851
0.0007298417040146886
0.0006741869551155509
0.0006737378393686395
0.0006996123729765004
0.0006628170267076177
0.0006570360430941946
0.0006246890952893993
0.000649005495230198
0.0006523775869466249
0.0006500542599286955
0.0006310042156436448
0.0005936999028799202
0.0005820640421449472
0.0005737955415855995
0.0006874163043114164
0.0007492865430746102
0.0005219721464023399
0.00031316969702246174
0.00037844250462066426
0.00037777462027777266
0.00026494875858276674
0.00015246929305088572
0.00014884105251143404
0.00015316636823746544
0.00015693227390081366
0.000208263107144402
0.00021542543396168797
0.0001926272191490857
0.00018998890654951675
0.00018876394159243704
0.0001868578321358447
0.00017938183602820814
0.00018698977137415572
0.00019390323303039773
0.0002547728229649038
0.00025189840884055366
-1.954092933773607e-06
-1.3530617353454408e-06
9.847686877377536e-06
1.5070165732297428e-05
-1.9586592259787998e-05
-2.9163195094578454e-05
-5.1137259382589255e-05
-0.0002784591483357711
-0.0002744765790431934
-0.0002816045807038963
-0.00025687840028731815
-0.0002536066993758483
-0.00024999140249409505
-0.00031499332166276875
2.7741942526865438e-05
4.9279104927493045e-05
7.72656555511918e-05
-6.836721417800474e-05
-7.655020215411166e-05
-7.903989285741951e-05
-7.481372639148547e-06
-8.998856752772216e-06
3.893088856802409e-06
-4.582411249078031e-07
-3.837062857470131e-06
-9.235786050199883e-06
6.104377581895636e-05
5.5042199292190524e-05
5.352169290066712e-05
7.738434647716865e-05
8.937448471761089e-05
0.00015219286854419882
0.00014541169108828783
0.00015013458541943692
0.00012038133072309963
0.00011516295869470292
0.00012352699435520746
5.8837914422591364e-05
6.244727661116767e-05
8.597805491860021e-05
8.321418362849077e-05
8.588727022714279e-05
8.621480715592708e-05
0.000134935507076355
0.00014645702555020175
0.0001454410516724961
0.00019464625173084738
0.0002731227882441362
0.00025070115038603824
0.0003236141111691333
-0.0001052854090320355
-0.00011380869662216943
-9.30862881330454e-05
-0.0001055929419047007
-9.965584090196652e-05
-8.733768477506267e-05
-8.001848412969528e-05
-7.629028563272626e-05
-0.00010679924141014988
-0.00010369188633223861
-0.0001527751241632809
-0.00015400339752782248
-0.00017896418510249043
-0.0001339610036978098
-0.00013183514375148062
-0.00011187493803597376
-0.0001068601015643229
-0.00010482518335029548
-0.00010756864503491662
-0.00012000719979869749
-0.00011708335284924998
-0.0001209870143972373
-8.342918027211805e-05
-9.718697252133598e-05
-0.00010309060189809769
8.08611578511934e-05
8.05454850200046e-05
8.18084260902322e-05
4.6456931358241625e-05
5.098313489665482e-05
9.5430358285427e-05
0.00010156933979527352
0.00010365848310404085
0.00010262418155262654
8.50095056613024e-05
9.121657155926082e-05
9.889420997832054e-05
9.37907662156118e-05
9.435155479392661e-05
7.536748853453905e-05
6.771519822926964e-05
2.1041694804644202e-05
3.4079445769585277e-05
3.6418621962902326e-05
3.43498445175261e-05
4.32909602931389e-05
3.715861314699768e-05
3.781681793194976e-05
3.5709385229456095e-05
-7.503225833480363e-05
-7.866905488221822e-05
-5.6173555160207714e-05
-5.781907341496867e-05
-6.154528606342721e-05
-6.947509584623287e-05
-7.222147389850813e-05
-8.079662598976412e-05
-8.683966919348388e-05
-0.00029803783646814195
-0.0002933458017283519
-0.00030010504795734534
-0.00029995602618606914
-0.00025308876671684783
-0.00024112096081807982
-0.0002410933613777742
-0.00019454875494271236
-2.8636935723092802e-05
-9.68876143941652e-06
-8.50520528605742e-06
-3.6640106099646296e-05
-8.192884922971501e-05
-7.879889163436309e-05
-0.00013328488355571943
-0.00012753329359750244
-0.00011437925541407484
-7.470263111279621e-05
-3.554181272043348e-05
-3.7992394374343856e-05
-5.689800695196382e-05
-4.814592484063518e-05
-4.408994737182853e-05
-6.23148512922375e-05
-6.325512201061838e-05
-6.473931914245316e-05
0.0003010105170437296
0.0008200317512195164
0.0008130085697696471
0.0008116560641627863
0.0007916860066025573
0.0007627114542637527
0.0007595609054536464
0.00080159127496827
0.0008052653304164433
0.000829230878653741
0.0008292444290165418
0.000829638060100411
0.000719670292880498
0.0007174321334145981
0.000704424101832569
0.0007007656528971183
0.0006804564924861647
0.000679638594778076
0.0006847227846669003
0.0006818825594646941
0.0007022908425999725
0.000656505749951753
0.0006584205606092465
0.000661176984509881
0.0006770249012742568
0.0006826044366467376
0.0006797836762196665
0.0006785272397077537
0.0006815618374849044
0.0006739469685837522
0.0007026026469328545
0.0007069335012030643
0.0006773603004781183
0.0006829004362366562
0.000726883786898055
0.0007278169189687518
0.0007354446333164095
0.0007467633866596718
0.0007492615355314151
0.0007386702144171779
0.0007338787272404333
0.0007305605165613513
0.0007225132335043265
0.0006251048070821682
0.0006236198033714386
0.0006241223972144359
0.0006255435863471383
0.0006231427164765722
0.0006231363150795031
0.0006228436777514325
0.0006217378719782479
0.000635538391503298
0.0006241540911045794
0.0006224026410525588
0.0006315560817510182
0.000607279507156428
0.0005958902054264714
0.0005923998989951483
0.0005835817357520852
0.000586195164426802
0.0005822972584941292
0.0005840296775604503
0.0005820890356568177
0.0005808799101972049
0.0005675064808492229
0.0005667294117975633
0.00057075228581532
0.000581076894288016
0.0005891338809834246
0.0005891715656913699
0.0007683266596911308
0.0007704390072461584
0.000776791096484084
0.0007720435385687483
0.0007675062223558658
0.0007632562502558646
0.0007945254372579922
0.0009404419852728316
0.0009799769273861109
0.001004166313505265
0.0010069585391929078
0.0010215205922968625
0.0010202529675963235
0.001616132959396862
0.0016340136713011754
0.001627735901780871
0.001633093875653295
0.0016122676270457497
0.0016094245772931373
0.001605533564910657
0.001604031705354028
0.001567938335483631
0.0015896864423299557
0.001598399128413356
0.00157523106340572
0.0015531339652857972
0.001549784537239046
0.0015548592267924744
0.0015532276283605068
0.0015499432410601552
0.0015439065929074114
0.001586736835170468
0.001582149077034563
0.0015565130677103508
0.0015698990643224003
0.0015436011878795692
0.0015736290367352863
0.001581394713370668
0.0015704777331724364
0.0015600568334295246
0.0015664098183286808
0.0015082216246208493
0.0014720058154797878
0.0014671242337744525
0.001484560763744079
0.0014785190277195126
0.0014887145303429943
0.0014648694681028778
0.0014630163765334424
0.0014746945780374236
0.0014674821461838367
0.0014569925441152347
0.0014590762165832985
0.001457494763385243
0.0014544268559510678
0.0014544054522561134
0.0014415270794894688
0.0014376652405349128
0.001435845356306504
0.0014101477057292028
0.0014061090082585959
0.0017705557946338425
0.001887576702130017
0.0018777389790432424
0.0018606871131572622
0.001855332004459131
0.001846394410918681
0.0018474800269349756
0.0018471739790527294
0.0018467204838608646
0.0018543627226406468
0.0018542010643274188
0.0017599691428015819
0.0017583518334852637
0.0018902061167131866
0.001891674826624259
0.0018897820383185471
0.0018959649445810408
0.001865805408660393
0.0018668180482723459
0.0018713184320017185
0.001868839266179193
0.0018558557454925696
0.001816663900406491
0.0018160675765703537
0.0018200282558811706
0.0018162071257765086
0.0018109355474722306
0.001807689777935736
0.0018020845670654454
0.001812140229110013
0.0018030156177801424
0.0017946497299572623
0.0017902382617786012
0.0018002129292203112
0.001796905944738122
0.0017930435226873986
0.0017897944279600291
0.0017922973761422755
0.0017692480048350186
0.0017923100485782364
0.0017839746521309957
0.0017868547507857778
0.0018414256179306225
0.0018451972697771481
0.0018566743165138167
0.0018473304556101593
0.0018480754113132372
0.002906760319168344
0.002883805143792414
0.00284250914451384
0.002818811947989982
0.0028143187529298544
0.0028150926438250436
0.002813692436186011
0.0028148644618484838
0.002813180244255034
0.0029117645172415277
0.0029038179521766226
0.002851163998645058
0.002847389913700999
0.0028452581941059577
0.0028392946278561677
0.0028380375306280505
0.0028433262721192453
0.0028191175149370425
0.0028213037518392704
0.0028187790170216232
0.002817893651720687
0.0028054375363412436
0.0028116871260617216
0.002801191905137957
0.0028217901400702274
0.0028262729044329785
0.0028207531783264127
0.0028165067269583233
0.002809556000599559
0.0028097682486662333
0.002804253502277508
0.0028053537645194282
0.002803012886271508
0.0027895182680091426
0.0027843904548858355
0.002776475594582276
0.0027742033908427807
0.002773627329085267
0.002796245689862598
0.0028006959053807094
0.0028047945294797016
0.0028077780610829
0.002802678935111547
0.002806913215548962
0.0028000313801190154
0.0027867089056994505
0.0027868967070361576
0.0027887351708798446
0.002831915238753597
0.0028292422752942757
0.002820546214329044
0.0028042643804040463
0.0027955078316958685
0.00279272607197086
0.002788298254507983
0.0027820587276176007
0.0028808164737100252
0.002878194023008004
0.002874000980216647
0.0028802368139144324
0.0028784954988202286
0.0028750154865988553
0.002878088901292656
0.0028587165104639947
0.0028561362818255395
0.0028532696700911252
0.0028426698285384335
0.0028338721678157026
0.0028497831702169185
0.002839891261501834
0.002876804692503476
0.002884005365868051
0.0028998915982165834
0.002900715148067927
0.002887684719620258
0.002860003485974272
0.0028451657135479366
0.002853127169458454
0.002864736508459584
0.0028478241391274965
0.002840982784584148
0.0028321491190367596
0.0028740792293482777
0.0028697964907519716
0.0028588870530844085
0.0028564139905279144
0.0028516779152589805
0.002841577206253118
0.002838079329118984
0.002849770308742782
0.0028171726945456182
0.0028086729569358946
0.0027758256873537434
0.0027155611761251813
0.002707963839167775
0.002700699161048222
0.002718255235273359
0.0027136248812183487
0.0027098778264346207
0.002711943823252613
0.0027062473324227774
0.0027066275286363522
0.0027007353138558906
0.002689968355311291
0.0026854590119227357
0.0026059952392436343
0.0026043956179761327
0.0025824468057721716
0.0025792143490111813
0.0025686201432334756
0.002557781538687161
0.0025655130520635173
0.0025597432781243063
0.0025639859411129397
0.002561978962267346
0.0025576506221429885
0.002551394813369239
0.0025448663408847547
0.002541548927592062
0.002538840076241619
0.002537263068277423
0.0025532730136546907
0.002549563868363821
0.002545888606765099
0.002665420400472598
0.0026820753972573185
0.0026781005999033263
0.002674229957942485
0.0026496860255803387
0.0026510884272883564
0.0026479013118979483
0.0026383616894360795
0.0026350227967450904
0.0026338035527632983
0.0024497942042867086
0.002438818475757937
0.0024473430709810442
0.0024452739503826528
0.002440102196031118
0.0024367987778995946
0.002433885811132265
0.00243777920139208
0.002435606109903274
0.0024427099207645574
0.002436906881695446
0.002429385781778689
0.002432866615376862
0.002442029787531972
0.00244923494839988
0.002451908302378692
0.0024495048861531313
0.002442442322673744
0.002445788947909858
0.0024389207456284165
0.0024317744138190214
0.002425973152364909
0.0024275433833962205
0.0024293566907954084
0.0024285567542032117
0.002328065069085008
0.0023230284203617888
0.0023210657646191815
0.002317163340514682
0.0023182926358179387
0.0023246995922503663
0.002324747482611995
0.002343340702807638
0.0023329144299622144
0.0023342436224104137
0.0023239161372619836
0.0023158190093390497
0.0023159417265371535
0.002238100945635343
0.002242992936305246
0.002242283943409067
0.002232992964659404
0.0022295310245188473
0.0022316290834009838
0.0022379284600199606
0.00223210963392065
0.002230488162200671
0.0022223929882621224
0.0022168984792543195
0.0022122071646509755
0.0022034261221300167
0.0021989214178482134
0.0021988911710488254
0.0021970844746686713
0.0021967110033802363
0.002194039239636052
0.002191902494455067
0.0021760037873062637
0.0021748455485743204
0.0021692936573372507
0.0021634539511296417
0.0021232801378798173
0.0021401239797559373
0.0021346055581484506
0.002129309434849635
0.0021440990093649385
0.0021407146989249914
0.002138817125141944
0.0021345698157203045
0.0021321374435156926
0.0021364756790142026
0.0021306311951341216
0.0021502533405679397
0.002131125690848379
0.0021282424718406154
0.0022578916489125068
0.002248426470005449
0.002244832085242159
0.002240867268655977
0.0022424151736182324
0.0022376646435549536
0.002231966187501431
0.0022334147884083395
0.00223484612350006
0.002231435558600941
0.0022498548128091402
0.0022541059078075875
0.0022536611282614532
0.002250538842043452
0.002248383079301552
0.0022425493019111635
0.002221490149980316
0.002217616075385281
0.0022138019496205493
0.0022097458319009083
0.0021980884801468493
0.002194098655019432
0.0022442104079071976
0.0022486911940526547
0.002249976751342662
0.00225103590029864
0.0022479905967598725
0.0022427631121213877
0.002234391164348345
0.002240695365585124
0.0022386265523557532
0.002237228486808081
0.0022350647433562556
0.002232447256940845
0.0022283245514293846
0.0022168938475123816
0.0022154637582298626
0.0022120782783628364
0.002220117323863324
0.0022215694054891683
0.0022185539495660394
0.002201724249502242
0.00219910915302428
0.002193236785836726
0.002192825009740161
0.0021853580562896558
0.0021842448607072716
0.0021809369648843543
0.0021717280317792888
0.0021809206298239233
0.002203510797037534
0.0022014882035218198
0.00220072165929894
0.0022015101243042807
0.002190655882206555
0.0021920074175886552
0.002201855165316781
0.0022003293720261096
0.0021877244568942623
0.0021785724184344543
0.0021779131983568614
0.002198588256763701
0.0022411335981417546
0.002244254644132429
0.002245188568883077
0.002175376047419609
0.0021727465201725775
0.0021814034883365324
0.002192512432477555
0.002195923791353661
0.002192155991465196
0.0021856249273423307
0.0021841014988240224
0.002182903803455398
0.002180010854080348
0.002183124252441679
0.002175664912443215
0.002175931443376758
0.002179671883858079
0.002181806534139852
0.0021824275680062816
0.0021797107013956795
0.0021763965374498456
0.0021739859725606065
0.0021714232858896093
0.0021679887433792146
0.002165944614328245
0.0021674355696047827
0.002168524920031296
0.0022361301719500478
0.002258870494613537
0.0022578394775571798
0.0022497606074224083
0.0023602106871612365
0.0023546528576674757
0.0022656659682915364
0.0022654758779783036
0.0022711057597816324
0.0022783015884563626
0.0022773331780875598
0.00227704637393595
0.002274113338836009
0.0022695578846301397
0.0022723350811638026
0.0022668429149697465
0.0022638077076200893
0.002259197835735973
0.0022961631878323694
0.002313274214362323
0.0023104478464650528
0.0023133948057490997
0.0023162193391369507
0.0023149190190135584
0.002314739377031445
0.0023162728926002006
0.0023320205149412084
0.002337758289546141
0.0023350831821900677
0.0023376825251443054
0.0023369132069870338
0.0023342448928439096
0.0023261830865756884
0.0023236100727151484
0.0023386711539814674
0.002336763569177329
0.002333524793142899
0.0023329912272792488
0.0023338073158616778
0.002328630558311598
0.002328066416845132
0.002327894894351592
0.0023206401636419356
0.0023161484048691925
0.002313002879042516
0.0023162748718746967
0.0023134240986098383
0.002313329762527849
0.0023102098109173508
0.002309789579519442
0.0023066647071551165
0.002306266427871464
0.00230441830448882
0.0023010089281198924
0.0023703393054776956
0.0023738272156908296
0.002369968090464136
0.0023685951617561517
0.0023661644953709587
0.0023651630483651383
0.002364935174570948
0.0023632412232476954
0.002358737467026485
0.002356091802259169
0.002353207032707375
0.0023598618477203817
0.0023573007914638447
0.002339129671257287
0.0023376025312801564
0.002334145439365883
0.0023301837902506887
0.002323948320029689
0.0023203817528241366
0.002284531411137279
0.002284634199105127
0.002278619182750683
0.0022770155620825735
0.0022701546675520257
0.002268443929459843
0.002264872864178291
0.0022632095415107416
0.0022486993065469947
0.0022464939016373538
0.002243375254529757
0.002240463809778517
0.002236811599188642
0.00223824301198411
0.002235310594313172
0.0022326954810860645
0.0022315439812278346
0.002231173254236647
0.00222466643564897
0.0022172351242984198
0.002229031985953413
0.0022272630273603568
0.0022262457603852894
0.002222677620516965
0.0022230781546486
0.002221716112940137
0.0022209104700452913
0.0022196131721829646
0.00221637937127941
0.0022103975262563187
0.00220398122569168
0.0022006652552036612
0.0021992865185603175
0.0021950529532396013
0.0021986670366082478
0.0022028073369839895
0.002195104778669701
0.0021932930497358654
0.0021869467913679824
0.0021778950261397375
0.0021707867232072394
0.0021677070558213363
0.002165434525026783
0.00214857119347445
0.002147375758687903
0.0021445444520615093
0.0021301330363111084
0.0021247856660341177
0.0021158331450555116
0.002114164072615967
0.002110597763748958
0.0021075876101795724
0.0021079037226906855
0.002111032252447289
0.0021292911738370903
0.0021348029443718753
0.0021404499913831674
0.002147458856947757
0.0021554462087622303
0.0021594569922002986
0.001956599633466822
0.0019548061282213523
0.001959350612746359
0.0019511223870851014
0.0019500831540162722
0.0019489179114720587
0.0019476504185430613
0.0019336758355556532
0.0019265691730783617
0.001924155037716528
0.0019096841773366933
0.0019075862664199176
0.0019253476933877712
0.0019183512983230583
0.0019169099402715527
0.0019127644444679353
0.0018789780744144777
0.0018824137475471322
0.001879143799454468
0.0018806674189572503
0.001878804937885088
0.0018728170273570213
0.0018686108258324336
0.0018668298620320145
0.0018871968287942676
0.0018842108696586037
0.0018845854990007808
0.0018760607102658406
0.0018813994598404053
0.0018759881691653541
0.001878410081025202
0.001880242416086709
0.0018855298553759968
0.0018835787481480185
0.0018831640816683935
0.0018841783457013185
0.0018820411850054295
0.0018821898465336217
0.001885641949784701
0.001886242798662588
0.001902105683773902
0.001899901653257519
0.001989407914118316
0.0019883274298982253
0.001975553355422693
0.0019730445251429224
0.001970814758226383
0.001968935234484587
0.0019502697813885983
0.001947663621264347
0.0019412744716882364
0.0019392500187469157
0.0019372513462273355
0.0019345218686841437
0.0019311888490142434
0.0019276917601178075
0.0019258141996968006
0.0019227675579241111
0.0019203650958308372
0.0019195323367784869
0.001923365788528945
0.0019092328213853136
0.0019099297906362105
0.0018948988633199241
0.0018923094352633642
0.0018800666677759182
0.0018749238782080947
0.0018594125460579907
0.0018272278555539557
0.0018254371520267008
0.0018239904271004823
0.0018230619393642263
0.0018254090219635968
0.001816527012068356
0.0018107211146369995
0.0018099533511184561
0.0018091538971680306
0.001807967547886538
0.0018070899655368777
0.0018026611949155515
0.0017996025329659214
0.0017984367495087936
0.0017884369290121025
0.00178722607800574
0.001785787368331004
0.0017867269044305576
0.001779197015870309
0.0017768295330210999
0.0017741233692660674
0.0017788821167965502
0.0017755495019238373
0.0017818730486460113
0.001779335474054025
0.001799343222952702
0.001799587842761217
0.0017981491263490182
0.0017982819899997303
0.001704703402942454
0.0016979236509070943
0.0016973421220270477
0.001701497370804727
0.001701755674157966
0.0017041295119501615
0.0017044677040040327
0.0017080337091829928
0.0017058572761400608
0.0017084468494636313
0.0017079497905758939
0.0017022891132509254
0.0017035231763597987
0.0017016465015139589
0.0017064185873521657
0.0017056110999398124
0.0017047711816457073
0.0017074591950486976
0.0018596850376012932
0.0018582967369576253
0.0018542360063711699
0.0018853768090527267
0.001868268795990491
0.001851263606753809
0.0018667692948829842
0.00185605706395917
0.0018543979746068646
0.001852537004435089
0.0018426516495223745
0.0018380583483420861
0.0018320950245967285
0.0018249196537988696
0.001817993903157967
0.0018169006855369575
0.0018082419691860456
0.0018052617347189728
0.0018033569571107675
0.001822480472592643
0.0018125216792139755
0.0018101598385581283
0.0018092048112887604
0.001807471976524989
0.0017976868018636238
0.0017993345128822068
0.001809688810353351
0.0017985117700886246
0.0017965510127294227
0.001797019154070585
0.0018045458156972193
0.0018004915217883259
0.001800872903090121
0.0017995121785050598
0.0018001114210015954
0.0017978909673559958
0.0017958922063948403
0.001797211568953484
0.0018029764177224959
0.0018071751225786146
0.0018090986243433453
0.0018099756154304778
0.0018090035155550507
0.001806062577321331
0.0018058301778345743
0.0018006844019532973
0.0017981333884869596
0.0017919637135467544
0.0021585049166220004
0.002152990182811768
0.0021531938127082287
0.00215178294952984
0.0021498197262674714
0.0021453731667843375
0.0021336347437334586
0.002121041133007871
0.0021189190705533088
0.0021176535628608002
0.0021163935019399144
0.002117538343968728
0.0021135498267570454
0.0021114277517988523
0.0021104594227240045
0.0021082823080461163
0.002106256722598269
0.0021015826569055224
0.0020998013142980287
0.0021018436393938186
0.0021014086411743236
0.0020979573270690534
0.0020721829583156487
0.002032473084299407
0.0020303449799459173
0.002024174783366319
0.002023385242334876
0.002035033827102228
0.0020341060562468313
0.0020241281529359786
0.002022692915890309
0.0020179540902271363
0.00201125494614291
0.001997410289466637
0.0019892177150150027
0.0019878696192781927
0.0020000172538579193
0.0020022871760803852
0.0020006459322805307
0.0019979906236431972
0.001996384586587311
0.001987904061617464
0.001985233777409103
0.0019783852256231335
0.0019438585553086
0.0019345880333123196
0.0019319352815391857
0.0019100141775139023
0.0019002201866145014
0.0018993095985166476
0.001896684793286192
0.0018889864387431998
0.001903442921650869
0.001899622269994116
0.0018969533919760437
0.0018907702263347276
0.0018887975373821002
0.0018880136818392203
0.0019262930770603038
0.0019245858851596328
0.001925343729312928
0.001924219072758899
0.0019225455923989206
0.0019215468775980013
0.0019241261023041911
0.0017916854591362788
0.001805724886109545
0.0018034462968076002
0.0017997411557090668
0.0018081166567011527
0.0019610452016182124
0.001959995835886154
0.0019522757426809827
0.0019513233076052011
0.0019311361877529217
0.00193683547009119
0.0019223229814019165
0.0019212893063228164
0.0019173906920686577
0.0019146679626845856
0.0019134545450201963
0.001914124340721767
0.0019336794900214845
0.0019339827820111274
0.0019279475760162633
0.0019279670291645842
0.00192766426152246
0.0019255338202128767
0.0019285135677449294
0.0019263897314355323
0.0019249962714924648
0.0019242104755444714
0.0019407306411865274
0.001936646856035904
0.0019358432415377844
0.0019355865351035786
0.0019341843144728276
0.0019322751482493828
0.0019309356009535705
0.0021285166378794728
0.002128435660291201
0.0021267161099851953
0.00212453791735025
0.002122274192246281
0.0021184925407310554
0.0021187670508977918
0.002116315000944322
0.0021139028317366665
0.0021138373851134727
0.00211564092517769
0.0021140972018648943
0.0021140520164107074
0.002112536673287779
0.002111887788024958
0.0021103368393361414
0.0021095342888028316
0.0021081529400513127
0.0021089011395593604
0.0021106810221303987
0.0021313860873017746
0.0021289027711528705
0.002125679231462314
0.0021180868839549387
0.002115944747574732
0.0021160719350721818
0.0021133646486676486
0.002122960798058433
0.0021178209128706717
0.0021171410660635564
0.0021167927493706555
0.002103629877541085
0.0020977554718544936
0.0020962505065451643
0.0021027548747546065
0.0021020721990919825
0.002099664268897245
0.0020959388765724486
0.0020944555016347006
0.002089839214839752
0.0020883300761082107
0.002086712863101824
0.0020854289777499004
0.0020887447314584125
0.0020861686448887555
0.0020790502570054324
0.002121266761831187
0.00211924277254584
0.0021235309322458033
0.0021232793748119285
0.0021230194855043063
0.002118424585882715
0.0021495128866035893
0.0021487576328034063
0.0021479901126824187
0.0021455828216415283
0.0021394034963503512
0.0021216823476935148
0.002120172930983784
0.0021104448225040618
0.002109937954241072
0.0021321864943205466
0.002135946543231368
0.002136989114770616
0.0021351327257241436
0.0021335429932768817
0.002132026512429417
0.0021167953368165415
0.0021151817075513134
0.002115206667259932
0.002117189441489135
0.002124145938820328
0.0021175572181756273
0.002128883530928424
0.002132374686809636
0.002131527723096137
0.0021501330166379187
0.002139182870886708
0.0021818164213066385
0.0021778998820875446
0.0021784628973393464
0.002177738673484621
0.0021770266455388805
0.002205202283639333
0.00219695130376326
0.0021948350754385304
0.002190865519627766
0.0021863392409664658
0.002188838353390894
0.0021861237701021243
0.0021862203403857955
0.002186682630618079
0.002185552465940586
0.0021836341095053157
0.0021862158315884258
0.0021838405242495026
0.0021907246111777167
0.0021892097862524942
0.002189634185689107
0.0021874466773128317
0.0022063958849423797
0.0022053839819605172
0.0022048042728118424
0.0022036585216854833
0.002205428248847793
0.002190398227442137
0.002188275585450721
0.0021836448315787054
0.0021819070289296042
0.0021763829573267068
0.002175708263008312
0.0021738798039966077
0.002172457964607175
0.002171456572245284
0.0021689726995070486
0.002164642979399731
0.0021623536783295094
0.002161769174542577
0.0021604006621272036
0.0021585457501705676
0.0021588835090431517
0.0021580048838343354
0.002251212698231654
0.0022625325922535438
0.0022575152024625826
0.002263225342620313
0.0022602087904710065
0.0022554596523020284
0.002252529662875762
0.0022499862012239475
0.002248509485817866
0.002243841289545602
0.002241492572011339
0.0022455629932524625
0.0022523266712650104
0.002245838857063061
0.002243844992412082
0.002242513132599361
0.002241778666939354
0.0022422652911101722
0.002250949259508278
0.0022489694367801506
0.0022522000583760056
0.0022131618863397173
0.0021810529526095847
0.0021787188674359964
0.0021729757559854654
0.0021717018788901536
0.002175613439435943
0.002170767024093226
0.002265204128199304
0.0022666631392984616
0.0022534179012365704
0.0022435331495430813
0.0022438787189251494
0.0022424296579982538
0.002239979529834408
0.0022442471341489398
0.002250300746291659
0.002244530479560456
0.0022483847347837724
0.0022489988357970014
0.0022541113815999687
0.002251747224338496
0.002250696770840808
0.0022536278189206364
0.002253293665701856
0.00225329745345229
0.0022526636921287578
0.00225082342690696
0.0022492306875746986
0.0022619191287824255
0.0022577577301987235
0.002255370588473533
0.0022538760288118307
0.0022598265293705404
0.002258929173616613
0.002257701606333639
0.002257608350919327
0.002259027964774753
0.002259628784688927
0.0022592841385541984
0.0022583673500080055
0.0022548368336855816
0.0022524613229721376
0.0022501991579806694
0.0022499519891450354
0.0022488609721075057
0.0022471981455178267
0.0022365769381284865
0.0022392614828645368
0.0022482831269556884
0.002247911683082569
0.0022398630041236714
0.0022402071374744504
0.0022418871343598285
0.002239286543528813
0.00223972613365236
0.002239597262907422
0.0022470568861093017
0.0022448525280743107
0.0022440341615488236
0.0022427926271736745
0.002241301579480909
0.002232858340222572
0.0022299423719558085
0.002226685766702932
0.002223403320203822
0.0022249163452215726
0.002230041731193903
0.002230588742871897
0.002229007444091298
0.0022313608271815606
0.0022319581225950288
0.002253975392940414
0.002250190192613805
0.0022485810997595968
0.002247549961301575
0.002247298449147391
0.0022474634482051526
0.002249457990372743
0.002248112064381647
0.0022495987305177047
0.0022525690727597846
0.0022508857434132548
0.0022567156114399927
0.0022553789329775114
0.0022551007635464625
0.0022565642367896395
0.0022461150342215166
0.0022414136966599774
0.0022407136849053634
0.002238566539654368
0.0022382115638293855
0.0022389473688593335
0.002235938109222184
0.0022176020571131774
0.0022154305846047153
0.0022129272164735448
0.002210842168706952
0.0022034857886511377
0.0021949195468827353
0.0021922360206184264
0.002186120860425546
0.0021888905856286543
0.002210607872325882
0.0022109053126381202
0.0022137076371496357
0.00221237029942934
0.0022102013015690113
0.002209551182800162
0.0022079873410092697
0.002213379580277333
0.0022220437964196546
0.0022196925695026435
0.0022188594247785727
0.002216597378414082
0.0022143245831095777
0.0022131445069915622
0.002210332894686188
0.002208439051956542
0.002206673557154468
0.0022059849759938285
0.002212403436565518
0.0022133677010243
0.002210412144364079
0.0022118393406365703
0.0022089543342445088
0.002209119197052645
0.002208635115639038
0.002208892942099584
0.0022091138192885
0.0022064469354713605
0.0022046624702137746
0.002210791952312246
0.002213200607885739
0.0022125280328073493
0.002215883227810255
0.0022159731157142936
0.0022144126314609437
0.002215281656163492
0.002215904772945834
0.0023170303687407175
0.002314983466866476
0.0023094879494828754
0.002306715209031638
0.0023046832645938794
0.002302975314063456
0.002304303548097074
0.002308388448435086
0.0023004463636898055
0.002292565741820299
0.002295643031087856
0.0022493967555850007
0.002249086623626073
0.002249819091446563
0.002277142715894785
0.002276704189635332
0.002254150518068476
0.0022551229024336443
0.0022498116301752965
0.002252887741083079
0.0022507752822126695
0.002246041850959276
0.002241195135032018
0.0022391326472286904
0.002242095004617289
0.0022432155687473854
0.0022396458827324745
0.00223815570752254
0.002237147200598764
0.002297991603326654
0.002297694113728727
0.002293400533140652
0.002290128567543265
0.0022895640780074287
0.002282126149202215
0.00231060629087762
0.002310445636511029
0.002308827413015408
0.002309355513612768
0.0023059576290428425
0.002303885291681961
0.0023022406039683455
0.0023003786794124417
0.0022887401947342774
0.002285633718024379
0.002294957522238905
0.0022945525358263235
0.0022951415772316033
0.002293853197971442
0.002291903555219384
0.0022815925929875786
0.0022984892721869972
0.00229740371864131
0.002309742578195721
0.0023164720203866845
0.002316071197707035
0.0023142160705522485
0.0023123651490056614
0.002308690816705041
0.002308176183340843
0.00231662667875901
0.002279103725860415
0.0022786382075352836
0.0022768812235376868
0.0022657104887907837
0.0022457446419509837
0.002244638176937481
0.002243976370367245
0.002241124022398015
0.0022169577782055433
0.002217675546905794
0.002188180309036884
0.0021871929074668214
0.0021859721515205617
0.0021849601032698446
0.002184662735588254
0.0021848512723888474
0.002180253846340027
0.002185336665153852
0.0021828867728779736
0.002181787485193057
0.002179369707441475
0.0021871945310140014
0.0021855843865729455
0.002184219533064188
0.0021828442680332056
0.002179468654613156
0.00217998909157402
0.002105123442363209
0.002104159369478982
0.002105794971214435
0.002105225821036331
0.002108068596819921
0.0021078244548695785
0.002067085343886566
0.0020646421679688214
0.0020638542580440926
0.002061758010114288
0.0020592396529876336
0.0020565211246240246
0.002049238494343158
0.0020432625075935975
0.0020363373321760324
0.0020365411594735873
0.0020357439312989854
0.0020342098534733774
0.0020332867873029087
0.0020364088661396166
0.002035668574604731
0.0020121492152260327
0.002012114805916043
0.0020199851461318967
0.0020215840977147407
0.001969333792418919
0.0019727182660717844
0.001972194305116585
0.001971408585039105
0.0019731265685027366
0.0019680415312715864
0.0019660862845050494
0.001964080968765088
0.0019604914576705637
0.00195825186606614
0.0019558324497577586
0.001954972895356235
0.0019544086256799336
0.001955333327628869
0.001953566575827255
0.0019509945788044043
0.001949338156984264
0.0019467388473428503
0.0019442077566566719
0.0019433285812395895
0.0019418703674601778
0.0019405685085007493
0.0019320288480206935
0.0019327411507959222
0.0019314758337979764
0.0019286691640827969
0.0019258415904585522
0.0019250886198724452
0.001923960093920471
0.0019256801751187077
0.0019240464641069209
0.0019241201368942697
0.0019088689727222625
0.001907330744849552
0.0018827973613700479
0.0018839293044438964
0.0018818823781305456
0.0018762735609520406
0.001876641305334749
0.0018762389816671763
0.001879058075273432
0.0018820097171783326
0.0018804871179608832
0.0018804991132917194
0.0018796463349185677
0.0018786205737027159
0.001877589059967391
0.0018711804365670393
0.0018721750770285856
0.0018713022970465627
0.0018718603056200754
0.0018706133562179734
0.0018657966170234968
0.0018726727033350746
0.001873581062466976
0.0018723813466548012
0.0018724335129216133
0.0018750133292270961
0.001874542096291999
0.001870075897146797
0.001868818347145164
0.0018667458294549747
0.001854659501512794
0.0018591104775758638
0.0018619042087856831
0.001864384361243581
0.001865934759134676
0.0018663131420144738
0.001864786303340637
0.0018645002265845747
0.0018635464991048536
0.0018622853330994256
0.0018661093135966132
0.0018631911363503253
0.0018691965347626396
0.001867303506009022
0.001864755568895689
0.0018655576175108097
0.0018684738598476677
0.0018628852448770864
0.0018624749380273787
0.001874574155606017
0.0018727220218334659
0.0018666718694347524
0.0018772808358871293
0.0018759103992785494
0.0019096456598908383
0.0019085449889310962
0.001901828417719281
0.0019001530186369955
0.0018985757194535742
0.0018975620206967735
0.00189644666193051
0.0018956878669424229
0.0018903296558047623
0.0018895786086862794
0.0018861377120312909
0.0019162080648027651
0.0019139461239732337
0.0019123802848678383
0.0019120838891417535
0.0019088268655717735
0.0018550141397096075
0.001854589659000866
0.0018554496996571466
0.0018568747988873756
0.001855615885735339
0.001855120268976139
0.001853438650899465
0.0018609653273968432
0.001861525266408758
0.0018604019232173843
0.0018554595841223027
0.001857000282927602
0.0018563212008781515
0.0018551255571249232
0.0018538014545363714
0.0018550841574493672
0.0018532869133589078
0.0018523762616998814
0.0018513454263609473
0.0018508763021608348
0.0018489490818783339
0.0018527859194293918
0.0018541884530519945
0.0018596516448865813
0.001869710584291543
0.0018666861602045818
0.0018666168121412856
0.0018752292676314079
0.001879107598732225
0.0018804714015786626
0.0018919532670856202
0.0018940395614953248
0.001893043079890736
0.0018897602572520798
0.0018893618268665255
0.001890905648838667
0.001888618488498636
0.0018885874097972926
0.0018875095841030876
0.0018856498112618818
0.0018855980778877863
0.0018847250584024683
0.0018857928417981421
0.0018858676827960335
0.001883011949024575
0.0018976272060277158
0.00192479633199059
0.001922954474293812
0.0019239978367512729
0.0019223164482583645
0.001922217727207333
0.001923086333270315
0.0019196919228984077
0.0019157291096948928
0.0019152119797442504
0.0019155084974202972
0.0019107875689811447
0.0019099379039357455
0.0018994547473381725
0.0018969806412917306
0.0018966727168703758
0.0018953891550355904
0.0019159147324485349
0.0019157686491825775
0.0019130833701838264
0.0019109595972408714
0.0019098337805170014
0.0019082983585929374
0.0019069889946833462
0.0019029730518716713
0.0018937821887081117
0.001893341125531891
0.001892818713718868
0.0018905272639890016
0.0018901949255810994
0.0018875791696809877
0.0018883796933928817
0.001887641352793531
0.0018880950449549645
0.0018868169213273505
0.0018879433391673825
0.0018667210218626384
0.0018637919999536885
0.0018607255845956786
0.001859876986073424
0.0018553165932804453
0.001854523490078278
0.0018544819003024943
0.0018521125783214245
0.0018509607256616812
0.0018514465464666183
0.0018508836053637815
0.0018563442812812704
0.0018560503642672578
0.001855263883529176
0.0018531504920478925
0.0018508739952148958
0.0018498154818763328
0.0018511780123556059
0.0018573268993450373
0.0018573261285276174
0.0018563097119911863
0.0018561590657007552
0.0018529587963843123
0.0018524890185046994
0.0018512316611759227
0.001851807340109837
0.001851064210229351
0.0018484497233583884
0.0018465004020203494
0.0018409149968325524
0.001845248254788822
0.0018548220087282502
0.001853975677311685
0.001862533607191071
0.001859987841710963
0.0018634932085004206
0.0018611199239248167
0.0018598674369082974
0.0018589939771335563
0.0018430381228424588
0.0018349059471802294
0.00183797783732187
0.0018410789358564328
0.0018438377618756848
0.0018431176505567127
0.0018414754537124146
0.0018523656996339158
0.0018364619648181001
0.0018359238411136524
0.0018346834175867453
0.001836890634713955
0.0018347206541813922
0.001835464725774837
0.0018345992540936323
0.0018408566575354632
0.0018358042805686925
0.0018288824345065982
0.00182879886905797
0.001966926337317017
0.001968609180686369
0.001967343698042941
0.0019666921743778055
0.0019657800721857997
0.0019644739229751616
0.0019611193292483563
0.001962723383975234
0.001959047766850435
0.001959362022338041
0.0019595554493618684
0.0019847479273877957
0.001977193415099387
0.001969069196906155
0.0019716562566207555
0.0019716238118393866
0.001970483065222037
0.0019648597988527155
0.0019648398565877594
0.0019642884452900147
0.001963409461023267
0.0019530549378628805
0.0019501366592213816
0.0019488739376186364
0.0019460405393542173
0.001949389251482966
0.0019448686375528087
0.00193445891557756
0.0019337208386545292
0.0019315108148532847
0.0019298788177350267
0.0019292839511696434
0.0019278868805337624
0.0019270122937050664
0.001932710285803199
0.0019094260942350224
0.0019139892274269083
0.0019191799131386459
0.0019221270354669222
0.001917001313855746
0.0019171227510140123
0.0019178282217723716
0.0019029191276139796
0.0019043672846721811
0.0019040698108545662
0.0018993370582818258
0.0018961588637875899
0.00189577133865965
0.0019062767718431213
0.0019039317143909455
0.0019043552449324237
0.0019029407878898997
0.0019110824516467267
0.0019051629403716937
0.0018947373662815817
0.0019233786310509256
0.001920857189797823
0.001924042383050375
0.0019338249856304995
0.0019330469297949543
0.0019094605066191795
0.0019079167642495713
0.0019079955639550157
0.0019072315646900006
0.0019057711117794708
0.0019047516387289088
0.0019036861080296526
0.0019032487207181906
0.0019136629303713316
0.0019127041004707666
0.0019233979422991954
0.0019228709990011853
0.0019164250621361127
0.0019161410603008965
0.0019155606049072905
0.0019108586048036823
0.0019096467665317561
0.001908813803911788
0.001923812343926856
0.0019218046250893176
0.0021533167079916117
0.002151221968490724
0.002126197436089894
0.002124057354593864
0.0021226925050785556
0.0021207418737855706
0.0021202864338107827
0.0021191680680438412
0.0021185255420227284
0.002115915865361271
0.002117858262800494
0.0021164865515602414
0.002112816780706028
0.0021100194374590884
0.0021089784745396685
0.0021019853186214758
0.002099033103110305
0.002116645825096192
0.0021150214577938435
0.0021151740510013737
0.002114569844588751
0.0021140467975674006
0.0021125090494185607
0.0021122967907230596
0.00211157221824972
0.00211059120535877
0.0021098206490294535
0.0021089646086322423
0.0021076790042692277
0.0021065665637048925
0.0021046458579278755
0.002086280846229691
0.0020855355342527934
0.002083540225383923
0.002082427756121397
0.0020815510496002697
0.002076989689556607
0.0020737978696194342
0.0020717740513799174
0.002064214888466906
0.0020281607532233164
0.0020305920176084086
0.0020286863696833816
0.0020289857082004138
0.0020075500361647403
0.002005783733483546
0.0020040577354331897
0.0020035911192645872
0.0020034422309383095
0.0020027017086774795
0.002004900885480666
0.001996938406785123
0.0019963353445454773
0.001995631448337747
0.0019964146519151323
0.0019954283711636957
0.0019883234416907757
0.001987741938176971
0.001987050150819941
0.0019856825643709878
0.001982967268446984
0.0019828759189287454
0.00197975274653369
0.0019792222754650857
0.001974870420942902
0.0019750501813768358
0.0019743881127985375
0.001975566503316225
0.00197617013464582
0.0019751368215606383
0.001973896756078669
0.001972214318654404
0.0019734067787060025
0.0019716475270806838
0.0019698745484960554
0.001980903596503464
0.0019787359101227833
0.0019768379871643866
0.0019764015269802537
0.0019737050035193
0.001972323479986555
0.001971318395533461
0.0019718173288724335
0.0019640380066680238
0.001962786373956747
0.001972691453721193
0.0019720253147390934
0.0019708047284313188
0.0019690034866040795
0.0019670977983656766
0.001968605026237601
0.001968768232509336
0.001968535107814767
0.001959179833595848
0.0019650876197179886
0.0019611280310393438
0.001958597528368176
0.0019565322877823435
0.001955641746120755
0.0019485830762580201
0.0019627304992066545
0.001958899728865049
0.001956490479983908
0.001956585755405371
0.0019574580546587272
0.001956106663639666
0.001955461624167415
0.001956245362087527
0.0019586297622397396
0.0019579559178823772
0.001955901306326102
0.001954965193758753
0.001953839438314354
0.0019554173889444948
0.001954679638882903
0.0019548146864552564
0.0019550161064311
0.001960242869917932
0.0019562746392394483
0.0019575443809250106
0.0019500186497413557
0.0019485514771924394
0.0019460088696199333
0.0019414747907342358
0.00193730428710308
0.0019367302939028274
0.0019373374121052116
0.0019398817475562073
0.0019392599598970857
0.001938413456584204
0.0019379525099102832
0.0019363073366751018
0.0019325238960871528
0.001932039112788562
0.0019315599884329856
0.0019297879397210103
0.0019332731681502141
0.0019322212439391044
0.001930744534237328
0.0019293232664611918
0.0019303406840918962
0.001927307124848154
0.0019267604651564431
0.001928413306711712
0.0019239198258841502
0.0019215871613367846
0.0019213691595931235
0.0019240262996403465
0.00192320088891141
0.001922493203659622
0.0019209359087315853
0.0019245587586255765
0.0019240660722297663
0.0019244847134865042
0.001923337429407713
0.0019234852374307048
0.0019211165222687981
0.001916463941330435
0.001916792834506032
0.0019158329946056048
0.0019133624562400451
0.0019122583378853096
0.0019108187834591941
0.001908023205741632
0.0019068198363425797
0.0019082553172099642
0.00190953055590108
0.0019095546939315252
0.0019087368345434258
0.001908424575037858
0.001907622204840066
0.0019091159645097475
0.0019093271086203113
0.001909802959852415
0.0019101916822157141
0.0019101898468421251
0.0018958634486757585
0.0018948288550271397
0.0018942874616892217
0.0018931241169695412
0.001891972974954446
0.0018911462430982874
0.0018897490426436846
0.001887707569603487
0.0018864722364592146
0.001885212663891107
0.0018867065410916126
0.0018868432351785004
0.0018869013320447076
0.0018875841583508334
0.001884297298934858
0.001879558317666105
0.001872086314797342
0.001871008883985923
0.0018750220855563325
0.0018745842191498327
0.0018692190145333206
0.0018684198617872608
0.0018697194994102126
0.0018689955743074803
0.0018687467210700393
0.0019098799669082544
0.001899596548301975
0.0018995763897542346
0.0018965530753762537
0.0018924506121198847
0.0018907059160419091
0.0018894590502288172
0.0018981609748303576
0.001902330753077857
0.0018994798066808692
0.0018975695472296622
0.0018997945407160854
0.0018991801918328637
0.0018981745610687933
0.0018949393660090197
0.0018873314640697836
0.001886489988952806
0.0018859869235369415
0.001886954872540435
0.0018767767430830867
0.0018750787175309516
0.0018703147417738044
0.00188290175164812
0.0018814214325201342
0.0018736603670441298
0.0018737154079372864
0.0018760714327422446
0.0018748103306611419
0.0018741033205782638
0.0018711248152737986
0.00187610542983319
0.0018754943489219444
0.0018753538845746277
0.0018749718080757604
0.0018742018513871375
0.0018630053366252134
0.001862509731113996
0.0018617524245521616
0.0018608907729700567
0.0018601218691362453
0.0018588535180871044
0.0018580520091377862
0.0018576028128750607
0.001856756426609834
0.0018531662464841001
0.0018528146307465634
0.0018468221198676294
0.0018510518785621968
0.0019611723577577845
0.001957479252621003
0.0019567515560721975
0.0019612674918524095
0.001968928105282673
0.0019673510762404757
0.001965519178159495
0.0019663128747268027
0.0019655541867210735
0.0019623752512059685
0.0019675415898724323
0.0019662967216941005
0.0019540776853601656
0.0018985761479634346
0.0018988835491602282
0.001906739144119519
0.0019096614563025292
0.0018944668280035843
0.0018938075283198139
0.001892765566469913
0.0018932360656439364
0.001891630650319491
0.0018864121079130369
0.0018800801296381168
0.0018784814420509507
0.0018781832266693773
0.0018789895475875254
0.0018756539912540586
0.001873303888246791
0.0018711765722079275
0.0018637466425608115
0.0018636117633132716
0.0018627493771584897
0.0018609686792802978
0.0018593362080443101
0.0018589279644794315
0.0018582748642366799
0.0018577409554799901
0.0018565576325490518
0.0018548672477685965
0.0018541663406968641
0.0018511987374642842
0.0018501036539237562
0.0018485091258449043
0.0018484912334785955
0.0018475255024748912
0.0018418654769163303
0.001840970488807948
0.0018401859749966893
0.0018466142870492395
0.0018455159171953653
0.00184531055163893
0.0018531523259875064
0.0018543667772131438
0.001852925302632843
0.001849326852912454
0.0018477391522809111
0.001847498593075528
0.0018453559332187025
0.0018441528187294776
0.0018425372965238903
0.0018406329166896817
0.001844987774403912
0.0018441806312223673
0.0018439457742199144
0.0018421423900048992
0.0018425074709278214
0.0018421577623737094
0.0018397268341692737
0.0018430269878658297
0.0018419123901648148
0.0018423965080334721
0.001839237530765024
0.001837767572478814
0.0018377394846608116
0.0018322050077094621
0.0018312295714285826
0.0018286015773262628
0.0018323878387438697
0.0018322882184411485
0.0018319153215373856
0.0018291960466015316
0.0018281844468332554
0.0018277072040711157
0.0018281870442902841
0.0018265184606426213
0.0018271530928763518
0.0018282360350066246
0.0018282662312566454
0.0018111152543821255
0.001811452775604821
0.001809478613558368
0.001800137853782846
0.0018032262948845723
0.0018037671060042637
0.0018024666109693276
0.0018022010263433902
0.0018063882072923772
0.0017987618354788583
0.0018904950860157207
0.0018903781702544367
0.0018886722967098872
0.0018885621509628797
0.0018756129029097177
0.0018760228938992254
0.001872301254864733
0.001872080241321371
0.0018739869813431578
0.001871568424059014
0.0018706143099698482
0.001869352957799067
0.0018681206127015484
0.0018675779587788075
0.0018705346047570522
0.0018781411207116027
0.0018768389124978002
0.0018748580308114132
0.001876629898693249
0.0018753269060092096
0.0018695543680291007
0.001871468970079055
0.0018727817836050305
0.0018704892178454374
0.0018696477106742283
0.001865197922623847
0.0018635067368071346
0.0018629560166878495
0.0018615712632550191
0.0018422727354498831
0.001840620783673197
0.0018420116066363088
0.001841208730174867
0.0018407479197097242
0.001854603976417634
0.001851889753099092
0.0018523154472421444
0.0018491068868288052
0.0018637457265083728
0.00186344424252253
0.0018691978041203946
0.001869150761020222
0.0018694628517211054
0.0018688538124514873
0.0018682392499522393
0.001867075092057027
0.001866046936801627
0.0018642810819024724
0.0018602449737089273
0.001858854438982378
0.0018792787155123933
0.0018758338000662371
0.0018779414800501458
0.0018631139276273042
0.0018633546537041704
0.0018628182416159725
0.0018621189514363339
0.0018613935995768491
0.0018640277616991637
0.0018632022506470877
0.0018627615126724356
0.0018620602088958173
0.0018575979485908074
0.001856721871011759
0.0018553802012921696
0.0018536924773252623
0.0018544586201543853
0.0018537653123627089
0.0018526331794677237
0.0018524455947389821
0.0018508393133798574
0.0018506685681909001
0.0018489455198784008
0.001848610074708252
0.0018587590279585807
0.001857865837053947
0.0018536547788369866
0.0018531610169194607
0.0018523817332251275
0.0018499972434668785
0.0018487597178520456
0.0018496870561730504
0.0018488250515294844
0.0018481712047902134
0.0018461933357744402
0.001845518163463567
0.0018435962792044945
0.0018426583207801048
0.0018423316108274407
0.001843733799619175
0.0018431981358501674
0.0018430208976175817
0.0018454795973483157
0.001843717194346107
0.0018344942003527746
0.0018340938517567385
0.001830756341929243
0.0018331259860450671
0.0018323879311061288
0.0018310521455945658
0.0018301770693047524
0.0018301741016229522
0.0018278229755182612
0.0018276157297427934
0.0018281548163704292
0.0018211299374993883
0.0018202114253364537
0.0018187542907654552
0.0018173449258979842
0.0018164205186511307
0.0018136351671034607
0.0018132523670305834
0.0018123139424500343
0.001815936085556456
0.001815295009440786
0.0018146211995887817
0.001814877244756163
0.0018131202170275343
0.001795871394523049
0.0017918249103622854
0.0017876881871219242
0.0017861991792934042
0.0017861728469219043
0.0017854120172194168
0.0017807042929293428
0.001780192411197648
0.0017806748954664283
0.0017794469612385636
0.0017790117620538725
0.0017777212855779251
0.0017690887166373224
0.001768439157695579
0.0017671571024880954
0.0017658322457091166
0.0017669106847341281
0.0017668778823822712
0.001765708086083489
0.0017648562569166947
0.0017640683533595674
0.0017590561928933276
0.0017571995331688115
0.0017583485942126798
0.0017592720507179811
0.0017576764708958287
0.0017643269028194486
0.001761206537036056
0.0017622677351420552
0.0017614602328512212
0.001760036835441305
0.0017606542554960266
0.0017596815147611872
0.001759223137854328
0.0017502842467968986
0.0017494319193284405
0.0017469241725522294
0.001745782009433505
0.0017453348184531864
0.0017465462875309963
0.0017425854682738108
0.001766093579092814
0.0017661103861001722
0.0017636850864738074
0.001792133445429511
0.0017758988238070518
0.001766476127433259
0.0017658010685094366
0.0017710908804886292
0.0017705077691618472
0.0017678024935887178
0.0017674515953421187
0.0017669079043879966
0.001764996703899328
0.0017640744880264732
0.0017597183993748346
0.0017588503124549427
0.001762664552286035
0.001764028023008484
0.0017629906451870076
0.0017622033110534926
0.0017617458230319862
0.0017615196744539363
0.0017614342709538885
0.0017610734141344786
0.001767052109579748
0.00176639836135446
0.001767778028224798
0.0017678472283115397
0.0017660189860616588
0.0017674616516080237
0.001770101077055279
0.001769716640764847
0.0017689934393674538
0.0017684849795524767
0.0017699822925820888
0.0017692762236316312
0.0017686234223169893
0.0017612166690088556
0.0017587622345743119
0.0017599806606448862
0.001787676881470695
0.0017890085031629875
0.0017882669892702605
0.0017874064045012347
0.0017872249012727093
0.0017869760623852938
0.0017872513494152865
0.0017865892548259844
0.0017884842618521195
0.0017894780239558542
0.0017857579164230598
0.0017892932495951963
0.0017905654157345016
0.0017893295867720017
0.001789166993035042
0.0017759663386475164
0.0017743686571848045
0.0017637642121319432
0.0017875431196572645
0.0017866358372320235
0.0017854035726422907
0.0017846268376319062
0.0019170186514737616
0.00191962387244305
0.0019307316154352256
0.001929612550940889
0.002043295316151422
0.0020423445246193395
0.002042928966677807
0.0020545295429140833
0.002053639950621172
0.0020527951811005977
0.0020518296813776113
0.002050854727786257
0.0020442629210317654
0.0020435534988918346
0.0020423195377766486
0.0020428915126957047
0.002041835969070106
0.0020422261009842273
0.002044393719794851
0.0020415390166220846
0.002039616353676072
0.0020394246097065506
0.002043319172989156
0.002042360994707383
0.0020441865810526677
0.002041714824765202
0.002040837274427727
0.0020404499942398746
0.002041265272592141
0.0020407551725621803
0.0020347257212021794
0.002034573054432238
0.002032104125896531
0.0020325557747253656
0.00202976308372851
0.002030027263247746
0.002027749326579518
0.002027030034791844
0.002034917547448538
0.0020339736679002136
0.0020317855719185138
0.002031413228398673
0.0020315057744118093
0.002031620903578695
0.0020329837396563973
0.002031771367791229
0.0020305057631623056
0.0020301124735319404
0.0020292549908515973
0.0020278011067339182
0.0020284006165320707
0.002025748000725116
0.0020251592551840726
0.0020241662205357173
0.002023381562530518
0.0020257551448284714
0.0020251965519180377
0.0020269571363682156
0.0020267129081908445
0.002024904679020247
0.0020272863032879933
0.0020280662769088294
0.0020260936580267517
0.0020279866408324763
0.002028090780725124
0.002027599033520221
0.0020265397335924367
0.0020257594667111097
0.002024880492593654
0.0020367291448371233
0.0020346555379665322
0.0020340157171161444
0.002036590207109817
0.002035961481544876
0.002035116356212718
0.002034743278319441
0.002040462890436779
0.0020375245425022625
0.002036108334390702
0.002035325060958999
0.0020361901190234055
0.0020352499896630115
0.0020347210212600655
0.0020347961832595705
0.002034544081696804
0.002033632043631347
0.002033238633013465
0.002035665292791861
0.0020336260443450035
0.002032421537161249
0.0020313370776701943
0.002030507124402194
0.0020278778224921143
0.0020273138683539796
0.0020262128220020024
0.002024630493811138
0.0020216425448211905
0.002022272840916605
0.0020214342484419314
0.0020230846559315062
0.0020217856992121824
0.002017869590076856
0.0020165057356605395
0.0020154647444284293
0.0020144256057498186
0.002110228927946634
0.002117107620576262
0.0021164806088463336
0.0021156120878722115
0.002111912363112764
0.002109305117027289
0.0021085494100356343
0.002107100773465333
0.0021067462680883203
0.0021057141539567396
0.0021052278636386357
0.0021046984233699835
0.0021062842322878915
0.002103929347918583
0.002103133549622424
0.002102004976689197
0.0021021121683076323
0.002101501337306775
0.002100007451226702
0.0020984822753186277
0.002097897522170126
0.0020976024128395786
0.002102965073810573
0.002102319016118101
0.0020998335853568803
0.002099172783352869
0.002098532466500876
0.0020969439986168003
0.0020940586050954744
0.002089836689934838
0.0020883706916414425
0.002130875371385515
0.0021307972343967557
0.0021235905724616643
0.002122974626104058
0.0021222220014906834
0.002121592225880007
0.002121596740240498
0.002120455139913035
0.002111078598822992
0.0021052569844188206
0.0021052064999378052
0.002105200985760391
0.0021083743670056035
0.0021072903386650226
0.0021063005684621473
0.002106370643567788
0.0021054179188721603
0.0021068850126372916
0.0021061756955221447
0.0021048578433362232
0.00210367918939481
0.00210260638900667
0.0021008381597330413
0.002107946547431839
0.002107192932586924
0.002105464520279137
0.0021048538126406764
0.0021050854078128634
0.002104996812569107
0.0020997718948693274
0.0020989344487960027
0.00209304623590854
0.002093611569141712
0.0020922470342727233
0.002096027252889413
0.0020947950212362033
0.0020937963011050382
0.0020932053705063577
0.0020928748567343707
0.0020922692754348385
0.0020912922246966396
0.002089699824003233
0.0020892268698852684
0.0020888058358725847
0.002088014237356948
0.0020882613020012856
0.002088240429185769
0.002085864275685037
0.0020859430819979725
0.002085062676621653
0.002085083582756808
0.002084592074505308
0.002084059314939126
0.002085385524295491
0.0020856800915261585
0.0020840227655075393
0.002088283851701797
0.0020873003072018792
0.0021059637650238617
0.0021081359498207023
0.002107464438959642
0.0021065611465764106
0.0021055917327002824
0.0021061070634375762
0.0021069151835589398
0.0021090909532531003
0.0021081854414367273
0.002107406425643246
0.0021072652512248422
0.0021043982344902514
0.0021033856422585863
0.0021028911716461304
0.002101908219122135
0.002100581942854568
0.002101146870384287
0.0020987252249910922
0.002100697535777373
0.002102993612509811
0.0021055884583292953
0.0021052688663677987
0.002097988901788227
0.0020973419921284197
0.0022065806175621287
0.0022053481863755177
0.002205644254443249
0.002204944516024608
0.0022040894471839125
0.002205444068500326
0.00220403382570652
0.002202664831278734
0.002201652141773274
0.0022031167954914455
0.0022003217717220143
0.0021969625922559715
0.002196164812270445
0.002195227086921923
0.0021973243868549886
0.0021949229112442994
0.0021946315971111217
0.0021933493054887734
0.0021916247617263804
0.002191847672024177
0.0021903807166756555
0.0021896704075937217
0.002188691344877632
0.002208792495287905
0.002203582028651667
0.002202692585385023
0.0022014992917224305
0.002198340723300975
0.002198959324422505
0.002195552934079252
0.0021898851831290657
0.0021912522304372416
0.002190944994987936
0.0021909412432612485
0.0021905651482365
0.0021901216372536905
0.002187812915500695
0.002187152189434156
0.0021830344093675207
0.0021823567902421043
0.002172233806040937
0.00217400436985961
0.0021717139750414604
0.0021692754034824723
0.0021662666336276855
0.002165363563219706
0.0022042461969787267
0.002204779942851219
0.0022082743203696766
0.0022087583992660546
0.0022082280027867847
0.002207651113465712
0.0022065998043272065
0.0022060123679129217
0.0022052507624224955
0.002205486628205239
0.002203952891584089
0.0022023157838470782
0.002200203372847031
0.002242740365696033
0.0022419566419009784
0.0022408579103470883
0.0022405549236058173
0.0022410056413595418
0.002240552483831929
0.0022346506025041294
0.0022345023707441704
0.0022337398675836852
0.0022419010255363076
0.002240501397242991
0.00224086973497767
0.0022399303374426222
0.002239333439721967
0.0022388344988021596
0.002216205560407147
0.0022138011085823476
0.002217177004396691
0.0022162987573610877
0.0022155201656466174
0.002214325886406954
0.002210071220592873
0.0022096047028786602
0.0022151546276161964
0.0022144681210536955
0.0022116423285463587
0.002214677565450533
0.0022141082429286843
0.002227596241803334
0.0022219846811112123
0.0022202064871613817
0.0023897831914816837
0.0023887737364248285
0.0023929137951936865
0.0023925881936724554
0.002392248027453744
0.0023480391178076617
0.002345462206614793
0.002344812951544168
0.002425957568723923
0.0024244593512068482
0.0024229239515279346
0.0024207988166700363
0.002420079962847547
0.002417985314953661
0.002416926501791815
0.002416447610723546
0.002415142385252909
0.0024199246934931994
0.002420270240441645
0.002418816606853252
0.00242103562713636
0.002419310594845229
0.0024184628868314526
0.0024176307103280165
0.0024169788107914945
0.002416000884467399
0.0024158979631821818
0.002414254930121199
0.002414449517554805
0.0024139461982507194
0.0024125050538857814
0.0024126131682435967
0.0024131167336209304
0.002412333805417488
0.0023958134549950326
0.002395821481158774
0.002394907862059937
0.002388428326208835
0.002385477848376185
0.0023869087179080053
0.0023865978468996076
0.0023864373201412164
0.002385244403648554
0.0023854152437928124
0.002384727229015499
0.0023821311573692756
0.0023809118681772166
0.0023780067434664306
0.0023765987597503353
0.0023757943182251516
0.0023733575659464637
0.0023723567547746204
0.002370264080981902
0.0023712955683842674
0.00237189393530228
0.002372596377840113
0.002372116258264674
0.0023725792611711846
0.002371301774663728
0.0023704653685570087
0.0023695036050471155
0.0023688750275317498
0.0023650213502313068
0.0023650441839551508
0.0023680780849265463
0.0023680819346092495
0.00236686683570574
0.0023662983256891646
0.002366138394223736
0.0023701863617036343
0.0023682921097426084
0.0023697873890029158
0.0023704771771988955
0.0023695556761180628
0.0023677466797337467
0.0023671448816371984
0.0023704212390817745
0.0023681097351492897
0.0023674984093877173
0.0023835063318127193
0.002382593861708475
0.0023833042064371145
0.0023807823943017255
0.002380119761690766
0.0023817334215187986
0.0023774954877545007
0.002376333741730306
0.0023768632332639757
0.0023727848321637547
0.002373230676286546
0.0023686833364975624
0.0023680406978027497
0.002350871066212424
0.002349574923949055
0.0023490224175969914
0.002347695220543525
0.002347537512211611
0.0023466798741749472
0.002345978912150184
0.0023529428187513235
0.002352167002367916
0.002352262717801843
0.0023515258075718325
0.00235053558915428
0.002349093196658036
0.0023473807175826856
0.0023473977733487477
0.002345334485250977
0.002342683834091231
0.0023413485402051563
0.0023411649387901317
0.0023478551477507754
0.002352170520468555
0.002351514853439007
0.0023516262970702936
0.0023520212234737618
0.002350168801053469
0.002349677908653823
0.0023489588344397824
0.0023487646999256232
0.002349173273961574
0.002348547495510446
0.00234705260967791
0.0023472356881593156
0.002347285610290168
0.0023527393905054626
0.0023513842530037384
0.00234936994168977
0.0023447684518721913
0.002344525862749528
0.0023448726834224363
0.002344092647287824
0.0023432102718181943
0.002339445163044845
0.002339311343808546
0.002338744609989698
0.002337197009624953
0.002335877692678701
0.0023350415210738923
0.002334257934087815
0.002334922389373855
0.0023340405819903677
0.0023337901353304344
0.0023370986390686592
0.0023536822956627236
0.0023565781113106953
0.002355812319173772
0.00235554571108782
0.002353450435515981
0.0023458207573017493
0.002345569140145325
0.0023446963731740566
0.002342179238230381
0.0023420260202830535
0.002342918680623405
0.0023418392580101433
0.002341196295573219
0.0023380187387116134
0.0023419385574427755
0.002341261730845809
0.002357654585552981
0.002355040658187776
0.0023508849337479033
0.0023508633617819784
0.0023495612021319
0.002349299369643481
0.00235115465456955
0.0023470885999666994
0.002347867436789774
0.002348369514584668
0.0023476612421174953
0.0023465502512163188
0.0023451926039593156
0.0023447112780701864
0.0023449093786433086
0.002343514721787215
0.0023428382713660233
0.0023420992967478683
0.0023407990229375435
0.002340229436962944
0.0023434935119457418
0.0023425442090898112
0.0023425728101543032
0.0023412068455413043
0.00234046091002172
0.0023365441353223075
0.002337726541322247
0.002340056689558167
0.0023403579638530373
0.002341011451384179
0.002340244827522305
0.0023393338526410553
0.0023383949321683245
0.0023372584883867738
0.0023321077303372073
0.0023308518876606226
0.002330356082201032
0.0023290617114829614
0.0023285846694457856
0.002328119567755965
0.002326880680927154
0.0023256594510853473
0.0023252325936017016
0.0023229441484088425
0.0023230071346268047
0.0023226665492325155
0.0023217608804656105
0.002321089056910961
0.002320524314754733
0.002321293156303526
0.0023215079450028563
0.002323169587164037
0.0023233315649393575
0.00232096030515043
0.0023209871055723834
0.0023222517058574363
0.002321527468749025
0.0023226398820327936
0.0023219107226716508
0.002320994991415205
0.0023213435497930045
0.0023205821232564223
0.0023312661161245026
0.002330247691967401
0.0023279428296349067
0.0023239622420838718
0.0023228813110525485
0.002322074188376666
0.002320294188106259
0.0023200954499434413
0.002317938796715641
0.002328908876456334
0.0023278778906418076
0.002327028199819337
0.0023253680143131557
0.002323679551665964
0.0023229511722230984
0.0023209294985749264
0.0023199112324273794
0.00232476800878577
0.002324503808324224
0.002324138990797523
0.0023241211934407757
0.002324267435237614
0.0023235444560564473
0.0023233330593741565
0.0023223417280097193
0.002321481039184808
0.0023220127927802794
0.0023202984075576575
0.0023205626619624345
0.002320431440494403
0.0023194207762837296
0.0023175696631977114
0.0023153897726181927
0.002314866158701025
0.0023144229047542026
0.0023135121695226804
0.002311497968358383
0.0023108230363352075
0.0023115503427523286
0.0023118672999236224
0.002310929220973219
0.002308998656327461
0.002309285373200979
0.0023090745400524636
0.0023083146952881553
0.0023078345760359498
0.002309126069817739
0.0023126590265795345
0.00231172193601235
0.0023102049826855993
0.002309103532017284
0.0023088069544628283
0.0023114890910737886
0.0023106118099245625
0.0023085254919289833
0.0023174635689331307
0.002330750850995391
0.002336665874740376
0.0023357857512554723
0.0023351548842780764
0.002332744975379674
0.002334142077907383
0.002332840187297613
0.002332606527034216
0.002331073118678059
0.002330743459127361
0.0023301040494080774
0.0023294395331365054
0.0023290865308894767
0.0023289550089217034
0.002329881153407503
0.0023289623683668812
0.002328292949884083
0.0023268203115795047
0.0023276563133074993
0.0023271886530028723
0.0023256196183292326
0.0023249096736604673
0.0023270340421634693
0.0023262231049265376
0.0023269285855641343
0.002330397368491483
0.0023296961882630215
0.0023293580216832564
0.0023159747986285723
0.002320647320718982
0.0023173592765727657
0.0023155645742843206
0.002314598631515115
0.0023142709241744243
0.0023135790424865287
0.0023128924153004464
0.002312362576652917
0.0023171240895067027
0.0023169316106331442
0.0023248124452811734
0.0023219747676622112
0.002321350357201609
0.0023205132482853226
0.00232567544262406
0.0023229824730170135
0.0023178342253390408
0.0023220169225600562
0.0023213441702929793
0.002321832838866568
0.002321323967407804
0.0023211774578721206
0.0023129120722194295
0.002312197034447006
0.0023121766208867604
0.0023112896247237643
0.0023106934248993826
0.002315073706011092
0.002314505480467653
0.002328192877853603
0.0023263779473581122
0.0023260960761224705
0.0023256282879391996
0.0023248612402027705
0.002324699974092327
0.002327152946269
0.0023264972194923014
0.0023240357968421998
0.0023238675342994344
0.002323386726909633
0.0023183197959875364
0.002317399988072536
0.002316756603220563
0.0023162947178313902
0.002315281751129416
0.002316081063303542
0.00231551125406344
0.0023492277083518496
0.002352964699670851
0.002352580686692731
0.0023510861480040665
0.0023502770684731573
0.0023491795908639895
0.0023910872778340965
0.0025163832503398782
0.002519937883752844
0.0025194199092766186
0.002520072234945935
0.002519414496180473
0.0025221432874477684
0.0025212322882472563
0.002520448845287926
0.0025194417106435885
0.0025195601378402437
0.0025173528953014337
0.002516644062093578
0.002515839712469333
0.0025153066689444755
0.0025150994514655245
0.0025298103202749697
0.002531452941423061
0.0025297329118150096
0.002529083637921078
0.0025298395916338377
0.002527509448621897
0.0025259257639158516
0.002524910875869206
0.002523329623636776
0.002521039819683887
0.002518437229525766
0.0025176593220891347
0.0025155713085112056
0.0025150369423784236
0.0025143207984426362
0.0025181338566828046
0.0025181576997228864
0.002516465185447359
0.0025167092794652584
0.002516895392636796
0.002515084144131957
0.0025140718937440754
0.002511849733644575
0.002511003114935508
0.0025096697169268312
0.002509057153702224
0.002508332741154761
0.0025086381866987256
0.0025082285752674872
0.0025078158597604283
0.0025068433389953708
0.0025058440665862696
0.0025047078319176174
0.0025036469514435364
0.002503838596305272
0.002503292012319944
0.0025080421107340684
0.0025073729098693174
0.0025035716375489633
0.002502758884063838
0.002501701066663145
0.002499721814944793
0.0024988774926668427
0.0024977617906241077
0.0024981428055944567
0.002497515505548462
0.002494466461510702
0.0024925641864551717
0.0024913459077702624
0.002491096243562735
0.0024904239892827407
0.0024900699611792045
0.0024894225658200933
0.0024874349275346764
0.0024869856332818715
0.0024861026161173668
0.002485613702374765
0.0024840088987388704
0.002483428124761904
0.0024811055905211736
0.0024803594654507
0.0024790510634308816
0.002477967412669373
0.002477308523819626
0.0024767077606892597
0.0024735370772658036
0.0024727090466014523
0.0024720413183471307
0.002472500679525608
0.0024712508373897976
0.002471546360810323
0.0024722842660505873
0.0024712273891798094
0.0024706170777737857
0.0024698729832001113
0.002484370102847038
0.002484698338561573
0.0024869909471286885
0.002486589164885572
0.0024875522005872956
0.002486906237465746
0.0024866360206470327
0.0024864905033483583
0.002486415223965799
0.002484781170267017
0.0024850292060276074
0.0024841597301765547
0.002482306419477715
0.002474359931377957
0.0024733720716165453
0.0024730362030841464
0.0024742739756839164
0.0023966858571190003
0.002395531006479361
0.0023945934523657594
0.0023937658020795403
0.002392393686234163
0.002391835680788428
0.0023933899910662626
0.0023936357238025733
0.0023948706508063657
0.0023945057029608856
0.0023936450154306075
0.002392641705548122
0.0023907641595230186
0.002390045664155679
0.002389349087781374
0.00238786756094269
0.0023907273663803597
0.0023903010652272026
0.002389505563398243
0.002390750217863452
0.002389531037196934
0.0023900140537068126
0.0023856151398461015
0.0023761248042565167
0.0023710979225189392
0.002370648360765336
0.0023701861881355083
0.0023694537387996856
0.0023683448848000536
0.002367063979073692
0.0023668991040501426
0.002365738753130713
0.0023648835837454443
0.002365459728354367
0.002368475023075107
0.0023681280329303097
0.002367040716026054
0.002365400996364809
0.0023638129736949353
0.00235730689178555
0.0023567852203175885
0.002356078919881569
0.0023551821883345007
0.002354022662147065
0.00235398906411987
0.0023530672695777884
0.0023530685511417584
0.002351651088491264
0.0023515451501022735
0.0023498250840528158
0.0023490556817884014
0.0023491277858731104
0.002348258009941312
0.0023475941957298357
0.0023471703022716834
0.0023457008302858375
0.002344438307428391
0.0023421904015878143
0.0023422659049836163
0.0023416061628778622
0.002341981991588661
0.0023396943212561044
0.002340103018764536
0.0023389762530674264
0.0023367898979269274
0.0023382370851852794
0.002336747012389748
0.0023357508105352797
0.002334550961790171
0.0023335963213809248
0.0023329945325675176
0.002332329518229133
0.0023282848050211096
0.0023255624968679957
0.002326662774125703
0.0023250290607579995
0.0023245794384887395
0.002324723649467779
0.0023218475981829274
0.0023329825101857885
0.0023317738111289757
0.0023318496307764033
0.00233161258190552
0.002331339210894125
0.002330705333824872
0.0023265946071468345
0.002326490316096646
0.0023261668446646674
0.0023262088621363417
0.002325320743767719
0.0023244428398801896
0.00232365458330385
0.0023229890378252513
0.0023222226396177525
0.002320990677106026
0.0023207192674070576
0.002318876590111078
0.002318223416054468
0.00231800404713371
0.002317164233724972
0.002316381963861434
0.002315277285270844
0.0023162770053195177
0.0023153418156080362
0.0023139874833716214
0.002313457521054947
0.0023128061091498885
0.0023128578959606843
0.0023146496157546506
0.0023135004174395304
0.002312847928893076
0.002312908410872806
0.002311921279465976
0.0023111001446459983
0.002306596095443045
0.002307089108906659
0.002319115016610021
0.0023169649991886397
0.0023152468081878716
0.0023147255529800044
0.0023143915236301152
0.002313994112255848
0.002313228130960128
0.002311710669218523
0.0023101604586380107
0.002309648470990115
0.002308602821766704
0.0023081492585992325
0.002307857400833806
0.002307545747718733
0.0023074761260405176
0.002306593340385229
0.0023043886402992543
0.002302810036389659
0.002301826888611951
0.002304953275801036
0.0023045664652279023
0.0023038822147618855
0.0023000855136332335
0.002292319791822204
0.002291056886713406
0.002291716174441887
0.0022916033335187184
0.002292346826140455
0.002291855282274969
0.0022914076686916273
0.002290736734977345
0.002289705087517044
0.0022892136730079207
0.002288565568115011
0.0022830678301639863
0.002284393146862369
0.002284397739979437
0.0022833841346114577
0.0022649422403300244
0.0022645075048592727
0.002263806470022393
0.002262984928804135
0.002261307223716885
0.002260570510744876
0.002260171671626031
0.00225959781447776
0.002258942448296642
0.0022609401156220184
0.0022602437192426627
0.0022586093664022366
0.0022584229221622276
0.0022581862420679466
0.0022567102953524715
0.0022568432874681145
0.0022579203432490608
0.002256593504307444
0.0022556243008937642
0.0022550058402553298
0.0022544780387525696
0.0022512093590806607
0.0022488545650691484
0.0022486976822439523
0.0022481147771232705
0.0022514382658419163
0.002274013965951253
0.0022733741294971234
0.0022728768393828792
0.002272452637493498
0.0022718302511981012
0.0022644258136710377
0.0022630428116995364
0.002263446463683907
0.0022635327085638456
0.002263805429436383
0.002262993577681054
0.0022622225750736405
0.0022617620866509985
0.002261101121043512
0.002260497975403154
0.0022532150367494913
0.0022522979421416775
0.0022536865906664038
0.002253309309576736
0.002254615180502465
0.0022542103970913047
0.002253978303137577
0.0022516373130897676
0.0022472050690364054
0.0022454637123354615
0.0022464892644942502
0.0022461140495760356
0.002246130286610502
0.00224430053131522
0.002241469799529176
0.0024546530363441436
0.0024551440212621134
0.00245360082907715
0.0024528800200556127
0.0024542656675085634
0.002454073828808927
0.0024557162615195887
0.002455009252721522
0.002452849866680507
0.00245213938707427
0.0024488347046185436
0.002437393083082509
0.0024364391536241398
0.0024355883926344617
0.0024352490644932987
0.0024338749245783435
0.002433518715961529
0.0024326395516915196
0.002431906482828894
0.002430929555945512
0.0024299118368953996
0.0024291292777464542
0.0024358424811097156
0.002435174847859351
0.0024344864293860025
0.0024335428359553153
0.0024319612698175713
0.0024316328069626638
0.0024313535490469614
0.0024313552065406896
0.002430671685033045
0.0024277803376484683
0.002426089546957101
0.0024289979581123117
0.0024285536135616246
0.00242766438652492
0.0024201743071929085
0.002419947092521391
0.0024185741410608797
0.0024180395448971824
0.002417929196305356
0.002417210056857485
0.0024064643460245663
0.0024053450500145894
0.0024047606635230804
0.0024029520812618222
0.0024070278429928027
0.0024053193516675704
0.0024047137376469446
0.0024046910239051075
0.0024043688861282646
0.002403777914249293
0.002403211706560245
0.0024029096964538203
0.0024021003628903912
0.0024015070569085224
0.002401014717017499
0.00240085558706902
0.0024040578781276273
0.0024058790787817625
0.0024068739907943783
0.0024060627860675496
0.002403341493042427
0.002402643358424715
0.0024021661155365906
0.0024013893844773595
0.0023996785382435805
0.002398589868730075
0.0023981611282339215
0.002398388958876921
0.002398410586162193
0.0024057169322739395
0.002405335390517355
0.002405295672796037
0.0024028010732818194
0.0024032642676376716
0.002403693467644062
0.0024034782047227896
0.002403405574269117
0.0024047071356472585
0.0024040854122389706
0.0024049240979779245
0.002403959382675887
0.0024032788875851265
0.0024028083914564816
0.0024022404413130893
0.00240167128347827
0.0024010321986771745
0.0024004170095284307
0.0024001869822210214
0.0023995009009286595
0.00239946268064454
0.002398602803714179
0.002398326282515
0.0023977338954295434
0.0023983901144897443
0.0023984205387477192
0.0023974625791848446
0.0023981014334403072
0.002396243727503312
0.0023956507891226345
0.002393489713690396
0.0023927956139812878
0.0023908054390601305
0.0023890848101161895
0.002388532070858343
0.0023870708868414404
0.002386348104995231
0.0023854254457648634
0.0023811039479472323
0.002380413002238738
0.002379431301551763
0.0023789825638133215
0.0023778074811212184
0.0023752617658660204
0.00237499201389707
0.0023745671736928034
0.0023729394554631742
0.00236872625325302
0.002367463301064466
0.002365671267800796
0.002363994387394103
0.00237764906856556
0.0023783110026119043
0.0023776558713640896
0.0023772793938593175
0.0023767737941483695
0.002376322362696054
0.002372199414385165
0.0023667852488655394
0.0023661316422290374
0.002365734681375192
0.0023656353318724003
0.002365339703674253
0.002366481302318448
0.002366281680905109
0.0023631591709249587
0.002364036910902707
0.0023631444226538704
0.0023775474105465
0.002376011653938647
0.0023750809814952916
0.0023737151287468923
0.002372313661114107
0.0023734776933891774
0.002373006659913344
0.002371892922847204
0.0023715249556955685
0.002370623814498884
0.002371547170166212
0.002370803532070146
0.0023698543112738784
0.002368465889076478
0.002367909980756058
0.0023696943665005724
0.0023689811308693367
0.0023699333669771508
0.0023695502041709356
0.0023690614873385927
0.002370869426068676
0.002369505654710207
0.002369098244267854
0.002367533434360342
0.0023663796695271937
0.0023644337886228974
0.0023635528968162208
0.0023612878658443616
0.0023606422054109222
0.002360093585900999
0.0023587841854926747
0.0023581976200758837
0.0023554917269557733
0.0023564521336040104
0.0023526663466720927
0.0023524868734340703
0.0023517177210973005
0.002350910537843786
0.002350889320131917
0.00235005545313026
0.002350082304730854
0.002349888249524583
0.0023484102251026843
0.0023479038009133835
0.0023471776464728433
0.002347550504757065
0.0023472670178781067
0.002346547244032242
0.0023462039162695813
0.002345335470501625
0.002494797513727437
0.0024943287115540267
0.00249366365456763
0.0024937424053416714
0.002491701291780055
0.0024904209719628524
0.002490535663072288
0.0024899904786321006
0.0024893094962843555
0.0024885770930746123
0.0024925844792214927
0.0024921194941162766
0.002489318989831395
0.0024893164402183103
0.0024852092250235887
0.002484909814931022
0.0024852562465135456
0.0024838779271380324
0.0024827860939916698
0.002482285283746584
0.0024815996728152533
0.0024812829855934584
0.0024808476362910394
0.002480664136295283
0.0024786373818395774
0.0024781150922195453
0.002477914819023294
0.0024774795065628484
0.0024767945159091718
0.0024761537073656166
0.0024728224537388733
0.0024723304933860924
0.0024636788392629204
0.0024632356977711493
0.0024624083566938608
0.002462186202514964
0.002461828344445372
0.0024609170339547556
0.0024607198309346177
0.002460279300865651
0.0024589494567692043
0.0024584906511566067
0.002457814413951697
0.0024567526020086604
0.0024485309800361295
0.0024477455794695248
0.002447232366341676
0.00244726103858789
0.0024474037836166355
0.0024465580436871027
0.0024419264291344308
0.0024409186316327654
0.0024402545347787887
0.002439112645559682
0.002438189727183703
0.002443086587451803
0.002442317252869446
0.0024629550984792293
0.002462259026537149
0.0024622643364936255
0.0024615038836803657
0.002460705979709404
0.002459948028792742
0.0024595837991327296
0.0024596733613216
0.002458944607658029
0.0024583031407618304
0.0024553465949658623
0.0024549617050470024
0.0024552104170294897
0.002454216570018433
0.002453559742609338
0.00245325321906664
0.0024513945690876598
0.0024492424461040364
0.002447632179686602
0.0024476086525293296
0.002446170933574123
0.002445501728977593
0.0024441976721984483
0.0024435566119316745
0.002446015019993165
0.0024457949832223463
0.002443462855724363
0.002442880947775305
0.0024424036311947945
0.0024405097996172136
0.002432783591825459
0.0024320414695485656
0.0024315211879365633
0.00243121249274368
0.0024259601376751274
0.0024245130843553882
0.002423972396123789
0.0024224392776393947
0.0024240249536116617
0.002416288419960117
0.0024157357529649925
0.00240525114971595
0.002404439100184118
0.0024036217355888133
0.002403501972186121
0.00240539474429359
0.002404689015315169
0.0024026252357264534
0.0024022047738838717
0.002401976969350004
0.00240036327074752
0.002399844203501771
0.0023988227551537513
0.0023980351404342725
0.0023976486092899935
0.002396205172740153
0.0023954561638124235
0.0023965010510160704
0.0023941865796907355
0.002393298573484037
0.0023927412124222698
0.0023918057512826536
0.002390283876757917
0.002389859010106585
0.002389341201658533
0.002388579501417353
0.002388243742153838
0.0023881626949380516
0.0023873940390288684
0.0023841452115271763
0.002385125435036744
0.002382215900518328
0.002381552559392309
0.0023708065812901784
0.0023706362229078725
0.002370311617962826
0.0023700016177819823
0.0023680185751376154
0.002368212000776993
0.0023664442498590654
0.002366253719995655
0.0023657916870153204
0.0023624119053092087
0.0023617558773251866
0.0023611203548093633
0.002359017966044718
0.00235933113103053
0.0023597562457189293
0.002357225627920469
0.0023566618362456555
0.002356276888873988
0.002355668663731188
0.002355496864566305
0.0023562313286527537
0.002356069389451996
0.002355433363348186
0.0023544410201986905
0.0023548939420147403
0.002354707196495277
0.0023529656965377618
0.002352621836696438
0.0023537719048011916
0.0023518094992309485
0.0023513631567041
0.0023503267197597768
0.002349999150636772
0.0023479668738527523
0.0023459839016999246
0.00234521711471389
0.00234431367412528
0.0023451682982482077
0.0023450197465572954
0.0023444444980069575
0.0023442825193876514
0.00234447122605724
0.0023439648257343455
0.0023433939477589642
0.002342693640960741
0.002342268521460598
0.0023392842937165047
0.002338636971502468
0.0023361325149209404
0.0023384096935753166
0.0023376171667442605
0.0023377469939351125
0.0023367008281553704
0.0023354261316433085
0.0023369113110634507
0.0023352041785897593
0.002334065929786291
0.002336130707350294
0.0023375743638883134
0.002337151807053538
0.0023367613507978787
0.002335761407571703
0.002335506288892549
0.0023350183698732994
0.0023343458675576623
0.0023331770357141604
0.0023319727154906935
0.0023307668273030084
0.0023311038597216434
0.002323784751014323
0.0023228837247902764
0.002324302872290014
0.002323770500610029
0.00232078307032487
0.0023203045502788308
0.0023193959131487343
0.002322573015309218
0.0023207683599196865
0.002313400291668487
0.002313180050773462
0.002312678924174354
0.0023133503334689534
0.0023135983038590478
0.0023129559816205464
0.0023125610459700254
0.0023107534196314256
0.0023101660382702565
0.0023080188236493876
0.0023091266141775178
0.0023087448188404244
0.0023084236309023824
0.002309156077898007
0.0023088603759302668
0.0023093847455782596
0.002310551859777132
0.0023100431199733714
0.00230959610950619
0.0023097002610044577
0.0023079474703204686
0.002307746736155629
0.0023064547919640615
0.002305679026658112
0.0023063854397391862
0.002306362876548863
0.0023080599693481884
0.00230740141239342
0.002306928751993651
0.0023059197802217032
0.0023052927954477576
0.0023052481317417453
0.0023047736094923017
0.0023024726683079397
0.002303703521687163
0.002303261454986066
0.002302368590217485
0.0023009005105370847
0.0023005507908623367
0.002299700798354061
0.0022990577461150597
0.002300513894342492
