0.05083528906106949
0.02160069346427917
0.05780060589313507
0.05723229944705964
0.04282774217426778
0.03665646784273643
0.06560525560053067
0.08878644209148157
-0.0021362730767577748
0.0044898965226655785
0.0009171880859260876
-0.0002038911916315446
0.019111650563510413
0.025519518274813902
0.023959902158821943
0.033188291373388745
0.030364762513070482
0.0273470829951724
0.02568381292512641
0.01682529149443976
0.01787128243383698
0.01884007708007551
0.016814795118989423
0.016372067881748078
0.015257799666589841
0.014089863911202106
0.015058850761436456
0.015059177274012873
0.006317874843565125
0.007709564753778038
0.007244180036650504
0.00623405506749722
0.002102471744258175
-8.661526787494007e-05
0.0003632587160811646
-0.0012232705862638927
-0.0012284252320808417
-0.0008778315580760449
-0.0008789296698523695
-0.0008651799899980253
0.00027451057602385237
0.0006012083017700451
0.001091672434333965
-0.000776058281513139
-0.000502198419543794
-0.00021347555237762885
0.0008627575868255603
0.001883370448996749
0.0025690828904043873
0.0024806899418050006
0.0023521771508967487
0.0022750815479875577
0.0018850657603858645
0.0018601527130654575
0.0016441067844945255
0.0010796083135350609
0.0008753147809204213
0.001365861384853151
0.0002620116991844635
6.013768476998812e-05
-0.00040373570875324924
-0.0005434676090122347
-0.0001880519821497741
0.00029377562190907374
-0.0002382820671438394
-0.00018697658140184626
0.0009779716107432771
0.0009593169560885394
0.0020715169201139345
0.0018609749066354822
0.0019703449725056985
0.0013301255403099289
0.001166366153189005
0.0015986063199428207
0.0013385088984106998
0.001362653977582351
0.0010001104860865046
0.000893918168878394
0.0014062238471524314
0.0014987362420795774
0.0016612860838394238
0.0015606508521553882
0.0014971722259707295
0.002124283733257256
0.0019889260651706165
0.0014080483882538105
0.0015216254680787877
0.0014798306811632303
0.001212735292372396
0.001128240631110351
0.0010269002516946298
0.0008699257541397795
0.0008344062364987146
0.0005328838780865454
0.00026786350827023744
0.00034220530303463845
0.0004455020516987271
0.0005763760512704113
0.0003102022799430404
1.7585363677047057e-05
-2.7803213942760556e-05
3.433309990496637e-05
-9.468480633446482e-05
0.00020520428273205848
0.00025401464037438926
0.00018025815615291108
0.00019411794265680325
0.00030422799231552783
0.0005196146058468984
0.0005247392466182701
0.0002725103970858191
0.00022553002917149976
-9.150349018327477e-05
-9.912853989669269e-05
4.6596614993176284e-05
0.0008110848278340548
0.0007779960243339183
0.0007055205808553304
0.00029445339993496033
3.170557387465573e-05
2.8314249738897355e-05
-0.0002537307966447527
0.000302698641110421
0.0005813512480817726
0.001506419199618643
0.0015816079415050949
0.001631105651085817
0.0014746345614819495
0.0014684444485912806
0.0012616360509405543
0.001331058984788162
0.0012914062511785072
0.0007878190836931722
0.00025473377900198015
0.00030855411408564864
0.000321024091978876
-0.00020989473188714466
-0.0002529079202569279
-0.00026875086935303655
0.0015059878454371908
0.0013419667494148795
0.001249790505483303
0.0012296902823436533
0.001227061119299895
0.001105296262460186
0.001137523005516933
0.0005176944175980525
0.0005364436464815475
0.001132574124494567
0.0006137202052084957
0.00050390123866045
0.00042661065745526504
0.00036306051475407076
0.00031416237376810495
0.002060968085201098
0.001721561705073709
0.0017359354382209897
0.0015690592406815461
0.0015548573948763072
0.0015277983298993762
0.002874399175692096
0.002744115611603997
0.0019957072910052015
0.0021782568878155532
0.0014616676451251218
0.001461727106539409
0.0012802780419449492
0.0018787420042735356
0.0018145893286119262
0.001509957633332528
0.0015159781252678344
0.0016192174768963593
0.0015250931225647476
0.0013431628856674892
0.0018111575055544636
0.0018372328351462242
0.0017155322590921317
0.0017375906564519009
0.0015645046572899438
0.0015173118586590227
0.0014534951581051667
0.0014340334500013104
0.0014289424374431322
0.0013570468605344956
0.0011806446412372927
0.00105748205404619
0.0013722935824610405
0.001309363771089544
0.0013278613537917592
0.0015178801798437231
0.0015549767737563032
0.0018055499540376493
0.0020280480705868907
0.0019561396228173406
0.0018365285867155163
0.0019520618205270748
0.0013821542182481004
0.001298452669873964
0.001371550581825431
0.001467208107829149
0.0015684011802054236
0.0015639200851922217
0.0015620806162569703
0.002135309173509751
0.0022811969181011854
0.0016736342098703384
0.001621362189885426
0.0016251181986998394
0.0016212572784362628
0.001673078150940856
0.001973870082677096
0.002527787752106279
0.0030494813769772894
0.0030833037957267535
0.0029208810686853852
0.003059344202835834
0.0038721859965093197
0.00352705390799629
0.0035318411460717805
0.0034545008174767427
0.003193820364980934
0.003140689136675505
0.0031977850009882658
0.003227774285349167
0.003240202382295516
0.003134533297014115
0.003162458230355313
0.0032206498527203938
0.003204442056290724
0.0032696385736359496
0.003807164774555311
0.004125939432057939
0.004103700368432327
0.003978216767737126
0.003976208296697192
0.003922674318388467
0.003912705273373335
0.004201750191869644
0.003974199421888141
0.003948831333463851
0.00383811152115857
0.0038431701554587218
0.003829226628485993
0.0054248937517309545
0.005521133774654881
0.005604853293422973
0.005902749777071165
0.005833382622654885
0.005862581057241189
0.005691557586243178
0.005426093889538955
0.005507174590114771
0.005639373029419041
0.005807801034511527
0.005785933628203569
0.0056919013256486175
0.0057806741974637844
0.005696524867498496
0.005520683023496535
0.00545051610217719
0.005504873337513835
0.00555268300235973
0.005494200753067468
0.005531878788507424
0.005511141895741941
0.005381899152242334
0.00528515133995445
0.0052412597202439746
0.005448382384687046
0.005596092316825498
0.005546793172791646
0.0056433765643665226
0.005571243457494471
0.00562130097871308
0.005724748112961479
0.005645033814952736
0.005623812796238131
0.005604453467284951
0.005698776872720507
0.005510491225164176
0.005253093517575325
0.005227606859372427
0.00518563449031077
0.00502863371021752
0.004979430048822566
0.005039648839819349
0.005067911686839785
0.00506662294670624
0.005093554939456481
0.0051070317756816705
0.005011158228863021
0.004996649588183296
0.0050151339634305825
0.004720000734244934
0.004695738180630176
0.004866847680036533
0.004841852602869236
0.004874977175135441
0.004896825773369833
0.004858443249934401
0.004830625573742137
0.00482959244742209
0.004710939416614375
0.004702236690581396
0.00472486520500312
0.004992841919830998
0.004970743449959699
0.00491983400002984
0.004836131655423333
0.004826814974426111
0.0048199013405022815
0.004894861972112711
0.004846918141390762
0.004908359902060873
0.00496418131025408
0.005004505946907607
0.0049863597226209085
0.004818142607237351
0.004714204786614574
0.0046850945243852755
0.004440522003052642
0.004350858895668917
0.004242551360131288
0.0042301874502132155
0.004228953169437378
0.004198934665179047
0.004207617201645031
0.004149317890186272
0.004150058281304543
0.004045666983453812
0.003991266771630632
0.0037756009286412187
0.0037935439493398406
0.0037925421053529793
0.0037881712295139945
0.003767165271959127
0.0037231824063549933
0.003694832906886595
0.003623539915561731
0.00381999166188707
0.003965094832094844
0.004105481951268059
0.004212714953186955
0.0042287326804227275
0.003935233360954502
0.003814393347994793
0.004021666804362014
0.004775323069295487
0.004872739186809798
0.0045740794162584366
0.0035400489255566353
0.0037194652736474566
0.0033142182150247943
0.003191881657833838
0.003589695967829348
0.0030999264625391574
0.00228565190375689
0.002198323119246249
0.002214148743627853
0.002039374024678188
0.00214689999811727
0.002153570981364
0.0022848583190192753
0.002328698918357339
0.002392062703128447
0.0023866870038640217
0.0024454701065817225
0.002441678605222858
0.0023247778769645445
0.0023138810708840203
0.0021880965065574076
0.0021813837987690386
0.002401916076271063
0.0036472825757227836
0.004047302702755142
0.0039878582845278955
0.003963001291840411
0.003944752032169458
0.003933140861887583
0.00413444379235806
0.004119652816818549
0.004115084703834169
0.004130330710116445
0.004114211811200269
0.004294536897726841
0.004295042803503805
0.003922382411342979
0.0039065440330812405
0.0038943835877431328
0.0038715446510178327
0.0038062137327684407
0.003778822683023039
0.0038076846037168773
0.0038156874486705
0.0038002731999960946
0.0037788738005721887
0.0037461206625243816
0.003708435141686866
0.003686617491475775
0.003656074348686178
0.00343487804624674
0.0034408225795189437
0.003326858565301204
0.002885793991973282
0.002860888782280771
0.0032378715753019877
0.0031695105623358016
0.0030935217810266467
0.0030873652414146213
0.0030816522975839764
0.0030965048809043047
0.0031135362298419554
0.0031347295096715504
0.0031271117949768575
0.003037810061169487
0.0030167951587502764
0.0027406784172758106
0.0027687555989739576
0.002898159330167501
0.002811008139354161
0.0028135608045838957
0.0028183183131352037
0.002804852456770367
0.002789441043894523
0.002769850171772339
0.002738674244607871
0.002740395857319327
0.0027878224941422134
0.0027635411762762423
0.0027546654441858534
0.0027256883587580454
0.002703393188705263
0.0026986861892778482
0.0027557265492498743
0.002750862058312978
0.0027751175819116193
0.002748053533277058
0.0027034116697026746
0.002575692364718473
0.0027927534815500575
0.00277203972289672
0.002745249264103072
0.002786932651164341
0.002808335437727154
0.0028393410931648344
0.0027975126559496104
0.0027680032940874586
0.0027086980147484328
0.002746684397700142
0.0027604249514847972
0.0027092192009085226
0.0027810315521604617
0.00276053625752325
0.0027541785337194665
0.002737517811750114
0.002762190956842459
0.0028099317030419978
0.002796659738125692
0.0027809228292544927
0.0027676397185053487
0.002782867702320866
0.002788296556723816
0.0027630866328575516
0.002751760495706434
0.0027745021971806016
0.0027532317237908594
0.002722685686491719
0.002705593110381892
0.002734930214392856
0.0026671398157202477
0.0026647602415138536
0.0026612858510483674
0.0026881116155519293
0.0027213429228255654
0.0027658812693875908
0.002767873120609385
0.002683276592103074
0.002667487043856271
0.002581729059844902
0.0025589496329070536
0.002589909895999492
0.0025877394505215393
0.0025796873181334863
0.0025659996392109383
0.002550158701423145
0.002568037975847235
0.0026444515240088627
0.002629688664783245
0.002647268361583051
0.0030597281886943764
0.0028698938800309766
0.002814890695905834
0.002666621514207683
0.0026619185660636518
0.0034092538497192933
0.003429999525829313
0.003403932444777447
0.0034071820016338228
0.0033794168191961975
0.0035698897128147726
0.0035656898373374337
0.0025027247347589425
0.00116608398208868
0.0017592564658584602
0.0017849849454189862
0.0017876501017869196
0.0018175302433605359
0.0018131182599247398
0.0018131628978367488
0.0018186222791713703
0.0019087049448671708
0.0018914801759153386
0.0018659851472808534
0.001902293648855601
0.0018635598811557433
0.0019858495206878384
0.002629042433958655
0.0027387509613050276
0.0026985899221752085
0.0027033350627731754
0.002686781549921719
0.0025881110862152144
0.0026286664250696054
0.002525899919259942
0.002484602826986529
0.002492823754547722
0.002395906303828465
0.0023738441473649514
0.0023586842933239196
0.0023524611700534944
0.002332555463067539
0.0023319884722110603
0.0023454043665187534
0.0023464789491138126
0.002328139705363657
0.002327014241749996
0.0023586297963640326
0.002286119219490221
0.0022914837490706904
0.0022928315033411456
0.0023529290530282503
0.002376763847408712
0.0023961389166181446
0.0024490471733862196
0.0024376846795548593
0.002484064111320076
0.0024792990577895808
0.002485024224903576
0.0024886299131586325
0.002497995997761749
0.002515494285614917
0.002458256514771182
0.0025792585484433897
0.0024424765581529412
0.002406031304077171
0.0023936745722688713
0.0023955125106631314
0.0023132992357208066
0.002323640657985902
0.002342042755101082
0.0023221223978338187
0.0022455634078119304
0.0022273993772163143
0.0021476228725045656
0.002087264099146421
0.002150325519695957
0.0021973883082518804
0.0022007976203926942
0.0021740469766531596
0.00214948232897114
0.002080996088889981
0.0020712019926336115
0.002034572893719173
0.0020303531495712572
0.002063838501726426
0.002186037517974699
0.0021632935138919613
0.0021687156236983893
0.0021530918867813044
0.002086868137211371
0.0021544866341576692
0.0024355954771057148
0.0024312597168517844
0.0024802519627906516
0.0024099358778749713
0.0024051102494771015
0.0023927133830623
0.002400200196009383
0.002410084838136419
0.002525522102818115
0.002507266944293582
0.0024656882420952615
0.002451922989347311
0.0024638613281446793
0.0024875724900005297
0.0025057976964921254
0.0024959397859763187
0.0024918461151328597
0.0024750477188596695
0.002474461859233523
0.002462899119431154
0.0024644342575173644
0.0024578036696188323
0.002452887276481949
0.0024440713778999595
0.0024571710702394754
0.002444122771712983
0.002429820221784943
0.002403936752730786
0.0023964022811820067
0.0023762920755437266
0.0023353157294279865
0.0023178385752378413
0.002314491395704165
0.0023055720329076827
0.002260589953883657
0.0022660482652326432
0.002223492687147173
0.002185975722527332
0.0021751533724437408
0.002180234695886944
0.00220636198474476
0.002190828006067214
0.0021819123356137476
0.002166997069151134
0.0021232790653902102
0.002140921937121205
0.002358023070447842
0.0023292813470886537
0.0023217441880999537
0.002281627483171183
0.002210565024148604
0.002170285196287771
0.0021729177533645287
0.002168947826632019
0.0021987990398063067
0.002217262329580778
0.0022498615764621516
0.002248699192796271
0.002273047951171063
0.0021619178259812744
0.0021548382422367585
0.002140072961665061
0.0022337912075138565
0.0022690498619070097
0.0022660795458606204
0.0022561898768788265
0.002253653928653654
0.0022815974766406504
0.002294395936586143
0.0023856535033009393
0.002382339908647646
0.0023780690969536934
0.002394316387176164
0.002392673565359812
0.0024092099905319575
0.0023828555523657856
0.0023749494989708615
0.002291386611151134
0.002286416128284477
0.0022944627143565784
0.002288693469044088
0.0023338742415593985
0.0023443843997381264
0.0023431893045767252
0.0023395070348033106
0.0023426487942759216
0.002336737345710092
0.0023301907823944116
0.0023235790773502075
0.002321598580692813
0.0022954960894623253
0.0022989128319588436
0.0023331568305837735
0.0023474865536401504
0.0023117947226957416
0.0023162127072604605
0.0023088572248386205
0.00237414969136915
0.0023755639138340625
0.0024201472454284142
0.0024093187935549836
0.0023922809273590404
0.0023804000451571163
0.002305129594727032
0.0023882149909041786
0.0024793408677629366
0.002492159210519393
0.0024849610000155387
0.00247213791120564
0.00247203279036381
0.0024926128031756214
0.002528063327756612
0.002658768671103289
0.00265715542353838
0.00265555992478073
0.0025890443090992935
0.0025583406860877917
0.0025854342895036144
0.00257903750298413
0.002532450640475431
0.0021704704057801875
0.002260645855812986
0.002255359406319636
0.00222394624977685
0.002470631211031334
0.002477044280439042
0.0024662527271682093
0.002514771649529539
0.002499120851603548
0.002471215148565784
0.00248184843711914
0.0025225305944331965
0.002516810158027464
0.002503758346794116
0.0025075204158209975
0.0025028701541722604
0.0025061112404543553
0.0025203713122310687
0.0024830064489146163
0.0024090692297295308
0.002475021657892855
0.0024837635040293863
0.002509372309833802
0.002521016183149712
0.0023636093137260933
0.002355111912258293
0.0023447127360794726
0.0023352579733760346
0.0023338956712076623
0.002334804797394472
0.002335144652233662
0.002257071019928908
0.0022244304551807953
0.0021946200925254864
0.002130207205729107
0.002098740808569375
0.0021145821004768584
0.0021177366149581927
0.0021393653734528423
0.00225543818184984
0.002233418074492426
0.002231747966018912
0.0019488355382572247
0.0019566791660369964
0.0019641102122280414
0.0019400963742968631
0.001979398497030453
0.002010726615185078
0.0020070978683599697
0.002002986972214828
0.0020579343821408498
0.0020655325394247663
0.002083661010051736
0.002062596529790743
0.0020539501062054612
0.0020581447214846876
0.002064934397339169
0.002092828961279965
0.002083908803241654
0.002125617798700905
0.002092819402152573
0.0022216204807586847
0.0022148117222374323
0.00235426069881148
0.0023241735129252016
0.002294890611077946
0.002280460839555361
0.0022801596278441186
0.0023599715339481676
0.0023586422541738866
0.00235299668445377
0.0023629272483761264
0.002392067404242327
0.002383024201053469
0.0024135958764918176
0.0023772517613808376
0.0023723057171323027
0.002342046507151402
0.0023453885065899994
0.002366691939146447
0.0023508551697245883
0.0023410256247801513
0.002338471968089543
0.002329795669638242
0.002324868645655851
0.0023032491471387103
0.0023035338495101722
0.0022295342861634974
0.002261921592421307
0.002272680459146167
0.002305456394615791
0.0022964299934036814
0.002293285984950841
0.002311586820943567
0.002304726578558886
0.002301707793582839
0.002292844020236009
0.0022872636907595775
0.002313000090527364
0.002315651954990262
0.002211226718498086
0.0022144033919085397
0.002066455887697832
0.002058033708159593
0.0020992221416078396
0.0021260770624781608
0.0021275720011412146
0.0021255607537265598
0.002126921965234915
0.0021186735473461135
0.0021346596748258004
0.0021489706551045488
0.0021641617356778155
0.0021652326802045485
0.002160921683034127
0.002150377642789838
0.002341355920800692
0.002325125208295596
0.0023193542728600176
0.002304212430848516
0.002299178144029563
0.002269844629834167
0.002247903472479352
0.0022405634348831274
0.0022903352877765115
0.0022604375624257923
0.0022621243562897936
0.0021340657860294573
0.0020725396942470886
0.0021261623684355247
0.0022145725974410924
0.002148716023060741
0.0021020749353972425
0.0020882294920912883
0.0020774549846805878
0.002101992949197291
0.0021036877079193346
0.0020490278034100977
0.00203975591869534
0.002041709600360055
0.002078127705792166
0.0020719172447812013
0.00207234095003988
0.0021153162124994177
0.0020108919453714026
0.0021869052227215607
0.0021734551821038155
0.0021096898156718166
0.002079540986358301
0.0020785302529500956
0.002087298211858476
0.002063056365745631
0.0020411043629569056
0.002027955800572998
0.0019053300710232279
0.001938104992076386
0.0018958815799737974
0.0018752024769085921
0.001779115762098201
0.0017486352413162692
0.0017459567541723059
0.0017414159200665488
0.0017369242957180858
0.0017315680514834268
0.0017399219290017442
0.0015398845663365315
0.0015374930500369332
0.001541316841515561
0.0015442551082556456
0.0015524056938658732
0.0015258864244561679
0.0014717403102302014
0.001366601849656689
0.0013812371750675089
0.0013796931557351244
0.001319096232107436
0.0013097160546575576
0.0013236286371466162
0.0013255703850644316
0.0013130931319810686
0.0013128936575418
0.0013089587545235487
0.0018360019702428868
0.0028828868507803146
0.0026989708855028206
0.0027009608009983545
0.003038277726346622
0.003187259479593935
0.00311991679036949
0.0031038287596787833
0.0031032252029396176
0.0030481043297666487
0.003251465873980727
0.0032587499319203916
0.0026855501537233345
0.002673761235573515
0.0026835815967465983
0.002689608338486226
0.0026130889232207667
0.0026293538660416373
0.002624273075478374
0.002632843059698455
0.002625758489687129
0.002627302555483128
0.002629627274080952
0.0027079747356316746
0.0027184153015027894
0.0026960355133889037
0.0026834371049294778
0.002670154207950415
0.002664523389331847
0.002653085921537079
0.002648132455632568
0.002657336993621464
0.0025865484851610816
0.0026037480517688517
0.0026275154553720937
0.0026185383108025713
0.0025832625721707975
0.002574878572446572
0.002569262246477809
0.002583547226583324
0.002565858800458172
0.002648686907057665
0.0026542543756009284
0.0026533107809349372
0.0026468538297887917
0.002648370113409683
0.0026330248046238514
0.0026762821592342854
0.0026727013314665165
0.002699588122406835
0.0027010817405236118
0.0026975603073241634
0.0026576621546923174
0.0026554769219942114
0.0026490163555101267
0.00265876778175106
0.002649421831875608
0.0026470251859077023
0.0026474032972916874
0.0026375805585349445
0.0026433527652111434
0.0026550687998332686
0.0026534294500488984
0.0026599251782480613
0.002835621919083162
0.002827162597172185
0.002800434937135203
0.002801215293868706
0.0027806579555974364
0.002794045500157221
0.002790378851231546
0.002798412665306465
0.002678864163433811
0.0026744090873629727
0.002668260447516466
0.0026580658696578542
0.0026593167071104025
0.0026586697423224863
0.00265408345504008
0.002658260098255278
0.0026573122783179223
0.0026503887719877997
0.002430840478233072
0.002404896158563031
0.00240736773337122
0.0024001929841932063
0.0025252609587703492
0.002514227724614591
0.0024933003612923462
0.0024790487183480032
0.002492182859449458
0.002496246770936182
0.0025050579856356965
0.002508953334169073
0.002494427477775036
0.0024879787483268047
0.002502337499241257
0.0025022586332611586
0.002525869165282506
0.0025160107350056657
0.00251184074956567
0.0025150590235397895
0.0025437453968490315
0.002565637146522079
0.002591605798739314
0.0026086087202367566
0.0026085813584913477
0.0025712893109430908
0.0025497976264407347
0.002554830505950796
0.002556243139900031
0.0025477686718936863
0.0025348897083316145
0.002546266338873479
0.0025589010387980027
0.002532274348443027
0.0025287967601742905
