0.24263440072536469
0.27369053165117896
0.2580757886171341
0.2212148681282997
0.2195724907020728
0.27405357893024174
0.2385451323352754
0.22293672669265005
0.2638309095054865
0.24046719514510848
0.2317901790762941
0.2131498257557933
0.19749425847216376
0.1832820117784043
0.17843125204672106
0.16760548867066116
0.16132452716636989
0.1526571976903238
0.1452843489125371
0.13789516603130672
0.12955841443247418
0.1240162723090338
0.11936250596772884
0.1154932798817754
0.10994873758262169
0.10631231053007975
0.10157547052949668
0.0982089213513095
0.09498860589228572
0.09315389925013147
0.09020110796700466
0.08752265694607615
0.08559903604498902
0.08231624958903663
0.07989933800288582
0.07778737212002683
0.07604959177000353
0.07428181662152596
0.0731901405262761
0.07167368160742452
0.07228984609468
0.07069870196066279
0.07029447508764201
0.06817042689977423
0.06669363678109066
0.06520471445463126
0.06282298539493547
0.06238910640418837
0.057856260770931874
0.05674958962938002
0.05461754560103428
0.05464986693948721
0.05271599231141243
0.05201960307418964
0.050924322249816883
0.050415671069027966
0.05097147322797763
0.04984792989434013
0.048683289669376496
0.04741804925992048
0.046574129270494834
0.046559973307589576
0.04520296846567363
0.04442158282483714
0.04318357917840001
0.04240891337220961
0.041883337624740856
0.044291138255874225
0.04394833867138786
0.04305547004742681
0.04274571654483833
0.04344401578578385
0.04263979149825017
0.04225625071519366
0.04180386817958942
0.04089643637946046
0.03944577674160545
0.038855047470630635
0.03823715634498513
0.03764095327408732
0.037075271044869164
0.035990504827069864
0.034984952846397875
0.03461191099109677
0.034670641314140854
0.03430224885098937
0.03404621954144784
0.03307685746387527
0.032682274216009936
0.03229070672442994
0.03186282611315382
0.0314848205007072
0.031208687195643552
0.03141271824041676
0.031225393847610885
0.030873766919050718
0.030703457092571707
0.03032250951321778
0.0299214992823545
0.029682211740412717
0.029265831020322878
0.029166143094822416
0.030840472995455823
0.030746330494903756
0.030419451335032117
0.030030007370765048
0.030153750451669733
0.02998368523335684
0.029834208435336653
0.029621916249402823
0.029302308075005272
0.028760515059657675
0.028701161317274057
0.028295967992111735
0.02792425458178986
0.02762987528844046
0.027259401145383295
0.026595869474308666
0.026285041663989758
0.02608898187090822
0.026281062976388495
0.026009986965493052
0.02552414771203224
0.025347474885173162
0.024986028298920427
0.024769414932188403
0.024573292835157214
0.024422497009360365
0.02402032993895076
0.023889119012587025
0.023665354644463454
0.023487557031221264
0.02347847021188339
0.023470032433289368
0.02320598525779242
0.023493159097537804
0.02330762147650368
0.023208050503690333
0.022940329313444537
0.022766463729348194
0.02269813287872037
0.02259238759199017
0.022488748117919212
0.02248407619652052
0.02211118455695578
0.021546276748737943
0.021606079422289884
0.021504997300771687
0.021276769426961765
0.020013899092149286
0.01983736809588187
0.020148478606654953
0.020014581920627484
0.019819105750009926
0.019769790191322783
0.019827594259860627
0.019782432340250577
0.0198791972420079
0.019719679513946202
0.0196720558386412
0.018974411082856475
0.018972008243386025
0.018874056830366234
0.018766697175857265
0.019393827559998706
0.019166704553073503
0.019050862582627746
0.01877876171448198
0.018693998399163227
0.018575077574858073
0.018459781129210984
0.018471209808102032
0.018343849743893064
0.018324272786267116
0.01812391291539165
0.017947860845459355
0.017867062484787977
0.017665285131290526
0.017724908177559794
0.017629091081515644
0.017763482114098013
0.017079273996113864
0.016745560310601326
0.015435071203014444
0.015353017194341796
0.015325730440535536
0.015222643254983662
0.015178926942608863
0.015089993961277963
0.014913570036482637
0.014817055898674885
0.01476134685739161
0.01464428094674152
0.014579497814441152
0.014526058448720918
0.014377453326020716
0.014367851921982804
0.014260125242936517
0.014227588159847076
0.014160248274284774
0.014061454447830043
0.013756396207073017
0.013838409340607151
0.013773588465083756
0.013676646634884344
0.013756540526606704
0.01379023058829122
0.013666127477805956
0.013349857548573279
0.014613311202872228
0.014560640204471606
0.014478584652287806
0.014461814549100959
0.014439373334793938
0.013833819674295632
0.01386879497955549
0.013797697562290734
0.013830480589180523
0.013787955793139357
0.013793028434116934
0.01360963586836357
0.013536983921616485
0.013474243793877707
0.013327299903871286
0.01336312843836943
0.013194784162040915
0.012979169197486744
0.012904453200113238
0.012928204804294458
0.012763710070635268
0.012754355186941744
0.0126945011211807
0.01263185642245743
0.012585360487487087
0.012575586959798582
0.012393858576515681
0.012355792169858302
0.012402129065338911
0.012660783837782219
0.013732591170539377
0.01368035327292948
0.014846893377149853
0.014734016049111294
0.014626538659426935
0.014558692463688796
0.014461735875236421
0.014379074606451117
0.014311575087677523
0.01426734345033765
0.01481510519580656
0.014909545702504972
0.014908508405001035
0.01482225554870574
0.014798003296349567
0.014829222200205553
0.014809408315714699
0.014719923795742355
0.014621155207048977
0.014414525039207482
0.014329071902452304
0.01422844178804005
0.014177485395704502
0.014120997259548558
0.014082418103649652
0.014052818285098261
0.014074516598630547
0.014029069407929935
0.013988417595344492
0.013915170658017617
0.0133519614045766
0.013315252800085177
0.013277330266519867
0.013211993376102411
0.013185655719769953
0.01329122249001597
0.013181092897984826
0.01313113220071206
0.013086481644700228
0.013215234427272146
0.013069938832448195
0.01305495379620615
0.013031550918997008
0.013013396289775112
0.013063835021590392
0.013012144832433875
0.012967648371390497
0.01267842626738356
0.012613875943495473
0.012577980754953203
0.012595917054818453
0.012601968492437093
0.012560256727241656
0.012533840226590777
0.012483871406757167
0.012771831970698066
0.012700820310936575
0.012643447063586699
0.012614491516155785
0.012737882570945665
0.012759551999006007
0.013113082885173225
0.01307167753207624
0.013051725522497074
0.013019874988726851
0.012966815265636667
0.013091283464153586
0.013055449815628777
0.01295932576879347
0.012919845228879567
0.01288411954089916
0.01285470375016583
0.013352885342816034
0.013301298867949667
0.013270750324360089
0.01322378865200025
0.013211469801674584
0.013168062459393384
0.01309083435840637
0.01314712773710199
0.012870297895967853
0.012992081566068776
0.012939541529642065
0.012935418240010266
0.01279847285602816
0.012757003391083009
0.01271417288594547
0.012682104408890076
0.012696435833017218
0.012736683456883353
0.012680077971222335
0.012616430494284929
0.012558208011662703
0.012507555156724515
0.012473376463132629
0.012439086385538334
0.012408860704346185
0.012230775591307025
0.012205108138423553
0.012172194070230685
0.01218525651699654
0.012157300243267189
0.012015479175426868
0.011942075109102524
0.011925298669139285
0.011886402851373044
0.011711922890046403
0.011672317977538397
0.011675800336758354
0.011647262342240939
0.01160275259972591
0.011588735741911077
0.01155734690755116
0.011513587976457287
0.01149492555373336
0.011456158592102776
0.011426885096918468
0.011403142425001416
0.01140687741520154
0.011437104965605422
0.011394309744056986
0.011238150352461644
0.01117130313514407
0.011134303618666398
0.011101185314178679
0.011073990737067675
0.011051293760055952
0.011015630538484252
0.010986728165588959
0.010972698391226407
0.01090971358977711
0.010701507776512484
0.010673994973399275
0.010607598512246717
0.010581834846176218
0.010551274385355285
0.010521396672518673
0.010676402573057377
0.010941564971961996
0.010698052823212695
0.010678957236302524
0.010609942656900276
0.010844437281756766
0.010772539523713941
0.010287751690726495
0.010257121948814849
0.010201208682090668
0.010178485902664788
0.010147451217810615
0.010150913128223374
0.010161425547359895
0.010149592948882676
0.010114932617613384
0.010089646282648381
0.010086188465356832
0.01003020852945294
0.00997610419040889
0.009958283207028287
0.009927341700496535
0.009879069882445043
0.008980171076786198
0.008449885044339587
0.008449192101103502
0.00844845729004039
0.008481865992516652
0.00844559565145211
0.008739351456257217
0.008862181857693947
0.009237695529756387
0.009228248338828371
0.009147703492393104
0.009141080978878066
0.009209986020682372
0.009118978503263665
0.009112627169184663
0.00910479897104849
0.009311927980531183
0.009112204280214026
0.009119112057909199
0.009079444882947782
0.009051543553724822
0.009047297092697533
0.009017717475776104
0.008997303435706896
0.008985392337130828
0.00901121607668176
0.008975037903401166
0.008960426115731729
0.00896319970663579
0.008932918685740192
0.00892955503079948
0.00889857587302417
0.008879832409961612
0.008884264489441091
0.008896043475505893
0.008868887898292712
0.008843063109981127
0.008785647093002124
0.008790102347708793
0.00897220883641488
0.008998702235412718
0.008975804069701578
0.008941774464196073
0.008910849268366236
0.008883434126030643
0.008910239964471451
0.008981445377186821
0.008961644530440295
0.008930205218745447
0.008928070805721099
0.008920068344157593
0.009047143068125965
0.00906016009611235
0.009050763092716112
0.008923359837058104
0.008935392394688976
0.008920881328189805
0.009172336236580377
0.009169312708918322
0.00914454421176546
0.009128202333525666
0.008844235668866506
0.008858629696276836
0.0088773916046068
0.008844862222203357
0.008826936942201954
0.008790797132480705
0.00877197168034385
0.008752695499804689
0.008746943726424794
0.008727598679610373
0.008697497841255394
0.008814381188715489
0.008794997022587934
0.008818825422112207
0.008801194208066635
0.008761965276149215
0.008772789610615091
0.008725573616816884
0.008721669237396189
0.008789612923137928
0.008763892635392982
0.008456241938514035
0.008460098771115754
0.008422181831514379
0.008394915979799208
0.008476648266829784
0.008209500745579147
0.008320868085162319
0.00815563289465251
0.007653881169171816
0.007641329391593527
0.007708188402679012
0.007814355767101086
0.007807770577809702
0.007792896877588424
0.007764221078288048
0.007772465302991361
0.007757031553465035
0.007741195310256458
0.0074927158352357665
0.007480178393244542
0.007464146907057137
0.0074330870724340576
0.007452740939679836
0.007435599724249559
0.0074513277338121645
0.0074529434075555345
0.007408394653341895
0.007399318752897114
0.00738840630592838
0.007396176626912179
0.00737935754860395
0.007364216684316234
0.007367083003226845
0.0073543190068900265
0.007348077050786267
0.007324812140638961
0.0073023789841210815
0.007252619160919088
0.007181698423951087
0.007190295459131252
0.007238401633980707
0.007198299266802754
0.007178627520167682
0.007153488546616533
0.007089316763372159
0.007071996561618038
0.007079316773801784
0.007089099123412845
0.007073217296914566
0.007183291332188331
0.00717212030646396
0.007158067142527672
0.007129863180191852
0.007131484278671911
0.007114684084086522
0.007086610397032723
0.007062206085992069
0.007080577965556327
0.00709607148113276
0.007074345526707755
0.0070611495836800965
0.007027350782129158
0.007008275431538133
0.006991812366149623
0.00697357745388255
0.006945625632443907
0.006875450207168191
0.006890203886750082
0.006947332890045093
0.006927378937109399
0.006906712656776697
0.00691797724834204
0.006899109858650356
0.006934783186951141
0.006917283635359115
0.0069062713025418295
0.006906255566946548
0.006897237253516725
0.006951528332617856
0.006923543016079931
0.006914703678513424
0.006901187629229236
0.006885640873095709
0.006866921496523274
0.0068701848445618
0.006838689586287048
0.006824695537323454
0.006820999882633302
0.00678456104389065
0.006774877838121243
0.006892526085264211
0.0068784464324681835
0.006875703906761899
0.006855340837218046
0.006835818202137971
0.0068273412973691
0.006625407333373198
0.0065691051119537176
0.006544363256760286
0.006534677558727381
0.006484431423698953
0.0064885504940470585
0.006474285627691421
0.006471439125652058
0.006539167392859326
0.006522258247096787
0.0064758287184573
0.006449960921180714
0.006438364106381731
0.006426288699101971
0.006374758669814426
0.006357644712834661
0.006344667349808996
0.0063267709369358785
0.006323840067030835
0.006342936700044904
0.006325757520845506
0.006310344237523788
0.006302226624202102
0.006078677045790943
0.006131300975678264
0.006136995374413208
0.006121819784618497
0.0061105992181093045
0.006100114802902815
0.006126705955083673
0.006103499148408812
0.0061176422095025615
0.0060998916839563565
0.006093765693139207
0.0060782165223463806
0.006073580511124417
0.0060876628740811935
0.0060858201832161415
0.0060784125332101835
0.006132068742698818
0.006125494498012507
0.006111061392303178
0.006130231072996484
0.006292401240532931
0.006258126081697757
0.006246425620842147
0.006247627886105341
0.00623255419612197
0.00622409146601793
0.006214548276107442
0.00620538724475506
0.006317098908882143
0.006303898196878876
0.006294440738178945
0.006274444939006622
0.006261828399927308
0.006224429686957119
0.00620231158488121
0.0062158402641051035
0.006293167773602094
0.006275575243283502
0.006280194384089568
0.0062700157361061624
0.00626217347505936
0.0062601831524370845
0.006256265729168293
0.006258467767503155
0.006247146595370373
0.006236470545357082
0.0062274322547715725
0.005261409492931488
0.0052526388608385025
0.005223609976768765
0.005234863840924173
0.0052988866739336025
0.005276975388989716
0.005293354959820789
0.005291741843659747
0.0052233228891063205
0.005195459714431845
0.00520328772602299
0.0051972378794082836
0.005211972375171422
0.005206153618422944
0.005187456882442888
0.005177562518542539
0.005189900812465375
0.005182257565993454
0.005172088150492836
0.005167490838867246
0.00518138050016432
0.005158949409760966
0.00517869529190465
0.005168233716522962
0.0051473174850459325
0.005127824707255914
0.0051539038091518675
0.00513443449271373
0.005129186827307677
0.005105403911375254
0.005089299693043235
0.00507021647448283
0.005054131705568988
0.0050397194646977705
0.005046497600982838
0.00505743893035294
0.005052131229083672
0.005117019518524959
0.0051050795925262045
0.00511315599011819
0.0051037137624226556
0.005089236254571018
0.005129894162086829
0.005136412822670381
0.005134280899611502
0.005085396877894599
0.005077891902271135
0.005076757295243857
0.005064381491189095
0.005044768704751914
0.005043432238003457
0.005041633864914612
0.005038533405850544
0.005029814007630361
0.005017862509082285
0.005014523771437379
0.005010425942992896
0.0049982439971788944
0.0049762815500338335
0.0049870142092143105
0.004983453453358864
0.005005687488567647
0.004993942543538758
0.004981888232087556
0.0049511952808833585
0.004938996809711483
0.00492909309817349
0.004916040946039456
0.004896012476383691
0.004887063329838992
0.004898080041341273
0.004894303419455872
0.004880189844849564
0.0048822361837725665
0.004840788483876685
0.004839230926552392
0.004814119212698716
0.00480935358775578
0.0048196940724302495
0.004818700012737502
0.004818265933708895
0.004807938829826661
0.004802885153104731
0.004800606127354438
0.004786788304492023
0.004785328953985607
0.00478782095672361
0.004790397125164072
0.004785294292524361
0.004786451820957391
0.004760422578055664
0.0047702212785716855
0.0047568009100953795
0.004751831349509471
0.004719611499154597
0.004710532558292677
0.004712767593309469
0.004700109793229698
0.0046984143308152005
0.004692422211947449
0.004702088551961693
0.004766027953048866
0.00475281541541588
0.004746459620753053
0.0047537482771166095
0.004718877840130996
0.004723952911040195
0.0047124258923407865
0.004706929772414088
0.00471432205030203
0.004724188641470479
0.004722951716815415
0.004769655604442622
0.0047413403711210325
0.004745459410129735
0.004706002059001034
0.0046734581405853985
0.004699968702763793
0.004687729571158843
0.004715994908982196
0.0047242863273526114
0.004716276903840869
0.004694892505711395
0.0046660736497775804
0.004665491167830319
0.004653318384107278
0.004679145614368732
0.004681927530890397
0.004680878785071772
0.004664476849831555
0.004619961706358074
0.004608306250772272
0.004617801259524319
0.004648021754862031
0.004646707513768982
0.004741322241712561
0.004750304811175888
0.004749077882902985
0.004792804891275244
0.004625691059552237
0.0046177609319841845
0.004631577327492352
0.004634277163008381
0.004664669975406452
0.004675722912605452
0.0046472321583708315
0.004645058403411048
0.004619099633514029
0.004675289228874933
0.0046662912510535715
0.004657999022264402
0.004648759558003815
0.0046284357338348
0.004663161996964254
0.004655579022347306
0.00464148838295277
0.004647008985279557
0.004657996080897555
0.00466309507175343
0.00465915056482497
0.00465002607715223
0.004645291304202866
0.004637090753930152
0.004677919781584192
0.004680618616804747
0.004699239336234227
0.004705799178418893
0.0046968973422860825
0.0046607170206898856
0.004656261885685295
0.004646783394951406
0.004622446885864865
0.004615316216783706
0.00460850517063685
0.004603835530566372
0.004599193759293373
0.004588950848185723
0.004587287662279371
0.004588336065027846
0.004586713693133097
0.004589594544235357
0.004598164893665745
0.004588480053446296
0.0045846665889607485
0.004578782356167246
0.004624438247601826
0.00462893681586052
0.00462308381714065
0.004604552525840878
0.004636655801090063
0.004626669257698055
0.004629389236513481
0.0046205248057110924
0.004617930305290772
0.004619385117424933
0.004624006946942774
0.004621440894349308
0.004575310996258875
0.004580103790291588
0.004587806915261144
0.0045820843344112905
0.004576107103767927
0.004549651992372956
0.004543540153130214
0.004537924788604315
0.00449244058228168
0.004493208537974316
0.004484462506518872
0.004489413393470402
0.004485348830063894
0.004485944754394475
0.004471755633164526
0.004462353849512325
0.004467386328875915
0.004464374922642495
0.004457372467657965
0.004481682339124665
0.00447234988332094
0.004474042439512383
0.004469561738517066
0.004432947592740417
0.00444404031768919
0.004438852749198361
0.004423604083091699
0.004418774225969386
0.0044139819464127485
0.004387701752928234
0.004384452622948913
0.004359394391749638
0.0043509001591044635
0.0043454847263598335
0.0043451317009219875
0.004344671721507838
0.0043202797542252385
0.004313787722027752
0.004312246315427797
0.0043081759548835655
0.004295051496257311
0.004294758762853506
0.004298684242819158
0.004302923088836739
0.004282315547337374
0.004305230212156435
0.004269902455524428
0.004281466295953109
0.004277319804675709
0.004274052358752746
0.004275945251330491
0.004282626340143946
0.004280033174571379
0.004278741828093446
0.004262580073102289
0.004258190553701786
0.004245932767547924
0.0042574907203938896
0.004261170235928421
0.004255398278972355
0.004253654390444767
0.004249626815121671
0.004226734992346203
0.0041993116938862166
0.004224094713028731
0.004217846109985485
0.004212660710867296
0.004238609273489305
0.004237822213645019
0.004233067839907731
0.004212483751430501
0.0042094528431204
0.004213681898203091
0.004216015752051771
0.00422816852926349
0.004221840135095379
0.004215816168380722
0.004208616821742646
0.004205212783024588
0.00419951513768301
0.0041985336812962485
0.004192999150001728
0.004187585136982132
0.004446216987556741
0.004421342766445685
0.004414398335012953
0.0044274991815994825
0.004409819170405917
0.004399883124902082
0.00437138089044818
0.0043661536270893
0.004346925171706921
0.004328444899769262
0.00436268811699558
0.004369035152968609
0.004346130187977042
0.004322350495596257
0.004320865537793998
0.004317190807218526
0.004292393575617124
0.004304955295352557
0.004307523871161779
0.004300276696829843
0.004349077227454278
0.004657185092433615
0.00464011800650961
0.004646609636170885
0.004646438569798473
0.004646036321010779
0.004628590586124715
0.004614012236046915
0.004604775100995585
0.004594459995155437
0.004594977071610263
0.004596342872597853
0.004599967596940535
0.004583641224099808
0.004572368280196659
0.004587083668566392
0.004600581486282371
0.004595954138720536
0.004606198491357691
0.004596070374262605
0.0045972907129637796
0.004591479040166261
0.004585660951671009
0.004584458422401086
0.004578107792392619
0.004527964633595482
0.004526864033347629
0.004497209253788224
0.00404901413144278
0.004057440474490858
0.004047528122429509
0.004042412205516106
0.004043065226353454
0.00403778916970513
0.004030481795484301
0.004029705346577597
0.004009266006984869
0.003975133740583553
0.0039675978259249645
0.00396164055487853
0.00395654395903736
0.003955707673719542
0.003969554011284751
0.003985755101483302
0.003964536493254439
0.0039639401121811906
0.003961561265548976
0.0039808905513860965
0.003976205693790936
0.003975211380631444
0.003970908768019664
0.003979133994027521
0.003973102779883616
