0.026888396590948105
0.03322027251124382
0.03208377445116639
0.03685846962034703
0.03013809521993002
0.02233098606978144
0.01790269883349538
0.0149980080831382
0.011778450664132833
0.011119132268835196
0.017292542615905404
0.015904836114854194
0.014819864167033563
0.02538016784625749
0.023612519929884
0.021994843284654265
0.02110150306382113
0.019919287370468833
0.018909661614452487
0.018004994420889053
0.017188296133430078
0.020228889718925093
0.019349951819701044
0.018905955794034528
0.018130001261642277
0.017435554047416965
0.016587588115986106
0.01608215869255846
0.015607514452616067
0.01535944157231209
0.014911232129634303
0.014403912093257535
0.013813101202900087
0.0139064246613998
0.013529354893156174
0.009048894028072373
0.009379137386292171
0.009064958215159818
0.012469720793160378
0.012279150688810638
0.014510436248937842
0.014165629083859235
0.013716511061251036
0.013104802901054627
0.012874774572201597
0.013933454043890762
0.01350995030770718
0.013436050380565867
0.013184683641302394
0.012918214152188162
0.01266590619511239
0.012411670181087547
0.012154261492671337
0.012146120295669372
0.01212245992324564
0.01178717931575272
0.011620728103825334
0.011407913525206016
0.010977628869295581
0.010852320997147495
0.010633485008222648
0.01045077967980418
0.010256774048229996
0.01015690456350477
0.01000363953437155
0.009873093504835711
0.009710556344062376
0.009667179050587076
0.009573896827350836
0.009431522407832975
0.008698478356665065
0.008560799310431967
0.008588373012301146
0.008475308234337717
0.00835233121745803
0.008339454952851178
0.008366423779173205
0.008205055401371675
0.008089250082412036
0.008058295436462179
0.007854868204293134
0.007732297162699275
0.007655450707672915
0.007600657041321562
0.007498372793549583
0.007275198910776096
0.007217757931026756
0.007554146239476466
0.007535682896074528
0.007447833460781232
0.00733127317368559
0.007280045483757051
0.0071824737273384525
0.007177149518515523
0.007097612436458197
0.007112679773216742
0.0070901565373713655
0.007016954525500876
0.006957664806977847
0.006928195458223658
0.007400292027216662
0.007480342375697769
0.0074269058918267
0.00734838103165939
0.00724434607688619
0.007186113828445013
0.007264731139272317
0.007190808193510351
0.00712484555948653
0.0070537268968093505
0.007015946835443697
0.006766317971411321
0.006598903600222499
0.006575772375546641
0.00657975910395055
0.0066012244770585985
0.006529242851745767
0.006415934037532614
0.0063670687874643325
0.006257512009450554
0.006158485462112341
0.006179228163091469
0.006093816106224571
0.006040981177473444
0.006013258290338511
0.006072003119597654
0.006064561417815642
0.006024347911291044
0.005972401924708933
0.0059429444992498935
0.005896456289823015
0.005780161922767804
0.005711118705221455
0.005679528947048651
0.005648455715880335
0.005629894642939413
0.005460594483588798
0.005432370505521827
0.005390111578370647
0.005326470688971238
0.0054173943716589994
0.005044106952723939
0.005011036715990892
0.005102756062667049
0.005072636970347561
0.005033029632984986
0.00503607061251092
0.004992152647046537
0.004958897593411774
0.004960983569424644
0.004822114075355595
0.004782588289897689
0.004753475605760394
0.0047240349350519675
0.004681847260377628
0.004692030918490066
0.004665552735637397
0.004591300102362979
0.004675827678784118
0.004804678541743371
0.004763743625921457
0.004759809317869319
0.004729392362184251
0.0047441107167149775
0.004721714276522372
0.004371086662773931
0.004489525956073306
0.004478373824044948
0.004304954267418534
0.004223948976617956
0.0042233654668623714
0.004204667238851692
0.004187059820473768
0.004146100643473412
0.004141034774296383
0.004012783551519595
0.0040074261653418874
0.003979355337695928
0.0040282393717562745
0.003985946557020837
0.003947722577412517
0.003914127916672085
0.0038885455751765034
0.0038599021905070387
0.0038340114314773794
0.0037967947396209453
0.003774452066786484
0.0039017841889906098
0.003883315326483602
0.0038653670098414373
0.003918533294457424
0.003950006423600699
0.0039436882395524125
0.00384978983791557
0.0038092956645562723
0.0037935657863567827
0.0038060466718484857
0.003791961021649408
0.003749084126393427
0.0037771597284092734
0.0037446397888770393
0.0037397424733579356
0.0037276394918187776
0.0037073579623233305
0.003682589077673858
0.003678557579475906
0.00393769748979349
0.003973697815226887
0.003956270296960915
0.0039608255639077515
0.003946016734328125
0.003864708376849976
0.003489722417861716
0.0035236655783888265
0.0035209264612300717
0.003482474746520005
0.0034679064502188763
0.0034873014078480855
0.0034410859437643514
0.0033749012610104945
0.00332659716841918
0.0033350916216677196
0.0033428737183385246
0.0033053039697956096
0.0038019901212223454
0.003936448944837681
0.003918174191200882
0.0038983012406856006
0.003883769642624945
0.0037248075791172
0.00366792395508473
0.003649722608198542
0.0036620810366375994
0.0035820088877486327
0.0035812875300461366
0.003567505144587336
0.003534321285876695
0.003493090536288051
0.0034747272555857036
0.003489046514141029
0.0035583296895228276
0.0035390633205934024
0.0035521909943424
0.003529931745095163
0.0035224798135104537
0.003484519088778909
0.0034388223238267803
0.0034246517627406063
0.003455412886076378
0.003412490366443029
0.0033948358063969988
0.003378255381551437
0.0033718253898983915
0.003359025272149277
0.0033112424798957857
0.0032791149637905167
0.003335038794759826
0.003335019672482996
0.0034087711784265566
0.003335561530185748
0.003303019061555978
0.003315418939215282
0.0033278359897766802
0.003329601543895105
0.0033383458543184198
0.003285773467362561
0.0032754305388994383
0.0032703424972963745
0.003251147942420281
0.003258021063424997
0.0032494996725130096
0.003206004719140103
0.0034329787531732136
0.003352305604256059
0.003339238182256261
0.0033289330003294375
0.0033119324459528958
0.0032226973348916848
0.0032039660508546967
0.0031957534454678874
0.0031901115291978603
0.0033095100181732224
0.0033068458795267553
0.0032887763749418018
0.003289926784660327
0.0032812655849501163
0.003276818880724228
0.0032645797827105865
0.003253385900837927
0.003169966196843156
0.003178907127071962
0.00316384279121166
0.003159705106907276
0.003158579190716475
0.0031463919504440656
0.0031217625710820446
0.0030279468883724755
0.0030143858194882685
0.00297672435420585
0.002995603099938963
0.0029918082500624862
0.0029873822424255365
0.0029884788992412268
0.003146821805242581
0.002973460544893114
0.0029704378049106644
0.0029633068853080996
0.0029526348021621748
0.00294536710709743
0.002959335391965384
0.0029443343380476947
0.0029287925030273324
0.003002620362503357
0.0029850266965536706
0.0029808598996445496
0.0030075086699403947
0.0030017269444375535
0.0030114460508837274
0.002990612061989853
0.0029761407217578453
0.003648624599912902
0.003616612953074955
0.003589396977896501
0.003579170314993604
0.0035685224529236875
0.003557569020393411
0.0035395385879516076
0.0035011190615654914
0.003483590190753053
0.003485116217698829
0.003474352736384939
0.0034610503215743763
0.0034182546314151492
0.0034062479517323594
0.00339677035825454
0.003366784401163177
0.0033607293172770807
0.003346818400945092
0.0033381570536970273
0.0033260450582660115
0.0033108265626907015
0.003313829935573786
0.003292528165772195
0.0032791702436794465
0.003258797868569296
0.0032486994041863683
0.0032366521132936995
0.003801169196362402
0.0037859696238592747
0.00377325382221877
0.0037632208133014846
0.003845864036863324
0.003845586862990083
0.0038304242495042417
0.0038213996499558743
0.003818217836910142
0.0038095162509312656
0.003797488626710259
0.0037949048627221316
0.0038042900336035957
0.0037982696083026057
0.003788347467245342
0.0037903175404038524
0.0037618726411593572
0.00374276367935134
0.0038213928997789764
0.003830122836975733
0.0037846855088592988
0.003723479686183007
0.0037110469145287717
0.0037012838472223228
0.0037137672019569687
0.003709108493186412
0.0037112049067121325
0.0036965555155086607
0.003684813867355371
0.003684196410927505
0.0036893957003677398
0.0036687252875517045
0.003643838808908626
0.0036398940571287903
0.0036246634412208257
0.0036240108272712263
0.0036175043967154865
0.0036050300675764305
0.0036051683574026038
0.0035976457066052986
0.0035669031825641146
0.0035593277875681792
0.0035512859533105325
0.003542772738687839
0.003523833129357852
0.0035159444130951527
0.0035086885494912423
0.0035040672289390153
0.0034964008223840465
0.003490026994338805
0.003484099175866939
0.0034781675299927904
0.0034699572599964745
0.0034655811154089286
0.0034509161533621763
0.0034227286497919697
0.0034127985679344754
0.003405395447377036
0.003397951670310946
0.0033667431585212523
0.003329972466722179
0.0031155085520678297
0.0031101383667541493
0.003060977687162504
0.0030450817217750744
0.0030269745093831363
0.0030250671127683457
0.0030279365398305715
0.0030827600199499466
0.0030805909682994647
0.0030938426608244493
0.0030883391389319795
0.003087277959019745
0.003079172970661018
0.0030763786488982436
0.0030565030820414335
0.0030581444965654945
0.0030497756684746908
0.003031149725852982
0.002983372851151014
0.0029739712915061185
0.0029647623484739018
0.0029571551561395847
0.0029422082368876523
0.002951308180001758
0.002943755550316589
0.002952665163437575
0.00298261631784094
0.0029735668435048384
0.0029646460883103838
0.003036376764096352
0.003037477806504865
0.003007454864231078
0.003001598291125016
0.003010334069284157
0.0030032442168335016
0.002955905327019467
0.0029569774637351956
0.0029510647924993285
0.002941275563330239
0.002933908946971481
0.0029311143376819244
0.0029239572872344
0.0029250818103469726
0.0029127770322114176
0.0029155476583586667
0.002908934644441977
0.0029013877402943337
0.0028707461752879144
0.0028878427561308743
0.0029040596721074284
0.0028934517225697306
0.0028861160801225893
0.0029150094003427963
0.002876913585033412
0.002865730014789359
0.002858915587374567
0.0028543530051305943
0.002862843778909847
0.002831417970033091
0.0028273792948598914
0.0026831522805181576
0.0026176307974522897
0.00258722411248435
0.0025844300047418926
0.0025646241469966225
0.0025656783983485153
0.002561364019954967
0.0025591106160644667
0.002582688180798063
0.002582468016689575
0.002562076070732171
0.0025339046854066204
0.002504039544270291
0.0024973026759071456
0.002493113018144794
0.0024939048420979906
0.0024867399187176262
0.002477985032747699
0.002462929002592961
0.0024421897641739515
0.002437168292951301
0.002455751238727603
0.002455863522130139
0.002451032113889446
0.002452802567166935
0.002444274388585886
0.0024295603563088326
0.0024474597867266516
0.002442957388859989
0.002440555466837433
0.002435968687015703
0.0024504231341108142
0.002445982895997114
0.0024480845052134454
0.002446458929293769
0.002442100269407021
0.0024375628325597
0.002427398934731324
0.0024474903699071345
0.0024423603069117024
0.0024177340372475826
0.0024211119639910733
0.0024072618691235452
0.002399849980395241
0.002401558342999584
0.002420342157923196
0.002409903938991362
0.0024128246428725326
0.002416652157091069
0.002122034960221037
0.0021165518747903447
0.0021171911226813642
0.002118203499476747
0.0021150996460719343
0.0020397899044129527
0.0019712791624728453
0.0019032413937611116
0.0018735552836675416
0.0023302007146440065
0.0023329544643457094
0.0023361757329147838
0.0023333310416011484
0.002127625435550589
0.0021201387617640287
0.0021200352630296525
0.0021343164026947185
0.0021223401637999167
0.0021310336812638
0.002127207440232055
0.002159579484460547
0.002105286936677185
0.0021001086568305143
0.0020872519651950437
0.002080101643541152
0.0020619799250011154
0.0020547387946462208
0.002052026829608624
0.0020447450869303177
0.0020509608199249098
0.0020508461524669846
0.0020469295423059843
0.0020489500223591574
0.0020469891613411947
0.0020430661994037817
0.002032102663116718
0.0021095475324703294
0.002104448286909965
0.0021065888898092883
0.0021196538791204184
0.002111084477685758
0.002100338672101185
0.0021054875089148
0.002087164549269398
0.0020813039145569905
0.0020698240732470495
0.0020561508168966034
0.00205127728669034
0.0020488937296400554
0.002056834213964949
0.002087103318957949
0.0020978360271552087
0.002071665165895019
0.0020650104783322544
0.002036857334617057
0.0020649142077527093
0.0020613838251902833
0.0020590466036386097
0.002051200264686737
0.0020598611360070187
0.0020702767628908558
0.002192125384091672
0.0022150893290803675
0.0022114428287612824
0.0022034947211773486
0.0022238344450944505
0.002227025592359356
0.0022189664186487838
0.002218398990062362
0.0022137432534276935
0.0022315305141524166
0.002227035689836573
0.0022273368716563763
0.0022261093416926924
0.002244280087932376
0.0022600574897792703
0.0022587495757669935
0.0022546700417277435
0.002254605698533797
0.002255985829918833
0.0022516135804243206
0.0022458979186679552
0.0022479296418235406
0.0022438289989226896
0.0022412317870246566
0.002250232092538134
0.0022487120774058894
0.0022537222505922103
0.0022570680195152697
0.0022551743554925603
0.0022507174306989567
0.0022482627840544733
0.0022483147829755806
0.0022473202527917664
0.0022374500562687572
0.0022231941003312975
0.0021981100527175934
0.002191824038352746
0.002192025711741813
0.002190834489985578
0.00217851826481774
0.002177859900233848
0.002164131730431977
0.0021607960936418933
0.0021416578121692814
0.0021361523014699455
0.0021308994513121447
0.0021369821982003185
0.0021348682147280125
0.002170966163097906
0.0021509302664287763
0.002143933117911239
0.0021429006397845375
0.0021385274117683034
0.0021413126436366906
0.002137748476036415
0.0021275274777866537
0.00211708174807061
0.0021270922095328617
0.0021300492121796625
0.0021270924066733587
0.002130148681283118
0.0021303229319831977
0.0021299354532593765
0.002128828366500784
0.002093060801468841
0.0020892725192220686
0.002038704731969554
0.0020481098340011873
0.00207930693958599
0.0020731671089443708
0.0020724944753881306
0.002064543457334943
0.0020614642383691623
0.002026276380787901
0.0019539409128591094
0.001953715526995176
0.0019469991479149403
0.0019525822121112218
0.0019487570240226905
0.0019455372031121133
0.001943025830350412
0.0019442731251031544
0.0019454329029036726
0.0019361094913631026
0.0019547636416557164
0.0019708203256092595
0.001972061371376656
0.0019754992128386334
0.001976154913595049
0.001937828530928192
0.001943138867554538
0.0019341953810733475
0.0019321365336963953
0.0019341514385925495
0.0019318675377185284
0.001931107763763674
0.0019337617469915881
0.001931428931452053
0.0019302206337858034
0.0019289722461110262
0.001914292110803433
0.0019099810592873453
0.001962990549332318
0.001958439906714858
0.0019785869399608
0.0019775428040735748
0.0019740170725736188
0.001979638719062368
0.0019769740918723832
0.001971480495390448
0.0019259250391822195
0.0019337578579284266
0.0019585045244003224
0.0019584284413997856
0.0019670936484340227
0.0019646351116482455
0.001958461504581539
0.001956375837034178
0.0019489802554254615
0.001958714300923225
0.0019755851768111063
0.0019630689906660046
0.001954244371264212
0.0019498023339654044
0.0019487556744789733
0.001933566426186649
0.0019351281728299525
0.0019317518544299877
0.001926770072503462
0.0019261853694240115
0.0019182196545802417
0.0019189870933028386
0.0019178024098478054
0.0019148778420505469
0.001993313917425265
0.001970201208863907
0.001981382474614853
0.0019849777704247186
0.0019822847660732126
0.001973146604282086
0.0019461126744216841
0.001899314060485594
0.0018920426786144557
0.0018813934611584262
0.0018901414244669864
0.0018963977111631958
0.0018948068514853713
0.0018930662028809216
0.0018880400662105753
0.00187833884868909
0.0018756240317661793
0.0018655546434751121
0.00186057597598509
0.0018553555740417084
0.0018542028290450552
0.0018509248491744119
0.0018202980944529985
0.0018295061373653535
0.0018252146524644723
0.001803473392860646
0.0017963319439503913
0.0017785542959085964
0.001801377919350685
0.0017848809340261795
0.0017802732181735356
0.0017957090937701268
0.0017888474780017524
0.0016052762328221954
0.0015867477990089273
0.0015884868717330896
0.0016338908380518376
0.0016314947666704535
0.0016255097129652199
0.0016240205402871933
0.0016087539414832
0.001602283776013047
0.0016118933137342425
0.0016275700522356662
0.0016087324448061347
0.0016022364001405816
0.0016045679190459586
0.001606579808412433
0.0016024177668651643
0.0015999985089663533
0.0015987518357926105
0.0015971950333705499
0.0015883795374015968
0.0015835672791657514
0.0015759855343731057
0.0015722216600921606
0.001569870794997039
0.0015696379318224875
0.001593639670921416
0.0016049950153069633
0.001599304293522533
0.001604895330083018
0.0015886524040079472
0.001587159869762558
0.0015772835979503627
0.0015710571394157015
0.0015685943177511687
0.0015716347552556626
0.0015675138756077547
0.001561207300845844
0.0015819957825628176
0.0015812697029742287
0.0015804036962348013
0.0015754788727586843
0.0015753314968015074
0.0015747461817337987
0.001572697642137729
0.0015739553747485281
0.0015770751634232585
0.0015966759315181912
0.00159928832567571
0.001597649974103451
0.0016000781053946032
0.0015976645084823373
0.0015990954465756537
0.0016057233736686868
0.0015685504057000824
0.0015658420540493288
0.0015634754720366668
0.0015609340329159015
0.0015621924864188204
0.0015621569574346375
0.001559155054601165
0.001586428765810381
0.0015842260741955787
0.001582490164664696
0.0015872830140762296
0.0015870557203706615
0.0015867021535857309
0.0015753013998315022
0.001575952803053757
0.0015784343006982108
0.0015969574953095301
0.001594555242782355
0.0015980953585379553
0.0015885191708207619
0.0015744426520718795
0.0015656803246996195
0.0015575721341196905
0.0015587466571063903
0.0015560220994285015
0.0016789389536610232
0.0016776495711990995
0.0016757575713584848
0.0016735287981338716
0.0016944278363876834
0.0016923162065963955
0.0016911385764451113
0.0016501345454309159
0.0016466860061027588
0.001650300579974279
0.0020410263761187907
0.002037692048078495
0.002039925954149556
0.0020369515851144764
0.0016249263880190796
0.0017321879094240687
0.0017326229831263913
0.001727735960537115
0.001728401241249137
0.0017253568311178054
0.0017380152410344024
0.001731950692281632
0.0017292545534019711
0.001727729598383552
0.001686313752017372
0.0016877230048446717
0.0016661435770428763
0.001664739173535449
0.0016646911579317732
0.0016612609381934998
0.001655413763551997
0.001638764516420139
0.001636824746798349
0.0016292354797990307
0.0016441072850593586
0.0016415394065789303
0.0016347953325693769
0.001630723516942569
0.0016284104074473726
0.0016304414628696901
0.0016283708938291167
0.001630895819900668
0.0016279385067881594
0.0016131846655235585
0.0016103118557223891
0.001626839190497381
0.0016149146845795496
0.0016487288568495986
0.0016476745259467233
0.0016480794929729068
0.001638142298258444
0.001625417921890546
0.0016231182626983015
0.001652141068129275
0.00165094692979246
0.0016494488558071864
0.0016514632767009557
0.0016571190010376405
0.0016558326667314204
0.0016541206990522764
0.0017134782596587325
0.0017121236162628364
0.0017152856257272983
0.001714031644803836
0.0017200026864818967
0.0017187465002709299
0.001719503349854663
0.001705633595353125
0.0016979200348878835
0.0016920569985700007
0.0018308931482499276
0.0018266150114121585
0.0018318406089761654
0.0018279938512142894
0.001826164691657963
0.0018278349657581828
0.0018256364148831145
0.0018244562971629242
0.001822449451081721
0.0018180428172436078
0.00182000599469178
0.0018181169759852866
0.0018079258454953952
0.0018003841444259828
0.0017990004958762808
0.0017938560794461354
0.001801622835062121
0.0018005209334931585
0.0017953091379840204
0.0019111292341208077
0.0019176375418357547
0.0019162086917506975
0.0019099807435425894
0.0019098726957103716
0.0019413543941739525
0.0019371123087694297
0.0019425598061285204
0.001936428162683504
0.0019345661681912923
0.0019271559281682517
0.0019283670012452147
0.0019274826739507022
0.0019258975544397504
0.001935934678001638
0.0019414706332865333
0.0019002987467198799
0.0019220777158816126
0.0019217719601746684
0.0019201975286128343
0.0019358067099485238
0.001941635357292263
0.0019402462147086353
0.001967607643491609
0.0019562225798527826
0.0019660311095239637
0.001960079970825625
0.001965078904283148
0.001975518499029024
0.001970538748000156
0.00202469322808395
0.002025124195585257
0.002023437974548293
0.0020155801621100124
0.0020124907663450226
0.002023336993695324
0.002016870860710409
0.0020136036718309876
0.0020110821891679374
0.002009034410663813
0.0020458993404078997
0.002044482893669789
0.0020438201578852596
0.0020421149085959834
0.0020405630530452995
0.002040726008134705
0.0020389938770297993
0.0020334292161621843
0.002033063796095163
0.0020263625572271506
0.0020242007150004016
0.002033959279930727
0.002016997911583081
0.0020146428533531053
0.002012968503813004
0.001995774844071889
0.0019904107854448938
0.0019966720073527878
0.0019937141656675233
0.0019921960507326072
0.001974528700641767
0.0019711168836847016
0.001969652886332294
0.0019774305301800267
0.0019756219508221
0.0019733245029081243
0.0019790724162425132
0.0019758416490213843
0.0019717670372974045
0.0019780957657309826
0.0019749642130657925
0.0019794634147650594
0.0019687723826024173
0.0019647988416437922
0.001983466819290159
0.0019816543800884982
0.001980580785466096
0.0020285897927846126
0.002026497273332536
0.002035183011932442
0.0020355475707342333
0.0020363773711346866
0.0020351198093569284
0.0020310652397744974
0.0020241703930801865
0.0020340348868279467
0.0020303812611455196
0.0020369979086405626
0.0019388550745224878
0.0019426100401341614
0.001941577715535595
0.001942457452618263
0.001941364671196058
0.0019396435863215508
0.0019317346130568074
0.001929387093797231
0.0019283921092228217
0.0019253863761460918
0.0019242363900472254
0.0019288200507670105
0.0019233676624687902
0.0019184394302365604
0.001914139261001348
0.0019211174500799926
0.001910428754979442
0.0019008487941925374
0.0019252820776826255
0.0019243839196646988
0.0019182064825429823
0.0019137858909560798
0.0019143169751956166
0.001912164556568135
0.0019112483307154272
0.0019096942780827413
0.001895567440385768
0.0018893317940348606
0.0018899597429675463
0.0018836608969111986
0.001882005748265954
0.0018795494642821463
0.001878767010000205
0.0018796532595170765
0.0018873244293320488
0.0018893607403884178
0.0018864860763021987
0.0018701905961372176
0.0018718259530312634
0.0018650281975193057
0.0018638802843245778
0.0018734654882148242
0.0018559352763192155
0.0018541112867795002
0.0018529002528351484
0.0018528339161183204
0.0019094580147168882
0.0019081724695657672
0.0019064409187177194
0.001915717278490052
0.0018874968023917691
0.0018852711221336845
0.0018850216001806868
0.0018833089401734133
0.0018806883008506455
0.001904582163314198
0.001908383658751352
0.0019078379280384665
0.0019052942055906253
0.0019026467594850547
0.0019029452175436546
0.0019022296397256907
0.0018991020636356087
0.001897999833693491
0.0019031721635562261
0.0019004945123700494
0.0019001975073928727
0.001899818714336571
0.001899676629709062
0.0018930657057628641
0.001892880576667549
0.0018911488942968682
0.0018890731533338593
0.0019122320798910628
0.0019125953265851476
0.0019099894535119539
0.0019083343324993245
0.0019060746053043505
0.0019115920171922554
0.0019076338990076781
0.0019077615809636858
0.0019041896218770728
0.0019039038583139344
0.0020519680334783502
0.0020343576567166547
0.00202236266585377
0.0020255374418959864
0.0020272875870689677
0.0020142915637091892
0.0020301700304860395
0.002028078560331962
0.0020344151012388657
0.0020333932814843455
0.0020329239902410257
0.0020311552090961187
0.0020401679001045584
0.0020377487205019795
0.0020553340058726273
0.0020578337585638166
0.002056241010164088
0.002057060679904024
0.0020652902471684723
0.0020868579886946046
0.0020864129952224563
0.002086941450770064
0.0020941714262713877
0.002093635909111171
0.002091159735636437
0.002088405701582452
0.002083955407636171
0.0020725720711695195
0.002066561323376153
0.0020647499164768274
0.002063038050287898
0.0020655685244576638
0.002065719750303574
0.0020646224396246213
0.00205401441460942
0.00204946555290267
0.002046314116921913
0.002045134007498087
0.0020253289180099925
0.0020151436442558575
0.002013423949971586
0.00201104512532985
0.0020081270934682077
0.0020082525687107667
0.0021516850413938102
0.002150133351508971
0.0021577884968980356
0.0021554385412170932
0.002134922065080404
0.002281428820803034
0.0022832376773198357
0.0022805030502765886
0.002277845968537379
0.00227479350295651
0.0022726076280956144
0.002269852530898468
0.0022649991862554626
0.002262570221661491
0.002260655391463693
0.002280205309333424
0.0022730902836029716
0.002267443063209949
0.0022654452180961232
0.0022629843978383664
0.0022634286299970776
0.0022615487636168195
0.002263850126434505
0.0022631680793286546
0.0022636219656279872
0.002258098073070868
0.002256041628664391
0.0022541189072018196
0.002253054565383912
0.0022503771613311178
0.0022506967841048305
0.0022492156019419274
0.0022463420868662127
0.0022674546523161728
0.0022649725236869285
0.0022574026552069954
0.002258239950859307
0.002253113367987056
0.0022524863156142276
0.002253002060794256
0.0022515334877496423
0.002247264953670947
0.0022502427177296318
0.002245908223691816
0.002241655333920497
0.0022393983808843675
0.002245386332692082
0.0022414851353051756
0.0022406018952552827
0.0022393141895836388
0.002238207156997528
0.002238288647024122
0.002234236551112073
0.002253470639976441
0.0022489212347504128
0.0022466832320861677
0.002247060901661725
0.0022443103956086684
0.0022418011607842118
0.002239194155201022
0.0022405872103804948
0.0022393863558541277
0.0022364078085269578
0.0022345222408105664
0.00223181011687411
0.0022232595243009768
0.002221587704502875
0.0022214533453485037
0.0022195836124380914
0.002227043165172389
0.0022259434669988695
0.002212081063735239
0.002217211749300078
0.0022203178282544514
0.002219848764028437
0.002221000900585764
0.002216755471221765
0.0022163760496997863
0.002214421526501984
0.0022119528868811736
0.0022098186577257563
0.002209858060393516
0.0022069611301720415
0.002206468424822142
0.002202149946014634
0.0022018474610346894
0.0022188279982450227
0.002204291012958491
0.0022694580216404006
0.0022577409957496744
0.002262704180352716
0.002259522250275695
0.0022578411232772556
0.002271497046402803
0.0022716216287825613
0.002270831510364598
0.0022672981546113104
0.002263431882428868
0.002261940325034334
0.002266195885280502
0.0022693421939287313
0.0022693714937710996
0.0022630802542410945
0.0022659823703474703
0.002263571800119189
0.002269363490143594
0.00226324818933407
0.002263323950851474
0.0022615355355090055
0.0022588372444106745
0.0022569705026510437
0.0022455734519392133
0.0022568222330589505
0.002252639991498116
0.0022554824896896092
0.0022370839502880067
0.0022434025807806404
0.002240965298444152
0.0022453843746437913
0.0022475503062476185
0.002244917562548229
0.002243273292307274
0.0022396247193473533
0.0022243303594670564
0.0022700040057604936
0.002267639917029348
0.002269033712264893
0.0022668818146253386
0.0022693047404611323
0.002240075224831261
0.00225009897021187
0.0022464492675522128
0.002242470303534019
0.0022412733001874845
0.002240040339610163
0.0022396036911577276
0.0022371849755497926
0.002218133309038296
0.0022157821133426793
0.002424617414534869
0.0024331823727727847
0.002427539687892914
0.0024233335886551933
0.0024281119173146432
0.002431579184935986
0.0024311013245150778
0.0024305495981232004
0.002428047586289261
0.0024783774891104448
0.002477427189150828
0.0024533862559876817
0.0024452251705383765
0.0024461944148562943
0.0024454215549631927
0.0024480151247162534
0.0024501156011273346
0.0024510352038266477
0.0024488178967214153
0.002445269833819916
0.002443496736553506
0.0024453520628780244
0.002443217976362164
0.0024413334300745497
0.0024410333911642833
0.0024390973583393555
0.002433572702196718
0.002434185372002989
0.002433459253069608
0.0024321285799120906
0.0024231862830303413
0.002421979788540064
0.0024211383088661984
0.002421319000146455
0.0024198266259688197
0.0024203909355769997
0.0024188578523323344
0.0024184173863770063
0.0024157045004838708
0.0024167696713162067
0.0023946621192605646
0.0023867251286820274
0.00238529225995316
0.002390180934072433
0.0023899222067085197
0.002365329260599172
0.0023650768768206025
0.002361918114853432
0.002360335809797347
0.0023564545941938972
0.0023551184546645085
0.002344772212707397
0.0023429471470025748
0.0023433012513253094
0.0023407497261282743
0.0023387466264833713
0.002337366170119745
0.002335948184339046
0.00233986331360203
0.0023371159133387985
0.0023623287488370817
0.002351329181594015
0.0023682512368094783
0.0023692420183810026
0.0023937740658545163
0.0023847397308143716
0.002384197535589328
0.0023824193611678255
0.0023813286111226506
0.002378630851126895
0.00237654925092845
0.002374131290381702
0.002376612587358431
0.0023749558096578783
0.002395815327443022
0.002395546281409387
0.0024017747005343247
0.0023846603721076392
0.0023838896637030475
0.0023830748713716482
0.0023780935688016967
0.002375587500206617
0.002373145170201526
0.0023685050071504026
0.0023664801853755207
0.002368217193697856
0.0023809407838742123
0.002398572405733635
0.002402595225085001
0.0023981794744117255
0.0024002910545391516
0.0023964343371536685
0.0023965965031653856
0.0023821362853003146
0.002371547989126803
0.0023694439913045885
0.002364671915180071
0.0024047386546933902
0.0024027234231249464
0.0024006652346361306
0.002398568169740675
0.0024048564502665085
0.0024094671197384255
0.00240989090284605
0.002410145690740587
0.002410794946380571
0.0024100322306495536
0.0024053369974188295
0.0024041230843934902
0.0024037175848835714
0.0024023257825314566
0.002400535128368996
0.0023977581976277655
0.002396719439383333
0.002394044646140715
0.0023864107398700574
0.002385722687536483
0.0023833543774886157
0.002380979701114898
0.002384139769602743
0.002427349608650771
0.0024286757360320256
0.002425902993441305
0.0024244460018714364
0.0024281196365023004
0.002421937670617773
0.0024200076328202485
0.002418576303327463
0.0024365980299057063
0.002432441079951823
0.00242990774333549
0.0024291250973080608
0.0024201199748806928
0.0024185886197936306
0.002418710065216501
0.0024164644109818845
0.0024142206562113317
0.002410412409802269
0.002407963047747396
0.0024061725981025556
0.002404211050428658
0.002403369747247715
0.0023998491003119
0.002394126353215156
0.002390434429528383
0.0024020081976625423
0.0023995589017611553
0.002395601620159871
0.002393445611258581
0.002391827479435151
0.002388412378533117
0.0023928555359056356
0.002413173609540893
0.0024141379295538863
0.0024121119634371675
0.0023974189122615433
0.002396052015473889
0.002392799663679109
0.0024006981940576802
0.0024053610983784278
0.002403371915786292
0.002399607393316077
0.0023977342210016023
0.0023936433055552226
0.0023915673649011608
0.0023912164743976937
0.0023896614956949004
0.002387835922502329
0.0023966799793909807
0.0023951508106391044
0.0023888309867322773
0.002387090473234741
0.002388421943482575
0.0023849715972301864
0.002384676447089306
0.0024049075416659803
0.0024065571588303553
0.002406127698310435
0.002404085769375244
0.002401750499459084
0.0024006926402476043
0.0023961722873907867
0.002392242170738834
0.0023874186544163125
0.0023649242693738635
0.002363445277604667
0.0023606632663631757
0.0024639871148514556
0.0024631249309725067
0.0024817269659251884
0.0024797270344295986
0.002476318482611547
0.0024781103684714
0.0024755747125635493
0.002474151345354028
0.0024601012285250415
0.0024582765992688916
0.0024558529054395165
0.00245475743151776
0.0024525865690052003
0.0024520510071998364
0.002458033275833818
0.0024550223320401413
0.002453356845952565
0.0024484204289454093
0.0024478504546820022
0.002443795400111735
0.0024416763683183136
0.0024378194425542206
0.002435961164492197
0.0024523087683318776
0.0024550605378299184
0.0024531744237695366
0.00245655903175485
0.0024579508750080512
0.002456320978720579
0.002454988963665397
0.0024459514944886233
0.0024456952694298295
0.002448466048787627
0.0024335814370950197
0.0024386791884054722
0.0024352419287772603
0.002433790229840262
0.0024223790237422244
0.0024216289851363474
0.0024104503761753133
0.0024082840713485418
0.0024075092910679973
0.002419017488331298
0.002422175284710402
0.0024189632532361973
0.002418673485245862
0.0024160223252259073
0.0024124987608428812
0.0024085433526520395
0.002406889927287723
0.0024152656302762567
0.0024120410657929928
0.0024127894898554525
0.0024114823899777137
0.002411140554630538
0.0024119495987407944
0.002411468590332054
0.0024096205495725952
0.0024082703963774587
0.002408931179187728
0.002406980028328338
0.0024056690925898703
0.0024056425194953386
0.002403230459068263
0.0023950172760744534
0.0023886419498395303
0.002387646317473112
0.002415215835162176
0.002413278168933529
0.0024114426979106036
0.002409012642876073
0.002404556518468939
0.002402883759825093
0.002403881386538332
0.002398049863954689
0.002386219639466536
0.0023843820419273184
0.002378272334999442
0.002375583326676704
0.002375020654286184
0.0023734882489872097
0.002371954962237998
0.0023706982012007345
0.002368774606803275
0.002364430114456833
0.0023637292583853975
0.002362632790990145
0.002360475273143336
0.0023624861156610133
0.002360405319455072
0.0023609370418558972
0.0023675519737874602
0.002374936391004376
0.0023749380194457454
0.0023736276064402315
0.0023722063986990065
0.002370850079864628
0.00236856461988375
0.0023671997044204226
0.002357774150427161
0.002357359880048452
0.0023583945250234342
0.0023554536959906414
0.0023489881814092776
0.0023504048730757427
0.0023496346209401155
0.002357544508254928
0.002359253838664289
0.002358758474699551
0.002364414280204244
0.00236275899137508
0.0023607729942165937
0.002355262938493945
0.0023544184122588968
0.0023540432833489286
0.0023504172241486476
0.002351586920972703
0.0023535144587891427
0.0023549765805196163
0.0023546856917064964
0.0023636946318918665
0.0023633728677513663
0.0023658768375744137
0.0023617746308132333
0.0023591983012312802
0.0023572842448951964
0.002352956239746923
0.0023554660024808797
0.002354953688956113
0.002353550093184908
0.002352937364945996
0.0023526554235472506
0.002347437631883934
0.00234501460327651
0.002343574755237452
0.002338397698672761
0.0023281821206244625
0.0023240617863290827
0.0023229221115162787
0.0023215018535913457
0.002317667085661688
0.00231583870179902
0.0023164142866339108
0.0023118575374749197
0.002310975738077739
0.002309413626580858
0.0023101831401476755
0.0023072814638293985
0.0023073931157195147
0.0023060665140686855
0.002299844678659988
0.0022980628468843266
0.0022964687155733908
0.002296802793371076
0.002294497002282487
0.0023018754537413233
0.0023012262577673526
0.002300072743043703
0.002305337752462609
0.002303092105267897
0.002301039362941495
0.0023000716003813326
0.0022987326588911425
0.002322866873003262
0.002322216449490424
0.0023210754150680625
0.0023207865900192375
0.0023200786117460377
0.002316617660437968
0.002315573784449374
0.0023166642970351738
0.002313935240319462
0.0023132370992540864
0.002315168052496506
0.0023139963667538
0.002314672997927338
0.0023136603150929694
0.002307868758492198
0.00230214435707748
0.002298450427709586
0.0023014697878260488
0.002297722117824566
0.0022962958488099744
0.0022947187395187113
0.0022991804437459086
0.0022878745237593194
0.002286256485786992
0.002284742426525996
0.002282267030357489
0.002279345802522679
0.002278386378962626
0.00227716922385196
0.0022740424869463417
0.0022704408613508404
0.0022614153423770834
0.0022569965507753973
0.002255895858468568
0.002253916180061134
0.002253372671533836
0.002251651162657691
0.0022517447004898688
0.0022594260525504277
0.0022566995597648886
0.002255598934759021
0.002254797213887604
0.0022546566475350346
0.002253090417688422
0.002256647864598359
0.002255652802321152
0.00224987569519131
0.0023467502776899
0.002350983577662678
0.002356367984548278
0.002355516815258449
0.0023492666191059124
0.0023481981563824475
0.0023469142760965916
0.002356224208784386
0.002344065664826446
0.002342511800279058
0.002345916347034314
0.002347251108158441
0.002341644398987967
0.0023437557491529743
0.002346338892640599
0.0023419819346340094
0.0023380994893552136
0.0023432493619974445
0.0023406457334802615
0.0023427865198755145
0.0023400929993697625
0.0023449666470118377
0.0023425914686670437
0.0023391822291745955
0.002337009612526486
0.0023365427873813047
0.0023347801446654
0.0023344939440828262
0.002333370191018629
0.002347287445007438
0.002345678602730932
0.0023411246471832237
0.0023396393632024092
0.002337555507818375
0.0023413362542295136
0.002335650806207385
0.0023350790679320774
0.002333808879168074
0.002332708225611836
0.0023344792191725785
0.00233594461183215
0.0023346689465589565
0.002331493640872352
0.0023277938511267965
0.002324446509204294
0.002323177185577435
0.0023228724811571464
0.0023217441404621013
0.0023322314699594946
0.002330500015112364
0.0023291480334167772
0.002328660288477909
0.002323942506671375
0.0023231999997790657
0.0023207181378054284
0.002321238237806914
0.002319152297407343
0.002315597689916783
0.002314279218852033
0.0023156709843419484
0.0023141842368910857
0.002313158198464709
0.0023128200297085925
0.0023136082624398958
0.0023119753744320717
0.00231229877261316
0.0023091265905942258
0.0023073503368131964
0.0023070187122531506
0.0023066706377023595
0.0023046794090520947
0.002305422336538432
0.002305979682761421
0.0023054081508052803
0.0023036855633817785
0.0022999471004681964
0.002300680432933407
0.0022977067072261
0.0023133408530601933
0.002306518156457814
0.002307166697336176
0.0023065235962938723
0.0023043871144648466
0.0023033596807466392
0.0023054209443462074
0.00230419646855859
0.0023055912657969063
0.0023033527598160307
0.002302554250285626
0.002302469045791815
0.002294267613134452
0.002289598322345544
0.002278883554462682
0.002287478072229092
0.0022867719303077444
0.0022851512782959896
0.002283929682486377
0.0022839561414964766
0.002283431552208381
0.0022827034477120867
0.0022868341972539217
0.002285616922710635
0.0022837922442498506
0.002264433095134163
0.0022610793111891804
0.002274641438135261
0.002273768140929112
0.002259479887772453
0.0022549701454380165
0.002268445645091995
0.0022805697970464454
0.002277001000837457
0.002275518424892405
0.002273021080499322
0.0022729598348887933
0.00226959391762198
0.0022674664304718683
0.002268322630779751
0.0022676393896456136
0.0022657497240671986
0.0022651113612087814
0.0022648021932426335
0.0022573961916552035
0.002259128729423802
0.0022580001877666395
0.0022560996215345947
0.002253135700559086
0.0022519871083862353
0.002251257077774463
0.002250314910077739
0.0022494970183843162
0.0022498127629076888
0.0022479942038924543
0.0022417998073466956
0.0022505594028676395
0.0022492170152650496
0.0022560982974636845
0.002257437068185788
0.002255910499945788
0.0022552000536558347
0.0022541257886126032
0.002247231882551078
0.0022578600580195132
0.00225672016548605
0.0022553732173838494
0.002253336262774556
0.002249574275543951
0.002248224478539133
0.002250150147898773
0.0022491364722275055
0.0022505680266817407
0.0022425625132116186
0.0022413163925430377
0.0022403959792487477
0.002239643391669915
0.0022382822333923617
0.002226229573565373
0.0022256189753031065
0.002223108606196041
0.002219727335841522
0.002221385197405387
0.002212180699645784
0.002210104303252664
0.002208204035867972
0.0022009103823461868
0.0021990387514464155
0.002253896831178909
0.002255014775498462
0.0022537646619702396
0.0022526241883500217
0.0022544717578458747
0.0022549531312108274
0.0022546739755135267
0.002254005643386387
0.002253551277864039
0.0022563570891970374
0.0022491667507955697
0.002247861410991491
0.0022468290697008836
0.002245691143421644
0.002240522279910301
0.0022367116767409625
0.0022362433795003888
0.002231289065412643
0.0022395844868508736
0.0022396145100316714
0.0022350257756464263
0.002234714428322859
0.002232104862420342
0.0022287413704237184
0.002227274409651086
0.0022251266349963606
0.002227561802532743
0.002226792768638311
0.002225303733651391
0.00222735612516517
0.0022248747871018177
0.0022234471292626864
0.002217540731896802
0.0022169390988350086
0.0022084817684066053
0.0022072640736426658
0.002205838593279114
0.002204398844907027
0.0021995727047975982
0.0021978070743465675
0.0021971322780970325
0.00222637191408132
0.002224820025423987
0.002225152426421806
0.0022382945178425835
0.002237683625431259
0.0022409771107730157
0.00224540773914057
0.002242578415010928
0.0022411957419419468
0.002242589308427385
0.002247680025531663
0.0022442075635683446
0.0022353366747571205
0.0022336588991259
0.002231841436957781
0.0022292997557365386
0.002227454890987505
0.00221957640169729
0.0022216856098099683
0.002220309280752001
0.002217980381932795
0.002215740687886898
0.0022147351325763503
0.0022135311271112177
0.002212942256378691
0.0022126348517344722
0.002212513463512445
0.002210802894172602
0.00220878615568309
0.002207971776273352
0.0022100956712901867
0.002209421846361446
0.002206022585172478
0.0022117251061916565
0.0022076304225034657
0.0022076556210221558
0.0022080314160639507
0.0022058329937908877
0.0022027735702953395
0.002201279308980901
0.002200154396019896
0.002205536860289515
0.002196347301349422
0.0021927793102386613
0.0021872950914341195
0.0021893157139502165
0.002188500403232509
0.0021837719361221144
0.002174850872237734
0.0021768438883218422
0.0021759071772612876
0.0021745120982197366
0.0021734528475759714
0.0021740629641428372
0.002173866732357143
0.0021773871792314264
0.0021766787978882507
0.0021737464432760732
0.002183505021459561
0.0021795152463223565
0.002173599368828226
0.0021719661716892297
0.002150918224237245
0.0021484125447175247
0.0021538780375101115
0.0021527080553543597
0.0021497941035969258
0.002149926093551519
0.00214867125354637
0.002147075393058172
0.002145780583591785
0.002145334593626212
0.0021451659001694274
0.002149191320373869
0.00214827940046051
0.0021476051368160536
0.0021466827980079575
0.0021455362805417348
0.0021452939994625725
0.002130027864889465
0.002128480930576217
0.0021269881593783714
0.002128680247551528
0.0021265397987575885
0.002142114937185672
0.0021409734176267726
0.0021302279039949663
0.002128398947421687
0.002128018500086315
0.0021300304349307227
0.0021221008598658803
0.002120856199635723
0.0021144157607117416
0.002118288858947859
0.0021179757947728966
0.002116225371890232
0.00211901466114219
0.0021151888108666647
0.0021175058021159605
0.0021159881915835286
0.00212722263803095
0.0021315192591303185
0.0021301822474696316
0.0021305349019475426
0.002129017197667826
0.0021277470556023306
0.0021319057004628014
0.0021297994128970116
0.002129890647017299
0.002128533950358435
0.0021287290463787036
0.0021273184875819176
0.002125650037937116
0.0021232063870360047
0.0021221404989378197
0.0021178040702615588
0.0021169597845984755
0.002116536696254849
0.002114577853978913
0.0021187003509315207
0.002118029239192625
0.0021191608451502308
0.0021181256641014524
0.0021217064205523535
0.002120519710939525
0.002119873834967115
0.002114683263725535
0.00210853594357629
0.0021085858524638734
0.0021084896759804043
0.0021079533541744915
0.0021103676428035952
0.0021078170589688638
0.0021098550130124534
0.0021100075691656626
0.002106305068021567
0.0021028309600847526
0.0021095057895163735
0.0021153073969613608
0.002115454495206621
0.002114621158879185
0.0021137536676443308
0.0021133729043548042
0.0021123042687516296
0.0021104008312632333
0.002108795869662525
0.0021808603744192883
0.0021792005118465626
0.002179735011596486
0.0021584126053730557
0.0021606912072399316
0.002159028304936585
0.002164466742409274
0.0021641972013440166
0.002165328502893748
0.002163796975414425
0.0021694532715412877
0.002170441117587179
0.0021768279574110945
0.0021753851556211867
0.0021729621801418607
0.002171860760566657
0.0021698496227593395
0.002169170886060337
0.0021663019946686944
0.00216504142847885
0.0021607772295916
0.0021584313688738344
0.0021543342283906627
0.0021536120684655254
0.0021524136483913095
0.0021473222922454697
0.002145397385115782
0.002135083898475698
0.0020856770661606097
0.002086368141430182
0.002085955910917646
0.0020861101747504827
0.002085151944970342
0.0020910579782283945
0.0020895139767776027
0.002082792083037211
0.0021017136880781932
0.0020986905352884063
0.0020975506428914472
0.002090859617269241
0.0020897124121898674
0.0020802248587716
0.0020786887607773144
0.002076327163258933
0.002077157015567251
0.002074320948332943
0.0020742773211682914
0.0020623194269088125
0.0020507821728217484
0.002050056957084739
0.0020489303235073984
0.0020473463528118824
0.0020464849543547115
0.00204563511145118
0.002048611760446207
0.0020563205558973945
0.002055717068238661
0.0020563104677579287
0.0020560197913491816
0.0020547691203023975
0.002021385885229175
0.002020939087617474
0.0020184542384728177
0.0020188588298886458
0.0020169295902939814
0.002014636273996583
0.002013420505563998
0.0020165033079955963
0.002014379018823447
0.00201024909831793
0.0020077060888948387
0.002008171943669897
0.0020074887033634083
0.0020063920359203544
0.002006156975335954
0.0020068430471927
0.0020059969176723915
0.002007375678823686
0.0020070046757019685
0.00200530852012433
0.0020043898303864034
0.002015194279193609
0.0020129657469494435
0.002012996804623392
0.0020130541993217967
0.001983799088737424
0.001982379841694789
0.0019834131349563636
0.001981618385528012
0.001980707050678586
0.0019770897083091084
0.001976247171928854
0.001975056158360927
0.0019736773112332124
0.0019770773477603143
0.0019716213336759586
0.0019825026959284305
0.001982189375429274
0.0019786193168703993
0.0019777977316831194
0.0019843535838476698
0.0019836260432864166
0.001981147533300622
0.001978331446131679
0.0019759751950955656
0.0019751724076658406
0.001973775177337237
0.001971046591324814
0.001969680551006033
0.001964425003846321
0.001963061943901868
0.0019648958846253625
0.0019647630660497083
0.001966430159340267
0.0019621263015766033
0.0019611167296988774
0.001959989350510454
0.0019626390820867232
0.0019620296358134307
0.0019626912095292368
0.001962401193582384
0.001962685505710293
0.001961502137973499
0.001966695434122051
0.001965653567256733
0.001960604745700926
0.0019598126093705336
0.001961741583892779
0.001960396024280978
0.001955205367878594
0.001954813659683322
0.0019513859342348524
0.001950522331073528
0.001947629434938192
0.001948704063396923
0.0019497428241502862
0.0019423786877489273
0.0019425045729639374
0.0019421632591569275
0.0019405952835116111
0.001939615509051065
0.0019377796638867474
0.0019418871184926601
0.0019410747680830042
0.0019400092645571276
0.0019417650486922317
0.0019405382231046315
0.0019363601749388375
0.001935760170625477
0.0019348776066098756
0.001932049307530561
0.001932009891461281
0.001930974575758387
0.001930008291517465
0.0019279268018042007
0.0019034418163083016
0.0018969945913800963
0.001896606000276127
0.0018958134268165633
0.0018953538141883665
0.001905164599378525
0.0019040351794758167
0.001907863043760106
0.0019084175504477537
0.0018805070798004057
0.0018843564019149746
0.0018849843872985623
0.0018837573433483227
0.0018829672206503944
0.0018817812758218692
0.0018793305390904906
0.0018778100671623327
0.001875778292469891
0.0018749165667263394
0.0018735583600181902
0.0018715404340415465
0.0018722077528828033
0.0018719080706668747
0.0018841086975108763
0.0018821929505233015
0.0018807844368129857
0.0018797092319260702
0.0018785338506958466
0.0018774185763410008
0.0018766914791367854
0.001861828738431086
0.001860475719043389
0.0018622841869443676
0.001860290380601629
0.0018634755124210469
0.0018671161731690245
0.0018646669467962918
0.0018667992328448217
0.0018652883215946319
0.0018642740373577941
0.0018538239697517887
0.0018528016184459737
0.0018524832076293987
0.0018520850509912133
0.0018506826150145096
0.001849631512903508
0.0018434629187257475
0.0018408882490516293
0.001839608556291758
0.0018400394670724928
0.0018398770871969924
0.0018531963396362817
0.0018523218815464754
0.0018524462141663019
0.0018529411128028277
0.001852613520820717
0.0018520619294115142
0.001851590801676553
0.0018528855729966632
0.0018518837100323547
0.00185142531383578
0.0018567636986925667
0.001855025492786033
0.001854505359012504
0.0018540110252749447
0.0018525986900168733
0.0018493698164065437
0.0018489885489641096
0.0018464565737559592
0.0018450714512655184
0.0018446585613817888
0.001839435300541144
0.0018391284433950316
0.0018370243061656224
0.0018335118569258507
0.0018281360673291162
0.001881337309883538
0.0018684460402615094
0.0018672531821447395
0.0018661681983394682
0.0018652007080349944
0.0018601349499453364
0.0018631211576430667
0.0018620819811811537
0.0018607182403966075
0.0018696285750906584
0.0018690401933127026
0.0018675911980205913
0.0018690579784423134
0.0018934505923104733
0.001892586159514834
0.0018868002608757462
0.0019152874158414952
0.0019178670522910623
0.001920561876652801
0.0019458042894751261
0.0019449833069189204
0.0019442214814238057
0.0019400777474333772
0.0019378418716391465
0.0019320473875012259
0.0019302474427695636
0.0019276475240214157
0.0019255188811070508
0.0019144317438798287
0.0019330757909776701
0.0019319449551141708
0.0019295771585172584
0.0019306856968759538
0.0020308148388233902
0.002034890457416645
0.002037469834803647
0.002035524502749522
0.0020306124077271973
0.0020303246750291225
0.002028995742834508
0.002027890715289097
0.002026660852555533
0.002025533703598076
0.002024209404240269
0.002028302964870538
0.002027421511237406
0.0020268403433692187
0.0020128400018072363
0.0020098383375959203
0.0020064383352196785
0.002009977657633791
0.0020091273780733746
0.0020091036432728034
0.0020103930494206495
0.0020091838471478405
0.002009357698887648
0.0020083810114108567
0.0020080598239851904
0.0020080192899794443
0.0020064912880188536
0.0020055242081467154
0.0020037908675732416
0.0020042789676247576
0.002002912195440365
0.0020011157183465766
0.001996464976491788
0.0019984901396648963
0.0019965743845197148
0.001996045972943586
0.0019949418525981675
0.002001270182463149
0.0020000014036856465
0.001997625051515163
0.001995265814072498
0.0019947321571246483
0.0019989946817540356
0.0019948914891167705
0.001988286486785071
0.001987540585908884
0.0019951556059666638
0.0019943801629503347
0.001991675886629192
0.0020009884420710755
0.0020006937373409912
0.0019752373003954094
0.001974191896568108
0.001979594659398642
0.0019798316594329813
0.0019796279298074
0.0019784735002095813
0.0019756683196865054
0.0019750078454603484
0.001973265840091297
0.001970750648365868
0.001970982650479907
0.0019693746924022222
0.001968610393382218
0.0019676836447851346
0.00196627114976922
0.0019655137125382006
0.0019664289551173672
0.0019694558620679515
0.0019669770239831323
0.0019648411203969257
0.0019637842951438196
0.001962227460649413
0.00196126680200484
0.001961521053781881
0.0019591393889455046
0.0019583637818881075
0.001958604874081834
0.0019608338279455996
0.0019587113610395578
0.0019608923983247344
0.001959078348594071
0.0019584709279717193
0.0019579236812186404
0.001959809242357024
0.0019591591920019567
0.0019600157920004256
0.0019590746568302966
0.0019570285237863615
0.001955951857074555
0.0019541895290244356
0.001955199003798075
0.0019539075841849994
0.0019491357946321121
0.0019482326112301347
0.0019468163250662477
0.0019506081684623582
0.001930825643993848
0.0019315181245902378
0.0019305398098609144
0.0019305910312001605
0.0019294469200211311
0.001927913038536107
0.0019291088151882415
0.0019293144640475145
0.0019288338442909948
0.0019274746322011276
0.0019276699380777465
0.001927481299338918
0.0019361507941089468
0.0019350990536969469
0.0019336540484271886
0.0019294467558162553
0.0019277884509364125
0.001929819017282178
0.0019253354317135495
0.0019334081493141999
0.0019324071433841055
0.0019357144435495376
0.0019184754378892182
0.001924513324927702
0.001920616113199809
0.0019220615607607548
0.001924699304104185
0.0019283730685200197
0.0019275660537664565
0.0019274328789253671
0.0019274157146309658
0.0019266266938987528
0.0019249192375060055
0.001923992525350014
0.001911302802059312
0.0019105335817895446
0.00190984832041154
0.0019093615956291418
0.0019083888170758597
0.0019172716235476544
0.001916627806689009
0.0019169105395061596
0.0019162295541289382
0.0019155423998326615
0.0019145355143489321
0.0019150070672484354
0.0019132960081243281
0.0019199929276573356
0.0019197876734546977
0.0019585334250322127
0.0019565479149885453
0.0019737787656801025
0.0019724418381172294
0.001972471978945123
0.001971162454556306
0.0019683964741206545
0.0019678635880305884
0.0019658780227575024
0.0019587054572530902
0.001958872046730445
0.001958367240862506
0.001957622303130161
0.0019559871470861603
0.001954162033356837
0.001953224220494664
0.001953710560825284
0.001952934253968347
0.0019300932033734083
0.0019280852638922194
0.0019269183283427828
0.0019262390347599
0.0019257447435087004
0.0019218416809157724
0.0019208704363327537
0.0019201345173547836
0.001919430070018149
0.0019206045243680212
0.0019191606252147591
0.001916435889770831
0.0019168332255444433
0.0019164541047263163
0.0019290308464583292
0.0019291196970918998
0.0019278021633763246
0.0019278851458772333
0.0019156271813693371
0.0019143430805479602
0.0019112365565754218
0.0019103260065142145
0.0019076346344887112
0.0019033619411121222
0.0019022053768729878
0.001901655419502355
0.0019049103474598384
0.0019041882262765875
0.0019021863449055418
0.0019064991097077681
0.0019058343151742766
0.0019247653268147321
0.0019171916669286266
0.0019157628936526787
0.001914313075731996
0.0019150969154324716
0.0019138846577690513
0.0019132091998718026
0.0019131733806540766
0.0019023017197095705
0.0018934132463940241
0.0018935486229518694
0.0018925797971992048
0.0018752739176821059
0.0018745901085029358
0.0018733591462363937
0.001870908493064429
0.001875901321344883
0.0018732117921844342
0.0018707677935181747
0.0018734264744656075
0.0018726322063449593
0.0018716128072295709
0.0018705028966755643
0.0018722475631133416
0.00186809976087791
0.0018713447065409712
0.0018709908337930191
0.0018665733457604642
0.0018658817779641551
0.001860211659318421
0.0018568341100617363
0.0018560368395188363
0.0018553051158597944
0.0018621024902903264
0.0018619775244650093
0.0018608813931481048
0.0018595908754085273
0.0018589871889164334
0.0018603203361538033
0.0018607687381752426
0.0018601572862154477
0.0018605636648531703
0.0018624112452319118
0.0018607306147555747
0.001858970220481827
0.0018503524430382476
0.0018484142229604524
0.0018434790292704353
0.001849310946691721
0.001848620028608759
0.001848048005023263
0.0018479666399009971
0.001847152885825522
0.0018489335538602472
0.0018480618302709661
0.0018461521513894387
0.0018454546424261694
0.001846961481617058
0.0018498572468329624
0.0018489821383640337
0.001848320809781594
0.0018492830102653022
0.0018486627870924882
0.001848574040694104
0.0018494304085651765
0.0018497900782247544
0.0018488952176210693
0.0018503434410193907
0.0018509225449378454
0.0018473139772502947
0.0018544130765322515
0.0018539866696400985
0.0018531179010402967
0.0018502538702131128
0.0018503683648544605
0.0018506537355199029
0.0018480994590303493
0.0018467167083557978
0.0018511324753910095
0.0018484070138535392
0.001847170356091617
0.0018461560217222755
0.0018458635836372753
0.001841233282470968
0.0018400854763337808
0.001839357741578948
0.001826419224311249
0.0018345363119712647
0.0018342700084992725
0.0018337680231636463
0.0018305783913986726
0.0018302711958148692
0.0018291138485717535
0.0018282147260076573
0.0018243082901667593
0.0018257724816581786
0.0018255101271660332
0.0018243908114134685
0.0018234800183648274
0.0018227218261582614
0.0018240469443499057
0.0018245163843961616
0.0018240421689568684
0.0018232891798022131
0.001821917425057625
0.0018211088046148588
0.0018201455103042915
0.00181934988069528
0.0018181678457019007
0.001816798149804263
0.0018171119754845095
0.0018160531866335222
0.00181780862275505
0.0018172577462535768
0.0018168322370566085
0.0018156051113647322
0.0018149893394383333
0.0018058768291582495
0.001801722009844813
0.0018002242771221635
0.0018011122621414048
0.0018001471974942885
0.00179744392305379
0.0017964203221401062
0.0017958181092635277
0.0017928551675143426
0.001791915840050376
0.001791702395738198
0.001792398017086849
0.0017919200038377374
0.0017918039067433748
0.0017903124004089732
0.0017890656521298367
0.0017873264776537886
0.0017866013599408526
0.0017870570663443422
0.0017872346224179294
0.0017875433957324745
0.00178609143317224
0.0017855976218686023
0.0017882265309589406
0.0017872501760458413
0.0017864923458113019
0.001786875832171175
0.001786297471546114
0.0017858855703197485
0.0017850171734337564
0.0017559161626428347
0.001755984577732827
0.0017535923494133626
0.0017500461224721562
0.0017501001255498603
0.0017493185793190371
0.0017502111084053231
0.0017507309902529571
0.001747275726855063
0.0017465035219313275
0.0017462407750242057
0.0017459427407314034
0.0017456858249702085
0.0017444506408327528
0.0017444443759010032
0.0017302160287844892
0.0017290357602233247
0.001729942138794719
0.0017292957974768873
0.0017314385375472863
0.0017277559743230867
0.0017246945524627406
0.0017235401566876424
0.0017231256433224388
0.0017288621422811225
0.0017287843899985343
0.001728237262110991
0.0017271791384817572
0.0017233656283790132
0.0017228474448020518
0.0017250783447376333
0.0017219138008609453
0.0017215250889213252
0.0016786330493080211
0.0016783426938770944
0.0016782827257589316
0.0016811753179682375
0.0016784941044106982
0.0016779989560857962
0.001677026626059828
0.0016766375307439554
0.0016763186871214374
0.0016748150980953906
0.001685966740280154
0.0016847143156667
0.0016712337936412637
0.0016701197692104593
0.0016697985576724196
0.0016686015195920563
0.0016665215402370953
0.0016666578968406371
0.0016699339407028329
0.001669109533689035
0.0016707200964958097
0.0016699847373864945
0.0016705472059155514
0.0016694967504497368
0.0016689331638476523
0.0016669732168141315
0.0016708056144632423
0.0016715063587555098
0.0016710973223016624
0.0016709827404260006
0.0016599759154766421
0.0016596626974313996
0.001659059804737076
0.0016601930131525976
0.0016601414459067323
0.0016615118990786066
0.0016652180037802819
0.0016646604692631608
0.0016653506629826014
0.0016635860635744683
0.001662922732201253
0.0016624391926724788
0.0016616886316088405
0.0016627426745307512
0.0016631141775533794
0.0016622935077850638
0.0016615630461413761
0.0016476829982686532
0.0016418000772759377
0.001641568047072505
0.001640321431933912
0.001638756180049907
0.0016387323027302798
0.0016386127465018382
0.0016383908676450845
0.0016379373947934647
0.0016378692593434527
0.001637457468375221
0.0016356648921052811
0.0016345800885974636
0.001634423766341268
0.0016356061776088553
0.0016362047032412448
0.0016347944016642409
0.0016357258975577109
0.0016362529673511735
0.001635512326416468
0.0016342950676435455
0.0016387352561994689
0.0016390115728485912
0.0016381017055193327
0.0016371805829622377
0.001636498643416349
0.0016347266309508705
0.0016354487199037135
0.0016264747315785518
0.0016266846198607272
0.0016275096725135206
0.0016256323965065018
0.001640449426357445
0.0016388289092858824
0.0016381108199478465
0.0016385998921992068
0.001638119549011042
0.0016472204021301443
0.0016457939248789432
0.0016449448353983314
0.0016499081934574756
0.0016490884234173272
0.0016486295692173542
0.0016491580432384566
0.0016484590887928406
0.0016488248673538278
0.0016479608561706064
0.001646566633101016
0.0016438974099919304
0.001645732702943599
0.0016477217732608035
0.0016466859701423817
0.001645878747133943
0.0016452207971857208
0.001640744385309898
0.0016413207079492597
0.0016407559052532786
0.0016407623109248772
0.001641057715818459
0.0016396984659231668
0.0016421668488609726
0.0016407128872640798
0.0016381157405432627
0.0016360070483900332
0.0016364525354430244
0.0016354503991290762
0.0016348342016164474
0.001634425499902663
0.0016340494377333288
0.0016348378739223695
0.0016353433578778416
0.0016337364011964357
0.001633354879824126
0.0016330113388557056
0.0016306314752417067
0.0016307597275714112
0.0016303097548234628
0.0016259691279554994
0.0016273253758091121
0.001626861904512863
0.0016238431452693903
0.0016231694263765593
0.001621262278766837
0.0016186301587941486
0.0016182279940814837
0.0016171887540183344
0.0016112298503564847
0.001610135517507894
0.0016090039131388392
0.0016100182972172855
0.0016075917167549744
0.0016095498734618643
0.0016084553980557003
0.0016073727556382782
0.0016060699056367996
0.0016109887473937364
0.0016179842984170793
0.001619944800960246
0.0016190208955878982
0.001620407709344336
0.0016648118213669722
0.001664578300670833
0.00166279623198724
0.001661941634248386
0.0016433293422283763
0.0016424501867700965
0.0016413655163541293
0.001643554206635395
0.0016387842927104246
0.0016384871646436129
0.0016359557563474772
0.0016400807798504316
0.0016412028835475227
0.0016420285683951793
0.0016411203265007048
0.0016392567951140366
0.0016378945020004356
0.001637669909127766
0.001644137129030825
0.0016431732825638648
0.0016428885091259095
0.0016430426473457351
0.0016426930848478772
0.0016524277262285577
0.001663320805449989
0.0016629441982245808
0.0016608690859029227
0.0016577805662448745
0.001658254442925601
0.0016570251237057324
0.0016576222410006895
0.0016556275700099089
0.0016561035732741976
0.0016563813645503634
0.0016625683327334136
0.0016620835143706689
0.0016621549594917837
0.0016612726542057892
0.0016590807675428243
0.0016546080889423716
0.0016535128993887679
0.0016534666736407293
0.001642386522704478
0.0016403469295044027
0.0016349682152466513
0.0016340688266930352
0.0016340182008417832
0.0016334660194620022
0.0016342251563357727
0.001632553865364583
0.0016399120044082482
0.0016397560213797706
0.001640349084523059
0.0016381305468821737
0.0016249959901420217
0.0016245336533991083
0.0016240330200607363
0.0016214676835076668
0.0016209368918861568
0.0016199933507497558
0.0016182285301221404
0.0016247436052696624
0.0016247466020787753
0.0016303090840679368
0.0016160782689088311
0.0016157321339338353
0.0016151878704876298
0.001616992397257648
0.0016159618284757524
0.0016143584858982
0.001613648549486341
0.0016134686990509478
0.001614864280804829
0.001612497230177868
0.0016134076712198322
0.001616277656961387
0.0016161579878169324
0.0016160366213322467
0.0016142585812453484
0.0016152577666588654
0.00161579395502178
0.0016143256839696886
0.0016144110880393545
0.0016167641773643408
0.0016157614668209108
0.0016161273347781498
0.0016150332660771606
0.001615406993563906
0.0016149874423078835
0.0016145590477060268
0.001614610121665522
0.001619365489340972
0.0016201073689876618
0.001619610247722171
0.0016190153198299285
0.0016180382517481534
0.001618502928452882
0.0016157696998195577
0.0016161350939766822
0.0016164812727714154
0.0016171583528458485
0.0016170028621110878
0.001623656665926944
0.0016244426348792816
0.0016238674114523062
0.0016269866609995944
0.001625929154937528
0.0016313049554707202
0.001630809205920204
0.001630138688438779
0.001628979167675023
0.0016254822319009292
0.0016250177185560266
0.0016245413899650316
0.0016230685359366246
0.0016244561483227849
0.0016239953937494593
0.0016239440250917505
0.0016236517807229906
0.0016233497888399923
0.001628262108823216
0.0016265211168887577
0.0016259010041739972
0.001625779808335574
0.0016236435123444563
0.0016244529909798112
0.0016236814470262826
0.0016235206217643044
0.0016215346049635977
0.0016214243975118162
0.001620247561073553
0.001617469641585675
0.0016160268616797673
0.0016175079180535692
0.0016094226243524488
0.00160818998996672
0.0016059791339653631
0.001604529848245364
0.001603969090718427
0.0016029721527589282
0.0016033787623764143
0.001601639680778065
0.0015861245183018823
0.001583875749014837
0.0015809330803402927
0.001580650129890356
0.0015796894477966457
0.0015797376339156974
0.0015791275587237292
0.001588044979848572
0.0015874577307771873
0.001587325241116301
0.0015872184553423331
0.0015857999415861224
0.0015765868730901267
0.00157416913410895
0.0015710090086596808
0.0015703000209840552
0.001569770439797403
0.0015697305260636131
0.0015689363972747178
0.0015680321301300756
0.0015671634471847286
0.0015678422361066905
0.001566036498349492
0.001564044767033677
0.0015624927363759946
0.001562204162545549
0.00156167887731771
0.0015615923156377365
0.0015616957142136267
0.001560764508718088
0.0015603582251304806
0.001559899802393265
0.001558980418789531
0.0015583627463462482
0.0015627315573364248
0.0015640517048262754
0.0015709741394087312
0.001570303559715521
0.0015699270080421046
0.001569162363784548
0.0015693548266914026
0.00156923987935186
0.0015682206266279402
0.0015679888590829077
0.0015679292418333312
0.0015677411511962897
0.0015681056569869774
0.0015676037623072942
0.0015660793431813529
0.0015656670033328303
0.001569703468788667
0.0015678634124021333
0.0015674719241037679
0.0015668218891653548
0.0015667757329914241
0.0015667065151384128
0.0015640555496966805
0.0015655515339984254
0.0015629958899357635
0.00156296376169095
0.0015697829081970753
0.0015693426688102757
0.0015685053601658962
0.001568303480930362
0.0015689743715882802
0.0015700030209588006
0.0015697171644981263
0.001568035020676715
0.0015682202739053495
0.00156715166019027
0.0015667351827067552
0.0015662536925148641
0.0015656143175891508
0.0015653375200680303
0.0015639203486748072
0.0015621989676226178
0.0015633360579785985
0.001564500625313342
0.001564635906537249
0.001565087181811843
0.0015654872707063403
0.0015649251724294115
0.0015672793754745692
0.0015574956779661993
0.001556628133467975
0.0015559308233637538
0.0015551487305645274
0.0015575410614409946
0.0015677317781565541
0.0015673565192091917
0.0015665548484098475
0.001566346941811942
0.0015658558171698577
0.0015653606042687366
0.0015644280665631097
0.0015632873123358334
0.001563638136920576
0.001562477004405542
0.0015617911805470759
0.0015619894142359383
0.0015612145701007253
0.0015652528213463393
0.0015644701576675688
0.001564353292097343
0.0015626601631358115
0.0015622024956780576
0.0015621072250993364
0.0015617088407760137
0.0015617007639848971
0.0015611473407431368
0.0015608921485848447
0.0015623657725922252
0.0015613672036169852
0.0015608270791032815
0.001560209909731903
0.0015601419690094388
0.0015602664384516238
0.0015599096652967241
0.0015596543580423843
0.0015753465210899295
0.0015751432214337888
0.0015743899289260884
0.0015738294367720453
0.0015733064342893011
0.001589789031900495
0.0015889897036486128
0.0015891283469594956
0.001595041885395972
0.0015920197332848858
0.001591976745994915
0.0015899554555207029
0.001592904048316019
0.0015964710081191795
0.0015956113225375588
0.001595218774375762
0.0015904257860378116
0.0015927524411492435
0.001592460612621749
0.0015908649314168367
0.0015904726382274042
0.0015904099158349707
0.0015897356087194402
0.001592848486080195
0.0015916139032764402
0.0015914678959210629
0.0015916717774852405
0.0015912844315198375
0.0015871468210662749
0.0015869796121900574
0.0015865101492440923
0.0015860062832603447
0.0015856914395735763
0.0015867753292843837
0.0015873490986595342
0.0015888670760097995
0.0015879379452695905
0.001590035526180023
0.0015850213923929908
0.001584705151068082
0.0015841531584147332
0.0015823451894862001
0.001581927400143351
0.0015815189996350129
0.0015815554754586895
0.0015814990454302506
0.0015817052802673916
0.0015850565777816245
0.0015972116610548101
0.0015965815230137995
0.0015960750909104838
0.0015947225907539558
0.0015946106756015224
0.0015940814139448877
0.0015937123278513383
0.0015930876272775047
0.0015930908142628463
0.0015921971573810922
0.0015726198441248214
0.0015721993781572306
0.0015712664696958404
0.001570444137774685
0.0015709458921145515
0.0015709004537607086
0.0015704059628926601
0.0015687873101057385
0.001567757509635919
0.001567644773682639
0.0015681187620999722
0.0015675170171482568
0.0015665562892646667
0.0015660998111895576
0.0015657352957443003
0.0015659315017946057
0.0015624970715923305
0.0015637554866805878
0.0015640537128863658
0.0015639399179433063
0.001567471822442674
0.001567002030890281
0.001566350579773806
0.0015631599645100941
0.0015655325263088365
0.0015654624254248294
0.0015651870529722394
0.001566492337246136
0.0015659726303455153
0.0015667468754671707
0.0015649041828192385
0.0015652843223042691
0.001565150733233787
0.0015655115671558688
0.0015638138356504551
0.0015645265953311096
0.0015654446940567336
0.001564324562130863
0.001564463111402098
0.0015661518921532638
0.001566186646697511
0.0015634588907084378
0.0015669694312035838
0.0015659521643034842
0.0013773323094951756
0.0013784967855583405
0.0013780742513937808
0.0013770681599703015
0.0013755443890139107
0.0013755658830063616
0.001375336732526494
0.0013758512207407588
0.0013755301751222073
0.001402198912488092
0.0014035001294147292
0.001402570615625354
0.001399265240561691
0.0013983810976431026
0.0013983493562914715
0.0013997337208529737
0.001392775539062938
0.0013859057365623463
0.001386914620776495
0.0013895082944455012
0.0013889169841739607
0.0013954831325187467
0.0013954357576217611
0.0013996035228560039
0.001399790094015814
0.0014070510859388963
0.0014065245025304297
0.0013568285082357725
0.0013543982417938498
0.0013538167852416945
0.001351395210154426
0.0013595119066835094
0.0013576683985408143
0.0013562147348693562
0.0013556733337640218
0.0013554830176081454
0.0013554273395921387
0.001355714918276371
0.0013545682050368382
0.0013546400780161964
0.0013549802382262477
0.0013543166453036952
0.0013563987373831669
0.0013556687577030674
0.001355436013656421
0.0013523922182640902
0.001351927616754856
0.0013515878107245045
0.0013505261281594324
0.0013483843639873387
0.0013484361645176345
0.0013479453124467858
0.0013490694598030809
0.0013489798484070056
0.0013478018268868398
0.0013473815140021936
0.0013479736557480072
0.0013429486037805738
0.001342160251398136
0.001342296231286554
0.0013400926754356577
0.0013418219097646512
0.0013415568492583325
0.0013447713683203105
0.0013448437289606706
0.0013445031820087908
0.0013440264823842468
0.0013445205971178448
0.0013394343929229089
0.0013365462601036611
0.001336575121862411
0.0013392077871022753
0.0013385060887973234
0.00133798686590721
0.0013385484643513533
0.001334553217918298
0.001334547855567548
0.001334026808855116
0.001333907253780416
0.0013335346557365915
0.001337896446664843
0.0013378532241802934
0.0013392278422657544
0.0013390953741282637
0.0013379150993153017
0.0013378952216069875
0.0013393061246171369
0.001338504403635223
0.0013306502762000087
0.0013303712040090806
0.0013299158478323136
0.0013297181663922508
0.0013264811257372932
0.0013256216992618228
0.0013269559325274902
0.0013271553969886483
0.0013276102246920247
0.0013281130028149981
0.0013291669182530562
0.0013289042973210067
0.0013287195828013338
0.0013288317024295834
0.0013293866082436322
0.0013434453519976703
0.001342718106524952
0.001347180500332663
0.0013468808786075664
0.0013458539790306024
0.0013436746824411012
0.0013417862299895651
0.0013332198055860608
0.0013314593587798007
0.001331100321002174
0.001331693427441568
0.0013313448335868085
0.0013322809070898652
0.0013319722350784915
0.0013335633196394372
0.0013338326063988592
0.001335476480770232
0.0013349122226959593
0.0013343494303953872
0.0013343799329677943
0.0013333692776914489
0.0013368740578127963
0.0013370035950823196
0.0013476524418514595
0.0013465089791655088
0.0013467905053292828
0.0013459179819809602
0.0013485406644757009
0.0013484489130316496
0.0013484941027860323
0.0013586499399455294
0.0013583243916882978
0.001357975833710951
0.0013578640706813042
0.0013580823943849438
0.0013562730195154178
0.001356159749008553
0.0013551444930800427
0.0013547700820033758
0.0013577258754543253
0.0013669366582332494
0.0013692203247387185
0.001371105810594073
0.001370507947103377
0.001369632444283672
0.0013727445732520341
0.001372311125794143
0.001374731048919625
0.0013774106219312347
0.0013737425692777062
0.0013735610372975094
0.0013732413311601775
0.0013747765711053796
0.0013744691020437314
0.0013771049772111966
0.001370117891852524
0.0013663301209302118
0.0013665415377200304
0.0013671199503798674
0.001367351164534245
0.0013662439002651084
0.001364465467473411
0.0013639626438834253
0.0013633463139293654
0.0013713076475928062
0.0013709011742288593
0.0013706081145020887
0.0013704667787989401
0.0013709006338721757
0.001370346257214073
0.0013688150493191631
0.0013684778212323767
0.0013680179368037392
0.001367182959709732
0.0013668016856681626
0.0013699387375561021
0.0013700165907322372
0.0013662475955792468
0.0013677488971149399
0.0013610356911816063
0.0013608860096406834
0.0013615882879422945
0.0013595032741660438
0.0013585188818909647
0.0013593920147030039
0.0013533252506320312
0.0013583525093754337
0.0013485605832985234
0.0013492952111554032
0.0013440249993011107
0.001343016804958098
0.0013425679383903876
0.0013423696743791146
0.001344799319827091
0.0013445138497169683
0.0013461662457495997
0.0013454448182017513
0.0013451244939932504
0.001344016009786138
0.001344661597894894
0.001343671047516588
0.0013436507689271896
0.0013417403811978434
0.001340589925775848
0.001339180575191675
0.0013375390405934834
0.0013385843927733235
0.0013377901067735667
0.0013364016758359186
0.0013340697426785072
0.001340648213947953
0.0013408184919132355
0.0013400911658090374
0.0013396328428693664
0.001339549157780719
0.001342823464282672
0.001342819748387881
0.0013425023465135735
0.0013421832248132677
0.0013400916164510196
0.0013393360980683202
0.00133983286928268
0.001339905259716841
0.0013395800905005837
0.0013390653577418183
0.0013388304002866789
0.001337764120899707
0.001318879281735009
0.001318796520281853
0.0013170055771120626
0.001313489048255126
0.0013132569075797948
0.0013073436950295206
0.0013109368353335083
0.001313739211852679
0.001311270605366136
0.0013130150965265212
0.0013127861658201536
0.0013123261987878765
0.001312500387348831
0.0013132333016012637
0.0013130921789220797
0.0013137867153275532
0.001313464515511552
0.0013125944863446141
0.0013122444106674132
0.0013215135393510177
0.0013205447789830782
0.0013270534349252017
0.0013280524956835202
0.001328000912936974
0.0013273829778571676
0.00132656095733026
0.0013278444240488127
0.0013275390946839657
0.001327007118267107
0.0013252868643355896
0.0013232081784556923
0.001321445729144925
0.0013201237046510694
0.0013195504242113605
0.0013189064211373315
0.0013183018004775705
0.0013158209599843167
0.0013160867442330788
0.0013147583052025766
0.0013161059548583934
0.0013527391161837893
0.0013517442233760785
0.0013492037820741058
0.001348741634973163
0.0013485725106461809
0.0013484409399685455
0.0013474952619789904
0.0013466969934582949
0.0013463530138891752
0.001344574401808051
0.001344198468798058
0.001342722503726599
0.0013417494664442152
0.0013413874635138
0.0013426281379779058
0.0013439979251740537
0.0013440034734187533
0.0013439840468587047
0.0013436055085809628
0.0013525748829642406
0.0013517620300773328
0.0013580734185633118
0.0013587841998382913
0.0013587932964036417
0.0013583343067960138
0.0013579794443427497
0.001376814776905394
0.0013764805667650039
0.0013751442216103733
0.0013748053793853484
0.0013746626085249618
0.0013736395788106744
0.0013728820708845332
0.0013735670393410174
0.0013469834535306258
0.001346569950846174
0.0013504514975303916
0.0013489335596224292
0.0013535351913967581
0.0013525010195438152
0.0013550205069485716
0.0013549080719219772
0.0013540817997458345
0.0013597402753151703
0.0013594954882384946
0.0013594731100400653
0.0013600083254848435
0.0013611407711470655
0.0013670782933483173
0.0013640709610812573
0.0013665974821695161
0.0013659878690317577
0.0013673459385298934
0.0013552103494556685
0.001353833231087748
0.0013609817214287345
0.0013619488851258294
0.0013700864849856922
0.0013695793403628181
0.0013615688701005323
0.0013615431449264571
0.0013575733175365022
0.001357377721463448
0.0013573347046102373
0.0013574852382225912
0.0013571622740247262
0.001353843320617511
0.0013541259182274445
0.0013539045614325094
0.001351253987646235
0.0013514664299945404
0.001351486385623713
0.0013435364586176118
0.0013462613990769682
0.0013314627918118987
0.001333490533435
0.0013330936939698155
0.0013328584765590842
0.0013322538854541061
0.0013324083699855387
0.0013320309263732601
0.0013309861887845094
0.0013307874691929772
0.0013330763869910055
0.0013343223807766348
0.0013358025103661125
0.0013426747216617218
0.0013415914147208163
0.001341154380638117
0.0013408724488228046
0.001340349083373933
0.0013335815099207145
0.0013321225190179747
0.0013323039338847256
0.001332770506658547
0.001332221554741209
0.0013319267325427027
0.0013304552822888784
0.001325543124122388
0.0013337244012655422
0.001333399471028049
0.0013307388320072681
0.0013439183327788311
0.0013421022983981623
0.0013418383080410073
0.0013426375613672331
0.001342101323436204
0.0013416477955199098
0.0013417003694408225
0.0013415457019380257
0.0013373792276391975
0.0013367698909423549
0.0013087635275066335
0.001308052958450224
0.001322169322574794
0.0013205794231860829
0.0013243591248569277
0.0013246241949368247
0.0013285665537619796
0.0013268660106038907
0.0013257566187915735
0.001327205930828917
0.001324132681075345
0.0013234621831338964
0.0013236802394084285
0.0013187659061953184
0.0013176001083655326
0.001317483235964969
0.0013169324277496632
0.001317602257437823
0.0013180071852006317
0.001317576537705195
0.0013177653767216758
0.0013164922498796012
0.0013157804505031822
0.001317678745986795
0.0013163502458004117
0.0013155236350452394
0.0013239343889626292
0.0013233482726407355
0.0013222597211953928
0.0013211195467834834
0.0013207686998269392
0.0013223311938641766
0.0013219689499552518
0.0013215639301366708
0.0013223651940297305
0.001322018448979026
0.0013220274148095618
0.0013212129843199775
0.001321438274057551
0.0013199170425904159
0.001319780736464873
0.0013188985884290553
0.0013185369042459868
0.0013208477296591252
0.001323152176961637
0.0013258091649029824
0.0013237240627350644
0.0013226137441858152
0.0013230663439279774
0.0013228539722464408
0.0013225529052229544
0.0013224689611433871
0.0013219887715124105
0.001321394394468172
0.0013205170679105303
0.0013201199618993933
0.0013203094450920565
0.0013204305547737775
0.001319644027681957
0.0013183354998507536
0.0013185574433969263
0.0013179348330625775
0.0013142842111191278
0.001313709722087805
0.0013153418525079954
0.0013138195826803308
0.001313307219356862
0.0013109153089741834
0.0013102961298731145
0.0013096551852388662
0.00130892842939906
0.0013094405185447569
0.001309158944316967
0.0013086007818093818
0.0013079640223522691
0.00130800639141309
0.0013079675437214164
0.0013078723255187745
0.0013076909216009258
0.0013071817541307174
0.0013080212397482
0.0013070112352679825
0.00130585852617851
0.0013040913195625304
0.001303519887020098
0.0013030145700397033
0.0013063983943772863
0.0013053869469800664
0.0013044871918590135
0.0013047904117996837
0.0013022209608838165
0.0013030324471611286
0.0012986535105215175
0.0012969684590006447
0.0012973375210003555
0.0012976412603810893
0.0012967425148840473
0.0012949882835823468
0.0012949794521489792
0.0012947181699487697
0.0012934418241233954
0.001293807393345585
0.0012932013315807656
0.0012908592474975954
0.0012899878796581229
0.0013555580227582902
0.0013539139329392972
0.0013550663748230897
0.0013548139761540862
0.0013544861134582064
0.0013531367555492204
0.0013529052441766602
0.0013528758542985053
0.001352580715998593
0.0013498710065294
0.0013492161820157214
0.001348501474883509
0.0013442811430851632
0.0013441895865745647
0.0013432676600421867
0.001343574318771897
0.0013415748457300555
0.001347307885085519
0.0013467344019495607
0.0013468423888583286
0.0013459033262166137
0.0013474311408312395
0.001347453546398745
0.001350639897716577
0.0013492328235652205
0.0013484612935757126
0.001347803047550493
0.0013460679362869892
0.0013457566388146063
0.0013452807222239416
0.0013435330467036777
0.0013420582517570132
0.0013412045424625763
0.0013413894840266386
0.001341900375004562
0.0013382873832851834
0.001337865242404038
0.0013374596419630572
0.001337267881070124
0.00133732502530622
0.001341048854126113
0.0013408722499265678
0.001340457236362151
0.0013397155232360415
0.0013398607530903798
0.0013400215026892234
0.0013406631384134168
0.0013400286069139512
0.0013396596926998228
0.0013395096175637864
0.0013394243206483534
0.0013385503791919842
0.0013375855165588181
0.0013376278619931063
0.0013286662775850529
0.0013286031266069435
0.0013289213911618848
0.0013293266180643907
0.0013289504534839134
0.001327823063946127
0.0013288429463809066
0.0013283912980828984
0.0013257147739213044
0.0013256873548026587
0.0013287643186030368
0.0013303612612724513
0.001335577648451266
0.0013341493832935828
0.0013358360695320615
0.0013361132950801171
0.0013364691449012892
0.0013359038486141929
0.001332827847161551
0.0013169018200733587
0.0013168251872364707
0.0013175434376720007
0.0013178046207226078
0.0013153947910014108
0.0013151202199211992
0.0013133269394468732
0.0013137658612350674
0.0013134329821162885
0.0013130767525236472
0.0013130598198288442
0.001313211520922245
0.0013134233616538995
0.0013330596383459255
0.00132566434662167
0.0013218680574734814
0.0013207919583987995
0.0013256794468429504
0.0013247754566667307
0.0013247025832073826
0.001324423344838639
0.0013266342721443077
0.0013245503676547904
0.0013251730838586822
0.0013150289600277496
0.001314656636237209
0.001313810698158835
0.001313633346394642
0.00131390446864115
0.0013132752590311561
0.001313087582377731
0.0013142546611444436
0.0013141425208547284
0.001313534157966292
0.0013151847722002077
0.001315510351470146
0.0013175797562984528
0.0013172230510182846
0.0013198094699860491
0.001319368309115559
0.0013326467773348949
0.0013321993406174603
0.0013313563019002356
0.0013242117828182799
0.0013205525908427222
0.0013206792726447314
0.0013160245198074391
0.0013158315611787232
0.0013156379910227577
0.0013087960441480096
0.0013085054193370266
0.0013081010920932366
0.0013069326223950472
0.0013093981998122592
0.0013090953888307312
0.0013089393095662737
0.0013087681006619775
0.0013081537203583436
0.0013080197689707847
0.001305844268797983
0.0013041890101251064
0.0013035360796017133
0.0013042029286357475
0.001304917560280904
0.0013045429116867741
0.0013039564044251915
0.0013000094155186815
0.0012998670336627186
0.0012994654960767008
0.0012991283892570813
0.0012994813326157905
0.001299975502364796
0.0013109479311102857
0.001310215320575625
0.0013109122536896485
0.0013075748606362404
0.0013083329712158863
0.0013073651607421923
0.0013037101093843516
0.0013052671160296745
0.0013099995518454396
0.0013097075421557162
0.0013108542158343313
0.001310653863141294
0.0013103452931900153
0.001311583545177138
0.0013107899094472084
0.0013105611000513915
0.0013089924920492984
0.0013014735207489876
0.0013010341115310387
0.001300275914763726
0.0012995180177291735
0.0012988057587181043
0.0012988238892691142
0.0013006871339707963
0.0013006957558787714
0.0013004107072181
0.0013001172296422104
0.0013015950561872276
0.001298553966009305
0.0012921936114455616
0.0012928294940488705
0.0012926945700345888
0.0012920151965988952
0.001291110265060857
0.0012897745544513373
0.0012899726855236987
0.001289243504267737
0.001289373270436906
0.0012891348652284934
0.0012889189200790878
0.0012871523779699361
0.0012886827872894936
0.001287677943973092
0.0012869792641379142
0.0012867098327064017
0.0012837752880513033
0.0012848242556279489
0.0012845184714600133
0.0012855893592209925
0.0012860067061376485
0.0012842779778222259
0.001284194543147717
0.0012832656452183091
0.0012828026733619797
0.0012874731821377518
0.0012878791492358323
0.001284340318726408
0.0012841049279168563
0.0012830661005662537
0.001283439847524836
0.0012847982771800033
0.0012841512882570678
0.001307538689950453
0.0013070775354968494
0.0013067784084622005
0.0013063380074376585
0.0013083225277108364
0.0013068308611255126
0.0013073035402782417
0.0013067044798864764
0.0013023023659511394
0.0013009406391419772
0.001301071289311985
0.0013007783628392999
0.001300868401717863
0.0013019205461330633
0.0013010042611032626
0.0013001931255595262
0.0013008395114125569
0.001300602963664369
0.0012997577283928921
0.0012943614715565203
0.0012985300334739088
0.001298566194794225
0.0013000837543888522
0.001299666772827344
0.0012991979331749134
0.0012989317360975325
0.0012987228064852581
0.0012997495565687416
0.001300417000552024
0.0013053061677551314
0.0012989767799033184
0.0013000123276446438
0.0012995851603001844
0.0012988909499799515
0.0012983146182262736
0.0013066940796148123
0.0013134426088255316
0.0013126353375846056
0.0013120614495290954
0.0013109858568480898
0.001310105305536067
0.0013098765358275013
0.0013094468121926449
0.0013092976437459956
0.0013108805182486638
0.0013109477231535703
0.0013088149979380802
0.001311513060550414
0.001311127911509812
0.0013108941573219247
0.001310872106126679
0.001310923166516222
0.0013104974211805669
0.001310819675711434
0.0013105935575105237
0.0013115790134197967
0.001311279592589784
0.0013139255062331
0.0013135407731025004
0.001315164340461222
0.0013141324673615253
0.0013080885925246706
0.0013073466604834351
0.0013063392305821746
0.0013071823506048792
0.001307093708287368
0.0013067130704142455
0.0013064090767357383
0.0013064713673620026
0.0013061530683039278
0.0013052562188374537
0.0013049231882562861
0.0013050692046575486
0.0013046626982785388
0.0013024187945407078
0.0013036535866520816
0.0013027116779700811
0.0013035079424499967
0.0013029349859287188
0.0013000786785000993
0.0012971071169781015
0.0012987110118782496
0.0012980948357762445
0.001300906718775178
0.0012982344252287675
0.0012977436830392927
0.0012968689925412621
0.0012996319597076396
0.0012934856289998058
0.001292913153149035
0.001292064825139959
0.0012914196353033265
0.0012909248473413572
0.0012899136734541422
0.001289557703684524
0.0012892550176841107
0.0012889149602723243
0.0012900536545008188
0.0012890754647316204
0.0012881209793906417
0.0012872073104175164
0.0012861137955424025
0.0012867617852147723
0.0012846544598583887
0.0012834002684234693
0.0012830062745815664
0.0012825575286876194
0.001282893364204129
0.001281363492587096
0.0012818859301080648
0.001292489025064034
0.00129122852960327
0.0012906675754712166
0.0012902407427347819
0.0012893696346868591
0.0012886877525571004
0.0012885191851907565
0.0012882270813912593
0.0012884218082565018
0.00129896449951998
0.0012983438922732863
0.001298242638742862
0.0012950645678173722
0.0012954830925896717
0.0012949879588127625
0.0012948924172790691
0.0012958737509308341
0.0012956950523533499
0.001295380168760257
0.001294875664627811
0.0012946479092002772
0.0012946892029904909
0.0012942998138756334
0.0012927704068930632
0.0012921727248249668
0.001291761265323232
0.0012914809788553392
0.0012910977819719262
0.0012904620526151232
0.001289040909063259
0.0012885720746045853
