0.06258636713027954
0.042188533426572875
0.028145677759312093
0.023674162942916157
0.019341832608915865
0.01686686490263258
0.015201180387521164
0.01359622347323845
0.012450239469762894
0.011313868260582572
0.010253994558297565
0.008970003026591329
0.008664820898307623
0.007593593364193417
0.007214458766611644
0.006725765468539015
0.0063781452869686
0.006079405245959367
0.005717156454920769
0.0065020210153999775
0.006224061015845192
0.006066385345310783
0.005705333763520079
0.005454823966138065
0.005224109031797315
0.004930941978710945
0.00484242127692726
0.004760399601293792
0.004779646014018605
0.0044836636535042235
0.004321994947531493
0.0041993652279912076
0.003942464577609345
0.0035422830343512556
0.004056288307765499
0.003948936325016533
0.004033572038583532
0.0038913810123444707
0.0037495980282983513
0.0037021590634561488
0.004460950427441969
0.004310730916142009
0.004214473585472495
0.004481753094619812
0.004390862034716004
0.004275931962648098
0.0036798871644047396
0.0036119337210595605
0.0034931101983238454
0.0035323396870950855
0.003503180875318669
0.0034331054664777025
0.0033349764404798994
0.0032731000589344378
0.003274692704897979
0.0031188855341098476
0.003130781412217964
0.003068191242148758
0.002870794934885147
0.002802908237471021
0.002534815005234237
0.002228195867838431
0.0020845663603949985
0.002026408210580342
0.002181948333820784
0.00210242075752206
0.002062504589048328
0.00206162720976441
0.0020667161111694934
0.0021221438853412803
0.001526535280188705
0.001516410045278709
0.0015039863317577158
0.0014288868507719577
0.0014404184798638034
0.001340021306815912
0.0013247349226544291
0.0013070922748139992
0.0012579390700011553
0.001403625126885691
0.0014318936858815974
0.0014086968037727585
0.001348249068975009
0.0008561997161664546
0.0008008930011318039
0.0007723133226397603
0.0008076928796237373
0.0004507681111094862
0.0003893972278294501
0.0004201682629402723
0.00042255633485657735
0.00039259816455136426
0.0003892990886363772
0.0004274479855666855
0.00045316693353924945
0.0005354284646845237
0.0005046761178498249
0.0004927559992835863
0.00046537175141565844
0.00020566209523977663
0.0002039678146698564
0.00021152915688767203
4.024396527641281e-05
1.4114119403528745e-05
8.409782341639571e-05
0.00017534757897129307
0.00018550339700595825
0.00018550362871850752
0.00016890966170731906
0.0001346252876074831
0.0001290649286472336
0.00020310267157269435
0.0006470285906081624
0.0006624622463435936
0.0006327840273397973
0.0006155323896494398
0.0005768160642173045
0.0008453478276198368
0.0009160902652486878
0.0009079743783429355
0.0009028646047346353
0.0009238697147508884
0.0009319609941866787
0.001069817764509934
0.0010619146548075747
0.0011447271308426253
0.0012726226084964756
0.0012942806079504505
0.001281844454542106
0.0012698544526249624
0.001154339248166775
0.001165606536916929
0.0011558013736533597
0.0011665626126664888
0.001163241241556533
0.001152528494664035
0.0006300284148365133
0.0005769324896705539
0.0006077982125134428
0.000721065608810563
0.0007166693909491343
0.0006817590840217008
0.00035556771626943265
0.0003547065351901019
0.00038770380915718183
0.00045873448443733565
0.0004722593827397281
0.0004441688678031245
0.00044451748472056237
0.00038977757556747764
0.00039352120673260844
0.000724480354108807
0.0006526938355440873
0.0007461520819267577
0.0009778313559740443
0.0010201319951395743
0.0010047947229096165
0.001206896535668934
0.001171725678295842
0.0014348699643384362
0.001431449534406347
0.0014405517956828319
0.001446826637109596
0.001322515685134214
0.0013803597296400871
0.0014778523726202682
0.0014605892414086454
0.001405630150705523
0.001367000578294905
0.0014079571948798603
0.0014611727148676856
0.0015161625257066737
0.001470844216061683
0.0017140998241042579
0.0017832281170574948
0.0017527286623065922
0.0017411172016948229
0.0017351353480939112
0.0017242305268963612
0.0017154480945926736
0.0016075056264126429
0.001674434385185137
0.001641735347260217
0.002749479696747683
0.0028834758784953046
0.002869795390349043
0.003434051660502867
0.0034214173463710936
0.0036067181144684773
0.0035805291733085865
0.0035701221198678468
0.003560571305230899
0.0035572895365326117
0.003527998328485036
0.0035694973527026783
0.0035639855961405744
0.0035599295080846966
0.003618144627987236
0.0036038435818409194
0.0035404734860017394
0.0035631362874176706
0.0035539915056665783
0.003506410014725749
0.0035483611625883294
0.0035325032660640998
0.003526002138461929
0.003479295183157004
0.003519591702874939
0.0035032977232601426
0.003487645390313019
0.0034676981384727007
0.0034507823163633096
0.00343191646552611
0.003502616886391987
0.0034884961616828357
0.003507294080683947
0.0034784040001069882
0.0033396691719208824
0.0033264176653160994
0.0033019198096113397
0.003280423566687754
0.003106258443908844
0.0030774062509603298
0.003070054214428335
0.0030740786586752667
0.003038395172384279
0.0030344707159983644
0.0030096926852284456
0.002996168753831982
0.0029666924177181664
0.0029458429856370873
0.0028904157789944192
0.002883192409521704
0.0028781656235607567
0.002851680215179055
0.0030295185937621355
0.0030275469337027044
0.003016254393400666
0.0030373986890784494
0.0030403430508732267
0.0031831094156962747
0.0033841932668466105
0.0033819451405999327
0.003171546902888864
0.003122839593307004
0.0031025842469204917
0.0030874484409064134
0.0029740682637412943
0.0029495452943083364
0.0029504078227771072
0.0027948053877827035
0.0027757971089992675
0.0027636134200722555
0.0027425914852453083
0.00249191337164234
0.0025053672843392124
0.00249650488229574
0.002446000752405355
0.002441656273871418
0.0024133056390888263
0.00248213223573678
0.002422957422200479
0.0023689843202109014
0.0023278636221152308
0.0023938360325810484
0.002344328229524211
0.0023584696147410608
0.0023557011252124172
0.0023349984268996333
0.002331982694964253
0.002320825737141979
0.0022172955542663375
0.0022067480585310547
0.002188102275540587
0.002174355370816952
0.002160720647606261
0.0021667767020301285
0.0019345009037534256
0.0019271052752498825
0.001981985650268289
0.001974266355409137
0.0019532236027748943
0.0019266480413393837
0.0019096429780658686
0.0018460603109147762
0.0018098652113615608
0.001806178387924876
0.0018266257385098524
0.0018245934085480892
0.0016758865847092696
0.001673477534620349
0.0017924188358763656
0.0018168663921883591
0.0018108738004969896
0.001809479060579474
0.0018649265970060722
0.0018583215815735899
0.0018490779502552868
0.0018501308031894348
0.0018358377018137808
0.0018359851137635115
0.001835796429101177
0.0018433768789356314
0.0018824832394888982
0.0018293967266657224
0.001784695185276685
0.0017576579237404035
0.001732755803830303
0.001726158523313409
0.0017293175968831531
0.0017353271001784621
0.0017378388569712984
0.0017280889454471613
0.0017261823499991036
0.0017491186965712653
0.0017511426723514083
0.0017451475582017102
0.0017120088882378289
0.0017684795174545806
0.00175949235710499
0.0017567299635076155
0.0017808266392458116
0.0017789737505805587
0.0017544359381785266
0.00172774980614334
0.0017532247560504983
0.0017420395339596754
0.0017379619802200062
0.0017487483198982037
0.0016696441714313197
0.0016551109127314974
0.0015879069279864306
0.0015635493918000323
0.0015629552104275805
0.0015458484296383788
0.0015997609465967838
0.0015969601420924339
0.0016701330279405673
0.0016682649206974452
0.0016620306146771192
0.0016551503295030201
0.0016599030773104145
0.0016423047508248795
0.0016373557393123616
0.0017754081357615355
0.0017755298623192846
0.0017731241442488265
0.0017772535356717321
0.001773051440686686
0.0017471172074441392
0.0017511139694968076
0.0017847283078179824
0.00177658541765775
0.001763540896374739
0.0017668705410430318
0.0019596041352737564
0.002000712721733612
0.001988098802065904
0.001977419452972148
0.0019460566700192708
0.001947860162193374
0.0019270218993171849
0.0019202873175415266
0.0019153633657069432
0.0018128005008566604
0.0018162156912751627
0.0018149519858762571
0.0018196356169326387
0.0018031115409079628
0.0018091622526144593
0.001816190380341923
0.00181247557629441
0.0018001481298135311
0.0017856141013520147
0.0017718604421656408
0.0018162784650938805
0.0018344775672683863
0.0018122208786452258
0.0017919825458719918
0.0018047638296256917
0.0017966727601936882
0.001784148547741707
0.0017881162598124925
0.0017810703206666769
0.0017762893161008381
0.0017866325265446976
0.0017517403028944397
0.001712333993391603
0.0017281720421100872
0.0017011374279590503
0.0016973692566594131
0.0016993961170562789
0.0016978793272049504
0.001696211593321383
0.0016921523822406236
0.0016585659724029757
0.0016452997131170776
0.0016379300085142053
0.0016409149754690587
0.0016457902406126913
0.0016405606302169185
0.0016365077461895387
0.0016347606093890725
0.0016825775093079918
0.0014542204304153821
0.0014025228348957064
0.0013821434632857327
0.0013860098011509911
0.0013808245884564061
0.0014107533008069213
0.001406879947998038
0.0014065443164994254
0.0014088557276198213
0.0014018359724838974
0.0013947906063899252
0.001401611909945048
0.0013920580290447864
0.0014720861046024322
0.001441457609464469
0.0015268171475517208
0.0015123847562566468
0.0014934710032721077
0.0014570297582806983
0.0014514926225563287
0.0014497864038856725
0.0013803649990968248
0.0013772632219030618
0.0013763981258091218
0.0013652587422172445
0.0013619346436171997
0.0013424311262295098
0.0013394183048741311
0.001357277171772932
0.0013632841771883328
0.0013652788245195513
0.0013880707921012185
0.0013860969674456157
0.0013798623943978763
0.001374671660828012
0.0013787048990463898
0.001378935765140801
0.0013775054891170659
0.0013782051042850263
0.0013793464469804499
0.00137504924076579
0.0013628477891591965
0.0013715570518603008
0.0013766308134058197
0.0013705257016893783
0.001367884845633685
0.001385576611551388
0.0013944280389262048
0.0013916294977603793
0.0013825542867570027
0.0013803050237983002
0.001371573511437468
0.00136949930336366
0.001366365321247112
0.0013596389652419654
0.0013475748141831062
0.0013502332231912306
0.0013435181377334398
0.0013204066683164424
0.0011848933616420254
0.0012219522466326968
0.0012377236834345824
0.0012466513253457379
0.0012455948709839406
0.0012403874899238406
0.001112429842676902
0.0011282638152822027
0.0005580003299919226
0.0005504475356772725
0.000642552557003096
0.0005534243692109309
0.0005494292986965336
0.0005755899565050348
0.0005752237152810341
0.0005438371496287193
0.0005407825915209209
0.0006138596851178212
0.0006155369284923821
0.000595707378056995
0.0005933922331734587
0.0005992531806430317
0.0005962686499715082
0.0005994728980426098
0.0005876977379771389
0.0005945757193293668
0.0005892550695392106
0.0005944461966176208
0.0005671663156251986
0.0005731275776763604
0.0005559874209634149
0.0005472253735147644
0.0005387132758121483
0.0005374931080519767
0.0005508956427600528
0.0005644803651666733
0.000572140176066926
0.0005809737552215706
0.0005639383159302427
0.0005553785755933307
0.0005543158822151193
0.0005425206419660729
0.0008618725725567641
0.0008628128859176441
0.0008410182904165276
0.0008422263865142274
0.0008446917920238965
0.0008430276025279679
0.0008409685898145802
0.0008295553546053027
0.0008416069873966935
0.0008405066430917263
0.0008317770127382
0.000816278106481413
0.0008106990967593908
0.0008313635533340856
0.0007984614000534378
0.0008125998662215777
0.0008104360328318799
0.0007903773830618172
0.0007842025152612701
0.0008422512439604781
0.0008316491934431292
0.0008338849620072738
0.0008351398264666419
0.0008392127648787792
0.0008372765056169135
0.0008386131070355781
0.0008255391772016297
0.0008276883737527031
0.0008254626238306279
0.0008206322456805823
0.0008216424030387294
0.0008106437719823683
0.0008104599029494661
0.0008115412207256735
0.0008124076042074904
0.0008079153235501916
0.0008110656431224582
0.000812716013743899
0.000839237124061558
0.0008342215132004293
0.0008284466406608203
0.0008270944292805996
0.0008257721688833558
0.0008291396067546554
0.0008085755380142029
0.0008380579487809724
0.000803832390039227
0.0008572793510871299
0.0008669300945208257
0.000862759497021798
0.0008617332469174743
0.0008878686334955544
0.0008744381761166087
0.0008772255130030057
0.0008756032972888142
0.0008742215818448158
0.0008667156888325251
0.0008962611397646792
0.0008829912451632626
0.0009136231741836079
0.0009134215158863097
0.0009195221364023663
0.0009212828176866385
0.000934006687391063
0.0009094180424491573
0.000916979889737192
0.0009154621189295388
0.0009107733203183562
0.0009070739023129293
0.0009080998013233612
0.0009046340042280728
0.0008708600303510431
0.0008702771647316355
0.0008611126744277688
0.0008561276650424325
0.0008627680172733492
0.000863604626731047
0.0008396211975719183
0.0008430592259655819
0.0008450831695875581
0.0008433098267850918
0.0008443168396613091
0.0008041066786898689
0.0008538601547948253
0.0008467415318222186
0.0008614137405807879
0.000849423346487695
0.0008705211386725629
0.0009050509312161749
0.0009056252761092157
0.0009058503342484879
0.0016219665865287503
0.0016152422383534709
0.0016158812949894736
0.0015824573809204868
0.0016305789534474201
0.0016888727210488158
0.001686863178370998
0.001684922901449306
0.0016160455662210626
0.0016150128981227995
0.0016159291967716477
0.0016098796950066536
0.001596431369303066
0.0016385852405320328
0.0016334146113960296
0.0018522590057305096
0.0018707090793441984
0.0018611234128527252
0.0018493174779728363
0.0018441233266577263
0.0018426810035949788
0.0018436444994348621
0.0018036953211483183
0.0018277413065142406
0.0018269958188644071
0.001833111505779714
0.001830003759877377
0.0018472229359089401
0.001858528884710836
0.0018522908141482084
0.0018600527425295683
0.0018435001814313533
0.0018462031711394616
0.0018410388683757631
0.001844704156990449
0.0018419200144208848
0.0018377341738262491
0.0018282568416449132
0.0018185688693607386
0.0018178180348278129
0.001824634839825973
0.001823141587975473
0.0018248686578431269
0.0018201831339404624
0.0018197110772331078
0.0017958317811820486
0.001788939003959991
0.0018364679287282521
0.001835060850362566
0.001829338866238569
0.0018266718786356787
0.0018238096303733087
0.0018227144137535325
0.0018097837083837448
0.0018037340248318217
0.00180103076647473
0.0018005319911727068
0.0017021805358800038
0.0016489011409581385
0.0016457979199276322
0.0016416500005253605
0.0016351149396747232
0.0016357509048689153
0.0016246360036748458
0.001659831911053058
0.0016706053762256669
0.0016555936332903912
0.0016605743742504175
0.0016557595550071096
0.0016563985780336326
0.0017078102771379271
0.0017086268558683057
0.0017089038011539781
0.0018387639878556109
0.0018316941712198203
0.0018359208069345617
0.0018288646988528906
0.0017909517178648269
0.0018311640887771618
0.0018267594592326283
0.0018196401430235897
0.0018162458890694825
0.001816561780780083
0.0018098325678309792
0.0018079991969735722
0.0017621814529437077
0.0017555122211095904
0.001760931168559661
0.0017605081981693883
0.0017632423426060888
0.0017597668583707576
0.001786608197732224
0.0017850874711217812
0.0017760308313797748
0.0017807787864270823
0.0017792651756969992
0.0017613536049502839
0.0017079517252620972
0.0017033350119665311
0.001689608299257428
0.0016597929795866071
0.0016250871024246084
0.001622524808190065
0.0015502525811319772
0.0015419460785602744
0.0015393622340407601
0.0015037580979589459
0.001485802398244058
0.0014784456890565478
0.0014732366708649688
0.00146317214952597
0.0014539275012609232
0.0016273922561364528
0.0016215265086980061
0.0015935525022408856
0.0015763035565534702
0.0015742702073382065
0.0016104148471869626
0.0016163880649624675
0.001609921632259091
0.001606130940137752
0.0016048679678428532
0.001608910297343553
0.0015989414905448192
0.0016142623630244937
0.0016097558627797444
0.0016176962570532663
0.0016011348776800304
0.0015834061345802277
0.001580759744953968
0.0015792758687574275
0.001572414092518823
0.001568902183020303
0.001566533561825094
0.0015721719673174107
0.0015659603636448518
0.0015480619029810327
0.001559388529264597
0.001555338453904963
0.001568120570717983
0.001510521983862685
0.001510667906287543
0.001508725243764128
0.0015079678308085028
0.001492444663956926
0.001490429387032478
0.0014896104699527253
0.001517776983538909
0.0015435686905671889
0.0015414499756438295
0.0015384631685902187
0.0015395220161468642
0.0015224225423007744
0.0015212800412380068
0.0015193901895822538
0.001543749708497241
0.0017646822040035665
0.001791475936196073
0.0017880331268883627
0.0017590643345743433
0.001749546989523788
0.0017544001037595746
0.0017521385701815913
0.001748204468930742
0.0017451145252516305
0.0017411382368628157
0.0017365431842945478
0.0016523828781917517
0.0016520309157910592
0.0016547072060642085
0.0016675193217944686
0.0016724277820484481
0.0016672661819974541
0.0016621994282139826
0.0016360143445550725
0.001637457181865388
0.0016228414081569198
0.0016220115098328671
0.001624075230829852
0.0016088683543101436
0.0016067692655003113
0.0016049325936487366
0.00160363006738734
0.0016024687346859537
0.0015523124054228226
0.0015477785008365063
0.0015316875102997785
0.0015327069431782117
0.001531368487061484
0.0015356335800983964
0.0015339975031708822
0.0015244335813498888
0.0015213712085593977
0.0015178270179428946
0.0015164092893988855
0.0015168576511035614
0.0015150343445817333
0.0015084302691492372
0.0014980603892997609
0.0014986632479048875
0.0014971199605789299
0.0014947850764162303
0.0014220958416080974
0.0014373726934651214
0.0014240633713700135
0.001422717395364852
0.0014017285153856767
0.0014003411022713407
0.0013987879371121768
0.0013961463414810312
0.0013968650398622922
0.0014230183915735011
0.001416499008382182
0.001419998425706841
0.0014193216182661113
0.0014211898631117565
0.00140982108144962
0.0014083268009647556
0.001436593348016151
0.001441433868186994
0.001400915488862167
0.0013782089625768675
0.0013336106496131923
0.0013345797397781914
0.0013255634251252606
0.0013242944734170184
0.0013245439400210654
0.0013239760589115602
0.0013215197193343021
0.001315519979402807
0.0013144776259149944
0.001315339151419507
0.0013144275940237956
0.0013122873774750118
0.0013093030087510174
0.0012938373985468031
0.0014885998106031445
0.0014900074351033813
0.0014863970399864566
0.0014838172761972913
0.0014818856859353793
0.001474809531269942
0.001474209085028546
0.0014724025766880997
0.001468776272066604
0.0014327324726854966
0.0014735688657302047
0.0014866224168241843
0.0014796484414735488
0.0014766669349431261
0.0014653056923634715
0.0014161162879130138
0.0014102777855655665
0.0014115236122805464
0.0014131309395674294
0.0012086985269166984
0.0012258237211405297
0.0012183499542079935
0.0012205518425242898
0.0012192351469962148
0.0012022235515680203
0.0011978095298386595
0.001195383965979238
0.0011929182234699115
0.0011661562758108668
0.0011660779002229144
0.0011702295755303225
0.001160745156072268
0.001840813155591839
0.0018375875229963109
0.0018422625240410325
0.0018487831240436017
0.001849239672003608
0.0018507555053732703
0.001848796960934991
0.0018448790462221147
0.001838767493259693
0.0018321945585277194
0.0018313153924867794
0.0018298948024065861
0.0018257023496647438
0.00181890368536504
0.0018173502163335792
0.0017906830017078317
0.001792195519215829
0.0017982077598644286
0.0017955613054925882
0.0017918189189569116
0.0017908173636080006
0.001788011541927528
0.0018635637781928606
0.0018641846517515517
0.0018478715563228275
0.0018453341376489256
0.001842222188254468
0.0018338244661438758
0.001810795317370245
0.0018067749653059681
0.0018039551795254734
0.0018027245381037435
0.0017991461882007074
0.0017986206367237125
0.0017907886767352462
0.0017901183007711118
0.0017833724872890842
0.0017879318644877691
0.0017923264246980245
0.001789262299493433
0.0017879298000030314
0.0017856313869178179
0.0017810293483656325
0.0017915898028394094
0.0018615068362323448
0.0018388991435404716
0.0018351687324531277
0.001845855320923551
0.0018465599774568197
0.0018440362784720166
0.0018314335137440696
0.0018175221425185335
0.001855222971547239
0.0018518439239802813
0.0018642635586887904
0.001862550388660001
0.0018500477949670233
0.0018487582990806592
0.0018489741574204569
0.0018586085949288168
0.0017941580778665452
0.0018152791210127475
0.0018598103770429955
0.0018582687041624735
0.0018270231574186696
0.0018167840017881845
0.0018177993185492173
0.0018167094601110358
0.0018177289455500623
0.001817581683934546
0.0018120437302385623
0.0018105222641227247
0.0018076088273683549
0.0017955254850800257
0.0017980535485084472
0.0017949634477478578
0.0017996652116471328
0.001809681565387837
0.0018201413076432366
0.0018209673709601959
0.0018206625190288087
0.0018177274547728983
0.0018148542335189389
0.0018144227815106225
0.0018105567251117647
0.0018203439181710935
0.0018249161784595093
0.001820779891183442
0.0019407402918815845
0.001933972109356012
0.0019422721879092325
0.0019397719951557933
0.001937680896231248
0.0019439058553295623
0.0019404152954090625
0.0019512298683284337
0.0019404779765964286
0.0019171265123789421
0.0019182313619722769
0.001913606086181877
0.0019128285776386293
0.0019087277574715321
0.0018349665238658849
0.001832285207978947
0.001830229137381466
0.0018317616456333325
0.001829223502708197
0.0018278544601695492
0.0018221718295520595
0.0018196073990727126
0.0018235714590401418
0.0018223842714886734
0.0018177333013431913
0.0018247826414714793
0.0017957119723307964
0.0017959995924170713
0.0017895532546019844
0.0017949848721735412
0.0017768171062008938
0.001779548423485901
0.001780869343446621
0.0017774718707709747
0.0017884493125622629
0.0017869955567362656
0.0017846937989375099
0.001773871179000149
0.0017699448467869985
0.001764085562293012
0.0017621795743849298
0.001758336738391367
0.0017599865990574233
0.0017588316254536574
0.0017600584324391673
0.0017629515497976243
0.0017601131209084994
0.0017614340037392397
