0.035565875470638275
0.044409180680910744
0.05273774266242981
0.048576369881629944
0.06994167218605676
0.0639312421636922
0.056231569877127185
0.05036268551420006
0.04624000529292971
0.0353526490190151
0.03991453444662814
0.036683359398291655
0.031100986791508533
0.028448715619742868
0.0274353552958928
0.025863661458167958
0.026605882345595293
0.02466084413524521
0.02421148426365107
0.023695877952767265
0.023372055264189836
0.03188821460808749
0.03066648461390287
0.03290209006518126
0.03199079994542095
0.0356435446344592
0.035021495040772226
0.033787822258530255
0.03181723614300912
0.03071349279789795
0.03472587789656245
0.03328258654624788
0.033365206768982775
0.03285757500478732
0.03209112596555821
0.034217272372287076
0.03315431932538847
0.03223020473841388
0.03271929468319286
0.03186115679592349
0.03406107871671252
0.03330252742189048
0.033853073755215686
0.032655929590368435
0.031269981791569
0.03066286075850354
0.029606347629548203
0.02858811939771914
0.027778557182755317
0.02791747781128494
0.027445384872128033
0.02677671133127625
0.026334591018018754
0.02560869549951431
0.025098963368301537
0.02472717840461419
0.024355050636021856
0.02390632955396894
0.023273182150054087
0.0246941635221029
0.0251328479367188
0.025178282139157595
0.02529122492887835
0.02499388341899387
0.02487656502511746
0.02439426195133587
0.024731733324348585
0.024362820988534463
0.024499921944724116
0.02423906878364914
0.023651406438956545
0.02304413216666968
0.02273707411321181
0.022290504200694453
0.022072218608196914
0.021430379292298726
0.021061994766709027
0.020720034394165657
0.020410105968767304
0.020165372845417823
0.020095950161481677
0.019799923618234325
0.021378536247149367
0.021090097839067515
0.021097013276059517
0.02053499025233817
0.02020549521628047
0.02086652615866257
0.020651219698548724
0.019608467076598034
0.019335182040737448
0.019250514868256297
0.01916548798103479
0.018927089601608084
0.018105508300019807
0.01782933467658255
0.017523370033405636
0.01738248495596714
0.017151892610127093
0.01722213741746905
0.021535032206242345
0.021243483548106852
0.020734811055053086
0.02008610938653526
0.019598924498873276
0.01922277891769064
0.0191070722659653
0.018928384106102123
0.019051740002098735
0.018912193334980242
0.018654039099471564
0.018923254505384995
0.018608825120936017
0.01846439350376147
0.01811079498970526
0.01749958108581251
0.017394483850092884
0.017292632509077723
0.017256524148979213
0.017570458736447685
0.017616697937273027
0.017471679341525007
0.01738044132775205
0.017279179363511487
0.017072575742430554
0.016810074843664265
0.016790481079624428
0.016231480840586343
0.016165740686791146
0.01582847225554428
0.01580059859164368
0.015407348491944695
0.015387559079377439
0.015503110287331583
0.015421395374099053
0.015291232890177532
0.015483582016937692
0.015370245755770694
0.015128171019023272
0.01507159186517224
0.015503199286529335
0.01313797109744061
0.013561830662688902
0.014298715276226132
0.014299824828288364
0.014089931101145424
0.013840135395356968
0.01381233134603864
0.014070649768691493
0.014019087944580656
0.013886506985535976
0.013713871516147308
0.01363917918915121
0.013514251400896841
0.01357354072761386
0.012934922431239688
0.014040365267715908
0.014061170056866431
0.01396724380247177
0.013913593364167967
0.01396646964533345
0.013965951712327807
0.014441075768157055
0.014312038372383637
0.014918065713353846
0.01580483493643315
0.015562904271757261
0.015757462819184012
0.015823213289738344
0.01622821801758713
0.015929181555822087
0.01610848946547985
0.016206004147701507
0.01633534745911933
0.015984195363258038
0.01610553731265776
0.015930322233686896
0.015949290520875754
0.015876352281904656
0.016052777196527618
0.015994250095720575
0.01511477916870427
0.014635618590704226
0.01411825347679187
0.013422291222033422
0.01323680370176996
0.013139324314134336
0.013072783050432822
0.013110691644128786
0.013090843872986327
0.013041915691549834
0.0128656256011412
0.012745396065472887
0.01271297107271562
0.012653593570279056
0.012422304059175503
0.012270469018587395
0.012210087584221636
0.011921425615728351
0.011767440790887351
0.011836963498533809
0.011685294815134976
0.011577219255188665
0.011543647281927744
0.011501059586292986
0.011622530105917425
0.011565400897849855
0.011749821293120966
0.011713547748790683
0.011631551802531311
0.01153497146535883
0.011145010152492798
0.011080430314939228
0.011004444184918808
0.010900587140187969
0.010957783349083663
0.010721240290109516
0.010647844998686897
0.01052846997812262
0.010373183972006272
0.010410734086542856
0.010401364214636891
0.01053611340388929
0.010495977673110437
0.01043437400331052
0.010368158158975424
0.010254717076844687
0.010068817938806061
0.010118461436966583
0.012018067887490321
0.011727374838113147
0.011614470099360778
0.011668760242173436
0.01165885792158424
0.011656401296377059
0.011564553228259972
0.011574920936254774
0.011580661812331517
0.011563180709345023
0.011836604810565221
0.01189581165114255
0.011951358464054002
0.012687270197736808
0.012621233720874063
0.012545245364772117
0.012540458820558518
0.012583123634789025
0.012538509793349544
0.012283517061034208
0.012266242863894227
0.012108461667334518
0.012091304838386809
0.01203144741392195
0.012038213979023703
0.011906441839755637
0.011989801643997901
0.012058128278148388
0.011972257083787081
0.01192072068291823
0.011891462633402305
0.011853009701630036
0.01125609881564188
0.011300274090899613
0.011313299073196309
0.011595571481253373
0.011899909302147542
0.011888555950639808
0.011824367378559655
0.0118933958012214
0.011119972128546506
0.010910180340194049
0.01087039193473654
0.010825364727035748
0.010698112634391606
0.01062234273020927
0.010563500409412938
0.010551024307689474
0.010506256007611096
0.010504012343465416
0.010436091832012877
0.010412643352937916
0.010363897474691625
0.010152049206687516
0.010233458799612299
0.010220035594534714
0.010220935804897574
0.010062460072731481
0.01041362353074477
0.010202963556893617
0.008150031025036591
0.008313230937147472
0.008356274226195662
0.007824730846934257
0.0077527604174358195
0.00784885588183061
0.007827130119474631
0.007879789726263306
0.008033414107917126
0.008022310030452591
0.007992963522999075
0.00801952404956123
0.00788531530776795
0.007804493680037245
0.007772440415784161
0.007617900685028295
0.007599171427577571
0.007575603357520759
0.00768349102519687
0.007441601083396116
0.007426636341256997
0.007391311178089842
0.007366073181512001
0.0073500368112007055
0.007290056692842861
0.007264041537647365
0.00739302265965335
0.007359650217211922
0.007389636228385092
0.007380475371428468
0.007393861598388875
0.007301271884226356
0.0071825546992080515
0.007221933163775781
0.0071942167326163155
0.006391401968123615
0.006777837667265326
0.006736906591579938
0.006746301789644897
0.006727698617297304
0.0067388279069133415
0.006721513449454237
0.00672908329496484
0.006734182784706069
0.006385622056611155
0.00636066956957663
0.006360409418445694
0.006427459679674848
0.0063294601263711855
0.006336142308154028
0.006328664790214883
0.006303039012301151
0.00620340054454933
0.0062501271352439864
0.0062069515203314685
0.0062175645239616155
0.0066083379132439585
0.006557513411583684
0.006470632958686225
0.006462511052876439
0.006464262163774649
0.006516431593064966
0.006507122536122573
0.006492647966389713
0.006568491016022698
0.004576227363961577
0.004595181065205876
0.00470274592429144
0.00484171752869164
0.004797341214564054
0.004719407434886125
0.004704150147266546
0.004697937340528208
0.004583174134265615
0.004404625303450048
0.00433750851305654
0.0040739614696353515
0.0038919140673027335
0.0039381084067375925
0.004027184387637498
0.003615998220410333
0.003595544094619115
0.0036643198596116285
0.003594873815913116
0.003606860053259873
0.0035842495227041793
0.003917935339391808
0.00395155222344251
0.0039693044237780134
0.003966131011532662
0.004045681318291396
0.003939974993797677
0.003949933694329048
0.0032529457110588985
0.003239709822696858
0.0032218760306225464
0.003271408128047968
0.0033071179981955475
0.0031613192362722753
0.0031503292449857417
0.0031577858999740673
0.0031147380447079263
0.003121999409209704
0.003039651854539304
0.003001012461395528
0.003021359341801139
0.0029745799967589776
0.002966754568226504
0.0029738481897763846
0.0029624276998947555
0.0030000514956568538
0.002988733716186858
0.0029667921609992784
0.0029563932786355576
0.0029729307687375636
0.0029555877322690006
0.002915667539364618
0.0028637317375208
0.002828368532353515
0.0027696389092342513
0.002734433721432031
0.0026446909088335053
0.0026323929910077805
0.0024959405509171195
0.002513545326375206
0.0025634396645098268
0.0025493752734642864
0.002536342532831265
0.0025087573337296367
0.0024693787564285083
0.0024887282056916408
0.0025722997537422293
0.0025888663534560444
0.0025258828745962658
0.0025640013683176383
0.0025562180552282866
0.0025273330305322335
0.0025451537222350097
0.0024294297370027335
0.0023132139947508994
0.0022445868986648975
0.0023140801134744512
0.0022792818872865634
0.002266837816220308
0.0022211875338990447
0.0022140596034042614
0.002128231241322465
0.002159910006690489
0.002164542053628322
0.002265392047212856
0.002257481608009214
0.0021838527108933433
0.002188108227534728
0.0021940219972617163
0.0023448382294344347
0.002297483030599621
0.0023254876345228273
0.0023216585031410122
0.0023131843703360203
0.00234029007758686
0.002326478548138862
0.0023898922995251007
0.0023939966693264534
0.002389070241430478
0.0021990585825943268
0.0021885917807307267
0.002391620740817684
0.002388493833983593
0.0024274113173479847
0.002419816901712451
0.0024397032495881966
0.0024288274602661092
0.0022607880679575668
0.0022862498035151582
0.0022792057907183713
0.0022931041821408686
0.002277325074189902
0.002243921981761764
0.00208283407306586
0.00200098718218059
0.0019681513115576755
0.0021621493587020727
0.002176201846398877
0.002185467964827613
0.002178860025075995
0.0021702815044721143
0.0021076795707414744
0.0023068938187930385
0.002321751697058445
0.002267505378100998
0.0019394697375443538
0.0024261241761220705
0.00241592098874672
0.0024342524487989885
0.0023949541374152852
0.0022864276113888256
0.002300853539988284
0.0022327470142641413
0.0022078571235356293
0.0022753021881169585
0.002273299045329189
0.002061392857049062
0.0020639202493156926
0.0020682246950129764
0.0022527114800389146
0.002258489845541674
0.002261288886806892
0.0021514709186006157
0.0018689773095755767
0.0018419028326752559
0.0018360477394332325
0.0018172492256338867
0.0019320997764901674
0.001997020934689472
0.002906843411475693
0.002948526429413196
0.0027633809194191924
0.003835899524533234
0.0033371795907370483
0.0034153766822247896
0.003378468702504874
0.0033958966525346984
0.0034312673103582565
0.0034409422077603617
0.0033987275588674227
0.003369065969196494
0.0035358530180902505
0.003515966487569734
0.003526607793179356
0.003559526735905536
0.003629489709931956
0.0036367443614881054
0.002450923237005373
0.002440053382824004
0.0024060236376022793
0.0023506646618993293
0.002460962719585746
0.002275592206250149
0.0022301805644786375
0.0022382630208256735
0.0022435646427759297
0.002240659548851563
0.0022598875353552227
0.0022840602137562554
0.0021628133732298892
0.002075030807822282
0.002065792858582836
0.0020663053712952103
0.002052242059166866
0.0018128455600903883
0.001796466885588615
0.0017983605085878087
0.0018098667522006445
0.001764614675748278
0.0018617211334266313
0.0019372664389329254
0.001936792056499747
0.001938232020753259
0.002000289852677914
0.0019945193807573277
0.002023264628565848
0.0020270386060250154
0.0020171226914125757
0.0020012802303922476
0.001996029080007104
0.0019847562696458905
0.0019519609476784897
0.0019464013280950316
0.0019178916256077563
0.001912656308091492
0.0019143835760037917
0.0018966925042839622
0.001865844855729742
0.0018352713393677382
0.001871612868879597
0.0018584406833380739
0.0018532650965217441
0.0017021070873429536
0.0016993127426403408
0.0006862322819774541
0.000544143987820772
0.0005457831800152459
0.0005360496210411355
0.0005554558768789718
0.0005578153588019437
0.0004927302595408202
0.0004936324575640696
0.0005288051181391431
0.0004415238824120441
-2.815789660511503e-05
-2.2513685772429782e-05
3.382843342822182e-05
5.509736650183789e-06
3.264480216024823e-05
5.458389308390807e-05
3.505659359387719e-05
0.0003207735752498814
0.0004151850517781348
0.0006252902077968674
0.00033120282218293974
0.00029698841925985875
0.000552865783902231
0.0009222130717071208
0.0009010311874920807
0.0008620536521746266
0.0009425570894850715
0.001039814792440458
7.003035748113888e-05
0.000900929761404877
0.001082910841359986
0.0011476057471870912
-0.00022156795675741373
-0.00019901496776963837
-0.0001948993462342221
-0.00018950485636880772
-0.00011111329093140934
-0.0001744850342759603
0.00012505792404369888
0.00012044757500417417
5.0400230665229354e-05
4.6324743894984375e-05
9.88161403916318e-05
1.5197148099108576e-06
9.64914495390475e-06
1.0947809352088955e-05
0.00010573993896794514
0.00015359530584830444
0.00017718918826679312
-0.00037268260436513584
-0.000377024764208232
-0.0003794888210210735
-0.00033442648624592924
-0.00032806791992818064
-0.00035940779581814127
-0.00010075302380137518
-0.00012045430227595281
-6.505121335653483e-05
-7.295075192815066e-05
-0.00016809251881797174
-0.0003650805953102933
-0.00034986606207027183
-0.00039078528167425336
-0.0003241428359736111
-0.00026629657857524366
-0.00019408837652868245
-0.0011769024044866183
-0.0009799146073233677
-0.0009755356817817949
-0.0010836796444007825
-0.0007706825111654363
-0.0007542331183860306
-0.0008507834694756675
-0.0008904987867486384
-0.0008081673059785366
-0.0006707156177649905
-0.0006873274636768484
-0.0005728706941595182
-0.0005554550004972868
-0.0005449264012804532
-0.0005390253716345486
-0.0005286363995231344
0.0003138242473420819
0.0007464128434904035
0.0007934394746535314
-0.0003544236536454162
-0.0004088166918269844
-0.0004353606700879534
-0.0004355696257395638
-0.0009051007246482046
-0.0009295467251583716
-0.0009050966330198817
-0.000878717584964215
-0.0005359157257826491
-0.00043958276632089367
-0.00042255804204396354
-0.00043342012960803915
-0.000475943305610293
-0.00055518002359268
-0.000519709081745046
-0.000493007814190215
-0.00035713198236481613
-0.0003687914569950227
-0.00036196593179805127
-0.00034954082437560523
-0.00036052882322110585
-0.0003624012405393796
-0.000370864892552818
-0.0003718979447475013
-0.00011426183515618216
-6.68004866918885e-05
-6.652366920927185e-05
-6.333754743248997e-05
-4.683269079915413e-05
-4.8481781273601734e-05
-4.922470564777581e-05
-6.0278653893854016e-05
5.585020447005452e-06
3.4926394809430914e-06
0.00011623752010608741
0.00012779789888198428
0.0001408489386557113
0.00014292443085514
0.00014983966769710713
7.71587747347075e-05
6.563773746400892e-05
0.00010264567854705506
0.00012695221303042536
0.00013365674566945528
0.00014792196298562697
-2.2492226687196833e-05
2.4473548163663137e-05
1.6548904778360813e-05
3.6357561976527594e-05
2.7927153124351563e-05
2.5060382656789333e-05
2.540918884148206e-05
-1.442826017437766e-06
3.756841033463963e-05
9.685595517705828e-05
0.0001108645338115813
0.00010686035250161301
9.76140551930234e-05
0.00021663875700964367
0.0002106231369820967
0.0004395270499912012
0.00044953441402618315
0.0005454387500115107
0.0005616601214022279
0.0010099534033321624
0.0006809060482434352
0.0007367459315617359
0.0009762356568490951
0.0010016380029844467
0.0009990865179354896
0.0010032980537025933
0.000991661883574733
0.0010222175385225841
0.0010220368512618902
0.0010265285118156566
0.0010337559250741528
0.0010360099486965227
0.0010528442083048105
0.0010439278976785277
0.0010392809653009464
0.0012133711714180295
0.0011927365867845535
0.0012057287209958508
0.0012079215618238442
0.0012663011407244575
0.0013134174086263596
0.0013491861564537673
0.0016703729070531611
0.0016507810322253793
0.001624911987203638
0.001526540551520568
0.0012410450414251924
0.001382706368894037
0.0013915500702833805
0.0014188599651750856
0.0018580717692384461
0.0018516352248502694
0.001862800473239247
0.0018630014842788555
0.0018618460815255952
0.0018582952427384808
0.0018579219800168145
0.0014576695261131246
0.001469774448119609
0.0014400891235330732
0.001437143999110524
0.0014312039587218966
0.001456230906826157
0.0014724304878899273
0.0014845319956626967
0.0014238076551217748
0.0014251879042615674
0.0014405043844957447
0.0014278838724521817
0.0013983611955524784
0.0015538049240781014
0.0016935276897426608
0.001701779198693169
0.0013523942655459004
0.0013702980260192014
0.0010594756248211757
0.0010721231998648275
0.001001721043854366
0.0010422118827607808
0.0010549682947560103
0.0017160514007301562
0.0017022742157120452
0.0017428729402766555
0.0014861512777623286
0.0014722910230431064
0.001456338864384856
0.0014628442687485402
0.0007171579401805757
0.0007174181597745174
0.0008213114613771557
0.0007874478222404368
0.0007527685795505004
0.0005261098869063152
0.00047236567552959746
0.00046480711572539256
0.0004688400056567473
0.0004448468579946342
0.00047855927607300103
0.0004937878332026661
0.00028461697838473934
0.00018857129576644704
0.00021767275793490294
0.0005281205073726485
0.0003977235435124838
0.0003828886401244697
0.0003937904956180749
0.0005091419589729415
0.0005261140930408036
0.000525851327573501
0.0005348667688969927
0.0005393564648262222
0.0005534347622243607
0.0005297313845820178
0.0005292501637433145
0.0005137234432030664
0.0005279241900025411
0.0005375217838174575
0.0005132616200125789
0.0005004486645253628
0.0002676396076985334
0.0002765696454955022
0.0002972467417982408
0.0002963297139389239
0.0001968835945677354
0.00018161075637993036
0.00018557704664117302
0.00018075964607091658
0.0001836587635007961
0.0001871435542589191
0.0002127839838291073
0.00013125400042794942
0.0001595886246618922
0.000164404994078579
0.00017137278116918225
5.362912744078947e-05
3.928561561774022e-05
4.441592509943716e-05
7.285736017891253e-05
0.00013293771519573132
0.00011520666899064822
9.624531587524451e-05
0.00021981093750831013
0.0005021355002678808
0.0005023682744157698
0.0005066441851008703
0.00046976656978811755
0.0005376472683960807
0.0005284406105180067
0.0005350129580070812
0.0005433811570363558
0.0005445499578833213
0.000548452268072513
0.0005417832615361687
0.000549761359564845
0.000551335182373814
0.0005549022416265547
0.0005836659916537826
0.0005995311754005256
0.0005982352501350702
0.0005866199964183053
0.0006617429980610156
0.0006673790224918108
0.0006668398022317244
0.0006420367031057596
0.0006651166920871889
0.0006435371538680654
0.0006268325781809368
0.0006557669139919913
0.000702562890170312
0.0006719873415992608
0.0006750032387676494
0.0005538903865987242
0.0006310453532232094
0.0006347777382809343
0.0006353138391958361
0.0006329703939346827
0.0006380199230997363
0.0006340148519502096
0.00039620851002795514
0.00036567328270631404
0.00033494456666547837
0.00042725716301696354
0.00043276672177211734
0.00043137396843592046
0.0004580118882059448
0.0004636926459750958
0.00047520421326194783
0.0004937053544737109
0.000504847500492398
0.0005014929809454058
0.0004892722017123864
0.00048740575572566385
0.0005314102755076919
0.0005308746112615341
0.0005007690420414348
0.0004674344902725429
0.0006267190060173397
0.00054366780106116
0.0005384984994081554
0.0005349840831130115
0.00038815394862063085
0.00039116074667688107
0.00040363297455591683
0.00039227745163249964
0.0004438492447919222
0.00045646488533396105
0.0003854351479081591
-0.00010535038622992953
-8.972130093640818e-05
-7.912195302373236e-05
-4.898412879121821e-05
-4.125626830708569e-05
-4.737421250754405e-05
-4.253701213416101e-05
-4.333790291189749e-05
0.00024901493824636356
0.00024958370766509574
0.0002433052844143941
0.0002425570820657549
0.00031085173494660494
0.0003462494084290091
0.00035206732041471106
0.001001977379573455
0.0009837868223423335
0.0010047326368963596
0.0010138333947838222
0.0009985358116921448
0.0010221044357703758
0.0010071114466913458
0.0010484922262807353
0.0010084547309307543
0.0010099027464458845
0.0010183954961728286
0.0010176607822070494
0.0011007896211879227
0.001132144511242787
0.0011243817326998297
0.0010519703989488153
0.0010229832612100637
0.0010030527677695913
0.0009401788005909962
0.0009297722533103199
0.0009197985474798778
0.000776298111273774
0.0005944603385383489
0.00057533597447367
0.0006863896876962888
0.0007819580752291868
0.0007820816443560564
0.0007775267073038135
0.0007781821300312349
0.0007991590020239421
0.000771043952005401
0.0007834784226462203
0.0007811667935703541
0.000793860081055427
0.0007810408215583499
0.0007938262025736597
0.0007945019073406633
0.0007786937040673499
0.0007665223909801436
0.0007660850841282081
0.0007670043780758314
0.0007220460886224149
0.0007311040961559866
0.0007332577385488435
0.0006767021460247941
0.0006629439994378309
0.0006352304693536066
0.0005557479970173927
0.0005841746255119303
0.0005996387498824887
0.000544446806126096
0.0005366218996050903
0.0005526259289975518
0.0005466759998578158
0.0005453697718084909
0.0004553796438761914
0.0010870566267193048
0.0010862844120423285
0.0010528543934033559
0.0007077246365551758
0.0008225539847561112
0.0009028157672576195
0.0009839718609069138
0.0009671586124536068
0.0009103451899343
0.0009145873650121009
0.0007530503328887215
0.0007451846356057744
0.0007448734187302285
0.0007768173754160229
0.0007732700359772372
0.0007891935207667629
0.0008932832679493408
0.0008762056558760289
0.0008960076845678781
0.0009932186819251905
0.0009520005056285031
0.0009266794606466632
0.0009736289082502446
0.0009412477712566046
