0.03610478341579437
0.01798155220846335
0.0009301495738327486
0.010846875980496405
0.042892959279318646
0.03646804724953004
0.03326432115864009
0.029617811701933127
0.031463762040948494
0.05026815869231624
0.04475398442688553
0.040999255066988274
0.03912956014391966
0.037582276012593265
0.03618379647014081
0.03490066254059511
0.03726361681280348
0.03351108543268454
0.03206480410590302
0.029710042376315127
0.02772438436990011
0.029345911924990458
0.027830085714716308
0.026556191088166085
0.025661235189405628
0.02744263349989153
0.026245320429942303
0.025064169250605308
0.02446121216247169
0.023864975647865647
0.027399075011999233
0.026818254565693103
0.02552568780854071
0.02414211609367548
0.023573895449064575
0.02342467478042268
0.022559533874492027
0.02228388784733865
0.0217646367949783
0.02116725592527585
0.01984103687988994
0.020021942323669367
0.020227283269791365
0.020524191472213724
0.020241964809626915
0.018756056361722746
0.018166764870935978
0.018617351671291176
0.017933842482743788
0.017569069566853418
0.01673939768471218
0.016631233188508183
0.015818322852417757
0.016754518736111508
0.016422309414857797
0.01618428166502302
0.01636291793969074
0.016552419457939782
0.016758195195385874
0.01629940465523968
0.017567224403460237
0.017267962349467862
0.016012824657991583
0.01601208499364125
0.015916784640549766
0.015665843173229037
0.015625940670896156
0.015697844415073
0.015589081064432062
0.014443943717248055
0.01341749965164733
0.014121544171819999
0.013949551879950624
0.016378811184161655
0.015000591724712745
0.014820852966271584
0.01495565267097659
0.014806843924931479
0.015029706022323812
0.014949003805803069
0.01964590675410497
0.020899352131562916
0.020560153640135904
0.020920118132797896
0.02252997697512403
0.021996544023049767
0.022768660884387587
0.022232357529646023
0.02188680952401936
0.02170871172271731
0.021639336342796814
0.02129835474883177
0.02106615609397736
0.02075339527004154
0.020253634707842146
0.019934857770027695
0.01962804466150987
0.01951183671910185
0.019104349275003197
0.018875016320824153
0.018895659045037805
0.018795113899243227
0.018542534310724414
0.018228544788767724
0.018235137507666508
0.018266914461882985
0.019023485686004826
0.018961323781361936
0.018654051403493885
0.018532521416001063
0.018295994541404077
0.017893263704938805
0.017787406998666076
0.017366215061781046
0.016895126255835287
0.016841090094739917
0.016739019415226885
0.01641549461300118
0.01636062920394277
0.016121314493612173
0.016924728053053242
0.016889163854672033
0.017857566334573836
0.017622891457285746
0.017431224819682994
0.017599580374520692
0.0174905317212506
0.017334685086492864
0.01669624775531703
0.016556546086257066
0.016462886954259112
0.0163700525010796
0.016396439524363985
0.016306712058872956
0.015971018351967153
0.015896710942339593
0.015904235168937193
0.01610492393768078
0.0159031269685199
0.0160204940586985
0.016019206941308147
0.01591437375962644
0.016060338907360965
0.01585348765084778
0.01569711226110399
0.015658994780641162
0.015627359013730746
0.015345579237073994
0.015205667458552254
0.014995890483337259
0.015011555679513174
0.014906239691662179
0.014768938705183018
0.014643372519076962
0.014483945207291245
0.014405599058602775
0.014311302049878311
0.014450293968932467
0.01461820418226126
0.014643889750998984
0.01465897349228244
0.014708145044849725
0.014604028353038843
0.014603130439310483
0.014585725232714751
0.014502626720712734
0.014327391909665458
0.01428670034648785
0.014245241365107878
0.014101215714128552
0.013612983016998426
0.013552452932512985
0.013456046958280005
0.013720877332546354
0.013587788003695266
0.013525109293168197
0.013350605239680964
0.013253829987945987
0.013192597463300147
0.013139645690908816
0.013334161953445388
0.013245435089033225
0.01315382108156843
0.013155083125142537
0.01315414086228327
0.013038100349470318
0.01290160727017173
0.012915333736350357
0.012845970384200643
0.01262022805289263
0.012156848492850258
0.012015237591477892
0.012040411360074582
0.012037076359578907
0.01205001379706545
0.011945225211240935
0.011885159871790254
0.011807376118119448
0.011618767382460643
0.011742715109301848
0.011599736123940543
0.011526967595524053
0.011445959627642019
0.011368869603384372
0.01132008434980836
0.011280716696623618
0.011233989386640199
0.011387864355015695
0.011727473552205731
0.011714950473140482
0.011708867178245813
0.011655508081741331
0.011678115021117534
0.011626535304009825
0.011270006321730624
0.011011736506911653
0.010972729062505593
0.011103588839744098
0.010934565756840372
0.010843467518078301
0.010802985977345804
0.010733495204085104
0.010718817120765115
0.010492727852478205
0.010411802725402831
0.01042746558517734
0.010380476449969577
0.010357355477550673
0.010310017995020043
0.010358046431112544
0.010322771982765542
0.010258069503982448
0.01025199164406587
0.010202602891776547
0.01037565447509454
0.010336415615484885
0.010229124567528182
0.010159208343089575
0.010159397918080987
0.010097035571316419
0.01010466469879924
0.010057561802093338
0.010013140977759172
0.009935051608802179
0.009887243381832021
0.009817891745961945
0.00975926497865716
0.009732559727491758
0.00969667892740108
0.009643349075083253
0.009583402743114025
0.00953644310633133
0.009843462444961027
0.009842015391297858
0.009787080683281602
0.00974017552101028
0.009778394718706796
0.00970940395194541
0.00962538831047893
0.009609244192256396
0.00956483340119225
0.00957509539441556
0.009538303402002906
0.009506530716316774
0.009437238994598059
0.009423716109850329
0.009376023308857893
0.00942079718391321
0.009364811682974471
0.00932843486936952
0.009275595075557837
0.009239900803799833
0.00925590421944554
0.009140257535142485
0.009099999014469558
0.009028747664669542
0.009072562478957597
0.009038715618937928
0.0089883148543387
0.00890245618115534
0.008848392486147888
0.008818511471239514
0.00886421885302874
0.0088203484063821
0.00867778224682507
0.008647538875903
0.008640236549682514
0.008533722587505026
0.008512690079053222
0.008492866764845218
0.008479697228136652
0.00841965118551042
0.008244602811296287
0.008174897272779086
0.008149201452544878
0.008058463652290543
0.00798688391039942
0.008014134803582856
0.00800627814702845
0.008098868777908918
0.008081801585885482
0.008082344594969426
0.008056604604605944
0.008045369604426882
0.007997795952570755
0.008003285204186274
0.008052432263465057
0.008028217675925377
0.007961763348618164
0.007923358284914719
0.007913034018435076
0.007810720522440197
0.007862148578256477
0.007949050241113005
0.0079205280644716
0.007922471707506101
0.007903784903904145
0.007882554049940847
0.007863512695439568
0.007909427454072773
0.007871000634713144
0.007853840399013063
0.007745074072851291
0.007775490976547677
0.007708296427421807
0.0077306660999749005
0.007712416732208177
0.0077579382385585816
0.007659798415525899
0.007620216902448116
0.007591521685994902
0.0075979261470653725
0.007501790778394954
0.007442553109426828
0.007421687178586059
0.007418347491958047
0.007439823308425744
0.0074755644098997015
0.007464605234032631
0.007359113542604069
0.007338696557259844
0.007343369837746473
0.007476315714759333
0.007463166003867955
0.007407168825032494
0.007398267159414923
0.007365773812899144
0.007347867824387385
0.007316430384276565
0.007292577529447469
0.007171856508896531
0.0071640940070272306
0.00711437680528007
0.007086661029328314
0.007028349255603406
0.006989450089836292
0.006970806675491587
0.006944863252717258
0.006937830159101091
0.006898314323082148
0.006899088422960128
0.006889450035334408
0.00692939795392174
0.006917993169300233
0.00689251372223921
0.006880541178458104
0.006873476416370503
0.006835327696905101
0.006832869305523944
0.0063073985287863165
0.0063036783479913944
0.006265181215307064
0.0062543249907399115
0.006206976763826485
0.006207151006473145
0.00615730681584775
0.006149017179884367
0.00615655441298813
0.0061448762734806605
0.0061131077759753755
0.006090823750128038
0.006074916386801151
0.006107477170720206
0.006220713248340316
0.006174404794393093
0.006201907061266013
0.006184818225294068
0.006199576226161831
0.006172932825090053
0.0061695458903543105
0.006164829473368163
0.0061437057485388075
0.006183214887263382
0.006169341528667374
0.006165136343777779
0.006166504621455888
0.006105743218069996
0.006155928032502492
0.006209455463613269
0.00624784929937674
0.0062500382616475425
0.0063279815503914935
0.006312210982034935
0.006359109142364039
0.006289088545886691
0.006276813355309968
0.006412522829800854
0.006358140982911766
0.006344677179500961
0.006332969190887065
0.0063417589955101945
0.006321038633498158
0.006324089484166687
0.00630021840488224
0.0063854616705961795
0.006388963427259509
0.006340615281308267
0.006325074189108061
0.006347474726221879
0.006322005495839397
0.006321575748485898
0.006411900941858258
0.0063942824395643635
0.006382181488169248
0.006350888126664205
0.006325394320176299
0.00629965590993617
0.006280654429546004
0.0062598601729489944
0.006241355084715813
0.006218267643379039
0.006202112612724261
0.006187681789367249
0.006170434103716678
0.006148350322400134
0.0061472171310972615
0.006123370862939102
0.00610982928892326
0.00611751384263202
0.006142485830980372
0.006075587455626805
0.006070452651485137
0.006051167450988926
0.0060482114497205945
0.006005401475247489
0.005984315861842619
0.005954570208294692
0.005929670249550648
0.005951412204885856
0.005958614598968978
0.00594880098780407
0.0059343738015998106
0.0059329180688225975
0.005901740915218758
0.005792876646426107
0.005892829833113074
0.005859495010598071
0.005876723770381912
0.005906548918067965
0.005844285481466979
0.0058144499141837835
0.005799372703240296
0.005786094794091007
0.005746940803408663
0.005701945536663004
0.005672077131452641
0.005348011942477857
0.005291994942698691
0.005297533172663262
0.0052849780462905695
0.005296006121093574
0.005265700244064194
0.005218546960492058
0.0051994553111542625
0.005189674721170852
0.005158690265765458
0.005040223436127126
0.005024384048700311
0.0050025176146543055
0.005021988554240986
0.005048551112321629
0.0048970258154802234
0.004894064402247181
0.004892687294656202
0.0048973961651120205
0.004819176009319749
0.004770422034317699
0.004756706220298772
0.004719562587275989
0.004725747498140204
0.0047111212773053605
0.004727508370366902
0.004707990706401507
0.00469420237026902
0.004708217912388315
0.004714674547888993
0.004703395217437351
0.004676510442821926
0.004636417881702074
0.004639405438498949
0.004799295722463342
0.004791072474433401
0.004904843381761262
0.004868240162988404
0.004752433195290533
0.004807605725002181
0.004786307587082987
0.004735339682710251
0.004635200759980315
0.004640165823940077
0.0045797331022185955
0.004459896375430604
0.0044571584088778544
0.0044795007227910934
0.004470335652640218
0.004099571440599468
0.0038019386794360547
0.004344708859554431
0.004308367996082568
0.004309959181418172
0.004286096915709731
0.004267890413200933
0.0042718561474617755
0.0042547749204649805
0.004231072956087075
0.004205010199576502
0.004177127824567088
0.004166857559508547
0.004178207118134453
0.00415992048760199
0.004123953671747804
0.0041224522691737245
0.004117938588732636
0.004088513782926808
0.00407350686754086
0.004061766763979106
0.004064424560651127
0.004052102446974235
0.004184144396007197
0.004199834676913902
0.004160936044209474
0.004127093248196206
0.004128906897676642
0.004112054914697457
0.004109432086290539
0.004147844863680942
0.004091309734881876
0.004097977564508987
0.004106154133227061
0.00411831937390574
0.004137878363152318
0.004133028463691231
0.004127578751439572
0.004148437803074181
0.00410548538822185
0.00411849948025812
0.004138793696575937
0.004127472479142956
0.004246352067483325
0.004240755311341263
0.004193120703160817
0.00418507725953209
0.00416862657244139
0.004147489544465744
0.00415811508765622
0.0041682106735122385
0.0041489698997908605
0.004164292062149893
0.004145667737905394
0.004147642444584343
0.004130220148953368
0.0041491323228710925
0.004166173103723013
0.0041493482345148274
0.00409701593727934
0.004058336607459771
0.00405075504179886
0.004037460564681536
0.004026376433040273
0.00394026067846482
0.003935852167944671
0.003950930777102499
0.0039253513557375545
0.003927368624434353
0.003926188467168201
0.003907655803562067
0.003938168963495813
0.003921067873344097
0.003926757681953042
0.003906551958002661
0.0038770168178637733
0.003893330898885828
0.003887150103072652
0.0038541872793918155
0.0038407907665757184
0.0038273348539312638
0.0038054101881617843
0.0038084380094658508
0.0038222179061267528
0.0038175063584303605
0.00390587237267523
0.003895671720034251
0.0038802858977116015
0.0038825016214766297
0.0038817742207047632
0.0038819757050065924
0.003895544459641986
0.003913266223752857
0.0039106428905649766
0.003921473977261159
0.004211285646877016
0.004204656066962475
0.00419739935075385
0.004120350172137464
0.004114957515364997
0.00410732028649658
0.004110793589876548
0.004107133395667452
0.004103376536682669
0.004070103552976801
0.004082668859210657
0.004078440225599439
0.0039778948854431164
0.003979089885391296
0.003977623944261526
0.0039638528149898815
0.003977857608530541
0.004002173123059466
0.003984236937304516
0.003993817687546761
0.003987898942174485
0.004001205761683002
0.00404960256215326
0.004153193035859645
0.004146137385908808
0.004145485148151089
0.004114539131301757
0.004111980407058622
0.00411181453291647
0.004109179594716735
0.00405387844070009
0.0040442580663168914
0.0040311396517140104
0.004025817741351132
0.004016496957785771
0.004008733610575085
0.004023255229162997
0.004032663244019351
0.0040451416237136505
0.004034775762050522
0.004027150740969837
0.004087908645224678
0.004052889725230408
0.005318568676411539
0.005312536421647899
0.005296638364622958
0.0052940640954150745
0.0052652827922285905
0.005284681013312587
0.005210175569403112
0.005205529571892104
0.005180432301240822
0.0051735166806716444
0.00516881907246727
0.005148209917412195
0.005172485489163668
0.005171529638502906
0.005166732267266413
0.005149109823865569
0.005154794216330893
0.00514373991401434
0.0050583965291046366
0.005047812817814468
0.005041462762143328
0.0050836466139143905
0.005081259010310125
0.005056380050100257
0.005055216530239178
0.005063763797379048
0.005054723560295882
0.005038468617142955
0.005041218645690696
0.005046290076577396
0.0050454804857336276
0.005074602894555595
0.005093554553360269
0.005084424560515991
0.005054983240788796
0.0050351083703825015
0.005025524200599334
0.005012681683514677
0.005025332569162137
0.005026556791667894
0.005021510205044003
0.005011967568485678
0.004979819212198377
0.0049803098028240195
0.005021662487800319
0.005015291220042856
0.00498368743024554
0.004976134706305825
0.00499512503605209
0.005005905760712765
0.004986774434124168
0.004972828559547127
0.005007827735658806
0.005079264904663106
0.0050847295545926935
0.005079349092844037
0.005064723032602647
0.00508812881317487
0.0050857557781591916
0.005099768566289862
0.005089229120794765
0.0049044134860465535
0.004844062190893859
0.004835450119814972
0.004901469252020467
0.004948297128268885
0.00496152753346883
0.00497288892379062
0.004970002681935369
0.0049606820635011385
0.004952556376730836
0.004952087557904131
0.004938222243235372
0.004943732949578885
0.00498341321284067
0.004972040619579954
0.00496841245729008
0.004966948961786922
0.004968469577338324
0.004961653951966598
0.004940125913213514
0.004951094247466567
0.004943255424181074
0.004940666592122139
0.004932046587029491
0.004927844249146267
0.0049276531740894925
0.004935508784229279
0.0049387261788216685
0.0049575137205094015
0.004952353720815745
0.004944777997097021
0.004964002999826184
0.004951674201218218
0.004946896857494999
0.004933791971610244
0.004918085232770174
0.0049047516028835276
0.004894272774145025
0.004882872313852689
0.0048913448572541285
0.004890088287456875
0.004887645675854879
0.004911578133042495
0.004911391763783488
0.004929263117619013
0.0048815522086837265
0.004878359044543927
0.0049128553741288146
0.00491789131530766
0.0049087060918252415
0.004916529275577852
0.00489143896444229
0.004878648360166463
0.00486031418919966
0.004850077511010965
0.004817627996523979
0.004805457220175142
0.004813386518164831
0.004773651223686274
0.004760850139052404
0.00475545605922421
0.004744049886683851
0.004736984473477175
0.004737943396377545
0.0047609052786496174
0.004756178659632589
0.004749626086716954
0.004768274775554585
0.004758721180910568
0.004760779848746415
0.004757479391503331
0.004784317679092024
0.004773863328802216
0.0047707394123548425
0.004763159353678014
0.004762559468424079
0.004727705098195313
0.004720762774626017
0.004712646340107391
0.004712278976137374
0.004759328289266948
0.004748172879612274
0.004752177601918832
0.004726247898479569
0.004712840634529136
0.004709053798052564
0.00466022627874385
0.004661511397351672
0.004666992773105564
0.004643710475394752
0.004638309112796797
0.0046228377034978905
0.004613473490505868
0.004608444086772744
0.004602871800235329
0.004587669640451644
0.004587027251796706
0.004585949330963544
0.004570619795023508
0.004589945794743108
0.004563752047425968
0.004542085994505232
0.004532979221853448
0.004529806521822963
0.004522104502624337
0.004517010397051753
0.00450843621940843
0.004493850566052698
0.004486766750736389
0.004489895743282628
0.0044845267525323316
0.004474165157195095
0.004462108003465711
0.004442874666698565
0.004436080386765382
0.0044337874573667216
0.004482658610553561
0.0044773370227041386
0.004453317047652626
0.004454923838113498
0.004448324368071007
0.004433887982550452
0.004419311791843723
0.0044121384499325395
0.004397155634381178
0.004343880592355634
0.004334906498798404
0.00432570922225885
0.004337625857739173
0.004330262391154307
0.00431844384456136
0.004322320720780952
0.004334136574436584
0.004329958091742548
0.004323638892383315
0.00430815226208122
0.004287407732441062
0.004260626370459849
0.0042574005305401185
0.0042574638648201
0.00428706687871964
0.004285095702964636
0.004288004365043296
0.004320363340688201
0.004308184363025099
0.004308847402246521
0.004312745105344726
0.004390486303495938
0.004384888804991162
0.004394931314988169
0.00439242703368157
0.004387825414370003
0.0043658773165128045
0.0043706203986967245
0.004376876068966539
0.004404267965048504
0.004395171493184252
0.004381057391891829
0.004378200369761582
0.004376975132052655
0.004383233711970003
0.0044045758243087905
0.004404968816681196
0.00439353726250787
0.0043871630650259745
0.004397700016423013
0.004397673190809213
0.004380160558259216
0.00438368074942672
0.004378966929813279
0.004374503918115889
0.00436546665829871
0.004407789408556251
0.004396317571581523
0.004393729097517259
0.004381340064308799
0.004383836011343579
0.004379950899807819
0.004401136475235746
0.004407185794851954
0.004408471048886245
0.004406957354840698
0.004373162879419558
0.004359214262433662
0.004299759499877431
0.004294991933400344
0.004294470926077401
0.0042906859520591215
0.004299113096532038
0.00431038177188213
0.004309780282248787
0.004278593327224514
0.004284288790834695
0.004286130867934067
0.004278612772359736
0.0042644115777941295
0.004267945526168515
0.0042689434417611674
0.004304173745333901
0.0043017924887629455
0.004296337481806468
0.004241413900682261
0.00422851397365627
0.004229083636711517
0.004228013442321834
0.004235359220445737
0.004222840374988937
0.004187041006896308
0.004176754839293753
0.004177477309146796
0.00416555823669613
0.004155220215437641
0.00416693869440145
0.004169706205793068
0.004143468261244507
0.004137475890672399
0.004129865494912217
0.004097033575887664
0.004083602562913426
0.004077771407356586
0.004071572203203812
0.004065357204276937
0.004098735725861352
0.004095169326385457
0.0040881326105978175
0.004080701358194487
0.0040647127753508745
0.004063802604455639
0.004025529340096758
0.004023318790440159
0.004027392174210549
0.004025810496475197
0.004023466909441554
0.004060349649781837
0.004034762211775064
0.004037280133493258
0.004044796569421329
0.004045247092322912
0.004041079625706247
0.004035052541717741
0.0038912503696185595
0.003887919220403606
0.003850700605765427
0.003847250358095467
0.003837073884005804
0.0038425881086044797
0.0038322116802976588
0.0038234360375780587
0.0038055733080962543
0.003779176994283573
0.003772192810681132
0.0037726655867248837
0.0037675007778421444
0.0037467098027845927
0.003750019303142554
0.003746918904630805
0.003750237030147933
0.0037544797143105896
0.003749687893566431
0.0037493274691335573
0.0037288374128142186
0.0037295160408023584
0.003723052647987291
0.0037135608068039967
0.0037173636690939166
0.003712380399957639
0.003705124614105651
0.00369820612920794
0.003686764834601786
0.003683521068474127
0.0036767755223201535
0.003675976314829859
0.0036813000416859648
0.0036769316531894344
0.0036657850222481
0.003653274596461793
0.003645161100804774
0.003612519026829365
0.003609275497547426
0.0036095983650355165
0.003607190062821867
0.00359643526524637
0.0035776269744569817
0.003568107723457706
0.003565141985862284
0.0035730540995417706
