-0.005388981197029352
-0.0024270187908162675
-0.002570898912381381
-0.002972281211987138
-0.0033263809746131305
-0.0027944775065407157
-0.0020916768844472244
0.0008897599634817904
0.010438512300606818
0.009335071790370752
0.008621879479809044
0.007878195660081336
0.007145056006265806
0.007531541372494153
0.00698617467787699
0.006645853429183585
0.006040835976212597
0.005976253400532236
0.005693024620995858
0.005448260150539379
0.005259046876083383
0.005071644483984489
-0.0015765901043778277
0.0002221443643793473
7.118418579921216e-05
-0.0003687607133071171
-0.0004404134524520478
-0.00043083929781930375
0.00044871522016668147
0.00042276459674711505
0.000676602675412142
0.0006348677517521682
0.0008952168667319183
0.003292035016264501
0.003207989096052997
0.0032100679700552315
0.0031507847237854125
0.0031100707016706187
0.0030096856331510943
0.003683914399915943
0.008845884788786947
0.009107332755838585
0.009023651589814108
0.008792295708553865
0.010525638144589839
0.010273236692808767
0.013270492190713412
0.012990058462102232
0.012610520297312178
0.012227331083290754
0.011973940906710384
0.012153996783418509
0.011880224282288474
0.011987360385352405
0.011809500113616063
0.011786831653648331
0.011568215408197859
0.01134152546815053
0.009616316736113122
0.009440349830509176
0.009265935051746874
0.009060428954110225
0.008873693335317508
0.008786919293477413
0.008674758990475144
0.012089297532906697
0.0119091248484705
0.012666659749811513
0.012458643067345421
0.01185663276914389
0.011923772945414787
0.01173948560648419
0.011665350647023374
0.01185925547305184
0.012966849831603833
0.012798170424172315
0.012642911726008885
0.012537063595682641
0.01243013196035463
0.012205747463151145
0.012059954870648386
0.011902339725281078
0.013585670953380898
0.013447109968333013
0.013398071498878106
0.013242034227172472
0.013014672738460254
0.012701667438776579
0.012821112792072303
0.012672210322337351
0.01252863126200796
0.012384835714211449
0.012203247111446743
0.012068681308301169
0.011880690001210803
0.011736796767698105
0.012022269055501524
0.012020141339914954
0.012190496290277228
0.01221629346710501
0.01209620003732305
0.012008307143950892
0.011912028246465178
0.011908757530840206
0.011811504391448154
0.011731446087991421
0.011576875620111999
0.011460201964828984
0.011378134387566458
0.011272061396723716
0.011185677846567292
0.01111632310635971
0.011153369573947747
0.011072505977885476
0.010961806637200868
0.010869402892869686
0.010820232829724254
0.010705930095492719
0.010504561539225207
0.010419538027408715
0.010274032724603298
0.010265065097993971
0.010084235453236508
0.009990110904211183
0.009784250683012601
0.009715274256135262
0.009624287418091631
0.009515428801235033
0.009186110746948268
0.009109896343985206
0.00886611408967645
0.008821748837144152
0.008751426843636143
0.008731409403090196
0.008665313594974581
0.008687722605455968
0.00858340016903653
0.008542784283661266
0.008599667478951495
0.009152025791836231
0.009082294494310448
0.008946519578282781
0.008920418782913152
0.008868235823746512
0.008851823497847461
0.00878158430323372
0.008764328605360097
0.008692796309650468
0.008626198615335548
0.008520678594316792
0.008467747471992255
0.00814937608787528
0.008071622705992685
0.007689914879982448
0.00757349024355883
0.007483762597545066
0.0074363720485029865
0.00738522469533941
0.007319364495742772
0.007300606434000653
0.007239289664955129
0.007198468583637412
0.0072187970510595905
0.00700146842229349
0.006981363357500597
0.007025290074413862
0.006969505628755235
0.006914010664245618
0.006926730030168338
0.006841283271324747
0.006805306322348766
0.006792917007996261
0.0067260493365472315
0.00667477534568336
0.006680852416221482
0.006655175194287627
0.00663800408237671
0.006601968217594285
0.006081908040343677
0.006027345431747312
0.005767405518601838
0.0056957949882963516
0.005653350952501485
0.0056119196953856015
0.005698611712588934
0.005594919090169194
0.005578406308059318
0.005543968242977459
0.005552498140298804
0.005473220152219664
0.005450931958572856
0.005450376337201092
0.005185963426351772
0.005156862462321529
0.005117479758099552
0.005096084895652482
0.005060224486938249
0.005043761332018585
0.005046781769488
0.0050276573446222435
0.005014329917018876
0.00498577763740514
0.004952867845513888
0.005086763150047322
0.0050519082214326065
0.005031641868813685
0.005006303773160855
0.004965981480534043
0.004875880438512893
0.004832933092725972
0.00481340887584011
0.00430022181091532
0.004281485348664626
0.0042649939828173205
0.004299848491225721
0.00425943298775526
0.0042489090144854184
0.004052161314438587
0.003966675299637816
0.0039481540112829856
0.003930245414045883
0.003906996769443221
0.0039027357365089867
0.0037416973369868594
0.003716464634635477
0.0036926185210914334
0.003673818454492559
0.003648420616727127
0.0036341193194106224
0.0036356937528529342
0.003634142530966615
0.0036300150189166936
0.0037095788817775054
0.0036960627513372844
0.003774100704088019
0.0037630456712201004
0.003788693036767648
0.0037762059292621524
0.003535519105328901
0.003473663551532909
0.003469414664225547
0.003486844486439089
0.003465976496537203
0.003450392002396622
0.0034366825736758086
0.0032803075189413713
0.00325898655266369
0.0032246277152596127
0.0032183868015417776
0.0032274472362322838
0.0035102525713256627
0.003507620005858247
0.0034728897081213166
0.0034959334082326197
0.003487302429334699
0.003523412474602318
0.0035019151965930443
0.0034909597621613914
0.0034738004011719867
0.0034422093835771673
0.0034280593467223984
0.0034137782804533334
0.0034081149272176133
0.003373728520764068
0.0033590631774815687
0.0033433786353570696
0.003486129530417075
0.0034784634362172192
0.0033294109161943154
0.0033452080844513124
0.0033297566699141403
0.003300872094282747
0.003313179004021379
0.0033124517278999726
0.0033051951143441786
0.0032829123014157142
0.003259435164358583
0.003240352803398934
0.0032477751604996444
0.0032350045248320833
0.0032513494352960307
0.0032174233321467364
0.0031890927371855875
0.0031889900049447903
0.003177102957099144
0.003172012405264761
0.0031408564543906076
0.0032465697231317363
0.003233840401838368
0.00319766410553661
0.0031857690464925257
0.0030461609398917512
0.003019966677086246
0.003022887658177855
0.0030332011954522196
0.0030073672182221386
0.0029967322100997677
0.002978492572975269
0.0029839585562391785
0.003052271998091365
0.0031000867895381056
0.00308586491337937
0.00307236981346872
0.0032605016760558587
0.0032302389637372283
0.0032314647437325047
0.0031946233345963655
0.0031818732211266803
0.003174827035118432
0.003171258090008526
0.0031499819349100518
0.0031398556966218505
0.003108392297001078
0.0029030463874473076
0.0028946725248220596
0.002904561086233162
0.0028977084982885408
0.0029326210991438557
0.0028608733469809495
0.003092853372918027
0.0030190947883898334
0.0030102936294897154
0.002992232599533534
0.0029869870400020394
0.0029782428093893037
0.002994048943090184
0.002992854353445778
0.003013677789534561
0.002972887782997336
0.002946516458740669
0.0029135449074667356
0.002907320114594459
0.002904873052810617
0.002923026251512813
0.0029174260355267437
0.002945728369353569
0.002914820812982174
0.0029074445513322935
0.00289859615757664
0.0029161791374348353
0.0024184954521342906
0.0024174427787220744
0.002389397703873961
0.0024192586341245164
0.002129015185977223
0.002117609670529978
0.002056158785611234
0.0020591992424383344
0.002054129065363666
0.002080330161588063
0.0020836483527918127
0.002082460460720698
0.0020794448595511114
0.002103801802026998
0.0021360935026085185
0.0021132386224481316
0.002147835180928861
0.0021458303973028122
0.0021379255790735523
0.002107022910387256
0.0021001670845798375
0.002141898763401319
0.0022031991155837274
0.0021503097683108355
0.002179909750607367
0.002212626254233614
0.002178465837341322
0.002169093577021499
0.0021708923303113124
0.002443041289623729
0.002436381123408608
0.00242434205178698
0.002413504112889754
0.0024115061293511317
0.0025094807713182295
0.0025034206217637795
0.0025191507452363426
0.00388058179909287
0.0038643803866426933
0.003921518632955726
0.003921850522506508
0.003922903892269853
0.003904048502818113
0.0038933158878617998
0.003874020894897083
0.0038716864542168074
0.003858845715681643
0.003827717831489393
0.0038220233608556625
0.003812464489236824
0.0038511779612421452
0.003840349420483589
0.003821036075946561
0.003828400325898046
0.003816326287455417
0.003736775910245168
0.0037260516308644095
0.003711865932330837
0.003699637419667852
0.0036993616612519533
0.003684903906123419
0.003677715448769233
0.0037984879289267907
0.0037909186740167286
0.0037826803331008174
0.0037612885375680524
0.0038053335103148712
0.0037966073522487133
0.003773046112952971
0.0037564937589469735
0.003685640888417184
0.0036820440715419583
0.0036737627159213046
0.0036610495463555064
0.00369767684231612
0.003673182108794894
0.003662347177698882
0.0036679872131124614
0.0036685040072673785
0.003670053593788104
0.0036627424014161205
0.003656470339177518
0.003629409590740699
0.0036196847668479143
0.003760356278173208
0.0037669702883238905
0.003750929316576781
0.0038201297757973988
0.0038241323638980836
0.003791054861228146
0.0038298340420321133
0.003812228956220265
0.0038096409262931034
0.0038030591287888348
0.0037918971889716923
0.0037821236303147003
0.00376395149450546
0.0037584002131390948
0.003750411755754611
0.0037418421323024685
0.0037285074200776153
0.003721992467881156
0.003681628634997953
0.0036972347034790196
0.0036955661377389257
0.0036821669645782473
0.0036741000469971484
0.004267740980042703
0.004265510081184199
0.004260473973308782
0.004248097626645885
0.00423736063155467
0.004218889048681
0.0042159641828070716
0.004210051985099104
0.004202260912311442
0.004181926680996194
0.0041584633669941775
0.004063606672571043
0.00407753882102907
0.00485608536985429
0.004820892960813753
0.0047731786510447505
0.0048277247009889035
0.004815509788394216
0.00491406773122295
0.0048765810621946145
0.004855995368051616
0.004836125507148262
0.004824034134845495
0.004823168306325375
0.004822203201088213
0.0048117106156887884
0.004802880862905449
0.004792557665893561
0.004784863899088275
0.004780146045442019
0.004767241094015697
0.004761916382055158
0.004752565558212946
0.004750501318609862
0.004742875345771715
0.004750854787466064
0.004743486525732111
0.004723909352226959
0.004723176479683108
0.004721346523138727
0.004707695349722631
0.004695587209930729
0.005929050234967014
0.005905955717587754
0.005874823865795491
0.0058522161854506925
0.0058599724556905024
0.005846655046063402
0.005846180284136515
0.005833282642377154
0.0058115909422501895
0.005799511834658915
0.005833172066163452
0.00582174586518983
0.005791690097112675
0.005777362560611292
0.005815853123405561
0.005789728054138114
0.005781114908739836
0.005769368733234033
0.005688864191637735
0.005649453817065531
0.005634994122644872
0.005661240468327833
0.0056507597940308575
0.005636647467808128
0.0056298268539039876
0.005605477390798665
0.00559262104240801
0.005579428697235498
0.005565771127672802
0.005552905333024683
0.005544715231892719
0.005529553329554686
0.0055342021914769725
0.005542796696831725
0.005531622968015394
0.005514575875503235
0.005502863285667219
0.005490992286936627
0.005479152218415798
0.005472172115367116
0.00546876798610145
0.005451958814698894
0.005448350853218537
0.005837785846585135
0.005833769676702043
0.005817029155172239
0.0058082664000421915
0.005892151935531525
0.005893552931568174
0.005863488303428445
0.005830180576473967
0.0058157907350408055
0.005806879126929896
0.0058157008728919775
0.005804577845665667
0.005789905965508168
0.005773800923561393
0.005760160952158114
0.005729235979395056
0.00571290473083288
0.005700132168449981
0.005689908356504493
0.005679974391685745
0.005695553621169412
0.005664694977390394
0.0056407153642794566
0.005737226600485979
0.005730201543293563
0.005742948700223834
0.005701888041299491
0.005673161684239734
0.005679293846858793
0.005693523373390086
0.005710291530575118
0.005687093807758342
0.005674868050254938
0.005664878930573964
0.005653932539900495
0.00565560223049912
0.005642436041722374
0.005644507538703603
0.005635648118491791
0.0056305203488940525
0.005622075571000568
0.0056195255042225814
0.005611956670009018
0.00557752106205275
0.005567081760745822
0.005549652881471763
0.005482717279012609
0.005470637047649101
0.005461032572062362
0.005454661258824619
0.005451446408760724
0.005444628601539558
0.005433299921714433
0.00542386246119662
0.005414118193460982
0.00549784452751862
0.005497904109099671
0.0054968288418968435
0.005487444908475158
0.005491210980485913
0.005483566132868576
0.005459165001975784
0.005444467454247647
0.005433203083660155
0.00541966089709287
0.005401136919727603
0.005313517311757698
0.005304737277839371
0.005301349190854892
0.00528784932942337
0.005275864634193154
0.0052686223470411525
0.005259136698417563
0.00529074392544126
0.00527909465446148
0.005267815244698943
0.005266447413448416
0.005257513965002742
0.005259995086507957
0.005258375269334818
0.005252112964457709
0.0052459959969316326
0.0052357161073979825
0.005226895440132293
0.005347526898069045
0.005361846013820082
0.005378508729125076
0.005336595059398912
0.0052589193947616564
0.005244629414077362
0.005225604600617278
0.005218389354483221
0.0052030365845531015
0.00525009748472537
0.005241180979595761
0.005241328711601657
0.005247619399631814
0.00525222264458377
0.00520781710299702
0.005194951169948475
0.00518831879630694
0.005187257352733328
0.005178701208430117
0.0051733973059626655
0.0051306772868407674
0.005117729888411478
0.005107376051023489
0.005056220179721716
0.005044944890027874
0.00503110115678961
0.0050289133474021395
0.005014424728046442
0.005028524528616703
0.00502113945605582
0.004950908088075161
0.004943432054291002
0.004936096975781342
0.004943500650094742
0.004937695705195623
0.004928762359020672
0.004926135057758071
0.004928129449871522
0.004934105461892966
0.0049747834951573205
0.004956371537863527
0.0049488694095118115
0.004936566026497694
0.0049262923794052135
0.004919027437138885
0.004909754989600772
0.004882009715741779
0.004865772127636873
0.004847364750846849
0.004862426477541125
0.0048487407771090054
0.004840537939647519
0.004836597254194851
0.004829201506505073
0.004827987757402121
0.004822618861785286
0.004714873418608678
0.004708702997757222
0.004689657333526191
0.004697726222593093
0.004673950463691538
0.004661270071220353
0.00466179359143151
0.00465503739480359
0.004643450280340949
0.004635974411039792
0.004641483977027009
0.00463430958952547
0.004627405932691907
0.004613510897730302
0.004624006077942474
0.004612953339691381
0.0046007876973843806
0.004592143741572595
0.004491037682188851
0.004476155338290314
0.004467903213446819
0.004461925447622827
0.004454022271727743
0.004446267194081719
0.004441490372485928
0.004431343608073992
0.00445936531225535
0.004452699761466218
0.004951117375176204
0.004945168065139524
0.004935037752292453
0.00488695489878003
0.006077770811383425
0.00609111338815552
0.006086844820502089
0.006078851954614621
0.0060640897158111915
0.006078697783172844
0.006037862103113089
0.006024863598583331
0.006016660598656961
0.006021335008094194
0.006017258015422077
0.006010715425175395
0.006010522612160253
0.006002342363948844
0.005998027813843182
0.005989906366485174
0.005989068699246842
0.005980811583007323
0.005962816413808685
0.005952373047390394
0.005944835989829301
0.005939591423485018
0.0059615052802635534
0.005955105193775291
0.005959304066051763
0.005951607995538162
0.005945136860238481
0.005937865309131647
0.005946090261194603
0.005922782934542235
0.0059175723245605515
0.0058728082950268885
0.005869229123762611
0.005870519434283629
0.005860213381079979
0.0058338986214192725
0.005806248998513211
0.005787640768114856
0.005776817130608636
0.005766159545835504
0.00575829531782616
0.00575811604444224
0.00574724819351707
0.005732055797858636
0.005684927435839198
0.005674012826218946
0.005626127755384855
0.0056168161057406005
0.005611345183754249
0.005602187227814524
0.005592624812013931
0.005584342512787099
0.005577430326418757
0.0056337383295196105
0.005630179406556348
0.005637733931679782
0.005631424870883111
0.005623429939747954
0.005619403176528
0.005611820107194088
0.005613146102685363
0.005610794021435605
0.005560528887765296
0.005556781623969955
0.005549662682248012
0.005539992705228774
0.005531042000266427
0.005515418391638273
0.005494542082109527
0.005486812361289799
0.005478351556238399
0.005471421817186019
0.0054879999522333064
0.00548108011746585
0.005464913521768139
0.0054489017861733754
0.00546097838088217
0.005448571005509222
0.005447460642620412
0.005423579674706664
0.005417418031051167
0.0054071985180089216
0.0053862475276823685
0.005381062299545084
0.0053718986432924574
0.005360851308749642
0.00572657312990615
0.005721539605675098
0.005712853106802221
0.00570004076412575
0.005693217651497803
0.00568080440649303
0.005676021003872068
0.005670194436368702
0.005662749913540209
0.00566305457761607
0.005660894153626208
0.005653961924579974
0.005646411436742228
0.005639903640434374
0.005631048863659755
0.00561743712990571
0.00563401970503667
0.005626485651055582
0.0056227459597901095
0.005594594017367625
0.005588894974724168
0.005583048708769507
0.005577197795510094
0.005567719567933317
0.005556905617020353
0.00555148403069133
0.005546116767073706
0.005537692398567998
0.005531093600203769
0.005549060021310408
0.005546134807543289
0.0055390130165988895
0.005531503608540112
0.005525028428365299
0.0055182592913634336
0.005518242461343306
0.005521558651637591
0.005515760450225077
0.0054631572252296185
0.005450756092005509
0.005425893155544459
0.00541049372289429
0.00540981602558876
0.005403424839503626
0.005423530855940164
0.005417411719213495
0.00540807951855812
0.005401772212100827
0.005372692608506484
0.005371436858703884
0.0053822384414424764
0.005372568493993137
0.005364445928026506
0.005361661221500529
0.005356805878151097
0.005351018028304336
0.005352848292028834
0.005348742572267345
0.005351123110992964
0.005337780571545109
0.005341552230944013
0.005328094172055865
0.0053218776591408634
0.005316975990517784
0.0053448568970605485
0.0053396862910961235
0.0053329131982863135
0.0053145128348955776
0.005303968708307537
0.005298664455192238
0.005285212350204844
0.005231429641826212
0.005228283328788335
0.005226400301156996
0.0053134018873132
0.005308743031172859
0.005295870558864593
0.005162283451697715
0.0051502762756893495
0.005141096007689934
0.005130283356545389
0.00512076551580632
0.0051164131554635025
0.0051178143028228085
0.005088401339968876
0.0050844221189569995
0.0050775329261977566
0.005075512799629283
0.0050658746107026
0.005060517283164409
0.00504724351835514
0.005045900339506942
0.005036637577712313
0.005032076230409948
0.005027587559819924
0.005021484837880411
0.005015039326236047
0.005010493815380992
0.005008190557055058
0.0050142559592562625
0.005012631214727017
0.00500688190270871
0.005009765808163197
0.004998209825943726
0.0049898708616435
0.005121734433819858
0.005161388501629639
0.005142366308794511
0.005095294184458098
0.005088421854557442
0.005082058073597577
0.005104586883937929
0.005101115567642601
0.005096909367441274
0.00508851805800326
0.005083479531152939
0.0050795148465056904
0.005078408597642164
0.005067543816415478
0.005061937004475719
0.0050606952323912395
0.005053937807614622
0.0050473360553008
0.005040618688607799
0.005034817202363128
0.005027182507513244
0.00501181571636511
0.005005616528881676
0.00499990935813121
0.00500758646773176
0.0050074378752880105
0.005001315866853
0.004996714055967267
0.004991028525475629
0.004982935563802682
0.00497668036265911
0.004970903270685174
0.0049651555782083395
0.00494865357043939
0.004944120460344397
0.004945848930668542
0.004939846792024209
0.004929799156002685
0.0049084999615799305
0.004902864185732736
0.004903026192789672
0.004894564112189375
0.005119305668624592
0.005115286072484986
0.005095586237978348
0.005095330441076692
0.005090912096823798
0.005048267166395845
0.005040623072149672
0.005049256846085443
0.005042085684136894
0.005034978275249417
0.005028354705288998
0.005019821305586923
0.005013191243843411
0.005009831366947272
0.005117358691947587
0.005114043034652392
0.005106952897325876
0.005101558134400069
0.005140327171818587
0.005133585305683211
0.005133521818180998
0.005131789673316685
0.005134082782152001
0.005120279041902087
0.005123774877956309
0.005115667967692842
0.0051104120036562645
0.005106800978268148
0.00509649970470043
0.0050981686411147075
0.005100710622268002
0.005101138654928715
0.005096008413135788
0.005086441786811459
0.005078647847029126
0.005071518037398598
0.005067993843497387
0.005037970103983032
0.005033929002072062
0.005031797214594239
0.005022562263115105
0.005017466018669397
0.005010030716020821
0.005008812087526571
0.005010097107061958
0.00500511124356655
0.0050033246311895355
0.004996925399805156
0.004991822487258971
0.004982910643790266
0.005009343801236221
0.0050034711228363424
0.004999716576618251
0.004983036797918957
0.00498437242889408
0.004977720871517101
0.0049668522569608
0.004951561346618301
0.004950195822205248
0.004943041856844836
0.00493677233378246
0.0049333737657107106
0.004927045412887263
0.004919649462233232
0.004913107036970384
0.004908139361238039
0.004904448248731088
0.0049012618771664
0.004902683399696891
0.004895868012771831
0.0048934190091447696
0.004886481112494084
0.004882170596080916
0.004877408478713636
0.004873268926640262
0.004866292354638827
0.0048618701288441896
0.004858280312018047
0.004863232724878849
0.004853351663729681
0.004809208777234328
0.004804271864647009
0.004802048652047669
0.004833115276288891
0.0048290449817191715
0.0048243966291572375
0.00479361695011371
0.004770491541588161
0.00477476084461735
0.004767341913887072
0.0047648278797337885
0.004760797455515099
0.004760110914192943
0.00475522604365465
0.004755968643955289
0.004760730735462888
0.004749847946199675
0.004743098089968333
0.004740836441086439
0.0047403315185703095
0.004730426005091127
0.004729863488721375
0.004726986016544704
0.004716322494541793
0.004710763216824739
0.004712459640975941
0.0047051178802880655
0.0046900262174578685
0.0046939469340077835
0.004690514994864031
0.004685144628665105
0.004703343864097233
0.0046996462110114705
0.00470131770114455
0.004683040470460842
0.004686756985282554
0.004672717604679536
0.004674890877812356
0.004684973703018189
0.00468034323779947
0.004688219233809762
0.00468622250736069
0.0046818576774281615
0.004679931329944378
0.004703700129407596
0.0046967478118092815
0.004706902380760386
0.004777467138915514
0.0047767696033752935
0.004772222805145707
0.00476798439713663
0.004762248410328554
0.00475886248815491
0.004753718174195237
0.00474544894888368
0.004741084989176097
0.0047477283104164466
0.004743260243717773
0.004736509682692537
0.004736751173818775
0.004733525709331696
0.004736362144908694
0.0047505290292185485
0.004796034454093235
0.004782150863182839
0.004762836515366258
0.004745278553725384
0.004742526733879661
0.004735209795668402
0.004728503585935785
0.004726472012370862
0.0047237911660093605
0.0047225532796219515
0.004723824224945414
0.0047208846328251055
0.00470855768615189
0.004704436836479157
0.004696316753839429
0.004699986682047487
0.004699741319879477
0.004694429135515142
0.0046914677403103915
0.004687195033183722
0.004678225443203434
0.004674631309640023
0.004666260690193163
0.004664926029919809
0.0046599849377904875
0.00465434211385251
0.004640519067985281
0.004636048717394668
0.00462454123155587
0.004621709536497615
0.004624013091840992
0.004621073051023371
0.004617154310724722
0.004623639195266849
0.004622972429821584
0.004625002087831567
0.004687638677258254
0.004786046816595188
0.00477533391518331
0.004683062545601051
0.00465695051992135
0.004658261630496502
0.004650511948827418
0.004645979215882509
0.0046419184695918716
0.004632225495616129
0.004625032617876584
0.004620737312864789
0.0046179591972726995
0.004614644223176908
0.00460914220542041
0.004608809978278664
0.004575717521521769
0.004574073336522053
0.004571360399316119
0.004552617752142311
0.004551144150148758
0.004544253053762589
0.004536953855105752
0.004531899152044445
0.0045266350802203705
0.004523864419876624
0.004520025974244584
0.0045168456783127725
0.004513816972203015
0.004521177825863032
0.004516888934710644
0.004512559644056413
0.004508447489680961
0.00450110079473423
0.004500120148703795
0.00449919002706141
0.0044953919323407355
0.004493611633174876
0.004493776181800156
0.004498612377786557
0.004493789527445002
0.004489524339786161
0.004485859701777243
0.0044816443243891795
0.004496634951097368
0.004501133131815048
0.0044976289256950285
0.004490810168493343
0.0045494686640534625
0.00454533383924188
0.0045465698677206005
0.0045386039703913875
0.004535038609273577
0.004529118356594166
0.004531961721917428
0.004539006103080466
0.004533577396470321
0.004528901755507596
0.004526533456858787
0.0045201998627469615
0.004519755311059472
0.004524143009229922
0.004525340878245836
0.004516893825260131
0.00451881533573628
0.0045156184030019295
0.00451167742611122
0.004505715733428409
0.004496484824952363
0.004491890464359562
0.00449078558601289
0.004477610480189329
0.004471268721375839
0.004463450640005407
0.004461996723674494
0.004458570068926344
0.004457422596905761
0.0044509599585656956
0.004446734774215914
0.004444187322903597
0.004439495041326442
0.004439488131749254
0.004434401747591129
0.004429277920195762
0.00442624937892777
0.004426481821650714
0.004422313201519078
0.004432348440583844
0.004427406772806852
0.004423575006051533
0.004423369255850921
0.004421827725122843
0.004413590246709519
0.004409057401729362
0.004405588685450747
0.004406941042353469
0.0044023623211785655
0.00440022738678227
0.00439756135141291
0.004396197239681996
0.004393357898680983
0.004392817763772492
0.00438917762834624
0.004404409969989037
0.0043868492097355995
0.004376251389004454
0.004373051410035324
0.004368655730789634
0.004361450937027742
0.004357197851513011
0.004357776566814694
0.004353890282350477
0.0042682140616026095
0.004264522005125244
0.004252775963252198
0.0042275062485372114
0.004223407766692306
0.004222063880049907
0.004218395138016222
0.004214882815684723
0.00421316451070527
0.004209037679948485
0.004204891789976815
0.004197026530551243
0.004194762749661535
0.0041906170374961015
0.004191328903876905
0.0041867632878454224
0.004179333776478868
0.004152804801646469
0.004150891100485184
0.004146747351159895
0.004150947959395118
0.004144035287241971
0.004140926964785384
0.004137781419395852
0.00413422049093765
0.004130676008094896
0.00412342918798168
0.004120050227892256
0.004115561794906785
0.004110605535225016
0.004084502108947603
0.004087481900455436
0.004085507000847779
0.004176005177405933
0.004173659629037794
0.004168975620812144
0.004173685610763307
0.004171035189801583
0.004166446751736799
0.004163484990354943
0.004162516577882451
0.00415925496526393
0.004146490796925288
0.004142789206634366
0.0041476344656648
0.004143445127387981
0.00414386179510191
0.00413958488071239
0.004136743719978485
0.004136228443192933
0.0041639613133611355
0.004160537812783385
0.00415696885555549
0.004139694639928749
0.004142958630145467
0.004140727391288925
0.004139723246544159
0.004099857315827059
0.00409603139427338
0.004092555345339359
0.004090677023582811
0.0040880146080519405
0.004094772333481621
0.00409215336206962
0.004089070781175627
0.004086986843484869
0.004086370480437807
0.004084108478393085
0.004081803694156994
0.00410008758431163
0.00410189605476961
0.004100829994764644
0.004095714017097008
0.004083273078900872
0.004078496543188291
0.004074793203508161
0.004072424776474711
0.0040695355803530755
0.004065020670162882
0.004061307146956901
0.00405916308734
0.004055656738216788
0.004051959789360734
0.004043849981552186
0.004039797445760409
0.004035018996964997
0.004030717270338926
0.004027751095518893
0.004026236657212389
0.004023296311957516
0.0040216381169695
0.004017516772723998
0.004059600940597821
0.004066040258818893
0.004067737655067882
0.004063265889834709
0.004059466024089721
0.004055429727440697
0.004052516027952077
0.0040446043439061165
0.004039763830995171
0.004035030685843272
0.004029591935960316
0.00402695473167113
0.004029338313066782
0.004028924548373224
0.004026479739229594
0.004023964500209521
0.004019574340529798
0.004020421723338721
0.004015365895600597
0.004013961176725655
0.004014938490815906
0.004012514849416851
0.0040133475266278034
0.0040020359685466085
0.004155918875388979
0.004150531117313613
0.004165633906492328
0.004160186883568334
0.004151736359754393
0.004149579260293018
0.0041493368520411295
0.00414569267730953
0.004143510862623132
0.004139605038769264
0.004137295763703515
0.0041459430015003094
0.004130367286794258
0.004126948781721484
0.00412445909004257
0.004121624448267026
0.004116927452745946
0.004113461978851228
0.004112730735351831
0.004104026512694009
0.0040974528350845784
0.004091934286588155
0.004084146886180476
0.004124724740470148
0.00412268587356232
0.004119092792858967
0.004121283665945123
0.00412082556808195
0.004118718201650559
0.004115508894605386
0.004112176349037828
0.004108316231123824
0.004090178239422692
0.004099616561279313
0.004094243983875622
0.004091696275144729
0.004088597576975089
0.004094106003724399
0.00408886067311947
0.004097280631599174
0.004066141127830621
0.004066904672817168
0.00406049290898484
0.004057512739500595
0.004056067286744344
0.004062211662264751
0.0040578002106527395
0.004054913743116415
0.004054107726534359
0.004051577558541827
0.004050207462931458
0.004050489262576867
0.004047728371932488
0.004051120239931873
0.004049194894913455
0.004046809600659322
0.004044939151384304
0.004041813011272368
0.004037224452657181
0.004040509380666457
0.004037924649007557
0.004032647264907346
0.004028170090689082
0.0040260653384702125
0.004022220829889275
0.004019194506849137
0.004014472884929178
0.004013639584920385
0.004010865435926555
0.004008665391387038
0.004014554571744673
0.003992053281271559
0.003988749505889497
0.003985818691104948
0.003972796227105679
0.003968245504516605
0.003960213092803706
0.003954040477278343
0.003952962936971716
0.003952427305658484
0.003949337511883808
0.003948918880028123
0.003964680065861396
0.0039536113193476856
0.003951156325595038
0.003950717323627975
0.003949516806279053
0.003948541052936873
0.0039468859284593925
0.0039443472592955685
0.003924050479066032
0.003919875753608962
0.0039179032067020786
0.003915611961816737
0.003913576465167044
0.003909338596036892
0.0039082870970990275
0.0039084838212013915
0.0039046638644158415
0.0039023752260209325
0.0038984735676414533
0.003896276734011533
0.003900475136636366
0.003898427982939355
0.003895728273780364
0.003892968538885706
0.003882340334962897
0.0038790963785514283
0.0038766114564232424
0.003875224867221455
0.0038735572678573397
0.0038793567110427425
0.003880133312352332
0.0039001499039090083
0.0038970598061396555
0.0038941123914210773
0.0038907307668178885
0.0038867184548377195
0.003887681455635269
0.003886012308372147
0.003885626824718931
0.0038828384004397022
0.003890630817032766
0.004027176072738181
0.004026584816657751
0.004024067583609645
0.004022879951403108
0.0040206528449201135
0.004019057510756711
0.004013610429076721
0.00401931266015168
0.0040188988077925515
0.0040164255534980734
0.004014632998653247
0.004014023412877867
0.004013673924132801
0.004008621731644089
0.004008981381789053
0.004006063988536676
0.004000266712185468
0.004023923339890238
0.004041980849874805
0.004038692403798044
0.004030315010912133
0.004035272100455831
0.00403428967761354
0.004046437588633227
0.004054251974345533
0.0040508784404786466
0.004048366707386689
0.004043811675191213
0.004040729767366277
0.0040383134283390465
0.004037255208542824
0.004030067071684843
0.0040262779309137185
0.004024377716317565
0.004022783996808008
0.004029386502048368
0.004027001237191862
0.004028283813917179
0.004025257541969447
0.004023285658641823
0.004022222582262766
0.004018632306993238
0.0040185193888565285
0.004017488735162109
0.004010429259767174
0.004013260971504632
0.004012642891805443
0.004011495264956815
0.004010140604399909
0.004037787314007025
0.004042280083318237
0.004039574522766992
0.004036656872456195
0.004034226491045822
0.004032279988516813
0.0040333261059671294
0.004029957896084653
0.00402626974496408
0.004025047798380193
0.004022043369748745
0.004019471389485669
0.004016355202387116
0.0040139132173783254
0.004013521617816969
0.004009090617823876
0.004010634331877647
0.004000096019041847
0.00400203315884321
0.00399936928382555
0.003996574984279635
0.003993797157951889
0.00399093184047845
0.003989038831971794
0.003985662183694576
0.003980047714194968
0.003976632415389209
0.003968717922496777
0.003927969765635986
0.003934767786251917
0.003932929322556528
0.003930724957655869
0.003933716500485444
0.003927019215481175
0.0039037948071705274
0.003900741028554891
0.003902384935884637
0.0038998146706330514
0.0039035822857611518
0.0038977327189147746
0.003895405060861323
0.0038934051755872196
0.0038958265611631136
0.0038993212402904133
0.00389553913824113
0.0038918383638029807
0.0038917574114622636
0.003886453018688981
0.0038815311511095065
0.0038712022314190777
0.0038696703257658396
0.0038667344449458676
0.003848962312559895
0.003847468020271524
0.0038462042619232823
0.0038423724773575287
0.0038405839539872935
0.003838756171755937
0.0038499208992504026
0.0038477255011521013
0.003845690059377128
0.003841707408490212
0.0038393304943890078
0.0038251448471061664
0.0038331026947342663
0.003833865669028726
0.00382686158298503
0.0038278878274040783
0.003823721535749813
0.0038222795514689396
0.003819743109733753
0.0038159829964203897
0.003811012818047437
0.0038115715156767887
0.0038093671774439256
0.0038090491992679508
0.003806616324029911
0.003807176367324891
0.003805746938018555
0.00381008595493018
0.003809879877580702
0.0038077235936421873
0.003795762344777811
0.0037881185000388827
0.003786347889984149
0.003770095319840738
0.003767784184998715
0.003766154325544064
0.0037583124123550535
0.0037562971419522954
0.003755062944808975
0.00373008856615564
0.0037305140170986887
0.003733580464645869
0.0037339696240243653
0.003735728317087111
0.003734260392158993
0.0037169454622374507
0.0037138323268236196
0.003716514673436594
0.003714310403769303
0.003707943932161857
0.0037063236839166153
0.0037056660424867965
0.0037044720853007676
0.0037026390295902085
0.0037007857062271235
0.003697687885117303
0.0037009672734403007
0.0037002723185598557
0.003704936958570493
0.00370064259229275
0.0036949627174649616
0.003693485296464052
0.0036902082387443576
0.003682823426787335
0.0036799933937642147
0.003677823656989885
0.0036771498718161807
0.0036735849819983578
0.0036708890325133406
0.0036732060022224306
0.0036731361449865952
0.0036672776660607283
0.00366234043928087
0.003660204099986322
0.003658873228993782
0.003651989443268075
0.00364904804526764
0.00364289922320036
0.003638230112488882
0.0036366659522927506
0.003636245458833538
0.003634486342115452
0.00363473044052522
0.003633821616972661
0.0036318326612866094
0.0036302749801053794
0.0036173088720970734
0.0036158443873990187
0.0036135170114577468
0.0036131205965317724
0.0036109882629530316
0.0036079436218529725
0.0036027973300122845
0.003593158405598181
0.0035928798791644576
0.003593381110320687
0.0035892073350468796
0.0035809012410688464
0.0035795500644416754
0.0035773142728622504
0.003577279706879343
0.003574673049826894
0.0035633295275216874
0.0035621699679719144
0.0035582980301805817
0.003555883362960095
0.0035547101852966066
0.0035490548286486725
0.0035463822799657865
0.00354503152104188
0.0035412861567995905
0.0035391008006766676
0.0035397188898747337
0.003542048597048502
0.0035418737740187285
0.003547024481978806
0.003544261481469629
0.00354256934099535
0.003541127510273702
0.003539027180761766
0.0035342410771284196
0.0035328652540964193
0.00351085782579419
0.0035084631733453267
0.0035137126809874474
0.003510710519254204
0.003509817702987641
0.003508944793567321
0.003506517218334873
0.003504653326017047
0.003503120193351659
0.0035012366830090955
0.0035051879097224357
0.003504831083097638
0.0035032621841553555
0.003507105658399511
0.00350579891434427
0.003505349709739164
0.0035022197560324853
0.0035002304246080727
0.003483478929259871
0.0034809475290376716
0.0034784193000534764
0.003474187370120086
0.003470997200964794
0.003469228293777172
0.0034650415336770156
0.003460437394340179
0.003457772064809896
0.003456717468712069
0.0034498237723837107
0.00343437843736946
0.0034312852918588436
0.003430025272668692
0.0034317245738362014
0.003430663796436579
0.0034388245794542763
0.0034405532520573366
0.003438850221113155
0.0034370333315975328
0.0034223457455824003
0.0034495190698293496
0.003446842417617296
0.0034471104730708978
0.0034456651365686285
0.0034422497851793396
0.0034394907854057495
0.0034343706992853167
0.003432238269486688
0.0034335623353004188
0.00343979316727911
0.003441046911059934
0.0034411644281242032
0.0034397882210004164
0.003425366883990437
0.0034510074082919947
0.0034521351735268655
0.003447383732921224
0.003441356705200963
0.003439922531435753
0.003438283989968892
0.0034349730103931373
0.0034335128503889824
0.0034316605799879093
0.003431730341443142
0.0034298656539897133
0.0034296666457343324
0.0034282598151928827
0.0034196101695234613
0.0034161635944689756
0.003415627808174741
0.0034137561965361008
0.003411791701639992
0.003410631118696825
0.003408802391852671
0.003407089801133948
0.0034069596160720065
0.003404422442610819
0.0034027046433174582
0.0034004582272732266
0.0033993030524547743
0.00340510178029883
0.003406494539731756
0.003407805352533571
0.003405542102766598
0.0034019281674347794
0.003436179002150524
0.0034322330944744567
0.0034282905222595876
0.0034261523421758797
0.0033873081275150266
0.003385539533019332
0.003389951212030701
0.0033886354212820788
0.0034757315601883936
0.0034700734550134164
0.0034640163293162348
0.0034156933128151857
0.0034124423174101888
0.003417398287220317
0.0034140874242967584
0.003410538273846935
0.00340891636728762
0.003406082277725974
0.003404711065907423
0.0034052250191653143
0.003403547181966245
0.00341367101753123
0.0034223903592047896
0.0034211609368314266
0.0034208537942342636
0.003419361441121669
0.0034188244459824758
0.0034140616991153523
0.0034141026536455782
0.003413171684929349
0.0034117021330334987
0.0034106349826940126
0.003406460522715311
0.0034049836728213476
0.0034043675069093393
0.003396948095649499
0.00339568997882227
0.0033933159972989236
0.003396311963288768
0.0033549069511799854
0.003389561792447449
0.0033883308595632523
0.0033861291508536385
0.003378048160877883
0.003378048147653194
0.003375362467362466
0.0033752030745439767
0.003372596104205901
0.003371357906379063
0.0033684481341851864
0.0033661110259821294
0.003363058381658186
0.0033592756061662146
0.0033582894396439393
0.003356873455171199
0.0033563311750912845
0.0033545330175637593
0.0033558625029451567
0.003354786057982492
0.003364379466110435
0.003362756448296789
0.003365163467337835
0.0033651322195098424
0.0033641304663201426
0.0033650570707421746
0.0033645889745259057
0.003313064207386172
0.003312005768322962
0.003302444256162913
0.0032790484333583246
0.0032783887539193884
0.003273032855136173
0.003271550628287669
0.00328334584695951
0.0032811242009287305
0.0032784424425892967
0.003277716644530283
0.0032819413029324647
0.003280880397663979
0.003287549582804627
0.003282409634095982
0.0032806050321836523
0.003275767861862655
0.003274702852562015
0.003274667363707178
0.0032691307889688966
0.0032610058070569607
0.0032964946869422835
0.003294063442022154
0.003292669343574289
0.0032939665737114206
0.0032858611019068364
0.003279157278239101
0.0032796716561596293
0.003277323581093506
0.0032713195821887104
0.0032685407324595118
0.003266881034575709
0.003259653408428171
0.0032575364996077637
0.0032564695071716967
0.0032561650280721133
0.003253963207247737
0.0032425738962563963
0.0032366942001298142
0.003239879401596705
0.0032402480776539022
0.0032378020737783633
0.003235739981992351
0.003218542644076633
0.0032174731009735114
0.00321708647652895
0.003215774926812719
0.003211764497718888
0.003208366870172471
0.0032058271198635926
0.003205302756871826
0.003203544772585129
0.0032012461079813904
0.0032106894614423905
0.0032080481523063635
0.0032034358541009663
0.0032022252096783033
0.003200992623831134
0.003196186960299918
0.003194991784943916
0.003217314627184681
0.0032252173620647374
0.0032213990367140717
0.0032203100162932997
0.0032186100252815323
0.003216837403844622
0.0031812935906064812
0.0031890362737805487
0.0032846553665172094
0.003283943574074467
0.003279397481444627
0.003274760359535102
0.0032703555907564377
0.003268881556282001
0.00326817938312616
0.003266266608647502
0.0032087551152110497
0.0032057492587065305
0.003202883743068693
0.0032018594722916793
0.003200565710695122
0.0032025705608762787
0.003200757160745735
0.0031897027745511042
0.0031875363971004197
0.0031831815776184637
0.003184710263344846
0.0031787957525116375
0.003176331134253119
0.0031771329882383497
0.0031803648358923395
0.0031801827993121552
0.003176399308441432
0.003222511332569408
0.0032215823219111576
0.0032192619888466783
0.003216913798822223
0.0032169805226860016
0.0032158948412992676
0.0032456200146749195
0.0032458524755928303
0.0032423042338583057
0.003246607105284278
0.0032448909930325328
0.0032440807954322803
0.003251393175206607
0.00325213796226554
0.0032933070434433952
0.003288587346594279
0.003287316678654758
0.0032830117925354337
0.003281124579442852
0.003279677301643205
0.0032798411597812884
0.0032787288333409547
0.0032770748786744596
0.003297359192627672
0.003311297534348209
0.003309995108639313
0.003325709410761979
0.003323012993363241
0.003321608799919927
0.0033210194264688664
0.003319236907206959
0.0033136901723657235
0.003312129914885184
0.0033111678770430743
0.0033122444568806147
0.003300304364708564
0.0033310306257956935
0.0033290001469616333
0.0033252648112234535
0.0033215766788068013
0.003318176469222206
0.0033296945724820364
0.0033171070434710125
0.0033156080109245
0.0033116428269461843
0.0033095041698132485
0.003307833962740422
0.0033068446327145107
0.003304726444245318
0.003302828095619981
0.0033009067559586153
0.003293526185101952
0.0032912302109260982
0.003306752088529777
0.0033052268902872073
0.0033017196138986804
0.0032996837438016118
0.003298221442906487
0.0032970026514177724
0.003292934502401003
0.0032920255799437706
0.0032930940035826935
0.0032908282969294554
0.0032836969604833387
0.003282024071661646
0.0032797013480903798
0.003276749564005993
0.0032740782849809053
0.003270601100299791
0.0032697150784165643
0.003267190823239805
0.0032509309610973328
0.0032485429896726885
0.0032457407841849657
0.003252746075941869
0.0032509530482389276
0.0032479001591748055
0.003246824818700514
0.0032344261237615833
0.003228837900405865
0.0032226082285659987
0.003220724360580279
0.003219291932705948
0.0032187046684538636
0.0032165175664468563
0.0032113277506807775
0.0032118614236693556
0.0032124215020691966
0.0032090352307632872
0.0031999070007697962
0.0032009791269094244
0.0031995813235674987
0.0031978092130811133
0.0031959476536724896
0.0031937748579495655
0.003192110572386546
0.0031912653183346035
0.0031899437770524512
0.0031875527874989664
0.0031854880503903757
0.0031848477916346504
0.003179753348614479
0.0031785601194675227
0.0031762430585041343
0.0031744877482176343
0.003173211771684456
0.0031721660953507665
0.0031707121745251673
0.003169643889399113
0.0031893090666421067
0.0031857632660973133
0.003183584956018804
0.003182325144749146
0.0031856536295098398
0.0031889930533943235
0.003187712607814759
0.00318522843977754
0.003183015994274102
0.0031843652037831876
0.0031845368503640855
0.003182866301075193
0.0031859568684638982
0.0031808572672138947
0.003179354786074937
0.003178232792297555
0.003178150081143892
0.003174757594667808
0.003168377271721852
0.0031653621184119
0.003163637834293607
0.003161949039412984
0.0031639341769536334
0.003164026729126364
0.0031640952802632592
0.0031636412711143454
0.0031618362350380467
0.0031531015545173055
0.0031477561764541445
0.003144811881357501
0.0031425983478344916
0.0031386976382019754
0.0031380272404163433
0.0031401816338666702
0.0031383646735047652
0.003133784600022873
0.003132883641209302
0.003130496472055402
0.003127849568870093
0.0031256851689913374
0.0031231179962371847
0.0031226048131931306
0.003121888012742707
0.003119275364429965
0.0031192551282715423
0.0031175437882510837
0.0031165612719424004
0.003104470272980652
0.0031036330035472182
0.003098211003011913
0.003092228044143892
0.0030889358919346257
0.003084573933724187
0.0030875375651305765
0.0030823559110694223
0.0030816892145718363
0.0030815478920928935
0.0030845471059116575
0.0030865278244489418
0.0030833988469679816
0.0030816387574972215
0.0030876358774064917
0.0030877530542243303
0.0031036410877835034
0.0031023461198366074
0.0031133632795957507
0.00310974157030256
0.0031080476685729653
0.0031127915537915558
0.0030712594300804125
0.0030708295615142676
0.003066604792071411
0.0030673401377821715
0.0030655607176740375
0.0030582309219830428
0.0030559799199577427
0.0030588252248821388
0.0030580197164453257
0.0030577322166099588
0.0030576624451875327
0.003056770953457097
0.003030689710992564
0.0030264631300547726
0.0030299881991172266
0.0030272024797884764
0.003027231035100004
0.0030257056587493316
0.003020736199627481
0.0030194314754063934
0.003020889438908552
0.003023786684660277
0.0030212398583306737
0.00301955826005703
0.0030165104504971015
0.003014400250590915
0.0030131684433900912
0.0030209390895358044
0.0030190394184860967
0.0030178120840375407
0.0030186675429128393
0.003015881126832173
0.003014686460147669
0.0030088140286810947
0.0030082019840078876
0.0030067179094788424
0.003005989415429985
0.0030096282150754035
0.003008313385000667
0.0030070069452334384
0.0030053397458653115
0.0030031833221200233
0.0029975886424542693
0.002994740444500902
0.0029939923792592135
0.002994257306939194
0.002992521692344061
0.0029939340136226895
0.002991818322055987
0.0029860036089315047
0.0029845472661891117
0.0029884626843448355
0.002970803660040087
0.0029708209670574444
0.00297040063598441
0.002968942392644375
0.0029591838171078902
0.002958688953898969
0.002956025685641276
0.0029640268037663567
0.002962108497126274
0.00297071293850732
0.0029685327522981798
0.002971870950193194
0.0029702417879194022
0.002968281906328454
0.00296534051217368
0.002964893624777198
0.002961495839853024
0.002960048350745145
0.002960308307826779
0.002958992957864649
0.0029576894678687536
0.0029546164803604595
0.0029542523914515197
0.002953644478206295
0.0029523033258416842
0.0029254974247335487
0.0029248118194884236
0.0029255007284933647
0.002924034231471113
0.0029229222664328078
0.0029224094624513966
0.0029203149133619267
0.0029188259764924575
0.002917845426643775
0.0029164039199106634
0.0029149720905529168
0.002917735089177959
0.0029176716551155223
0.0029110929010598453
0.002910070602150192
0.0029056958231089345
0.0029040478510816074
0.0029026575740322934
0.0029006747056675225
0.0028990365657539673
0.0028978303728043175
0.0028964716249066345
0.0028955739819474576
0.002894374080789552
0.0029014577756057204
0.0029055949213166745
0.0029042802658962304
0.0029063513990971956
0.002907576630762489
0.002905192475867991
0.0029000293935569983
0.0028927321491414707
0.002891674627749934
0.0029063477770505993
0.002906166495189629
0.002901582537401066
0.002900623108176925
0.0028957411460422207
0.0028936253874377255
0.0028924951574921583
0.002891273851557109
0.0028902507996171967
0.0028971261027749295
0.002896121843851827
0.0028944513643534794
0.002892825038041625
0.0028893648261669996
0.00288793692782506
0.002895723474233378
0.0029029791961068386
0.0029020675201032985
0.002902998604643165
0.002901778282660758
0.0028817670310212163
0.0028789013117043374
0.0028776826457300496
0.0028802672034528797
0.002878944434830855
0.0028781711675785132
0.002873562593077812
0.0028808814861776082
0.0028805473695735434
0.002880556572923604
0.0028791153277522223
0.002902019639446761
0.002899215796353777
0.002897443472359209
0.002895929276041964
0.002883788476434911
0.002882232124306179
0.0028815176675371823
0.0028793246393968496
0.002878268503085943
0.0028774597011722186
0.0028765123434604596
0.0028757586579263666
0.002874804651098108
0.0028675236985673193
0.00286624413406386
0.0028647580486063588
0.002860832528248929
0.002856353779723248
0.0028546665427381657
0.0028530390348035168
0.0028510207985443935
0.00284980741739343
0.002846724852029874
0.0028466666856649383
0.002850060124601804
0.002847530599054894
0.0028460420331691853
0.002845105022682246
0.002843048422411129
0.002841542840901721
0.002837920618574906
0.002838960512753874
0.0028362519090797643
0.002832788204651568
0.002831984787438862
0.0028268517753972347
0.00282577128184614
0.002821969419510349
0.0028206681626934856
0.002821271594989065
0.002816093749083309
0.0028139043886141286
0.002812238494959686
0.0028110541035317642
0.002805452746842073
0.002803555088855793
0.00280090142777107
0.0028003838451458435
0.0027979350510732044
0.0028023903980265445
0.0028019089411294
0.00280050625657649
0.0028062120189919185
0.002808387802802349
0.0028078000168723456
0.0028057793374703576
0.0028020779946105173
0.002801595061405274
0.0028003795578477255
0.0027959188351072677
0.0027941533410133688
0.002793125534692831
0.002790756773647943
0.0027881905836228678
0.00277202908149087
0.002768904067522501
0.0027687947438592084
0.0027673150588612065
0.0027642640164589087
0.0027627378153184355
0.002763474749095029
0.002764971637464643
0.002763556143265523
0.0027632973199114954
0.002786369241325807
0.002784350390481027
0.002783268482577391
0.0027822809739047973
0.002755945523184892
0.0027559850592960623
0.0027548543055839524
0.002753527130366923
0.002753335780657956
0.0027692263707524193
0.002766013086920128
0.0027651918379191782
0.00276401503968248
0.002763355957624928
0.0027625320652203576
0.0027603764689506025
0.002747421238070267
0.0027555507496105414
0.0027541823251809303
0.0027537209801378683
0.002754678480338517
0.0027541155430244103
0.002751089361689157
0.002750131050483948
0.0027486526887313518
0.002747236612864885
0.0027461846703025353
0.002754383336909539
0.0027513026397943726
0.0027502362067817164
0.0027487394546370355
0.0027476531031625563
0.0027466683659856782
0.002743253455719045
0.0027429162115840755
0.002739691188771404
0.0027378667734430525
0.0027072367427193635
0.00270618399197498
0.002707113263658609
0.002705688211444729
0.0027045059885801317
0.002703331981134193
0.0027019043376255015
0.002699155685324729
0.002696537466726941
0.0026952877454414874
0.0026885573900485437
0.0026843914697105807
0.0026832119867220973
0.002642814733140308
0.002643494070043498
0.0026449880759433345
0.0026421650808305793
0.0026391922883604634
0.0026371373031583525
0.002636678109858262
0.0026363321970560632
0.0026357933628286655
0.0026351879706454566
0.0026336222568484426
0.002633190277114622
0.002631975092448566
0.0026330154856194906
0.0026401748881939354
0.0026375922265093315
0.0026356131856496317
0.0026288098279250733
0.0026271520926681685
0.0026335858745185027
0.0026327673367920286
0.002632058126342782
0.002630546953449382
0.002627204029335035
0.0026270406686491193
0.0026260102296546
0.0026233729746723707
0.002623041690005144
0.0026211902133940353
0.002619156201675447
0.002618133626725595
0.002616254553213996
0.0026108304950115983
0.002609334355223393
0.002607862422654083
0.0026072469046637624
0.0026086424448418096
0.0026065880409541263
0.0026082152183452387
0.0026069237234961637
0.0026222683178595894
0.002619785085136352
0.0026235139707187147
0.0026224535564735403
0.0026171951276958458
0.0026173172241160596
0.0026173942682101207
0.0026155252661810994
0.002614351173658736
0.002613382031881645
0.002612159552407097
0.002626914916197396
0.0026258088344420717
0.002625438498955646
0.002626569122599528
0.0026261752167421183
0.0026256352634752363
0.0026244020552374497
0.00262175062402517
0.0026249372692578915
0.0026213514135989733
0.0026201554943224995
0.002620721403118441
0.0026202915327257106
0.0026204295153503736
0.0026235765005463672
0.002622999362322017
0.0026233160696595282
0.0026210098063902867
0.0026180501811001473
0.002619855801772629
0.002618534441713633
0.002617618320766674
0.002617536537831708
0.002622874804210974
0.0026193580187839583
0.0026150056701129886
0.0026144667275067005
0.0026149310003335756
0.002612968398617342
0.002610305875649573
0.0026092236154564076
0.0026071682359306405
0.0026043297196621674
0.0026025664339995973
0.0026203299928436313
0.0026275444869831386
0.002617719100917695
0.002604814314455136
0.0026001361595762887
0.0025923791772701978
0.002592444836192075
0.0025887652964752188
0.0025917378698686534
0.002590131617467161
0.0025897675578436317
0.002598408196376928
0.0025970757655658845
0.002590798684938488
0.0025807715521599167
0.002580090792949501
0.0025793353910830864
0.0025793837104688007
0.0025778551415680867
0.0025766853346643973
0.0025686239036749807
0.002567894090594231
0.002566752186591346
0.0025665873589138196
0.002564875051886863
0.002564373972691567
0.0025627927050264816
0.002562534814338671
0.0028720206933517973
0.0028710127447523627
0.0028727178127888175
0.0028732974437373497
0.0028730195078207083
0.0028714027488712015
0.002869901034867216
0.002868777169317151
0.0028675394169258676
0.0028658597131448883
0.0028721807996370317
0.002871465986333539
0.0028692360495413873
0.002868430014749638
0.0028671133641538457
0.002866373747127683
0.0028647050207889877
0.0028649788354395446
0.00286505069850153
0.0028640010359095103
0.0028612688367566854
0.002859637359154525
0.0028579795398443564
0.0028579891448348434
0.002856643946103808
0.0028549873442915703
0.002853683899410031
0.0028540804333882478
0.0028576890190484014
0.002856389870587929
0.0028556968908066594
0.0028548311804287275
0.0028532585598935616
0.0028518890580544387
0.002849620964827928
0.002848481538288542
0.002848624737422109
0.0028314380857550558
0.0028300491957750423
0.002828969237017141
0.002828522652539414
0.002826775142116927
0.0028258476743313467
0.0028233257422613177
0.002824795241458755
0.0028237426010767025
0.0028216415438529494
0.0028219155509214304
0.002808095339874227
0.002807995999504008
0.0028253505411735716
0.0028208920457294235
0.002820728005134561
0.002819766693599364
0.002813117734569891
0.002812222989847622
0.002810806910054528
0.002809247531227265
0.002808355685707306
0.0028072926778515772
0.002807839070290316
0.0028067597560169984
0.002810472072608977
0.0028090247100723094
0.0028077924013203987
0.002805481474968356
0.0028047440690708338
0.002804742190219442
0.0028032143326093177
0.0028018653275140065
0.0028012182066099066
0.0027780008578679374
0.0027770482789063553
0.0027753374599467197
0.00277559262330397
0.0027749843921695116
0.0027738273074327823
0.002772622097475325
0.0027735438862982443
0.002771483225183587
0.002772954717222931
0.0027979642257153227
0.002797628055697523
0.0028132784032169696
0.0028162104458657176
0.002805105893837844
0.0028044570229709947
0.00280676674890833
0.0028051256386954814
0.002806634810931002
0.002806241770547604
0.0027986594063068447
0.0027966210366125598
0.002782957568169509
0.00278170973820819
0.0027950907021800017
0.0027945143214476434
0.0027920979821209006
0.0027897733788948297
0.0027860262872495332
0.002784859410623578
0.0027899462794269358
0.002789951198678904
0.00278579558590601
0.0027833744893308626
0.0027783616808739055
0.002777434694350376
0.002778164852577119
0.002780267529978163
0.002775850123178731
0.0027881018960194065
0.0027881527128320294
0.0027869637161933893
0.0027859587304365436
0.002784689728159959
0.002782794998723604
0.0027886159458002753
0.002787787198445145
0.0027839892204682224
0.0027828708341079422
0.0027811536865559702
0.0027802545865119725
0.002779255386585144
0.0027786158016093205
0.0027760426194835377
0.002774998047829036
0.002772493729000508
0.0027712334513313374
0.0027702039061365848
0.0027725269730678355
0.0027715502336558453
0.002772599144264583
0.0027711294007688623
0.0027682934559027446
0.002768407833680694
0.002770192598388696
0.002766780082990968
0.002765554540959311
0.002764705932484121
0.0027629758096183272
0.0027619175769100957
0.0027612651059049174
0.002761171982815178
0.002759076770139941
0.0027573395688844948
0.0027558845132732495
0.0027548143256471706
0.002753849373767669
0.0027577552562126533
0.0027567432065952148
0.0027587350077851536
0.0027567140370371086
0.0027554542742994005
0.0027523614555882156
0.0027512396767492594
0.00275039346411984
0.002750088164566319
0.0027492511509119365
0.002756404502160865
0.002756010191412122
0.0027538479427030352
0.002752081077087601
0.002753585641676074
0.0027522246993856446
0.0027504394886155876
0.0027494274711210827
0.0027481612282096116
0.0027472512920253484
0.00275937772747671
0.002763226700468167
0.0027610739465598754
0.0027593511946851544
0.002757763222360835
0.0027561003645329195
0.0027552738937938145
0.0027665456354345488
0.0027599257995479503
0.002759586669842812
0.002776961743555542
0.002776505569910222
0.0027762612075143455
0.002775663737149363
0.0027729191792608206
0.0027757309781906987
0.002774538931663407
0.002773462443404663
0.0027720840014340813
0.002771181939609089
0.0027617624374246517
0.002758813002829033
0.002757449341420225
0.0027565560420567308
0.0027670386016070926
0.0027666209654308516
0.002764181290455151
0.0027660351350010906
0.002762389656790504
0.002761858339146962
0.0027609750856996997
0.002763792185044288
0.002764710792431365
0.0027627813645484975
0.0027635275031907924
0.0027624416603752983
0.0027612485040322257
0.0027583079428170434
0.0027572237079105284
0.0027559222709614985
0.002754494552417348
0.0027537128657840367
0.0027616033986567665
0.002761298836288463
0.0027605544735382227
0.0027652098493105644
0.002766043717682482
0.002765569098239881
0.0027621873582146634
0.002760686545395612
0.0027619733582982665
0.00276080010541869
0.002759582295329645
0.002759404852476852
0.0027593239336929855
0.0027584664620727735
0.002757551768055477
0.002756443541648431
0.002750915587653704
0.002750893977022386
0.002749587233859474
0.0027486291911439785
0.002746968833939827
0.002746043139861699
0.0027452279728459165
0.002745466698672281
0.0027464130010422137
0.0027448085049456093
0.0027437549505936847
0.002742303816726802
0.002741355620343514
0.0027411140523473576
0.0027407976404721776
0.002739735471189501
0.00273867617578727
0.00274163986115847
0.002744594350284212
0.002744077609223591
0.0027427370074594084
0.002742190896445677
0.0027390245067805117
0.0027381142912019625
0.002737692502408305
0.002738410004276555
0.002737467161913623
0.002731889691971355
0.0027319707895662655
0.0027312343481528203
0.002730084484855718
0.002730405818546655
0.002729589537267372
0.002729968534265269
0.0027282780740992513
0.0027277207329030806
0.0027275069090934
0.002726526171450612
0.00272443704819565
0.002722125481401924
0.002720769896178115
0.0027188105207255164
0.002717531515942308
0.0026979428546139226
0.0027023327111731503
0.002701311223783862
0.002700328178036603
0.0027009634014231983
0.002699686107460699
0.0027008556185160386
0.0026985239828997815
0.0026996146960292454
0.0026991899674595663
0.0026983065527623877
0.002687906154414813
0.0026869213177129338
0.0026827826633333634
0.0026829865866508152
0.002682062802616835
0.002681184651228821
0.002681270283405776
0.0026807949635290307
0.0026797671477955657
0.0026788456075068985
0.0026781417126638036
0.0026764360975502543
0.0026749016146432538
0.0026738323277894485
0.0026712936285270858
0.0026700181142319357
0.0026700395179026877
0.0026660143470458413
0.002664939352191779
0.0026694167676389754
0.002666771656719599
0.002664119657559817
0.0026648907600734938
0.0026434669473413795
0.0026422907384450332
0.002638756123427513
0.002639181559350144
0.002639276046778012
0.002637266690098613
0.002632600033727739
0.0026274022839483297
0.0026269530122612406
0.00262596290054918
0.002624515943394404
0.0026583843502401626
0.0026575031144527453
0.0026378044309015814
0.0026370763864342226
0.0026397232555174462
0.002638931066648183
0.002881256434067806
0.0028807609199792586
0.002879217614395513
0.002874181964363781
0.002873079640767088
0.0028730049317224646
0.002871529755716254
0.002871972447377305
0.0028713376788365866
0.0028705512980085938
0.0028703531271117664
0.00286728756955334
0.0028670976601345302
0.0028714290832390537
0.002870847413980087
0.002847132372498925
0.0028458817939230096
0.0028451538531776136
0.0028467900497652424
0.0028455276650588123
0.0028422941535219373
0.0028414110411189614
0.002840667197160857
0.002834558494924311
0.0028334615183844766
0.002834006880937914
0.00283687485525074
0.002836672073565371
0.0028435144465751012
0.0028273741408925187
0.0028261517978203574
0.0028235462389517457
0.0028193408570455856
0.002819247285833814
0.002818238803387097
0.0028172124474803084
0.0028164658398882906
0.0028095728876469015
0.0028086964764578244
0.0028096097176897056
0.002792432997522977
0.002790571865332035
0.0027884390096607346
0.0027864664196337527
0.0027846161075650035
0.002781932653597982
0.002782044181532661
0.0027825111330198023
0.0027814177653201653
0.0027835837534388717
0.002781384530867616
0.002780006857257057
0.002780754808944237
0.002779901617373702
0.002778621680643107
0.0027719916627239223
0.0027772267144984745
0.0027787260381514542
0.0027769077327978145
0.002775527655856305
0.002774788689670426
0.0027741464887084065
0.002773440915180878
0.0027725833029660163
0.0027714998100785526
0.0027696438395390446
0.002768804348818851
0.0027682370423832707
0.0027672910874508346
0.0027666240196354986
0.0027648082589743616
0.002762709963195857
0.002761398293316032
0.002760540158449757
0.0027589357905015667
0.002757821938172308
0.002756803080567723
0.002755390666711677
0.0027551792318420694
0.0027560139404391535
0.002753939957891181
0.002752912460677967
0.0027522996507065695
0.0027497924905124467
0.0027448446772929142
0.0027443095299976373
0.0027431768306014626
0.002739047840345684
0.002738583491680567
0.0027376111275789895
0.0027371325654786207
0.002736029462119628
0.0027372672604756717
0.0027336262480260696
0.0027314721640446745
0.0027257095444329416
0.002725323390457243
0.0027237670428403183
0.002723558252871381
0.0027234938799490494
0.0027211948467354397
0.0027199627817778393
0.0027169957756309243
0.002716081534018522
0.002715708760387754
0.002716288618533552
0.002716617901902709
0.002715390438534034
0.002709559554469258
0.0027080737188716463
0.002709720523553163
0.0027079853236169436
0.0027043284894783504
0.0026954908827163345
0.002695243523027556
0.0026875361495839406
0.0026849607733333476
0.0026859760018764374
0.002686837050210004
0.002699144789751637
0.0026975504563325394
0.0026994252348020425
0.0026985211615811393
0.002697183285544619
0.0026960519862967002
0.002696127509776431
0.0026951488506753427
0.002692989792132652
0.0026900881600741993
0.002687824512238156
0.0026867143294657062
0.002685254169938499
0.0026813868405391617
0.0026811876843094934
0.002680424333831733
0.0026797573333041114
0.002679393418367519
0.002677958636519458
0.0026772008093874458
0.002676185331495044
0.0026760404508339108
0.0026751234708699413
0.0026781403129623035
0.002677201984387154
0.002676758525454366
0.0026765612811688088
0.002675099036958665
0.002673729877785136
0.0026714572360186303
0.0026753559453875286
0.002673978319000007
0.002676614681803682
0.0026679939818881155
0.002667467124404766
0.0026667999772648533
0.0026655073978751843
0.0026649439258547587
0.0026639366271320112
0.0026608399370131926
0.0026600014432609244
0.0026593227112375385
0.0026579967881126586
0.002657284785795719
0.0026574829160420474
0.0026559754010393104
0.002655982351105496
0.0026542453385140483
0.002650269684679808
0.0026483111237299143
0.0026476221946405525
0.0026473692083113843
0.0026535818035336944
0.0026524721845860087
0.002651371784183315
0.0026487676313022034
0.0026477714458821733
0.002645989107602297
0.0026453776319608213
0.002644281059031418
0.0026432203079328415
0.002640569304858144
0.0026392345393200472
0.0026381244986090637
0.0026329871694322875
0.002632246774153459
0.0026316490547165037
0.0026245050294465113
0.0026232142484115535
0.0026214039029401883
0.002626752862564899
0.002625706409764867
0.002623961361916819
0.0026145723814500047
0.0026133469563853597
0.0026494004535226805
0.002649114243177463
0.002648388541339802
0.002647313045303419
0.002647250259107841
0.002644488594099634
0.0026442013492081395
0.0026419169560596024
0.0026419488467542443
0.0026413743266239034
0.002637238150369984
0.0026381297407652255
0.002637754897709079
0.0026338874749474144
0.002633632754786229
0.0026321530387528594
0.0026310309446277965
0.0026300174383071875
0.002628862574293332
0.0026279994676685786
0.002626660322227605
0.0026268337819664697
0.0026262079342973645
0.0026276878263841066
0.0026260993116626313
0.002626342770167641
0.0026258769690893093
0.002624910088750065
0.002623281326243951
0.0026226199594427202
0.0026245046955821667
0.0026243842193874826
0.002626331839641618
0.0026301180839480524
0.0026285091569978364
0.0026284073586255435
0.002634805407844116
0.002634260092047262
0.0026328409321993516
0.0026310977292697984
0.0026352668317297765
0.0026284893416794602
0.002621044741188201
0.0026187978680755745
0.002614950503410792
0.002613853641691927
0.002616067232149244
0.00261629175121143
0.0026119119653934516
0.002613426521833068
0.0026129036733429354
0.0026138045891326337
0.002613233064467794
0.002613022397386638
0.002612997595348512
0.0026092020776048138
0.0026084462002343165
0.0026092594549276325
0.002606142961346223
0.002602808410352859
0.0026012428706265627
0.0026002937671733644
0.002600708390215528
0.0026001647024707815
0.002604171490831638
0.0026034375420254966
0.002601732065513807
0.0026007454294697152
0.00259869326778618
0.0025974892799565334
0.0025965718298095624
0.002595262406006859
0.00259452446580329
0.002610299792921883
0.0026110844547070316
0.002610320560017806
0.0026105387225245683
0.0026103275206965366
0.002610045537084831
0.0026098965828332695
0.002608744106319387
0.0026080900068687933
0.0026040259585215684
0.002603367432137991
0.0026010010448906493
0.0026006470142987924
0.002599862026697044
0.0025991558894286177
0.0025978066541000443
0.0025966349234919552
0.0025959939021322938
0.002595344482499989
0.0025955172803014217
0.002593826972979942
0.0025902766452543307
0.002590300445992925
0.0025891450548425642
0.002588392983072338
0.0025876342153668486
0.002587401811017125
0.002586418427020562
0.0025857366428953146
0.002585987106745778
0.0025846189558613036
0.002583720559130599
0.0025830909866570405
0.0025819309937945476
0.002582178769578435
0.0025814550387370586
0.002582267908761532
0.0025812420664593112
0.0025781564326057193
0.0025773410992017405
0.0025593180172162064
0.002558624156652975
0.0025572382644790744
0.0025563906246236414
0.002557320528726516
0.002557136425888208
0.0025553396567322465
0.002560582531633553
0.0025597196554133623
0.002558716072433268
0.0025580367272423914
0.002557158032088375
0.0025574607891297933
0.002557791500746103
0.0026212350525021545
0.0026224891164857143
0.0026216957004994886
0.0026197607040414454
0.0026197111692071364
0.0026186433525773782
0.0026179328747608873
0.0026170158379424575
0.002616253456115048
0.00261498000169399
0.0026147636324742184
0.0026139239743692595
0.002613542500170916
0.002612542271899235
0.0026117082165780575
0.002611243652311732
0.0026036995041137036
0.0026029652911102865
0.002601559446468146
0.002595232112663526
0.0025942874708262064
0.002592422530464271
0.0025911755998630224
0.002590829268121031
0.0025908869494802186
0.0025893070023486927
0.0025884571829301833
0.0025839053098730973
0.002583409465975669
0.0025828788627514283
0.0025819225414963117
0.0025819450533504634
0.0025748014694084577
0.0025736543880020618
0.002572533712289922
0.0025716868719752825
0.002569283134215482
0.0025652718909279174
0.0025635306943645555
0.002570654300521385
0.002568810934061402
0.002567954785024229
0.00258202927787675
0.002578821887019711
0.0025783429320507642
0.0025768806181549163
0.0026241884593067193
0.002623739218394237
0.0026257169274125462
0.0026245780716110134
0.002624441727758049
0.0026227827427554276
0.002621953555797464
0.0026225824531669784
0.002628661923344833
0.0026277554586198906
0.002626958742703062
0.0026285841843229508
0.002627837637006098
0.0026269121299652585
0.002625662730629177
0.002626246037415506
0.0026019146950768323
0.0026009109573607654
0.0025985695371169245
0.0025978151969660627
0.0025960298089768366
0.0025954222374210286
0.0025946177021819498
0.0025927552976333676
0.0025943252718124143
0.002590391735533007
0.0025863960500997585
0.0025856969240994213
0.0025853359671936522
0.002583921085034787
0.002583037092451544
0.0025822191994061207
0.002581336278341167
0.0025803276949384816
0.002580322632462166
0.0025796325225199168
0.0025803237886366163
0.0026004210005056818
0.0025996545844405162
0.0026019236950486514
0.0026046179038006125
0.002604064681449372
0.002603523849621462
0.0026035186324521176
0.002599415716330881
0.0025987189899366776
0.002597490069027153
0.0025959229996800606
0.002593960783893569
0.0025925392422982284
0.0025912187821252168
0.002589062769793468
0.0025892564201632547
0.0025874411258457576
0.002583915633126123
0.0025824713559707358
0.0025825320894901534
0.0025814541246979707
0.0025808489183831874
0.0025798771506406327
0.0025758887484849343
0.002575264308402519
0.002572743558241964
0.002572030282646766
0.0025714438178623825
0.002572075172212031
0.0025609991570435873
0.0025600501978795915
0.0025583501146499367
0.0025567804683243266
0.002555755368978999
0.002554817383250263
0.0025539327410090047
0.002553509597125434
0.00255192572097863
0.0025519202925451696
0.0025513845028899136
0.002551545893009228
0.00255127621658265
0.0025529140418411034
0.0025482987025718554
0.002547284171719954
0.002546415522550766
0.0025445585514156798
0.002544555085239686
0.002543265326748217
0.002556384057985431
0.002555455386458671
0.0025538087850268515
0.002559147136485754
0.002558216654528661
0.0025576929845180013
0.002554988054242588
0.0025566965353157043
0.0025560870225821704
0.002555688179409454
0.002556177785049272
0.0025539467989787908
0.0025514003005228194
0.00255175598447587
0.002551317636431992
0.002550526307644506
0.00254938688518761
0.0025485575663639773
0.0025463913921066213
0.0025444605022779234
0.0025412807515729657
0.002546581546115513
0.0025454148325780353
0.00254026645776528
0.0025427173992912688
0.0025412529179692483
0.0025387027464216293
0.002538729357579656
0.0025381016363465645
0.0025382604111828834
0.0025367693934664304
0.0025352645058797675
0.002534912702228733
0.0025343382740459133
0.002533780563149233
0.0025328710471843575
0.002531775091838702
0.002530622237027516
0.0025298855778668346
0.0025292856387261887
0.0025288735745667714
0.002518072062848825
0.0025167096336208457
0.0025155656954412913
0.002515961570853553
0.0025150792737620967
0.002514012372832544
0.0025130297054456264
0.0025121491329109587
0.0025115606336851373
0.002510583215224966
0.002509649321325383
0.002500174814595655
0.002496032952647753
0.002496212960635484
0.002496005948375677
0.0024941226779435915
0.002493295627140139
0.002492142889794913
0.0024915395514173047
0.002489679103387329
0.0024885998997544946
0.0024880017339645975
0.002485718890732378
0.0024848764591376064
0.0024844450261841456
0.0024884988880562783
0.002487863794449388
0.002487166933288742
0.002469042758015521
0.002468799565577318
0.002467425401115543
0.002466491521284141
0.002465326976403858
0.0024764610609131583
0.002474526331196773
0.0024725205610310334
0.002471059411876691
0.002469864110184739
0.002469086015693864
0.002468088075865555
0.0024674045877330695
0.002467756950538894
0.002467402266172904
0.0024654399875866898
0.002464482268881247
0.002463390149242146
0.0024630881273115424
0.002462325125302271
0.002462369912398976
0.002462399604536767
0.002461162442757834
0.0024614620353544787
0.0024587119194865656
0.002458893373165391
0.0024584739401547796
0.0024613121741692452
0.002461123664214168
0.0024605909899704844
0.0024600828819654236
0.002459724830826477
0.002459082661349156
0.002458492175575836
0.002457792935455732
0.0024569777552575344
0.002455000436136755
0.0024553496146998456
0.002454502094663655
0.0024536953975755767
0.0024528249689989615
0.002450916539503045
0.002448829526163601
0.0024488576085511028
0.0024474860072046752
0.00244700032266409
0.002446938766599531
0.002446655262847664
0.0024447169224426873
0.0024446333851050796
0.0024429306145357884
0.002441723691856002
0.002441169720285286
0.0024410452029169027
0.002441839692474819
0.0024423448205064748
0.0024403652177626364
0.002439172022094621
0.00244516045673063
0.002444493385391461
0.0024428767386736783
0.0024419652131384634
0.002441414161488399
0.0024386093482183903
0.002437773364427492
0.0024366835280800947
0.0024357634861594934
0.002434323556239283
0.0024312327830443
0.0024304764822327585
0.0024257594200791624
0.0024247564613925393
0.002424102672140684
0.0024232637716029783
0.002422558954067748
0.0024207742327520955
0.002418460731164455
0.002417581106620243
0.0024158880222617503
0.0024155561644499655
0.002420774538197975
0.0024205673396935244
0.0024236921599964188
0.0024224682797498753
0.0024228417491622416
0.00241896110741401
0.0024226180301607976
0.002421712365015226
0.00240787490382666
0.0024072154292654508
0.002406347837393689
0.0024056749560165546
0.0024051004481700712
0.0024028439412557925
0.0024019249023391398
0.0024003806796585145
0.0023986623075173954
0.002398017048313921
0.0023978347263256643
0.0023970724167343286
0.002396039759106001
0.0023954161607192717
0.002394867397019038
0.0023941042422112252
0.0023929102982258297
0.00239234785712131
0.002391334414873541
0.002392175994967591
0.0023914384076791843
0.002390580296813105
0.002403425823223179
0.002402877582314329
0.002405388607438762
0.002406917108358379
0.0024036371681485564
0.0024051768778008418
0.0024046075786403167
0.002400980999430075
0.002400965843789854
0.0024005502410890506
0.0024012627962620944
0.0024068630874281255
0.0024081223747590566
0.0024065693697863295
0.0024048199345646517
0.0024072707361134206
0.0024063635577814433
0.0024046822303180684
0.0024045352733786055
0.002403893553068314
0.002402577109501687
0.0024019948162782925
0.0024018839094552664
0.002400919332717016
0.0024002121073232606
0.0023998441189941955
0.0023989925129433674
0.002398647042901373
0.002397982410331286
0.0024067504502479696
0.0024058147493796864
0.002402499415826786
0.0024018023079370072
0.0024015381924597508
0.0024008604217113307
0.002400249710196973
0.0024168456770331053
0.0024157792880879284
0.002415833685443809
0.002415566571011341
0.0024170465256458033
0.0024105060824554147
0.0024156135160646676
0.002415905486690238
0.0024137380624855756
0.0024128723443477998
0.002413640191395195
0.0024127269970754474
0.002415412808692921
0.002414644928644902
0.0024150565219641473
0.0024139658876018186
0.0024133375116463405
0.0024108223734241453
0.002395070890268107
0.0023919548375483193
0.002391066742151917
0.0023902978243755327
0.002389607687098817
0.0023879839716081487
0.002384881591411387
0.002388400467480846
0.002388904634778444
0.002388226401917301
0.00238804596724457
0.002387553489941374
0.002386628605797132
0.0023854953131324727
0.0023816219597629297
0.002380094195788414
0.0023778962153448184
0.0023761654972144775
0.002375419234117074
0.0023755066040197443
0.002374844795816955
0.002374818790213766
0.0023714004909208765
0.0023702794146422774
0.0023698159198293446
0.0023701118844738
0.002369239508611902
0.002370895842672757
0.0023868983788027757
0.0023865103394633915
0.002385951026036276
0.002384320962093932
0.002384223468827114
0.002383399510426513
0.00238334126465611
0.002375122764509755
0.0023741699460850187
0.002372788453019423
0.002371523849363308
0.002371162164745
0.0023708413190196603
0.0023700918686882406
0.002369129072722186
0.0023677203337483365
0.002370680744320807
0.0023696450565430295
0.00236882485541464
0.0023653859869301663
0.002366412524072348
0.002364198748487094
0.0023635989106402036
0.002361673608715878
0.0023622638165587857
0.002361317405126281
0.0024040984570927884
0.002403134105456097
0.0024037468093937565
0.0024005857099390865
0.00239913587515084
0.002397893910067491
0.002397905472598082
0.0023976148097748927
0.002397052086112552
0.002396186506715761
0.0023955080363857245
0.0023950379792484406
0.002391381355510203
0.0023907296409927704
0.0023903366675631283
0.0023890657987885445
0.002389379179730957
0.0023887724277109786
0.00238269085036552
0.0023809719361849594
0.0023801799477480485
0.0023795363955686284
0.002380765527825085
0.0023801285222257084
0.0023796578988182974
0.0023789969666924205
0.002376985149275554
0.0023734845262660806
0.0023732695520597273
0.002372714691329506
0.0023737406307900253
0.0023719516605898686
0.002371066939084181
0.0023704778027767576
0.0023700145545735947
0.00236848311997479
0.002367691989713085
0.0023673014546648796
0.0023651700830993527
0.0023639079581085688
0.0023637534392595425
0.0023640990244481663
0.0023615089395143157
0.002360070355044337
0.0023594172795968486
0.0023589741866107982
0.002358225838112095
0.0023572621893612465
0.002359347685329439
0.0023587647378594248
0.002358186994356715
0.002356751607722664
0.0023561028180165704
0.0023543276215408325
0.002353746331323585
0.002352600641651798
0.0023520609393279613
0.002350708166068016
0.0023507921880800736
0.0023496915649236848
0.002349375036439726
0.002349843517031041
0.002366898667970114
0.0023659563713752502
0.002367990555500219
0.0023674080063325687
0.002366149779559077
0.002366002458387665
0.0023674031304065815
0.0023662110211729523
0.002365228417636124
0.002364675038475643
0.002364096362647512
0.002364132055022242
0.002363878037088055
0.0023637349782056195
0.0023627788627348413
0.002362211255570362
0.002364157515722058
0.0023631834206051896
0.0023620206946364606
0.002360484152033143
0.0023597896007921827
0.0023594405096737624
0.0023589950433654124
0.0023576564717836894
0.002356912451286899
0.002355977999041055
0.002355491014382107
0.0023546812155793005
0.002353909325166723
0.0023490985142500245
0.0023492034142466737
0.002348851469718072
0.002348105824511837
0.0023470224981562383
0.0023466106084023834
0.002348537101495329
0.0023483919463255275
0.0023478831079759024
0.0023483278401948628
0.002347606503365263
0.0023462372301004757
0.0023454705317309333
0.0023459369867938028
0.002345543106083482
0.0023385162118762103
0.0023405448405368315
0.0023421187273563286
0.0023426988075166562
0.002350275741267821
0.0023487290224138615
0.002351445144592051
0.002350880380195065
0.002349994866630319
0.00234939440430915
0.0023484254529416875
0.0023409496792491684
0.0023405607818688177
0.0023409210170592413
0.0023407391121594884
0.0023397131760797053
0.0023410564206530057
0.0023403023541409282
0.0023388539848363745
0.002338264308683485
0.0023376468391025722
0.0023409754130323864
0.002339264339882881
0.0023389774180724
0.002337860016373442
0.0023370557219920688
0.002336403632478547
0.0023242004272609647
0.0023245375308509424
0.00232402046018652
0.0023262102844961723
0.0023249919740308163
0.0023253447744667915
0.002324807605051756
0.0023242105984767132
0.0023234162154306026
0.0023226134008289667
0.0023219048122105172
0.002320703640291505
0.0023221239295030905
0.0023214319019392734
0.0023213188671887723
0.0023195753889916713
0.0023188997039786164
0.0023165958035288653
0.0023155671938953227
0.002315107504599623
0.0023137433519316176
0.0023136319549096483
0.0023138283228306975
0.0023120502392981546
0.002306729468589673
0.0023064357465727475
0.0023057647682513814
0.0023046183570749946
0.0023051823103730474
0.0023050156845469934
0.002303706073425701
0.0023200522577892266
0.0023140511777369555
0.002310572585810426
0.0023097919862161607
0.0023100472662639267
0.002309803401296588
0.0023092561340532464
0.002309355699769584
0.002307190814853823
0.002305821849377936
0.0023053710584410784
0.0023051488411941546
0.0023044373421773896
0.002311994724899816
0.0023100889153760866
0.0023090740492126274
0.002322418516983875
0.0023247082851089768
0.002324330778455153
0.0023241214350124355
0.0023193948663768208
0.0023200643468930435
0.002317519526742952
0.002316933505368858
0.00231597780406632
0.0023269568157232453
0.0023264891877499867
0.002325593249337058
0.0023191193908052195
0.0023188619194197384
0.002311958062470049
0.0023103728900849326
0.0023087182398754554
0.002306657903535836
0.0023059632615000133
0.002305066989480597
0.0023041029746323585
0.0023034967481473344
0.002303217156499502
0.002302603781008533
0.002302967134716885
0.002302362127669928
0.0023088196193204805
0.0023083514219723283
0.0023077831199535873
0.0023081409187282013
0.0023108934780228674
0.002309975918610211
0.002309667350192275
0.0023090687124607766
0.002307188472574734
0.0023075109749772136
0.0023070022348028346
0.0023064643861895723
0.002305832158716426
0.002305072678174855
0.0023034423409723447
0.0023029172383042507
0.0023029205887561016
0.0023022788486512856
0.002302181224497916
0.002299292934153375
0.002298518404881121
0.002297590279390586
0.0022969044744895273
0.0022916771874507626
0.0022915207184492337
0.0022904356630676927
0.002290041124463153
0.0022899248005300568
0.0022895268450019487
0.0022887809928260174
0.0022867809638551723
0.0022859032259222927
0.0022852901252364915
0.0022844450431722314
0.002282802599139657
0.0022820489725956647
0.0022817916130807164
0.002284097392731836
0.0022832678252099796
0.0022811817748482404
0.002280655146378954
0.0022798043442629513
0.002274546313406184
0.002274195584997008
0.002273810351664329
0.0022722988311643603
0.0022720523205010407
0.002271670210226324
0.0022698605611706805
0.0022692710473207374
0.0022688402969956553
0.002268245084615658
0.0022666930371674954
0.0022645734251805906
0.002263860334120638
0.002262984372431014
0.0024239345996683918
0.002447361725532345
0.0024473679074408796
0.002446952484574115
0.002446181066837637
0.0024453978851272495
0.002454496766218196
0.002453693873783073
0.0024503341365560327
0.002448803640647313
0.0024458283320457704
0.0024464578092539134
0.002446030597586728
0.0024455273853645917
0.0024448114918896374
0.0024441167923807423
0.002442830617742652
0.0024416559052222926
0.0024409601745080294
0.0024403191360070292
0.0024396468704234297
0.002438843188077938
0.0024379806138972466
0.002437303695703814
0.002436280573888552
0.0024353898024050205
0.0024401529868457316
0.002442266100210117
0.0024404740954884914
0.0025914504055787628
0.0025902593539844612
0.0025879126620910755
0.002587090945874237
0.002586617169809138
0.002585341290797062
0.0025829157875932205
0.0025822824141809213
0.0025830409823132208
0.002582447736042818
0.0025821876488266084
0.0025829134836738645
0.0025815685701476602
0.002580649024646414
0.002587445433545408
0.0025872689015254084
0.0025855579944048983
0.002584668625886366
0.0025837024451130027
0.0025830323739579227
0.0025819776219285773
0.0025807993776379126
0.002580166243047725
0.0025783918953729934
0.0025772789471077955
0.002576354724646128
0.002586194896022581
0.0025797841534187104
0.0025791120625758934
0.002578299896994968
0.0025779899963272947
0.0025777546122280094
0.0025771681763094197
0.002576250171164923
0.002576154865326991
0.0025749378712694513
0.0025741681869370448
0.0025729041657483855
0.0025718333153451674
0.002574652224805436
0.002574249975255561
0.0025735865030078243
0.0025745739952040838
0.0025744769538423415
0.0025736991486666285
0.0025713585396629417
0.0025718857051987964
0.0025714121319207316
0.0025701799332578713
0.00256733957085636
0.002571020721950869
0.002570003836751139
0.0025690382997056987
0.002568116203203483
0.00256692105738757
0.0025658544458404737
0.0025651659124036937
0.002563675410838667
0.0025606032939536724
0.0025609441581708305
0.0025600447709619822
0.0025596796996373876
0.0025585554957742117
0.002558316307471947
0.00255820794228015
0.0025573216482731092
0.00255640230790667
0.002555175883581331
0.002555281017463186
0.002558446450232505
0.0025579793334065525
0.0025574421169742476
0.002556343646342162
0.002556110586176951
0.00255585440835295
0.002555475189433732
0.002554904032228833
0.002571817024301079
0.0025707057695807606
0.0025697806559891
0.0025683964196419984
0.0025678242405756556
0.002567868575936714
0.002568151417917238
0.0025678825382075576
0.002567748764787822
0.0025685684236725044
0.0025678088743717907
0.0025667670116789145
0.0025645065119479526
0.002564000987555655
0.0025651514203779407
0.002563786573805443
0.0025629856967592938
0.002562320283550062
0.00256160107311776
0.0025593675434848738
0.002558816114471324
0.0025584803603603988
0.002560235593515714
0.0025595172031500284
0.002558823348700407
0.002558029811829563
0.0025573478235257595
0.0025564324886592827
0.0025557295556219327
0.002556942722588759
0.0025573669252007994
0.0025613884086561475
0.002560689920190389
0.002562654382588815
0.002560202876007422
0.0025593338178689293
0.0025581293314926113
0.002557324452359365
0.0025562824300293307
0.002555598587549736
0.002558088880107577
0.0025646395088794317
0.0025744901223983285
0.002574071058627839
0.0025722553997356715
0.0025760539059431343
0.0025743533315167547
0.0025728093099156198
0.0025727333411065373
0.00257370589996196
0.002573002760882121
0.002570471613402817
0.0025696061445504236
0.0025691150441937635
0.0025681455230302606
0.002567004470781421
0.00256635077359922
0.0025656607866394853
0.0025657868485867677
0.0025649536816520204
0.0025643545840313303
0.0025627740598857
0.0025624582709541503
0.002561971550759527
0.002561538632982626
0.0025614374225621846
0.0025608743579285218
0.0025601936949418034
0.0025594368669665628
0.0025589022767808166
0.002558397834258285
0.0025545290668881875
0.0025547481566852246
0.0025530700273841554
0.002553916441102847
0.0025531288319843625
0.0025524736900909444
0.0025525270576582503
0.002551284337802263
0.0025508005911970737
0.0025511103809493733
0.0025505335875786826
0.002550104108260921
