-0.019599324092268944
-0.018613350267211594
-0.013015812495723365
-0.011441219318658113
-0.013073150456572572
-0.010816195015130297
-0.0094250675283547
-0.022098983492469415
-0.017089652791037222
-0.015156088574175636
-0.0141186032439388
-0.013098147167161534
-0.011864645579147948
-0.01049644118756987
-0.009462019812417564
-0.009100918293423839
-0.009348596774442636
-0.009150573289891899
0.0034316621793550467
0.003225896065400561
0.003031126685197129
0.004511537148019949
0.004352001935330921
0.004295588979730385
0.004791944812705671
0.005334655949371628
0.00539083564841089
0.011543310396895136
0.010164525225021257
0.0071421963690344505
0.006073936344364485
0.006066240388794211
0.005901685663368828
0.005718955368502067
0.004961255392117892
0.007697766770237454
0.00962199728804224
0.009220461072310662
0.009025019562250236
0.00879894722772694
0.008584654429883118
0.00835222906573827
0.008127789552831513
0.007594383373442622
0.00777212164931647
0.00776644277961013
0.007601788014350554
0.00743141788805179
0.007156055042578371
0.006705563510003424
0.006544546095728245
0.006472340711658238
0.006547138212664757
0.0064729348219274944
0.00634464922066919
0.006323326145464208
0.006246049584598069
0.006137128127393531
0.0059956350725163515
0.005881923776869964
0.006259289381681983
0.006161166175771206
0.0060806415003753465
0.005960691338763211
0.005678758312679937
0.004993796576189792
0.0049193727226178
0.0048538574093085545
0.0046835735554590675
0.004465185772934205
0.004480936840789378
0.004426766127748221
0.004992206396678196
0.004959432778996413
0.005078582079142121
0.00588503865621131
0.005685514553848544
0.005615527847158438
0.005592256818817986
0.005522544203285863
0.005419415368545209
0.0053585366632071234
0.005299856122638586
0.005231843749746022
0.005134849149197729
0.005186245124385659
0.00512251057939879
0.005000157334731911
0.004633035625253492
0.004395893755097678
0.004332413152239851
0.004290895909571678
0.004192908901344746
0.004089739161396496
0.004258837907400447
0.0064308874227452205
0.006636367262607173
0.006468473714917445
0.006357070638332515
0.006104730772739736
0.006621200082294058
0.0065940934689986755
0.006628623319556936
0.006381137915221708
0.006182982302973714
0.006142081162961913
0.0060835239440806335
0.006033987828974671
0.005959581322333014
0.005453443315157012
0.005107747533267164
0.005023995547275166
0.004859118903129313
0.004833048942458371
0.00475841245597935
0.0047039493428877545
0.004682372574757596
0.00466450651473671
0.0040274257170191665
0.004396690442496219
0.004431951128816631
0.004402155952899136
0.004364115281796625
0.004199679201468826
0.004265421038744824
0.0042566979509287
0.00417536213353742
0.004868731379162434
0.005245649656997278
0.0052445415684683186
0.005044091926802967
0.004981594874446555
0.004834578761747525
0.004707250882078102
0.00467064072889865
0.004683030886069133
0.0046682690613585945
0.004674774662862877
0.004653293681414136
0.0046198687865811675
0.004587939777452515
0.004549615316123907
0.004458052199778552
0.004530277998981487
0.004407116163909528
0.004373347410278043
0.004263679243465322
0.004246848439852453
0.005169615942480355
0.004251348260066948
0.004229109377200459
0.003988003624364236
0.0037443289371107587
0.0034212467994826352
0.0036174158835470195
0.003423839366874677
0.00312478883804229
0.003167355853190015
0.0030888293387761243
0.0030582945579474942
0.0029352741769765075
0.0029262204408471385
0.0028985026695342504
0.0028624293837117786
0.0028965552468960903
0.002895371212371666
0.0029679186677856813
0.0027940615716448196
0.0027658434480305454
0.003155353212727737
0.003094044557825372
0.0030446096161593074
0.003027453142299918
0.0030078453864968804
0.0029976161394270943
0.002931615445758929
0.0029639781930476056
0.002942000443731078
0.0029233696587551926
0.002899554712621971
0.003104360789670816
0.003369881618988087
0.0033479547936345333
0.0032761914402284257
0.0031848974093752285
0.003497177012666893
0.003464271221402787
0.003332485406500629
0.0032807071581421633
0.0032683885237263016
0.0032928003197412194
0.0032422967863430818
0.004870887794897931
0.004863330480218747
0.004825392599741464
0.004696268800599974
0.004672592808757063
0.004648564300463587
0.004623998367023888
0.004606800666571229
0.0045749161671674215
0.004523886902873713
0.004503582525620576
0.0045110604942992065
0.004510403716020079
0.0044533942708270945
0.004468814571877235
0.004373873342368885
0.004352425796692148
0.0043345789141071315
0.004263397118470407
0.004226061625981664
0.004210514976943857
0.004191617519990001
0.004169611355825544
0.004292639788515944
0.00423677776656605
0.0042075677526334405
0.004172106992733794
0.004156737218687852
0.004127665604428004
0.0040918721353077675
0.004043856932055083
0.003884154207512945
0.0038334280634927374
0.003811395359517893
0.0038972181619580017
0.00387951674529018
0.0038599804923211685
0.0038336894415204083
0.003822752617671887
0.0037810570427242595
0.0037527087792051726
0.0037616665850324143
0.0037414735454180045
0.0036462275919215657
0.003590243486878308
0.0035684675164082383
0.003517587762204739
0.0034983183354616613
0.0034880600690462634
0.0034772376111879165
0.0034521070940441057
0.0034351607222746785
0.0034047403415178577
0.003387295134456997
0.003631221283168062
0.003591549041027386
0.0035741494466783505
0.003575716280973003
0.003582094117951959
0.003556488442677352
0.0035686010998301604
0.0035687310384887793
0.0036365737997812206
0.0036257323074011445
0.0036104888520555514
0.003645461715976297
0.0035479605357977588
0.0035434236206512183
0.0035201901344907717
0.003496709151238652
0.003498075967262128
0.0034680429159637286
0.003453974867098673
0.0035609080928616765
0.0035965936878520617
0.003576508528777127
0.0035329350264941333
0.0035148171687153337
0.00350637582371693
0.003493684406465625
0.0036760896053862012
0.003674337980125779
0.0036438888732252825
0.0036835686317544165
0.0036636980352236525
0.0036703399797704582
0.0037039020030143954
0.0036903055355962037
0.0036772795597211877
0.0036572875446177597
0.003642275085132472
0.0036637272082244697
0.0036510878477214645
0.003619581350317642
0.0036014586909611066
0.0036692236846024473
0.0036571802716935066
0.0036942985476293897
0.00367764567436845
0.003672703164617719
0.003660185375808403
0.0036476296000774577
0.003630211944451927
0.0036442444955903466
0.0035804924347098833
0.00354401420684684
0.003535698541963939
0.0035275909279053877
0.0037155236145103698
0.0037057697599125173
0.0036932255004917115
0.0036768169129900944
0.0047639258196569825
0.004743995244598853
0.004742213370193056
0.004730393255523536
0.004725970197074687
0.004854714481359936
0.004840376992946498
0.00482722426872156
0.0048275639446323255
0.004813216889687328
0.004775084192548509
0.0047659613220542634
0.00475372696057791
0.004737554276329219
0.004593288805972408
0.004569235715396396
0.004548428824474394
0.004416350991700866
0.004398460101022207
0.0043920116247430155
0.0043812587242494936
0.004365929104163473
0.00434861822728502
0.004348346617198081
0.004326013793593807
0.004374506882355994
0.0043537845448148975
0.00427215155215819
0.004103165469568047
0.004097593738784344
0.003426000583030619
0.0034358825273597612
0.0034191007771530607
0.0033983824405287555
0.003374802184664395
0.003390867850702947
0.0033959529614681896
0.0033470262457180808
0.0033268630150116705
0.003337923920311814
0.00330530911271199
0.0032800095480758004
0.003271131652916495
0.0032591118525151924
0.0032553157003297043
0.003245786078253684
0.003171363820745845
0.00316205508258357
0.0032057230333510838
0.0032304923996184986
0.003226111070259492
0.0032179102395186354
0.003216495224132912
0.003207586642126433
0.0031633393127574656
0.0031591452915515524
0.003129903203614814
0.0031198901598939515
0.00311267384725167
0.003103447147670568
0.003094738678804078
0.0030883379934887848
0.0030761397327533657
0.0030649834867995216
0.003053474015000939
0.0029207824912870434
0.002915138068885265
0.0029274283167603317
0.002874579072024427
0.002810760131066971
0.0028058858061604966
0.002799811812025979
0.0027985871831006223
0.002765348887107561
0.002764730319177028
0.0027571573012919065
0.0027398810185874757
0.002790744097413388
0.0028743278085130394
0.002904974552651548
0.0029404980748459902
0.003015430095017154
0.003008979979810089
0.003012685875969774
0.003012259756901464
0.0030037357578770974
0.0029912385892073047
0.002980206459885075
0.0030166805022441017
0.003017067747290796
0.003109651672532731
0.00306072846006353
0.0030495335206672533
0.002900793650251737
0.002895157883467615
0.0028880253397021174
0.0028884363759179277
0.0028781562514381244
0.002869337360751534
0.002982644706153893
0.0029919922340080887
0.003013366313178674
0.0030214694942354513
0.0030073428560392144
0.0030040446247212643
0.0029959607701703253
0.0029442724342304202
0.002941123959405421
0.0029084168018543707
0.0028904977622049187
0.002883263627889108
0.0028641844760222833
0.0028509104809387883
0.0028253564613369463
0.002818350570478717
0.002811528915631531
0.0024132395382715772
0.002716633599867226
0.0027029821266948543
0.002688481218450329
0.0026575511961931704
0.0026504026946944413
0.0026428730939909973
0.0026365819548921907
0.0026834421599507808
0.002674875962779907
0.002907191951121769
0.0029004935925746682
0.002894792027391846
0.002865713072300754
0.0028605210089304002
0.002853675470964165
0.0028368618033427504
0.0028265279121396595
0.0027524089749518146
0.0027365653952812633
0.0027543182520411644
0.0027708589620506494
0.0027654836127145237
0.0026927580069956523
0.0026756839858857544
0.0026709813185312077
0.002650347886945574
0.002644608173824214
0.002639013587023425
0.0026418165189593845
0.0026263942984697053
0.0026173744932411046
0.0026123183554969563
0.0026452764214939467
0.0026447384092486872
0.002639987718416015
0.0026506891176147082
0.0026489840977601867
0.0026038146957311535
0.0025982135027813524
0.002585623178155008
0.002580581733382836
0.002442545696692766
0.0024341344251219144
0.002395931113570465
0.002226215910744026
0.0022572249304136888
0.002246373009225755
0.0022474877653873193
0.0022444373915822048
0.002230574969185691
0.0022273603488267677
0.0022221767159425294
0.0022246315105324955
0.0022200704036419773
0.0022147954142865615
0.002166242072177953
0.0021654092934208498
0.002205904497918708
0.002204857460122877
0.002201318470600262
0.002194431211530819
0.0021912281813945057
0.0021871583901340312
0.002167666959502949
0.0021629259444101347
0.0022928109845407386
0.0022877473523634966
0.002290440419335713
0.002284794982451062
0.0023119529015918766
0.0023004373255441158
0.002294754431094172
0.0023016170295401626
0.0023038553188290535
0.0022871452409682588
0.002292454579117065
0.0023207987371009395
0.0023148023959001863
0.0023150124358223664
0.0023111721390354006
0.0023069308123052656
0.0022688907198200802
0.002255386610059839
0.002252545808990365
0.002245854644305005
0.002265800838437474
0.002262000172191254
0.002259845973879004
0.0022504667916531415
0.002247425974097437
0.0022686665059714834
0.00237725365548733
0.0023799115828861735
0.0023764458822109332
0.0023804220471474722
0.00234963480850701
0.0023508098187841435
0.0023396318272086926
0.0023354422646487396
0.002330688692186812
0.0023213464842741843
0.002322218485140959
0.0023620866925020438
0.0023581031102034972
0.0023607968159542465
0.0023065550823723603
0.0023085428228731514
0.002310488265267744
0.002303917396436484
0.00230042704982026
0.0022968779980365173
0.002293051801211132
0.002278359946282087
0.002273077193075914
0.002268754749373671
0.0022666672246818304
0.0022615385744171527
0.0022580679395239815
0.0022475903423820084
0.002235197824402312
0.0022293737721804678
0.002199152926677655
0.002266472643432194
0.002273066215417906
0.0022712725591985715
0.0022737966603322765
0.0022663906174834316
0.0023037481801359448
0.002308950381087652
0.0023044972702112865
0.0023314889198409396
0.002332425203447475
0.002328437933799765
0.002332305071236371
0.0021845093259973587
0.0023314655673828135
0.0023477163597822575
0.0023362931316959074
0.0023374869114330334
0.002331619417292321
0.0023414204719767015
0.002345884411566812
0.0023406554553006146
0.002382615368448758
0.002379816121552284
0.002375491185202789
0.002371470866888167
0.002407668892728427
0.0024113259701097093
0.002388121245041054
0.0024723321511902338
0.002444685839859328
0.002445408054709727
0.002443995586348692
0.002439908616208626
0.0024350382355651555
0.002433720404235313
0.0024378733451973435
0.0024511421550777682
0.0024457879403333104
0.0024359523371861105
0.002422987536111538
0.0024191860516959065
0.002415637554860433
0.0024142982244284407
0.002408610282411714
0.002406154566069465
0.002405386776568404
0.0023996052367124886
0.002485782772835689
0.0025060252041724665
0.002504909580740957
0.002504738140404918
0.002438528571401059
0.0024692544879208384
0.0024726445288519522
0.002483618997980928
0.0024670161558545552
0.0025559436787341997
0.0025452820059958512
0.0025268572256210656
0.0026550133668102795
0.0026556569066373452
0.0026324168077618455
0.0026297228754751894
0.0026292360542679726
0.002620641663937922
0.002612799399127548
0.002611001167863784
0.0026065930077332753
0.0025854311407853565
0.002581244652344706
0.0026125528698167635
0.0026038230219857326
0.002607899322508217
0.002599655659215419
0.002596050997838814
0.0025813569184221356
0.0025146038631547077
0.002520860403106267
0.0025197678907225678
0.0025148264697481175
0.0025003150396922147
0.0025087434080774446
0.0024945911301644448
0.002477898378943375
0.002452823911718897
0.0024552280749395284
0.0024520422244942537
0.0024469001848127494
0.002441035884073272
0.002433245315911072
0.002427441103141673
0.002423684773461243
0.0024153971557943224
0.002411758535775657
0.0024004743326670242
0.0023997119309967733
0.0023782063080191778
0.0023818710121879492
0.0024374870724668198
0.0024205084027530783
0.0024162856015850992
0.0024173050575372725
0.0023782266650837517
0.0023683359957172856
0.00237650663372701
0.0023402765427678034
0.0023705976865017503
0.002363733532899009
0.0023600213340310957
0.0023568472381702487
0.0023542277902337642
0.0023621110740295118
0.002361821914029469
0.0023569539101706534
0.0023550995656768173
0.0023531591589331102
0.002347366115669522
0.0022949520898526993
0.0022907614239772393
0.002284235013636377
0.00228128352051376
0.002303738860714217
0.0022864959946523504
0.00228213371403813
0.0022646255478951925
0.002269045106275834
0.0023069228855811053
0.0022664169149926427
0.0022857203250309386
0.0022688285799612683
0.002287440864122431
0.002262304405939549
0.002473431834539851
0.0024703267531053187
0.002486543761785869
0.0024731886145084865
0.0024661489710344343
0.0024610309137109206
0.002456876465644528
0.002450764097699654
0.0024456686229752237
0.002420868589327074
0.002359602459852903
0.0023460238581391917
0.0023414499640137597
0.0023396681439908874
0.002348861762121118
0.0023833794903322294
0.002370816518289996
0.002367737407452669
0.002367241284972277
0.002363335374411691
0.0023597557522862848
0.002355979747676755
0.0023497664351270686
0.002343450095665633
0.0023410713388738584
0.002374899136978578
0.0023696941403344796
0.0023740185221237716
0.0024045789054483887
0.0024009072243612547
0.002410333522808002
0.002405538676555674
0.0023785613176124476
0.0023758499697373423
0.002372585051878166
0.0023930438127781296
0.002390820479436951
0.0023906310672181024
0.0023973598382205762
0.0023983516603089693
0.0023988250644506634
0.0023933401720630043
0.002385312247320404
0.0024551013888362335
0.002448421882241815
0.002444726614387108
0.002375722648421125
0.002380452118286385
0.0023831327967215256
0.0023456278884237476
0.0023163236010090046
0.0023141821072266014
0.002333051277329469
0.002330474294031364
0.0023310369763011106
0.0022414820816584087
0.0022433801770248315
0.002238933626403239
0.002228391384716792
0.002225224339657991
0.0022215761332388456
0.0022184260071254577
0.002224110764471924
0.0022187566020039507
0.002175748334445151
0.0021628209815585846
0.0020837262555206586
0.0020949962901003396
0.0020960656257575606
0.002092680877447996
0.0020927024082265672
0.002064130004250219
0.002051937623095079
0.0020482658098868963
0.0020409960919891864
0.0020329286831170953
0.0020401949502119503
0.001871336826235198
0.0018714603944016645
0.0018378185575919056
0.001835342463017069
0.0018406926618350606
0.00183852047730721
0.0018358894953388188
0.0017267492893433816
0.001723312381727739
0.0017220902474021367
0.0017316354135215113
0.0017263223170053633
0.0017249631597204941
0.001728745229624256
0.0017519416396917617
0.001811988066823197
0.0018109842559087257
0.00180820269090032
0.0018063714401745585
0.001801870373454536
0.0017937397155065832
0.0017912303918696608
0.0017899986643719003
0.0017966021556297329
0.0017915731790717744
0.0017846484937931444
0.0017813584577967203
0.0017789156978619974
0.001715338078399568
0.001713667724355035
0.0017109723245242532
0.001705202473547929
0.0017050724052394938
0.00170112498852563
0.0016878549489414644
0.0016849525310332625
0.001681883287118915
0.0016807211561675772
0.0017704857928267784
0.0017637746839459728
0.0017576746945073309
0.0017566870659183052
0.0017591980594393803
0.001716704065009692
0.001714606489436382
0.0017178184074571245
0.0016984707718120267
0.0017026057596260366
0.001705968601690576
0.0017093382522121736
0.0017115554428618915
0.0017088677910612451
0.0016895108131237783
0.001635684677066065
0.0016314186036832346
0.001631064367961671
0.0016237616020207725
0.001619220339943365
0.0016207038569756229
0.0016305989972194375
0.0016287724458281347
0.0016238965229475886
0.0016198425379945333
0.001617776122579308
0.0016159334268851372
0.0016177421610167955
0.0016159705293519924
0.0016172603136820768
0.0016153863487979963
0.0015873136815423255
0.0015514857551193234
0.001549519243968516
0.0015416419060898898
0.0015376016101287856
0.0015361133879363087
0.0015324875871649535
0.0015076877685912097
0.0014999510226981717
0.0016128355930198682
0.0015984953317122424
0.001596474392203036
0.001594268742851699
0.00159646190109472
0.0015937206434595223
0.0016142468857456328
0.0016136303375518044
0.001611811896886397
0.0015937226071768482
0.001592959144994948
0.0015911354959981332
0.0016005856573579752
0.0015708258255838113
0.0015661662974980775
0.0015669507281190881
0.00156492881416063
0.0015600318594348088
0.0015574555548579037
0.001551822307263801
0.0015300336740203214
0.001528309263357349
0.0015239303481097942
0.0015219674128950536
0.0015264777998921669
0.0015366315838652345
0.0015129078979817503
0.0015215632234903574
0.0015211071326840001
0.001510910511945869
0.0015485104894568853
0.0015450422795561458
0.0015439231669242192
0.0015372849215391337
0.0015337253332708839
0.001534085903440133
0.0015305839058338743
0.0015103189632588864
0.001507647735539732
0.0015065083259321798
0.0015121640636949576
0.0015118114849709057
0.0015132834896139176
0.0015119002620257163
0.0014824184990129435
0.001480552465929686
0.0014793606266694384
0.0014777468903222246
0.0014801462977960568
0.0014786453347504613
0.0014778296037853203
0.0014730194917553549
0.0014703056537132694
0.0014656017199987377
0.0014655231890722186
0.0014698076503350797
0.0014721200763610255
0.0014713512514170494
0.001470872857431315
0.0014682602314432648
0.0014220170456863358
0.001438071118339985
0.001441367078197221
0.0015013477399193427
0.0014957604929739827
0.0014892927913912515
0.0014876617018133003
0.0014786785428073104
0.001477075917217815
0.0014734375428420133
0.0014767201291458509
0.001478848529032728
0.0014811249023706581
0.0014812608461332421
0.0014888972587631995
0.0014867758200025245
0.0014938538773330852
0.0014919513907245493
0.0014489303069789804
0.0014528613489549404
0.0014729190267580461
0.0014796455257170187
0.001463272111368794
0.001460994883048248
0.0014551167925165862
0.0014522135770656114
0.0014505476367548007
0.0014505226446625487
0.0014576027321511536
0.0014593094186729667
0.0014579196563071345
0.0014352887242786245
0.0014206787470014536
0.0014080707454500155
0.00140429884632828
0.0014011733811107546
0.0014323037750477057
0.0017712698034857929
0.0017739360233248068
0.0017887943283735766
0.0017873376926163384
0.0017784734928854686
0.00177809649994158
0.0017630364993626968
0.0017610000840615335
0.001758554737047458
0.001755376597251449
0.0017526111388644705
0.0017016313180105715
0.0016714660206016121
0.0016653806897185012
0.0016643637108740218
0.0016620415562086269
0.0016583350898048742
0.0016593475080860407
0.0016550352029855678
0.001653262786892632
0.001651561939557085
0.0016498984960689018
0.001647831159589659
0.001644170225579023
0.0016834079593872355
0.0016668913952380363
0.0016656703678863615
0.001651325709009373
0.0016518123355367962
0.0016497757261392805
0.001647848608257231
0.0016462156113220751
0.0016458862972798644
0.001623218143044491
0.0016233659644303742
0.0016221139434929963
0.001620378123255206
0.0016188308224964732
0.001616686820188902
0.001616250831935486
0.0016016586755789337
0.0016037030789785706
0.001563627477238026
0.0015612210502811239
0.0015599984801468276
0.001557230563051492
0.0015563409365429999
0.0015584546200205006
0.0015616801157196322
0.0015617051488172422
0.0012591550121632854
0.0013238107102013729
0.0013265183759109992
0.0013264161983390233
0.0013249137924524217
0.0013240527966437952
0.0013274273689529543
0.001344581826121091
0.0013431093019326318
0.001318749454630848
0.0013157695506198976
0.0013249466171963802
0.0013245312842991165
0.001319868310702075
0.0013176130226448986
0.0013202457242660881
0.0013256195677931626
0.0013237742330668213
0.0013245789001994361
0.0013494012804920856
0.0013489601244275147
0.0013708704147502413
0.0014306531208660924
