0.0009709211299195886
0.007276772599046429
0.004767381818965077
-0.0012467430904507634
0.0015307498785356681
0.0015546223148703575
0.0012273543543415144
0.0009337324623225464
0.0010114044067449867
0.0009260774240829049
0.002267577117891051
0.010629131579592537
0.009799640588296046
0.011118803014202665
0.01040560708497651
0.009689300238867016
0.009352934934819737
0.009347127529939537
0.008810768171679226
0.008504856400014388
0.008214796882715413
0.007610685181925475
0.0072339917533099625
0.0068484454415738555
0.006114190677180884
0.005560651266326504
0.006063533531102748
0.005917311798588467
0.005147794315901893
0.00500781813095654
0.004566022136714307
0.0044546237137789504
0.004289690696168688
0.004352841063934775
0.004085196508741417
0.0038828499822852153
0.0038255400692210756
0.003702428736664257
0.0035594792527263034
0.003421597973523069
0.003167441432153627
0.0034702793697739915
0.003390662718050985
0.0032059702679463134
0.003326815458738406
0.003213500333429769
0.0031984058217252205
0.003163220526588775
0.0031039801693987087
0.0030360742935490797
0.0029685156903444558
0.01218035682719552
0.011913932398548004
0.011706081537572159
0.011481841569807978
0.010971239205294598
0.010618872869286108
0.010330490571628246
0.010122116372804158
0.00995348569398868
0.009818457912901537
0.00930904467416454
0.009438463025617239
0.009282575958730797
0.00915708682044748
0.008959404143344946
0.008769841268076563
0.008662584996141117
0.008597957824323595
0.008489541414285633
0.008387275476707149
0.00827764396751874
0.008166195832608221
0.008116584341041748
0.008026379587949797
0.007923760619006947
0.007688983747823682
0.007641079816252553
0.007554363801864389
0.0074823878374580275
0.007448543146183071
0.007415205553554126
0.0070945523182759
0.007023142114356987
0.0069222599002302584
0.006857353042317399
0.006826775909675322
0.0067543172324272555
0.006646251213290579
0.006657281307635354
0.006875592618440436
0.0072651374188529745
0.007204017350964125
0.007126761181739556
0.007052810074128508
0.006991949999049677
0.007210688200738877
0.007182280096458278
0.006999918758810971
0.006895967029290981
0.0068351332045174
0.006749374497833316
0.006666265172568211
0.006616642101878485
0.006525217177388089
0.006868855792443736
0.006812506057569953
0.006727540359027058
0.006637104602520022
0.006552202094016972
0.006923004672769048
0.00815093934724512
0.008112838812194885
0.008028721112666821
0.00782574509277515
0.007754532974780521
0.007668987615280634
0.008176980090392135
0.00810968093840833
0.007965881934279799
0.007902640690712158
0.00781543864996355
0.007953251713667177
0.007899746918817988
0.00784332372709215
0.007847849538826616
0.011165534607016529
0.011078418441190814
0.010979775604657618
0.010790842557050477
0.010680807964518233
0.010448248579238607
0.010301393920898008
0.01022976789972745
0.010245280394455596
0.01012667485986102
0.010121673392174103
0.010004195926766239
0.00993269652431731
0.009856867062543842
0.00981710202894403
0.009727244198825405
0.009617948709193216
0.00955858907987492
0.009501462407794472
0.009429075132911312
0.009359412155046464
0.009360666563554706
0.009233831951278257
0.00917966193338356
0.009115100122328022
0.0090254989212601
0.008981597769511072
0.008912426761479202
0.008833739934347338
0.008981758008813361
0.008977770302304696
0.008965212539308435
0.009217632647232672
0.009254220772790573
0.00918097783079123
0.009126062328717236
0.009061993339145834
0.00894320365129687
0.008904145837863845
0.01102650349399961
0.010962950866260571
0.010388223159012581
0.010325774350648685
0.010252264961607103
0.009874801039269326
0.009824721044571414
0.010022866977385405
0.009958782111061725
0.009897267480482684
0.009542615055718243
0.009499054672386162
0.009601462318453999
0.009580442095466412
0.00947992793668333
0.009662091054801389
0.012378353542359433
0.012309843723177545
0.012186048052279973
0.012067561782176736
0.012058865182620915
0.011982323632339014
0.011916636780216025
0.011821339742776826
0.011759718109186756
0.01170759378222403
0.011935884739336223
0.01161606692227164
0.01154203114699786
0.011442753578546891
0.011384804787464087
0.011320372520724882
0.011165859322204012
0.01109973097860346
0.011070158060950522
0.010926233159060031
0.010873787138918446
0.011236143642557114
0.011214720675290162
0.011170663797970196
0.011108128817927455
0.011030682882567172
0.01099793404022132
0.010953881232334019
0.010905433685068572
0.010832432983113647
0.010785064616835193
0.010893473493601138
0.010848374593309871
0.010471419325633028
0.01044369265136698
0.010438068139734193
0.010391031567737675
0.010325948831979806
0.010416791548218134
0.010373708739460365
0.010326121521214711
0.010304171414125955
0.010251195450804907
0.012561053321341376
0.012504127257378421
0.012452139975115023
0.012361762592239561
0.012323487143578886
0.012264158919925317
0.012292330784036702
0.012313261888461585
0.012099393799156737
0.012040503242825882
0.011983998922899483
0.011926803193624881
0.011892021639554306
0.012179693353272748
0.012120574566264008
0.01203407816438166
0.012086128763092506
0.012079523210394585
0.012043417899938081
0.011984650945595022
0.011919787175370358
0.011939393883374954
0.011885907498165777
0.011846685516517077
0.011796720224665469
0.011733762739250331
0.011679718129767376
0.01164479956068576
0.011605476646355938
0.011584401844005438
0.011531476985737745
0.011482569895701017
0.011460850729341719
0.011420260705808925
0.011412769814845741
0.011440229842125277
0.011316263018254155
0.011275659433031313
0.011236938370116556
0.011211504506931265
0.011175258663707036
0.011134263718839073
0.011058778604127656
0.010862732193169617
0.010840147338307422
0.0108127938252719
0.01078546746858217
0.01074523099010721
0.011015395772809931
0.01097346921049227
0.010930026916194822
0.010883727680180644
0.010846923184354961
0.010815480367011817
0.010761041847997269
0.010731428393678154
0.010682548222285588
0.010717393887392155
0.010642527082228277
0.010625657936958422
0.01090790928032906
0.010869533742412117
0.010833127671907672
0.010768831105319496
0.010837309217032291
0.010835541694271415
0.010792265773738072
0.01071711926190213
0.010711928401902611
0.01064849788228333
0.010640470355094677
0.01059383738814203
0.01060739770334763
0.010579100481380875
0.010593891974228114
0.010467449071634539
0.0102547237893184
0.010328959758169078
0.010354459596687526
0.010321421254632344
0.01026800164882111
0.010217636799953978
0.010187805332991818
0.010122347899454917
0.01009087417182707
0.010088959137120776
0.010101420396191914
0.010149920987357309
0.010112112318221204
0.010083588583686838
0.01004881181345612
0.010050259195896126
0.01002550643453968
0.009979076253897632
0.009936259880032584
0.009908863836794218
0.009830601843379817
0.009804270078767595
0.00978635835026916
0.009735702572730718
0.009716950798249347
0.00968179122652695
0.009672476290977157
0.009987572853373476
0.009955673023906637
0.009770356796508126
0.009702791891594445
0.009668048849562171
0.009623528900922232
0.009600706607774028
0.0095643477786888
0.0095366060303542
0.009499343337450502
0.009472133140275408
0.009452024099215004
0.00954448382270827
0.009513048637996699
0.009515753733119765
0.009221448243997009
0.009197426555539887
0.009328552409303307
0.00931120506661905
0.009278428473763405
0.009317713269859106
0.009340956834327813
0.009326483467192455
0.009300069442195458
0.009265717136045036
0.009258141725289219
0.009284394543903247
0.00925524288183796
0.00929663647792864
0.009272317606848442
0.009218423289339587
0.009188668183681619
0.009272324537501691
0.00924341941407677
0.009313294391667958
0.009301738247673835
0.009389950607644939
0.009327940812924113
0.009263283488951604
0.00924227442919799
0.009215647404174859
0.009173617332251855
0.009143335473861135
0.009145017450669722
0.009017126637447897
0.008987081249199053
0.008974320150523744
0.008941046565017485
0.008919365566105885
0.008908722829705003
0.008882461582377443
0.008861989107390384
0.00883530072931729
0.008837161987428097
0.008805198652147572
0.008769485927359693
0.008755409493271317
0.00876057110649925
0.008806947819140749
0.008789144257535377
0.008843235166729614
0.008812594699497222
0.008772122582359355
0.008719638350306237
0.008686306101163955
0.008663813239994659
0.008640952376852125
0.00861685257471186
0.008624945340929675
0.008694657679818594
0.008675762470347676
0.008705330367156401
0.008683687069005038
0.00867330595915811
0.009090112968262443
0.009039168601099495
0.009014152683731565
0.009010502316167771
0.00895527609983224
0.008967955932295043
0.00884143262873869
0.008351519210945527
0.008392469651562004
0.008367519720018944
0.008335328690784339
0.008322345436514668
0.008300027887740842
0.008324155793581233
0.008196267340950905
0.008153070815177133
0.008164548861065109
0.008149241526622227
0.008130814844323202
0.008123009250045774
0.008107052774836759
0.008092360220819852
0.008088156834162544
0.008102079078543075
0.008102327394511857
0.008077807816003318
0.008064775613851896
0.008056336213688377
0.008049442507504861
0.008027907080018099
0.007999591007382399
0.008597668151565376
0.008230409345819723
0.008240820496762802
0.008242182432140003
0.008222466343139357
0.008035182223031033
0.00800862337286657
0.007983219948089872
0.007959214814480834
0.007889683810301834
0.008012456727056305
0.007996793095417457
0.007979840733543669
0.007963487712087693
0.007942046703841948
0.007927335558196247
0.008082085773413473
0.008060185489941175
0.008019294830122066
0.008027847522520707
0.008010255594213178
0.007992168465868435
0.007857057240503378
0.007844032669643437
0.007879137605326759
0.007872999894166658
0.00784800173597708
0.007824931023363369
0.007807613126030213
0.007707574846645151
0.007694532533354621
0.007704221932511638
0.007691015659869177
0.007677941386256611
0.007873194646999444
0.00786023615369337
0.007846746046654623
0.007768087203592406
0.007749848907301143
0.007733875516147134
0.00772316938824042
0.007727223341322593
0.0077162391416317035
0.007637790505025298
0.007620253331517688
0.0076003725037923076
0.00758071975794033
0.007565245660584123
0.007544653411418204
0.007541218661146632
0.007505628898467287
0.007456320680206218
0.007441496977494174
0.0074214348979177065
0.007416009837917766
0.0073984624999315724
0.007360617225194977
0.007346606595507365
0.007326846822843795
0.007307580411303108
0.007291626206181815
0.007304178419401813
0.007305185171859302
0.007298837519201377
0.007290189821408897
0.007280204254548983
0.007271474885550552
0.00725763983411194
0.007235140450915872
0.0071702752464923416
0.007160070409799876
0.007147983584978314
0.007168221745527067
0.007150284464947946
0.007157813774415615
0.007141173082388506
0.007101896878899131
0.007115595763324344
0.007098698121382078
0.007095265869882002
0.007085988447569522
0.007060157098989357
0.0070933150597083106
0.0070750324949327105
0.00706149780917503
0.007027824760262349
0.007088462368259424
0.007064641057519233
0.007038873048652879
0.006974221667659686
0.00695729082355738
0.00695417053700934
0.007160127319324933
0.007230805173615451
0.007269512971905696
0.007260333072084491
0.0072453919734711296
0.007233303122178787
0.0072569301105124
0.0072430285687025775
0.007227170279613393
0.00721223595485234
0.007193977422448634
0.007181797604891897
0.007194406960466151
0.007171418541937182
0.007153377786232366
0.0071426881312888785
0.007131056464368485
0.007117462267098609
0.007113525836356361
0.007234374072147448
0.007226303257134473
0.007213130070840876
0.007233594464594669
0.007221000401506944
0.007329194830354845
0.007316789089960033
0.007319431025240657
0.007308304576594988
0.007287103892708506
0.007287521488143349
0.007260785396061133
0.00724289660980858
0.007211615146859833
0.007198793919614761
0.007151868270245481
0.007133792837860292
0.007156859259138719
0.007141806110831715
0.007125296982952447
0.007111914759832509
0.007061422595824395
0.007051373534036975
0.007002841434704868
0.006991899155677936
0.006978316651376389
0.006964081375099809
0.006911618777041329
0.0069061355862856215
0.006905203664806972
0.007430037012976666
0.007412819420526113
0.007404535251353419
0.007377322359905032
0.007361625778551738
0.007361365237864376
0.007347837511495928
0.00734465740582784
0.007264543565352179
0.007264922760740553
0.00725546381438775
0.007218117682278543
0.0072114835965522
0.007153565080332138
0.007134042992969098
0.007120715580131826
0.007109809759378861
0.007173610169514635
0.007165120745673147
0.007153230334646985
0.007146856882081147
0.007135582245841782
0.007123159726697886
0.007110731584626556
0.007104250908232999
0.007090472260509453
0.007061217795029279
0.007047718204499872
0.0070335332934194725
0.007075829254382355
0.007093899529561977
0.0070721493051702335
0.007069556151775258
0.00708605765890081
0.007094602243059531
0.007082694922273276
0.007071616125729197
0.0070888199819926345
0.007014595665616662
0.007020331954767241
0.007057620387271652
0.007047096968409423
0.007035663974743269
0.0070248962227455825
0.0070289331527100644
0.00695647154045159
0.0069312044524000105
0.006916641571879615
0.006979600497732421
0.00697908223243687
0.006975264577311457
0.006972292414089969
0.006959929033703359
0.006948398115788319
0.006910459135052153
0.0069032632929895595
0.006888381571833828
0.006874305470497523
0.007066013009290534
0.007106381656800509
0.007133568723903277
0.007152490001820703
0.007141039429594871
0.007145154332849923
0.00711299192676584
0.007129396119012187
0.007128454146825176
0.007117765984526785
0.007121466427441627
0.007102469660471702
0.007105379977490013
0.007100507766818407
0.007089679763026034
0.007083274612240418
0.00707926789720815
0.007068743037592717
0.007058992776507393
0.007046984736353221
0.007037407114571784
0.007027657357747094
0.006980323353369056
0.0069649096486922015
0.00788886648691999
0.00787509427974081
0.007863659100293113
0.007854801606079095
0.007841504024814223
0.007819390594212747
0.007803407121044263
0.007789699485011251
0.007777249362364336
0.007704900043722693
0.007703238629279234
0.007693513825881348
0.007681624557622293
0.0076759952220174284
0.007813875104265794
0.007803854562574812
0.007792250397006234
0.007772023173827025
0.007759292519530615
0.007746804510580762
0.00773547964491791
0.007770376334723713
0.0077620339715326545
0.0077519146955797955
0.007740170775233005
0.0077097927943237925
0.007708290275827171
0.007702881796762053
0.007650784851412148
0.007639965372965809
0.007642663870833049
0.0076342964749465045
0.007619884647499942
0.007522297265645834
0.0074864629715547535
0.00748492982294046
0.007480429730449979
0.007464500337450618
0.007457209221780853
0.007442547686230087
0.007429929877149661
0.007420286262607363
0.007413548951251063
0.007384813656348593
0.007360001175266452
0.007348840497865298
0.007336533208944658
0.0073286389856961655
0.007319543337786284
0.007307545445686615
0.007308162677844733
0.0073024466054021995
0.007294065195197501
0.0072941632295342096
0.007289413178376268
0.007289976752402378
0.007279971024076359
0.007271516001496342
0.007266822916136435
0.007257406691195925
0.0072365154845398395
0.007208058496088841
0.007202722825516677
0.007189607469222708
0.007170891833275901
0.007162414079691971
0.00711743426567167
0.007106993098255082
0.0071114682204668055
0.0071033518178517975
0.007106238253048885
0.007094822960325567
0.007082383242350792
0.007075664030837705
0.0070707988215797605
0.00705871360446135
0.007059566202934947
0.007034113700676079
0.007027390932737128
0.007015060639352425
0.007001750868649735
0.006998019467652479
0.006989606803110435
0.006958929124143522
0.006948358799562143
0.006942710529032566
0.006965021211572467
0.006956589072977152
0.006949256112464642
0.006940336562768019
0.006943111899502101
0.006935541349946252
0.006922397316459595
0.006916560789259766
0.0069073974945459615
0.006893203747669288
0.006877962197764594
0.006853268107223944
0.006821803872886768
0.006742736729657735
0.006732173546068513
0.00672628955041994
0.006711534696553825
0.006539455401453822
0.006532515135884975
0.00653018497631535
0.006525318096037875
0.0065175980790908245
0.006508721303867377
0.0065085667313299
0.00650017238260766
0.006494781146367732
0.00644713142302864
0.006438411167685191
0.006429271999181541
0.006256011852319286
0.006261280949450698
0.006202384933791098
0.006187043972501164
0.006145202460137404
0.0061414041462401646
0.006176203224339019
0.006166230655128528
0.006187281389728195
0.006184678008875574
0.006185341549477811
0.006179108158371549
0.006174875308715849
0.006164251910381689
0.006171812627468378
0.006158162890041473
0.0061463617349559315
0.006134255251887629
0.0061229288628504575
0.006117137762732318
0.006108696634181229
0.006101145574385245
0.006100069918889386
0.0060943478191602275
0.006076972532103908
0.006069809914435983
0.00604958583418901
0.006051911624856295
0.00604960478758584
0.006042073031746571
0.006038445793320863
0.00602720907470254
0.0060216406746256244
0.0060137798537330915
0.006071696046559408
0.006059154075488313
0.006050402817161748
0.006038076953920848
0.006016303253281755
0.006009083574734081
0.0059952698406220495
0.00599602288769504
0.006299702945952348
0.006323788105849415
0.0063299236752059375
0.0063200548415423
0.006317004768121928
0.0062941983041359985
0.006286553630059458
0.006290831554739334
0.0064082603810524654
0.006408786393072134
0.006400672502705374
0.006399005671493898
0.0063911684385925555
0.0063846648824416605
0.006369154909925819
0.006360537228502401
0.0063835614829861305
0.006377477249044163
0.006371740019840909
0.0063642559241382365
0.006356974608436965
0.006347838309429672
0.006329145282315461
0.006327123573501786
0.006329105783347393
0.006338092602634127
0.006335168106324125
0.006321047440005262
0.0062373323126889806
0.006226538707923234
0.0061910453634602715
0.0061817060732565045
0.006199689673997557
0.0061949075980106665
0.006188479973457528
0.006185022556021812
0.00617714904366841
0.006166077047490264
0.006157251974071632
0.006149638547822863
0.006188310123240513
0.0061830068311255
0.006174901962180577
0.006168813476987069
0.006157653691720763
0.006147296537874324
0.006141312222986685
0.006134580490194901
0.006153792084913596
0.006145527778281164
0.0061399369474538865
0.0061313999579738826
0.006122573998021506
0.006111133097887277
0.006104652186227852
0.0060977852845936
0.006072569480644202
0.006063099698524834
0.006057226789739147
0.00604414951686924
0.0059972086809147885
0.005988259355454429
0.00597860792297409
0.005964029708368393
0.005958644700989594
0.006237240135427992
0.006265416043061111
0.006258328386833356
0.006258158329720496
0.006265250353931937
0.006257726599293621
0.006283534142648458
0.006275237755821433
0.0062553050553995895
0.006248286682625995
0.00623661314789545
0.006229887219843065
0.006222866337608395
0.006269010063678414
0.006267198726476427
0.006258509850668055
0.0062546982397403235
0.006249303547130159
0.006222992412950476
0.006214390401878817
0.006340919556515743
0.00632324435942184
0.0063169431818011264
0.006307744993913405
0.0062928689086932344
0.006286291168542643
0.006276463696576167
0.006268176670526973
0.0062504353220810575
0.006251412987878782
0.006243549538527809
0.0062353129886924714
0.006227313279995679
0.006220253436527332
0.0062210753773866085
0.006216607064566449
0.006209075204945981
0.00620439037535169
0.006203672705042862
0.006194321572950401
0.0061875542929601506
0.006181450399787484
0.006173592139228276
0.006165072532302681
0.006161792702041238
0.006159509688185087
0.006160259229513312
0.00614953224756873
0.006140743150001722
0.006127518068618368
0.0061117965351151346
0.006110841824267214
0.006102078631084795
0.006104833356313314
0.006217305589220407
0.006210207208615306
0.006185118199995629
0.006171894216833563
0.006165674729988037
0.0061580691207147415
0.006148861269188545
0.006127977489419157
0.0061229427665316395
0.00611523026815977
0.006108887846783655
0.0061008709270997915
0.006089939236883912
0.006088035653448214
0.0060975290674863255
0.0060946201627356394
0.00607443360601644
0.00606847356959692
0.006048650775127333
0.006040115967213944
0.006034597002214663
0.006030340986479164
0.006025052491518477
0.006018594756946073
0.006085694342358776
0.006076760497334556
0.006069354051594476
0.00606715090783987
0.006064640169816466
0.006057261374829918
0.00604782105026663
0.006042333048889634
0.006035974975384293
0.006032478189292941
0.006021238356054762
0.006000996254765922
0.005996311914945051
0.005990955651011342
0.006025511666677195
0.006023922337983173
0.005992453063660559
0.0059882385569927
0.005994139881826961
0.005986386816827871
0.005991857591609826
0.005987384768319482
0.0059807162593100045
0.005975656445476401
0.005973767272110245
0.005948456199001259
0.005942338240146185
0.0059081528344194665
0.005905624687856908
0.005908261443206752
0.005903370804239177
0.005903013320466212
0.00589983501852576
0.005884131983313825
0.005882294754898921
0.005877781069271322
0.00587966933998498
0.005876372035619893
0.005853580340388247
0.005849327882911645
0.0058449883077352684
0.005848521030380995
0.005849452119762447
0.00584579034553461
0.005838905947691281
0.00583696261578197
0.005838187764235259
0.005837236197566007
0.005831564884174969
0.0058308787738207465
0.005793583495742103
0.005786501534989897
0.005783202823001278
0.005788281881260513
0.005775338552789885
0.00577093562542034
0.005750541653363596
0.005747668712347475
0.0057422120068689525
0.005770714212847824
0.005766582122469943
0.005808970206020024
0.0058141303890629865
0.005823022079979015
0.005823082689969316
0.006009014065313553
0.006002451834130417
0.005996451352153527
0.006004452399260678
0.005998941155229204
0.0059964781110203695
0.0059863235976350135
0.005981049824585392
0.005992107767123177
0.005985898393867455
0.005944000135588227
0.005934958910310723
0.005929327304695382
0.0059346904974148865
0.005919242005855171
0.0059135962174047185
0.005907973217088874
0.005902731141869708
0.005895835439857276
0.00588159041545795
0.005878274177656959
0.005878730025378201
0.005867442235379192
0.005860676364584654
0.005855393880054955
0.0058474283015974935
0.005843451471264396
0.00584835695391267
0.0058390877196645465
0.005836406984329296
0.005833451500278491
0.005828360729692549
0.005823546955422967
0.005815988700535908
0.005817173019784475
0.005812459864777037
0.005808257179004696
0.005809278733758389
0.005804347043302614
0.005807731489568429
0.005797975362758249
0.005793188737940188
0.005808589111630231
0.00580777982242339
0.0058030687446748285
0.0057976529403601365
0.005793996354335717
0.005788261737138716
0.005799149903589807
0.005825663603533591
0.005804466619494288
0.00571048756971879
0.00575960125474894
0.005755529158002796
0.005747371711252382
0.005742762350885469
0.005737118786519709
0.005732641598235669
0.005724847831051074
0.005714130832047809
0.005706360134912446
0.005701461508417829
0.005692042967890567
0.0057209563839975
0.005711929120039381
0.005712061310276125
0.005673650092703862
0.005669064616947835
0.005662535883972476
0.005658397989083839
0.0056519186503634624
0.0056636802955162
0.005669313153733027
0.005664227893646442
0.005721229758314836
0.005744807963069172
0.005739762540990146
0.005732436553303429
0.005733341106804951
0.005729673731479502
0.005725736895041513
0.0057188926031799675
0.005747558649453398
0.005739295662809264
0.005731311433077394
0.005726013402663551
0.005715505274861147
0.005706309079530526
0.005697208439724386
0.005690650942689621
0.005685310933991811
0.005716217023301183
0.005712214376179592
0.005701334380633194
0.005696011786485495
0.005653619411902064
0.005679894297874729
0.005676811615522332
0.005674636463995076
0.005679999814860966
0.005673650178020264
0.005670367411290042
0.0056656234666072275
0.005661705894932499
0.005658596114636305
0.005646588798849045
0.00564175482089121
0.0056373540451860864
0.005623223766213449
0.0056087183936096565
0.005603474099825354
0.005603919894678169
0.00559882339007544
0.0055950040509962625
0.0055973153756715575
0.0055915358723646405
0.00558423290870646
0.005574740335556366
0.005576417533257756
0.005463936581007954
0.005454182637654931
0.005450602324346377
0.00544788015542087
0.005452814412410773
0.005448097657930304
0.005460934054796172
0.005454295550537463
0.005449870388723198
0.0054449598347633904
0.005441116752100883
0.005419174683405936
0.005414433659017521
0.005408049933348783
0.0054034545534535645
0.005395930811951264
0.005392833849481927
0.00539153592299184
0.005387011711712221
0.005375941836741558
0.005372863243608273
0.005364397995498465
0.005361213928548935
0.005351819512419035
0.005340727179603736
0.005336442173259286
0.005334964822002899
0.005330031823769484
0.005320863023455212
0.005319568074802588
0.00530332663327204
0.005303741630760303
0.005297452234175509
0.005293610572612985
0.005291180488216289
0.005285887662955609
0.0052818191504392506
0.005274128900042707
0.0052780724762499075
0.005278012163509645
0.005269241354377304
0.005260651138832086
0.005247757242186702
0.00527695689469804
0.0052741128254968055
0.005257638371085
0.005254049008011067
0.00524906692819535
0.005244494478720866
0.00524145960557726
0.005234254196705859
0.005235944188050448
0.005224351142985645
0.005223297551309142
0.005216568356196462
0.005205664941055729
0.005212195896109154
0.0052076980932352695
0.005211558165678962
0.005207749518879898
0.005204257726336384
0.005198374797904393
0.005190484300983235
0.0051851849300487245
0.005191989935671507
0.005227404694593135
0.005227303320438326
0.005223490669006696
0.005216322285390601
0.005213343450785859
0.005210142471905369
0.0052092983971348105
0.005205441925243311
0.00520099211874409
0.005198027946443211
0.005187572968996999
0.005178305370357049
0.00517439465908366
0.005184590870342261
0.00517888607982221
0.005175403601881667
0.00517506946643182
0.00516976225875338
0.0051742230405437085
0.005169722261222073
0.005168109746443271
0.005188707244185537
0.005182878913767426
0.005178921989765447
0.0051761230564880975
0.005160805307510306
0.005159307276090796
0.0051552457021213915
0.005149928905091558
0.005110341088139571
0.005107162892240363
0.005103122017373083
0.005098755527153472
0.005094458378147034
0.005091323117853921
0.005089047482496067
0.005084099284109212
0.005081819704245962
0.00507680254171662
0.005068271068348131
0.005144818962289236
0.005146090865648217
0.005143764756929563
0.005140278520245189
0.005136793497455057
0.005136080004962665
0.005129452331982394
0.005141971549469578
0.00513748554429189
0.005132043602767585
0.005126419380694567
0.005121387361177953
0.005122589032476948
0.005132527484071346
0.005156092803170176
0.005152189436948719
0.005115877086164149
0.0051107450299320515
0.0051033266019278115
0.005101920575612778
0.0050995331064647995
0.005124260032502028
0.0051199855347433655
0.005117748441513629
0.005114479953629146
0.005109579709108586
0.005105299484291978
0.005100080338167479
0.005157272765683894
0.005152666156594491
0.005136017814429081
0.0051344212311567015
0.0051309413486795566
0.005128861176670069
0.005145697059555218
0.005142728498732033
0.0051364410934076005
0.005131740282588512
0.005129362661445656
0.005126941167147669
0.005125833937103589
0.005109443585844014
0.005074237932863706
0.005080730222635702
0.005098011930577592
0.00509874773663708
0.0050941935395524
0.0050963035213152895
0.005170160779693981
0.005166575931587728
0.005162842895779349
0.005167096634915777
0.005162825505718931
0.005159777405551807
0.005141327947757615
0.005138236936381985
0.0051348341865170835
0.005131423550769193
0.00512702669528185
0.0051382962272578615
0.005135657877536614
0.0051258915636024135
0.005121511044238589
0.005112078132790991
0.0051080539317315795
0.005103642262097618
0.005092407861162059
0.005091459020923784
0.00507582094578426
0.005072941138720465
0.005070114975298115
0.005069250853621678
0.005062392317782995
0.005060516156904149
0.005057363971095709
0.005051906805770432
0.005042548304060298
0.005036292521795624
0.005026845497269235
0.005020851083270059
0.005030572484101415
0.005026991368336447
0.0050258396404332965
0.004995135922374306
0.0049901441375484554
0.004985762849251508
0.004978529571594826
0.004971100511729542
0.004970280385488339
0.0049617399503369955
0.004958051258894063
0.004953730249188902
0.004941629203037196
0.004910892048432711
0.004906700597261499
0.004901239772309955
0.004897256467266959
0.004894473431857719
0.004887435071796482
0.004883557109157438
0.004881302009523541
0.004879415215758518
0.004884082348021069
0.0048861163323683735
0.004892777918236473
0.004888190380985654
0.004878366077196935
0.004886826708658925
0.004885878137203537
0.004886167079033712
0.0048827955998713875
0.004886080993744072
0.004881210605894111
0.004879868812160467
0.004878731485319684
0.004882002781493994
0.004881522341737071
0.0048925878828831515
0.004889224566449006
0.0048885919317119405
0.0048817558558733485
0.004879695877003001
0.004878320255657941
0.004878622269153889
0.004878210074093645
0.00486332981760487
0.00485875381453312
0.004895633877018362
0.004889058203928601
0.0048874183895426075
0.004883860222382142
0.004881309527437867
0.004875905312470087
0.0048661520179217295
0.004860992806567544
0.004856326668521975
0.00485685431056996
0.00485531330867782
0.004797086471557888
0.004796192160732309
0.004787970550795806
0.004785624142921592
0.004780351231329654
0.0047724458762975625
0.0047679289722025245
0.004762725062529131
0.004758984970025275
0.004762617140634046
0.004757285865752024
0.0048887225242325635
0.004898142567981252
0.004895158185350324
0.004891082162740049
0.004887772047893611
0.004883624920091393
0.004877738751802823
0.00487252010727579
0.004870226165927026
0.0048661167209274134
0.004861008165185855
0.00485289346165783
0.004850583759546626
0.004848847433518942
0.004844808326981634
0.004836694127312393
0.004832520137695183
0.004832229937061737
0.004830325285417423
0.004826320245456679
0.004818321039578072
0.004816934325046033
0.0048127897554123885
0.004805065647969274
0.004799132685596158
0.004795875508163166
0.004793482499063492
0.004792201985772793
0.004787944054094983
0.004784546374272442
0.004781593525580018
0.004783662912941723
0.004779222443303422
0.004790884839574722
0.0047868658658502235
0.004779602194799605
0.004777888706213697
0.004774307305214461
0.004771183389743084
0.004767081552117964
0.004768442269019159
0.0047631467407129565
0.00475421776241359
0.004751033733385712
0.004746109055828197
0.004737328197481659
0.004733502339019674
0.0047307353918019865
0.004731836258360731
0.004730217626662647
0.0047241953839157035
0.00472208365801336
0.004719448840271253
0.004714652674302147
0.004701537187074217
0.004699902227098219
0.004695167343597442
0.004690302835859406
0.004687615486737361
0.004685030965836422
0.0046797711672113195
0.0046817912915695006
0.0046783184564883045
0.004678444441697186
0.004682607768003168
0.0046823372176432775
0.004682506269070211
0.004678235797014595
0.004674768241127364
0.004671471099073961
0.004668280458184654
0.004664508096566349
0.004660166680878925
0.004657312933195285
0.004655179104499786
0.004647573476431947
0.004633727470145893
0.004634181195391948
0.0046312050240676726
0.004628456400408727
0.004625216484675562
0.004622640716723011
0.004612215615615605
0.0046098197044495606
0.004615761231267924
0.004612128382674134
0.004609979568451363
0.004627040410219117
0.004622992024268603
0.0046280070231919605
0.004625513545315466
0.00462269452087334
0.004629138905792442
0.004625807516169244
0.004624403594454586
0.004630347790445367
0.004633232932786457
0.0046294786451758305
0.004626511125930203
0.004628303985161968
0.004619716131021281
0.0046165859981595146
0.004611679969716122
0.004610331052691515
0.004600590483913442
0.004594789233116879
0.004590799795834546
0.0045873244245095875
0.004588027954694385
0.004581593491917702
0.004577076187078043
0.0045768125491161835
0.004578363629132606
0.004571484824696093
0.004569809528627313
0.00456250816988772
0.004554553627997861
0.0045513785168367895
0.004549311748326453
0.004543765742974391
0.004543486734212083
0.004542512248133045
0.004543708905929265
0.00456706635199276
0.004567781379555962
0.004565403624234769
0.004562935252216356
0.004562635659499463
0.004562279459046063
0.004560163117247141
0.004552571073720273
0.004548118078893032
0.004545775490666409
0.0045454650788001845
0.004542687414858125
0.004560604655401446
0.004557606506480432
0.004550590355205452
0.004544678854305564
0.004542822545511758
0.004516193841270026
0.004511774982915974
0.004509426912839069
0.004502180751323164
0.004496182505786581
0.0044934459548449405
0.004477339775342593
0.00447540916253336
0.004470170100191764
0.004475312965630698
0.004479472130057789
0.004479313094634543
0.004474368225497131
0.004526139053865617
0.0045233893370841246
0.004520886022965555
0.004530444788573282
0.004527394772669552
0.004523548079933113
0.0045233197112677205
0.004519621589201577
0.004503125152204964
0.00450445614596193
0.004502578389112651
0.004501149185024832
0.004496358806388256
0.00449371947027642
0.0044895435812588955
0.004485641671435488
0.004479959210575317
0.004475602429819844
0.004481368906515554
0.0044565712101831655
0.004453649506994747
0.0044517296654946106
0.004437337143852353
0.004435174071971301
0.004431877572096231
0.0044328313758931134
0.004456435676462627
0.0044524310082418765
0.004450147487973627
0.0044476281562964605
0.004443422448223781
0.004442488558746993
0.004439616758307084
0.004438100207473592
0.004433693514417727
0.004430870539107212
0.00442730145758361
0.004424951046783086
0.0044220441601560195
0.004418862338091871
0.00440716171249076
0.004404488244407726
0.004400252752617769
0.004405087896447897
0.004402068451082541
0.00439949366790032
0.0043992774883837
0.004396923267978467
0.004395440126910954
0.004390971709050279
0.004388241266171494
0.004385804355782912
0.004383413403747892
0.004380399763152853
0.004377893744988572
0.004368396458054842
0.004365562184331204
0.0043494531617596175
0.0043466931830206095
0.004340220945912242
0.004337505918615222
0.004339753490835547
0.0043361208506737465
0.004342823073802013
0.004341257188485258
0.004336218092220954
0.004334173761286176
0.004331649226832457
0.00433660278756204
0.004336311559746241
0.004328041739298957
0.004323955112563068
0.004317583541346648
0.004320090591608654
0.004316738415602391
0.004313937126434975
0.00429574385422257
0.004294030060660292
0.004291568011715793
0.004288197054058515
0.004286763178823823
0.004281813875011876
0.0042770085569833055
0.004275424435187916
0.0042758080781537585
0.004271698189863023
0.004272197374769865
0.004269279727585161
0.004249358125066771
0.004245325915170001
0.00424284308569944
0.004252938337116844
0.0042515669363638
0.00424799172471863
0.004245941961077711
0.004245261124190883
0.0042428278503015265
0.004238755299699461
0.004235091663494661
0.004229945359262368
0.004225037507151588
0.004224227805489678
0.004224899722797654
0.0042232065095882945
0.004229131882901942
0.004223389370566294
0.004220931206246628
0.004220752668967231
0.004219319203499142
0.004217088126374942
0.0042146015054802
0.0042153669774638546
0.004216063485662466
0.0042129702935148495
0.0042123484639970486
0.004212118632305578
0.004206893189015862
0.00420746670016114
0.004203096996988758
0.004195775927753821
0.004192900425699056
0.0041874711925559615
0.0041881668623808535
0.004292422358513299
0.004290251158570948
0.004287265256367741
0.004282956399001124
0.00428138748497645
0.004279721636493338
0.004275528358480338
0.0042734323568103345
0.004271543329659121
0.004269072411279041
0.00426610219475517
0.004261019512683313
0.0042611436974026055
0.004259700336438372
0.0042538707477050115
0.004251390976615458
0.0042361478680540635
0.0042392422197839175
0.004241053646507143
0.004239107616030124
0.0042363051872220895
0.004234735635983724
0.004230226263935691
0.0042275863295459905
0.004226029053183429
0.0042229085011401555
0.004203315599431568
0.004209391922105552
0.004207531348362237
0.004207625476650277
0.004215042933999332
0.004207561257576827
0.004205102404550521
0.0042005324133801755
0.004201855443218637
0.004199058634140552
0.00421605061458157
0.004215988102619819
0.004213384277693532
0.004210823338120691
0.004207794058252564
0.004205716783353536
0.004198397483351264
0.0041961210597717385
0.004192221258395626
0.004189290582218777
0.0041867176336388015
0.004185949000552969
0.004183874502061532
0.004183621437872236
0.004179283331467862
0.004176598236647027
0.004173604794163069
0.004173947735320871
0.004172794598566379
0.004179772913318623
0.004178903407216883
0.0041759156579077765
0.004170993079024392
0.0041693073458837545
0.0041640986014759435
0.004158857596416267
0.004158530557312893
0.004158139887668399
0.004155726870467371
0.004154743823814233
0.004151547258685707
0.004148672309107666
0.004149768047084498
0.004146778106202868
0.004144008747133441
0.0041416153764885265
0.00414248743977786
0.004140701208927902
0.004134942941216004
0.004132066226174381
0.004125298398142736
0.004122999935675532
0.004115599984909439
0.004124262644140134
0.00412090068856403
0.004118514353699335
0.004114515452269794
0.004111489470029932
0.0041099969516008965
0.0041083893663896994
0.004106040226743594
0.004101611909946681
0.004088649682799743
0.004082480124144554
0.0040787600948640765
0.004077014248808744
0.004072434009291157
0.004069792293816853
0.0040705638646510575
0.004073447225277968
0.004070752127187601
0.004055727407293929
0.004053068988059245
0.004049412335477879
0.004071451479247604
0.004049160061228926
0.00403141270443997
0.004033224899923787
0.004031781248072338
0.00402901964156551
0.004027907808210492
0.004026526077399946
0.004024005231332967
0.004022013265979208
0.004018895409397924
0.004011492665914662
0.004009413041565215
0.004007111182090721
0.004007004418156234
0.004004768340887461
0.004021743905456379
0.004018888307142536
0.004009800730881135
0.004006658899477083
0.004017770222991897
0.00401809773493002
0.004016096575254837
0.004014399822010811
0.004012063616217656
0.004007832754915911
0.004002250961090977
0.0039880751767762635
0.004002512355489038
0.003999579750547517
0.003997217245125592
0.0039968070425803505
0.003999999500204392
0.0039993246059899035
0.003996656568990757
0.003992454281768288
0.003990591628395771
0.003989323319066995
0.003988208964425059
0.003985867096671613
0.003984368076441626
0.003991182745335243
0.0039894437070128385
0.003986087756419945
0.003983290298859437
0.003979519808188585
0.003980723095480214
0.003978864929790279
0.003974988696659301
0.003972126170870904
0.003967821871037223
0.003970452604650613
0.003964946265923322
0.003963104129235944
0.003968269910879835
0.00396696959846833
0.003964653700912394
0.003960747029175935
0.00394681664943672
0.0039448599988282625
0.0039425940695545225
0.00393593224437381
0.00393417745363561
0.003931520472690578
0.0039264574357398205
0.003923996257981326
0.003921457325701356
0.003918647663321559
0.003917318691068401
0.003915506689441889
0.003922065887951357
0.003918572651850402
0.003920860009227594
0.003917955638236337
0.003915708110693224
0.0039132501685086975
0.003910985667643578
0.003905736241048019
0.003902166664531712
0.0038988828724560733
0.0038997959104128035
0.003898306911692396
0.003878225802102496
0.0038760710186072265
0.003875593886957559
0.0038739631954485634
0.003861923584648675
0.0038596527169873535
0.00385727227938227
0.0038556249225220164
0.0038522843961912145
0.0038491017152698765
0.003848323375802336
0.003849497747707299
0.0038483797714307373
0.0038459956550446046
0.003843874954913978
0.0038421271555710585
0.003840402541436617
0.003838673151325948
0.003842208151211933
0.0038478614689926097
0.0038456009978145864
0.0038461739981883753
0.0038358033930552806
0.0038318767181346257
0.003830977771648811
0.0038305164162108045
0.0038266284791809995
0.003825403439241957
0.0038250953966674256
0.0038225215641768625
0.0038201531589857987
0.0038278269167906246
0.0038261385661078322
0.0038247279578248333
0.003829722634191932
0.0038349191175129803
0.0038325159727635974
0.003833066834943034
0.003827719831229515
0.0038270776569341507
0.0038249458290578542
0.003822663338597154
0.00382164054017721
0.0038439488382827364
0.0038415676768908504
0.0038258931902383528
0.003827870577108269
0.003822030704083614
0.0038237966228739035
0.0038236117272560485
0.003819526163980967
0.0038200329189034283
0.0038190704685881847
0.0038175459286213733
0.0038199257929542327
0.003819250011852163
0.0038179517322794194
0.003810860716089204
0.003809648745701461
0.003789514177459276
0.0037875004250902686
0.0037829915185105525
0.003780617384364563
0.0037887285609072728
0.0037868074236766408
0.003784254313603937
0.0037744016923552275
0.0037522422798531214
0.003746481315497067
0.003753232263665364
0.0037517465946564667
0.0037434963684770443
0.003740442054791819
0.0037381663747540267
0.0037060510735653688
0.003701235635153
0.0036999468633450577
0.003701987260000069
0.0037000353421411786
0.0036991213151609235
0.0036991352957108903
0.003690976892486707
0.003688379101540856
0.003686796819529476
0.0036845693290901657
0.0036831357120934854
0.003681984985971055
0.0036745719303410296
0.0036735558699152117
0.0036724808579444773
0.0036696999879712766
0.0036675732913365685
0.003667956822501122
0.0036664158716398637
0.003667291154585674
0.003666325928908299
0.0036663152873937493
0.0036655872369252855
0.0036632657357366432
0.003661428775496789
0.003659775450374843
0.0036604241871038426
0.003662958174085756
0.0036600832280111353
0.0036588731927882684
0.003653981289602095
0.003655139518042438
0.0036544612571115112
0.0036521282313624107
0.0036460077062230025
0.003651312067959359
0.0036363955103152863
0.0036843549289233796
0.0036823025114569572
0.0036812909816421194
0.0036802632069179763
0.0036785476359596043
0.00367644768854273
0.003674794378892806
0.003667384240261199
0.003666666595162987
0.003665010954312027
0.0036632065456548334
0.003660882978628375
0.0036645558877240947
0.0036618590072367164
0.003659579149847778
0.0036576631174826454
0.0036634721925057237
0.0036635620645166654
0.0036615655107203942
0.003662335539148328
0.0036600778507307175
0.003662877101263495
0.003664629901747523
0.0036643535366245403
0.0036666819607522536
0.0036315025778523905
0.0036426974315427424
0.0036257577330634314
0.0036137608432701245
0.0036140865592542946
0.003622762236627372
0.003621048499030471
0.0036192799650367185
0.0036166033603201053
0.0036162368479468023
0.0036145383373568487
0.0036189971835846025
0.0036178303422833087
0.003615625721401044
0.0036164432109097215
0.0036145374080379616
0.0036127861481566347
0.0036110744465390004
0.0036091993667968975
0.0036074864966816013
0.0036035167373900156
0.003595511039154711
0.003596273615483964
0.003591136260008839
0.0036395742004344963
0.0036363453148711986
0.003618730196517521
0.0036129042345226887
0.00361589369673919
0.0036143894299109493
0.0036170589991730224
0.0036171545969342894
0.0036155691570967674
0.0036157184576711974
0.003615499745545641
0.0036123109269253976
0.0036104526961656877
0.0036086715928632484
0.0036015376988555287
0.003600993142791945
0.003608924497359834
0.0036072558158777813
0.0036045152377837094
0.003602704586011817
0.003599299724665733
0.0035921231599241165
0.00359204851145848
0.003590825561943841
0.0035909404153862787
0.0035891050223107028
0.0035903891327649685
0.0035881627623842198
0.0035790296278665748
0.0035751654775998142
0.0035735779543994875
0.0035716014278893518
0.003569889573859015
0.003567682820775189
0.003565023851619374
0.0035628047761223102
0.0035608072454807447
0.0035594550398651403
0.003555651500884685
0.00355458739873513
0.0035530068649489697
0.0035519119585339974
0.0035507263613756145
0.00354981706709279
0.003548405876267027
0.0035468154636193
0.003542636574647709
0.003543194137248189
0.003541606228016496
0.003539578685425392
0.003537952369505316
0.0035371461093208446
0.0035403918402966477
0.0035373424898911513
0.0035393321220546035
0.0035248653924901162
0.0035238050564218404
0.0035277881765312788
0.0035265074476565606
0.0035249848658808034
0.003521543399985526
0.003519388952456243
0.003521710237136355
0.0035305243486077656
0.0035280613922643177
0.0035476928859224377
0.0035473585177319593
0.003545450738379703
0.003544557179943451
0.0035431261857429954
0.003541655058493946
0.003539497513217296
0.0035376263448381948
0.0035314448720408357
0.0035294432482416856
0.003528360684239258
0.003546366461177173
0.0035388747202233896
0.0035365719272521445
0.003533742581421764
0.0035327422991894538
0.0035284603210865443
0.003526461001329766
0.003526176171212673
0.003539391534301452
0.00353704830087077
0.0035314369578745204
0.003528730303277515
0.0035328685260054902
0.003531014244945034
0.0035296777280308103
0.0035277795637752313
0.0035275762373009585
0.003518329832449631
0.003515551099165388
0.0035140019279932336
0.0035093246402711376
0.003506707984877163
0.0035091307530747437
0.003505381089074798
0.003504559476416483
0.0035033323349310352
0.0034700892094031376
0.0034671921505316783
0.00346575505794772
0.0034638954054381256
0.003463100940003836
0.0034539194964810192
0.0034519653981507927
0.0034499628868476778
0.0034462670731091488
0.003446083303183127
0.0034454440723363294
0.003446750708318248
0.0034433036444494985
0.003440578023451001
0.0034349023969772133
0.003433071632859301
0.003431754935338667
0.0034322129513959946
0.003430232770372458
0.003429550562674903
0.003429031989587569
0.003428011299676876
0.003426478268456927
0.003427553648858214
0.0034270896488472367
0.0034265164170879515
0.0034245846429009573
0.003419926532323454
0.0034183256323663544
0.00341904945097452
0.003406579452943202
0.0034036653856707026
0.0034024050661322462
0.003402575922059618
0.003403748966559559
0.0034024245282238135
0.00340146127419489
0.003398336284458376
0.0033970866509171545
0.003379683130974921
0.003378306011420229
0.0033771216147448933
0.0034113349998940853
0.0034354414271512207
0.003434129781909941
0.0034351504124255907
0.003438023688310548
0.0034355577641838513
0.003434820790722752
0.0034453988193133473
0.0034437539843960494
0.0034415038790533473
0.0034386609731194245
0.003436007268369612
0.003434065919236872
0.0034685227146418825
0.003463191645461358
0.0034636806062218555
0.0034571093870262915
0.0034521255440372284
0.003450318494232603
0.0034556857848285277
0.0034535489221132866
0.003451324502415233
0.0034632617271800376
0.0034613918992048385
0.0034592534102440885
0.003458156176449431
0.003457293619863607
0.0034553331324016843
0.0034546192973679488
0.003452520737085125
0.0034508702060096507
0.0034501078355527594
0.003450866050104382
0.0034490559300151334
0.0034508392348912187
0.0034489838735129
0.0034471064501505146
0.0034453960672557954
0.003442594960194752
0.0034404142947991184
0.00343827913018617
0.003436442742788736
0.0034350025282616366
0.003433948688105632
0.0034327862954643415
0.0034320954900758202
0.003431238570425754
0.00343105972592834
0.0034298595079385375
0.003428421683723242
0.003426691995006895
0.003426159224945062
0.003425677765327183
0.0034247833834277932
0.0034233337484008775
0.003415889017240653
0.0034142398588501524
0.00341317466217318
0.0034147177626512467
0.0034133679957184917
0.0034123701295674306
0.0034073766188209152
0.0034060307832741842
0.003404114155504366
0.003402232628730925
0.0034011765025555654
0.003399875713438682
0.0034001537926512644
0.0034006526341523735
0.0033993039531508627
0.0034004281542496326
0.0033963749026429246
0.0033959773459756575
0.003421666682833167
0.00341954426831569
0.0034254600736444768
0.003419377058227158
0.0034165592044088523
0.00341492702139838
0.0034128067523294323
0.003411628700340111
0.0034127799458919038
0.0034123371146620144
0.0034108576075870993
0.00340951803496396
0.003410596692473491
0.0034028335376449182
0.0034062820174311846
0.0034036904189431233
0.0034032169021307058
0.003402354744726743
0.003401564600099106
0.0034154380322708794
0.003380873179169691
0.003381072222723059
0.0033800103591349042
0.0033787565846912938
0.0033801274523857145
0.0033785991186679335
0.0033771999604098645
0.00338442365266084
0.003381903153247108
0.0033830249978982533
0.0033772265714254886
0.0033763762654049714
0.0033739546747857453
0.003371079276293967
0.0033937016465225263
0.003392145659949323
0.00338959860386741
0.003391039601431583
0.0033898554927916397
0.0033935418547829652
0.003393522302208485
0.0033940157933874155
0.003393707207781957
0.003392255082275258
0.0033913661138321428
0.0033924813948602206
0.00338886065966819
0.003387228929527133
0.0033856471554041022
0.0033844010255738143
0.003390113283427004
0.0033882410001469586
0.003386766993497548
0.0033851736923364247
0.0033837206461365503
0.0033827351853942555
0.003382207105744841
0.0033946832636454435
0.0033897267765400267
0.0033883372311319234
0.003388510389182514
0.003397546050193783
0.0033980066733658937
0.003392990720239661
0.0033902558395380914
0.003384773536396811
0.0033842469015945642
0.003379944338033407
0.003378679848667764
0.003377106262096664
0.003378244945104583
0.0033742157252941696
0.0033733319590923
0.003356815831354404
0.0033555751055198797
0.0033511698585343827
0.003348076199123907
0.00335042105653257
0.0033489750170120425
0.003348456504965434
0.0033478103808695318
0.0033367664741836543
0.003335370679293759
0.0033284278932762487
0.0033269754269834233
0.003324814036327286
0.0033258432671970416
0.0033249174124196485
0.0033220850139299768
0.0033207466983232415
0.0033210382094648544
0.0033192951841924463
0.0033156533057715682
0.0033167110236757206
0.0033141873717906947
0.0033241392591620285
0.003322885316684043
0.0033138380063595938
0.003312755756957395
0.0033113036647291166
0.0033097883412767943
0.0033078226578165553
0.0033034785830935195
0.0033027731559738963
0.0033016863801371065
0.003300432860577498
0.003298902375980855
0.0032975455432737153
0.0032957856682650465
0.003295040827945804
0.0032927985728114888
0.0032925726927707168
0.003290036615737128
0.0032877008153456267
0.0032865796659987765
0.003313101813889083
0.0033104782436796233
0.0033090547539865833
0.003316655924770454
0.003357206052006649
0.0033564988831778432
0.0033527113800827318
0.0033513809196878673
0.0033520104759995205
0.0033463086768392883
0.0033441782489440825
0.0033377915631086414
0.00333748297338198
0.0033367996874218097
0.0033372413792352733
0.0033353063644265104
0.0033342064368554825
0.003345558158281753
0.0033454210511827624
0.003343656975132035
0.0033446113513494577
0.0033433796263039107
0.0033434152590130655
0.0033386581105565834
0.0034217077673211753
0.003417509875501009
0.003417102556729001
0.0034146027549004816
0.0034134392839759243
0.0034139057040370696
0.0034062940033264886
0.003404375242530057
0.0034052129121280384
0.003400944308039105
0.003397117506458252
0.0033960134436323663
0.003395268012948129
0.003392922382067351
0.0033919770214682512
0.003390831386620612
0.0033885660059431253
0.0033879023664111323
0.0033864484570177394
0.003387500466428437
0.0033858630366347003
0.0033845551099329725
0.003383135147282007
0.0033826649826418412
0.0033825930897642743
0.003381378781744005
0.0033803166376426314
0.003379600823101214
0.003379829787376603
0.003377624592214708
0.0033749807985911117
0.0033739519749209023
0.0033732775428294286
0.0033697530970377243
0.0033685356188493526
0.003366146142592512
0.00336485921015069
0.003365423842524716
0.0033673517760414683
0.003367914587557681
0.0033664746716322233
0.0033748053923688542
0.003387543805661485
0.0035174797932575005
0.003515914931106055
0.003514421998179888
0.0035129802745525046
0.003511494126796689
0.0035097156967045812
0.0035076544799691545
0.003505463853962426
0.0035035758510354445
0.00350677915620869
0.0035092470074967433
0.0035080122001549963
0.0035081104414682097
0.0035104644088344208
0.0035086374256190953
0.003507142102707302
0.0035042691474383944
0.003503316896657681
0.003501503730031643
0.0035003091877704676
0.003498936219564064
0.003498629604120941
0.003501558917327703
0.00350060692830612
0.0035014599007156958
0.00349982616607344
0.003497673440869527
0.003495991905704413
0.00348842462908194
0.00350587699804467
0.0035037878063870357
0.003500094255169367
0.0034992175494873066
0.0034971746785765405
0.0034950008749325173
0.003493776258177646
0.0034885238195402953
0.0034886077568199243
0.0034858073125641304
0.0034844645460135916
0.0034778410678251476
0.00348017195782347
0.003478415964260256
0.003474137729736308
0.003470725219601436
0.0034671892922925255
0.0034645192107697464
0.0034592024987255008
0.003458005726406882
0.003458566663326599
0.0034570235828006984
0.003454892639716521
0.0034534190622096074
0.0034602947960390993
0.003458918436176996
0.0034575834730966063
0.0034558732829877833
0.0034534675711337527
0.003451646534990003
0.003449042622438663
0.003448244378886726
0.0034435561393647337
0.003493976327662664
0.0034920425693903195
0.0034904972526801255
0.0034889426268003496
0.003487667459317906
0.0034850010949280465
0.003482536910674189
0.0034898683264334104
0.003488348623209541
0.0034858470761281266
0.003484121897452334
0.0034826366260572636
0.003477295893053516
0.003475167329842054
0.0034734171931295643
0.003470997371135827
0.003462352555695547
0.00346247022963014
0.003461324569436402
0.0034597577237331944
0.003456794044560991
0.0034584045380996985
0.003476292232749384
0.003473777417833631
0.0034717684752960925
0.0034710451637059983
0.0034696714668686042
0.0034671029743614675
0.0034651309331448677
0.003462516787479098
0.003461393512688823
0.0034621420201042512
0.003455753097950419
0.003455084138605618
0.0034552736121392564
0.0034540456244077844
0.003455745865315439
0.0034540331592333583
0.003453593636918854
0.0034540905829277095
0.0034528667263693663
0.003450147627794332
0.003446108387876373
0.003438349299572925
0.003437622065739404
0.0034549097578140645
0.0034534194214087734
0.0034530946188319734
0.0034514109868835664
0.003449018585850207
0.003447435936882757
0.0034469444481139387
0.0034477414909195527
0.0034477084324727194
0.0034384734331309023
0.0034372352928502582
0.003435798988041768
0.0034338917103717936
0.0034321992706649158
0.003429354249298384
0.00342771321333421
0.003426358436324505
0.0034243424601806062
0.0034231272703107826
0.0034250787157583664
0.0034228478378482046
0.003421626712236128
0.003416802376041822
0.003415526774320505
0.003413420333174952
0.003409601231000698
0.003408344366007457
0.0034067253308124137
0.0034052755070152737
0.0034056765487162433
0.0034009580297909704
0.00339350673952031
0.003393604484190685
0.0033379594162306304
0.0033375055112929122
0.0033452917590426666
0.0033372394239397224
0.0033374689240958377
0.003336826396224888
0.003334629657640736
0.003332136414947224
0.0033389226711757597
0.003337786607147847
0.0033273552379605846
0.0033286326898092334
0.0033386041300050013
0.003337649916525717
0.003337488809308601
0.0033355660134064442
0.0033360326171692468
0.0033328266056136787
0.0033311865623377158
0.0033229231267523376
0.0033219921553098125
0.0032699328407508874
0.0032680427944539077
0.0032675724806278915
0.0032617436061265644
0.003255883989097914
0.0032549925251837224
0.003253843266611505
0.003251219214341821
0.003250664336292697
0.00325192317117707
0.0032507183940646187
0.003250185749680709
0.0032484197378468698
0.0032443285415884745
0.0032426103430246355
0.003241307601524851
0.0032405603351568645
0.00323850857233692
0.0032325683680412805
0.00323026823640925
0.003240352264028955
0.0032422794343104273
0.003238177224551816
0.003236969284113803
0.0032359457376426623
0.003235581924567061
0.0032345769462153767
0.0032343873338804233
0.0032324832996552108
0.003228669277530751
0.0032276667887627094
0.003228327076867425
0.003224996857177454
0.0032280250419874667
0.003231117162385992
0.0032295048329314823
0.0032280984744568345
0.0032235310751011982
0.0032210220627099085
0.003300257700648642
0.00329891588429823
0.0032928387032137574
0.003299621540250926
0.0033001795380073746
0.0032974034433538722
0.0033074829530688092
0.003304362934722191
0.003302699293216344
0.0033007315459034218
0.0032991005339539693
0.0033003168693731175
0.003299372196598027
0.0032975354641267694
0.003296339102099203
0.003299339793255223
0.0032973843201038553
0.0032954251188634823
0.003295519463140113
0.0032947137930081
0.0032933375603991888
0.0032935335998130937
0.003293536176846324
0.003292388341543599
0.003291533777700357
0.0033490350083821814
0.0033469013457315634
0.0033406557476913126
0.003339527518821231
0.0033375130209906253
0.003335652796885859
0.0033344246460022824
0.003335646484988228
0.0033351622590591847
0.003326164033837646
0.0033255043400607126
0.003324814218309362
0.00332344598265475
0.0033215178326717787
0.0033190867033710994
0.0033064107725796015
0.003304908969692271
0.0033026424418686334
0.0033000245315187348
0.003299030893321779
0.003300792074258129
0.003309963093631034
0.0033073181030988693
0.0033055330534567232
0.0032907349741066547
0.0032897129976930772
0.003291958528488723
0.003290691903536386
0.0032874513802526742
0.0032863161372723034
0.0032852084747125305
0.003282554842980204
0.003282004662451542
0.0032795290003954968
0.003278994222494843
0.0032748716686823304
0.003283681372587167
0.0032834014948253405
0.0032821091466260287
0.003284831737933294
0.0032830281342284403
0.0032830942398395305
0.003283760557147988
0.00327392117581519
0.003273337592371636
0.0032691585548151195
0.0032680709723583346
0.003266694048302575
0.0032651835859312263
0.003260286090415361
0.0032489526688672266
0.003248369527293062
0.0032435334446748697
0.0032533352221300453
0.003253721602993335
0.003251649203468741
0.0032402810218090028
0.0032375254263878953
0.0032336026233476664
0.003232131208482938
0.0032331367296585204
0.003231813426352735
0.003231985688780015
0.00323093387851662
0.0032295782881996003
0.003229862963575368
0.00322898317016788
0.0032302910948784655
0.003230240742144866
0.003228281646678242
0.0032264690276092556
0.003226021621571851
0.0032264925182528556
0.003226214488160563
0.0032239320037977443
0.003221850432832766
0.0031885765559415704
0.0031858451046580887
0.0031841591124272253
0.0031867905076963642
0.0031863875241947693
0.003184923346624294
0.003184273304215332
0.0031731412450387913
0.003177428095659966
0.0031755881027386197
0.0031756299531880763
0.0031767153683977677
0.0031754009649686676
0.0032075032679176538
0.003207075630346358
0.0032054817372026228
0.0032040077660351793
0.0032109133196299958
0.0032059909416819734
0.0032050627397667356
0.0031992153642455517
0.00319829338634267
0.003208229722248315
0.0032070854492602958
0.0032055318917974755
0.0031997682544200167
0.003198134959648014
0.0031964945224622105
0.0031986173510636065
0.003195265010561026
0.003191510252869907
0.003191758923023732
0.0031887955749755077
0.00318720140680688
0.0031836595387773193
0.003182893240439315
0.003182865582328463
0.0031821268398457957
0.0031804999805880997
0.003181970705593681
0.0031776601422851044
0.003173453929314999
0.003172754857263867
0.003171773534067828
0.0031707240028900864
0.003169330658629607
0.0031680515427689074
0.0031678654641332676
0.003167022777742871
0.0031662232666370828
0.0031635549089073845
0.0031626592027375468
0.0031600515330437655
0.003168045070495416
0.003167543154669967
0.003166185789833906
0.0031648110973904304
0.003165618208542173
0.00316033412357907
0.003158761048238438
0.0031553599824675725
0.003154241339958253
0.003152562886544207
0.003151494189918108
0.003149884221460836
0.0031456962282470835
0.003145806273437787
0.0031444491829789476
0.0031434926477911726
0.0031409354322619095
0.003138614230257686
0.003137681972851423
0.0031358245824826747
0.0031426622940098443
0.003141436934995588
0.003143266653525856
0.0031417117385120308
0.0031545752448989875
0.0031532906069817097
0.0031580190887447817
0.00315674217008283
0.003151646198172789
0.0031501877887947466
0.003148974937592342
0.0031478404080066066
0.003150115096714753
0.003149200420922554
0.0031494650623487015
0.003148302394032983
0.0031478241115205975
0.0031557597629102378
0.003153479093957427
0.0031501311001926996
0.003139219974572842
0.003148132163206165
0.003144082724520325
0.003142791561255637
0.0031417609568930014
0.0031409137372625873
0.0031403388912921836
0.0031384156557461482
0.0031373885948565833
0.003137415576636659
0.003136146997403868
0.0031366008166512165
0.0031324201335717746
0.0031291033707252845
0.00312670476200911
0.0031257024105608776
0.00312676147215626
0.0031243854152988035
0.0031220101574974068
0.0031204088546510573
0.0031211265220443085
0.0031195880625822007
0.003119113046284253
0.0031183023283354386
0.003116962103952561
0.003115863974311142
0.003113920000105713
0.003113380785526147
0.0031113738116048608
0.0031122339186443384
0.0031050254820072483
0.0031040578857618887
0.003101954569907253
0.003101218287477891
0.003099202661849799
0.0030995510472695896
0.003098651567100238
0.003098236090342522
0.0030914833032105464
0.0030912663563712945
0.003090314979670628
0.00308829795547869
0.0030874617174804736
0.0030876112594475946
0.003084902810935123
0.0030838629142813157
0.0030810414222407806
0.003080109256091852
0.0030786547554339672
0.0030788756329232854
0.0030893603061489046
0.003088691108844031
0.0030866348998048318
0.0030858888154220157
0.0030853500883597125
0.0030857560846610176
0.0030853174831278283
0.0030843611011034024
0.0030830254788386208
0.0030757693258343785
0.0030747343338796192
0.0030738545311810566
0.003079241597595908
0.003081237398674765
0.0030808570568947946
0.003078438985870438
0.0030778352413213905
0.0030766218374991285
0.003075354453800089
0.00307714144268774
0.0030803180265145404
0.003079257641188757
0.003078259794092226
0.0030766760306063434
0.0030754060413999934
0.003070313309395182
0.0030763734929638207
0.003074943800227791
0.003078473365657679
0.003077126626005096
0.0030760928636904684
0.00307674742252277
0.0030761791257919637
0.003075102384539389
0.003069637408140633
0.003067957242053736
0.003068521995514093
0.0030651663275135612
0.0030644840555839434
0.0030508506595925662
0.00305154801463103
0.003051850973179637
0.00305083450565513
0.0030500863166312655
0.003040701140760239
0.00304055661206434
0.003039213453609614
0.0030374170126682004
0.0030362874109677346
0.003032877354201417
0.003030608676914212
0.003022421166740919
0.0030220468851529674
0.0030240064486148593
0.003023347516713833
0.003024462620326447
0.003022528053284465
0.003023374699401745
0.0030223811075728206
0.0030209823599139283
0.0030242913872994995
0.003023468970691774
0.003015914827570968
0.003009469963121333
0.0030085776433306185
0.0030068910156311893
0.0030064888145482365
0.003003048235426648
0.00299909670936599
0.002999775812195058
0.003018053181983332
0.003019091704643747
0.003017995982320249
0.0030170752358556355
0.0030158701702405794
0.003014495533216855
0.0030143320756479447
0.0030120895951826266
0.0030099828816974373
0.003007891780675106
0.003007376310608547
0.0030080009561640627
0.003006903756432884
0.0030065617483884016
0.0030061463926607467
0.0030047966658462793
0.0030032561647633524
0.003002345146756087
0.0030012110980683227
0.0030018901753129574
0.003001994694851132
0.0030018948549673527
0.0030020783772893196
0.003002753632844341
0.002999880028625718
0.0029995088762216544
0.0030013292254706873
0.003000117741335877
0.002996343614783656
0.002995255547498016
0.0029933308162018073
0.002993036764246822
0.002992702269702439
0.002991912043805581
0.0029925849619221135
0.0029915197550425985
0.0029907369954693145
0.002989105874269582
0.002988014422088077
0.0029909982687578215
0.002989962966525234
0.0029946918722810016
0.0029938645595893503
0.002993031624434479
0.0029923565828091827
0.0029924245388305306
0.0029921272965228235
0.0029926890316186263
0.002991515676129729
0.0029903157237921823
0.0029887384273988658
0.00298688738494007
0.002986978252930452
0.0029859867663617444
0.0029851831508087767
0.002983901182434533
0.0029832815429764303
0.0029827163248850055
0.0029815990626805124
0.0029797990035573224
0.0029813755355247193
0.0029809058344603804
0.002979865889315887
0.0029934376343699453
0.002992011471228119
0.002991062873902322
0.002989808313453442
0.0029880042786417883
0.0029864887279196523
0.0029855868161127825
0.00298350344932081
0.0029829095904371477
0.002981986479596094
0.0029810234250059356
0.002980224344079122
0.002978264679665461
0.0029763971485308265
0.002989035166693776
0.003004133603371426
0.003002889541136498
0.003001948793082832
0.0030007214682093893
0.00299946989506827
0.0029997179220416794
0.0029986508981070027
0.003002369556632769
0.0030031992250967375
0.00300238450539041
0.003004585168487833
0.003003598915006897
0.003002405806275979
0.0030014522006016203
0.0030005940585305577
0.002999723616709243
0.002998626354838501
0.0029982027388109405
0.002995536273498406
0.002994180040748387
0.0029925966401000417
0.002991228729506718
0.002989558972848988
0.002990809881008972
0.0029998848487801676
0.002999353557235804
0.0029983896170017047
0.002997951485108588
0.0029975459097043855
0.0029977545177766922
0.002981748469111093
0.0029783208214887997
0.0029779129370432777
0.0029764421353926243
0.002975678123920259
0.0029747604310734026
0.0029671246453934386
0.0029665576334845234
0.0029788580214507093
0.002978360537684744
0.0029803748063465694
0.0029790994825480933
0.0029807782375774554
0.002979569174509813
0.0029786217729300007
0.0029777480625346074
0.002978326159384713
0.0029809379106235673
0.0029814940646453823
0.0029804373401454867
0.002977272091691478
0.0029761834568551443
0.0029684500915513677
0.0029644373819448988
0.002963599031619928
0.002967251984563176
0.002973652278355116
0.0029727879115920386
0.0029718888998290227
0.0029713221514298606
0.0029711121399010445
0.002962623697992939
0.0029616694942169743
0.0029622806815155665
0.0029612962707027107
0.002960816400592704
0.00295721622188155
0.002955889738717112
0.0029533594715284665
0.0029521368542936906
0.002951333366826126
0.0029506026529401014
0.0029514963264214594
0.0029509040356200185
0.002948199801512355
0.002948988143716278
0.002947572436247755
0.002947593076947494
0.0029686453769546977
0.0029682938788731027
0.0029668311087592547
0.0029638680940233006
0.00296321837041781
0.0029620150982025382
0.002958990674875157
0.0029467645313052573
0.002947273688965564
0.00292746108461258
0.002927068575271957
0.00292580075554127
0.0029257617857428877
0.002930338050145667
0.002929756568424345
0.002928771266171475
0.00292610897339475
0.002926117090070376
0.0029358299735427144
0.002936991468369224
0.0029371325828500532
0.0029351116495889198
0.0029366468514281847
0.002935602900276528
0.0029352509430779555
0.0029381817682641374
0.0029373410434064867
0.002937896531525833
0.0029368466533595612
0.002936256724676911
0.0029375550638416053
0.0029396967699809526
0.0029394828775137264
0.002935894220035885
0.002934700633673381
0.002928582611755027
0.0029280087823789595
0.002926315309515558
0.0029263411674770516
0.0029372361658914475
0.0029368223210696157
0.002935600202424993
0.0029351418563513996
0.002935061255962596
0.0029340984081937635
0.002933443915377381
0.0029337418783524265
0.002933583119659576
0.002932137089136975
0.0029322464598520903
0.0029315066862120424
0.0029271659211567943
0.0029263331297885464
0.002926140455222554
0.002925649164301772
0.00291995416300477
0.002917988474709203
0.0029193813494017506
0.0029187735446417735
0.0029167410322780978
0.0029155490034540174
0.002913437569903538
0.002912556691543956
0.002919797753000239
0.0029183890378727396
0.002916084840688814
0.0029110984999179274
0.0029104415684155834
0.002911112215002052
0.002908781826699202
0.002907770996257815
0.0029081927084111834
0.0029079814277326024
0.0029077595569401123
0.0029064307401527297
0.0029060801783050505
0.0029054502244612456
0.0029047851637912974
0.00290123334865362
0.0029000582717534328
0.0028992033918160006
0.002896600943945547
0.002894757232722279
0.002891444930915245
0.002886643325981374
0.002888783457730381
0.002889247055173054
0.00288812480215286
0.002887538032396632
0.002887157887124463
0.00288592934110227
0.002889765710826752
0.002888891887431687
0.002888053221763342
0.0028871088170618914
0.0028869871489877524
0.0028853324129324777
0.0028837680675958973
0.002882756343358259
0.0028843334415365515
0.0028813193278086928
0.00288073918204988
0.002879992022295206
0.002877283707780293
0.0028728259450306218
0.0028721287689082277
0.002871158209313639
0.0028703492729453646
0.0028696485665144033
0.002868550729948408
0.002868957440268839
0.0028770084330426563
0.0028759004333556945
0.002874524922306598
0.0028657866166290425
0.0028653295450454743
0.0028652732571865227
0.0028637892353412984
0.002862616237060105
0.002861002298076396
0.0028355288578557273
0.002833733387565591
0.0028327204292477896
0.0028318268731251516
0.002830434097289932
0.0028286672863454287
0.002827977343994438
0.0028275874009945404
0.0028287933550056863
0.0028281304684075552
0.002827415293786285
0.0028265124929496505
0.002825094433191313
0.0028244797120970887
0.0028239719856880965
0.0028232952568329234
0.002823282634736181
0.0028328746138190255
0.0028334867354972743
0.0028327622928594727
0.0028356568100893075
0.0028363307889932186
0.0028354624936392323
0.0028324490474033485
0.0028326622359267565
0.0028452321628701753
0.0028445107662993423
0.002843210513895176
0.0028423698105790687
0.002841732841092703
0.00284082091544752
0.0028483890211688945
0.002845578923161731
0.0028432476186771526
0.0028438161786268268
0.002841429807515071
0.002840412579159808
0.0028396496024279357
0.002837645367139975
0.002837026044734181
0.002836084839998893
0.0028369414371691637
0.0028362729466904647
0.0028337196184352754
0.0028341278207418188
0.002828526591703597
0.002827271786622573
0.002826272248404655
0.0028232289525876
0.002823049801076012
0.0028207857926453844
0.0028202213579498108
0.002819270513527156
0.002818553163572304
0.002817038201223548
0.0028150080767369357
0.0028158790905575067
0.00281021507886805
0.0028093907873089855
0.002809890953101752
0.00281011251520257
0.002810032023113111
0.00281352574357331
0.002812812036207542
0.0028124559438163408
0.0028111024411626054
0.002808952608705538
0.0028080133427635275
0.002807456005284097
0.0028075743230480594
0.0028047457191233394
0.0028091125937361517
0.0028077274524070882
0.002806692194379968
0.002806674743791803
0.002805899616335637
0.0028051725458304215
0.0028056150290866762
0.0028107282851722926
0.002810493220995855
0.0028090852449836616
0.0028093020425533624
0.002807550706796201
0.0028048847022224773
0.0028049461185783013
0.002804013978168606
0.0028031053363783433
0.0028019995059449846
0.0027982774516287245
0.002797213658132829
0.002795862965663606
0.0027950072339800068
0.0027941038770747245
0.0027955842271089708
0.0027944827782953098
0.002797151516162487
0.002796532785010028
0.002791696532369701
0.002791305653851248
0.00278897510805942
0.0027881276774917286
0.0027907207413194702
0.002788925403436281
0.002787516010081444
0.00278445961595392
0.0027832211156819226
0.00278242417248171
0.002780425486791357
0.0027768969749860767
0.002777448993827525
0.002776331115324061
0.002775629172553982
0.0027748667187425997
0.0027744579253705026
0.0027738133833212376
0.0027684195069685117
0.002767094508866751
0.0027643279214360694
0.0027632056504952075
0.0027584701069194705
0.0027597805182175386
0.002759380771812899
0.0027595456239493405
0.0027595375850473815
0.0027585737474893363
0.0027555856072620623
0.002754571635801802
0.0027518891350081435
0.0027532889816289305
0.0027529312522894043
0.00275057904667819
0.002749840609989549
0.0027493451558404493
0.002748427162251036
0.002747464388838607
0.002746581635329356
0.00274910289440559
0.00274587726487085
0.00274481895683592
0.0027438188733596674
0.002742848407790536
0.002741939942256651
0.002741256348754545
0.002741360512886414
0.00273859504651682
0.0027370025735010176
0.0027427968987811823
0.002741033878599193
0.0027401328753031977
0.0027397955471071965
0.002745209791292435
0.0027449305806128053
0.0027427707653455047
0.002741930264986383
0.0027411987161798253
0.002739939554688321
0.0027479510383227523
0.0027470804680996526
0.0027458799100492995
0.0027447035803207604
0.0027430453516068907
0.0027429209639065906
0.0027417764369391264
0.002740556882746225
0.0027399880766758055
0.0027380018618347276
0.0027326033226466842
0.0027314306552260557
0.0027303390264853795
0.0027272966174981175
0.0027230874402513257
0.0027232468122403426
0.002722991741820739
0.002722171001716983
0.002721140624842208
0.0027204275626451645
0.0027220126053536776
0.002722740959873015
0.002722966408085819
0.002721958962064368
0.002720990744867696
0.0027186725511341775
0.0027212666340809045
0.0027204948063048367
0.0027198084227722614
0.0027187500451251625
0.002717739409878663
0.002716451267482421
0.0027154589033282165
0.0027145011540167883
0.0027134738860593107
0.002704925434641939
0.0027041449481273335
0.002702679109119584
0.002707114223053634
0.0027076293439930836
0.00270690335128968
0.002704822750542114
0.0027040486836562424
0.0027023277098856308
0.002702846838945399
0.002701334856664749
0.0027040072332610533
0.002703062969299257
0.002702438434614323
0.0027016363652031753
0.0027005916326364463
0.0027013929195873103
0.0027004030030588306
0.0026990230671095784
0.002696658747045478
0.002701481210824226
0.0027053500749663366
0.002703806704147049
0.0027028314096030084
0.0027045085798376323
0.002702386090521219
0.002702047070016034
0.002701297136027826
0.0026999524622200793
0.0027009618934881597
0.0027002189963198603
0.0026992300850888166
0.0026987997590159074
0.0026987409986146773
0.0026974761452037295
0.002695875154315308
0.0026953364306958674
0.002694527436104897
0.0026937593739446582
0.0026917538453555883
0.0026907768735002164
0.0026902273176266315
0.0026894484534961205
0.002688360234489858
0.0026870307112219546
0.0026858321440213226
0.0026850779447465532
0.0026816103494584874
0.002684057656519648
0.002683239442834674
0.002677318490227487
0.0026811428367954286
0.0026800194777355925
0.0026804237654860126
0.0026805492562456896
0.0026732383044091516
0.002672201646191355
0.0026737361026379757
0.002669251773304251
0.0026681444887130413
0.0026675917447325998
0.002663316567129663
0.002662522934091131
0.002661654668501823
0.0026607247674360905
0.002660100507816889
0.0026513522462543763
0.0026511376605127404
0.0026503039120992565
0.0026536396110013135
0.00265282778770637
0.002651432635137077
0.0026508891563902753
0.0026541469381866313
0.002654112975372768
0.0026538332737574086
0.0026527341735135836
0.0026520209180155366
0.0026520801482595715
0.002657944396261132
0.0026581715736737786
0.002657252685429665
0.002656536893071237
0.0026557803031095582
0.0026588539162654885
0.0026569106332367635
0.002656147912075119
0.0026544884588228413
0.0026524164979140545
0.00263037990238559
0.0026290482284777464
0.0026287671800334428
0.00262577269790026
0.002624908279056576
0.0026242695702006643
0.002624002108819568
0.002623172043691987
0.002622682953403358
0.0026214136162406197
0.002623091769550594
0.002622784684132612
0.002624717727246254
0.0026251138142085115
0.002624458595488526
0.00262350409981927
0.002623372311665573
0.002622745231734629
0.0026216766431260913
0.002621553427418005
0.0026205407792207944
0.0026204570740166458
0.0026192822100949763
0.0026187314629918805
0.0026240484641687637
0.002622170759341242
0.00261799899464234
0.0026183638459614527
0.0026184490375011356
0.002617806899694488
0.0026154766693052755
0.0026153054889059358
0.002607144370684731
0.0026066176989741952
0.0026101630707154617
0.0026088791994597167
0.002608114716179249
0.0026074923087280274
0.0026045953949324074
0.0026032793458289393
0.0026014913971085674
0.0026008021537062037
0.0026004134325307692
0.0025984868038138012
0.002598322600326395
0.002597200958789966
0.0025965764159856983
0.00259690684041081
0.002597500444480916
0.0025969755676297753
0.0025894502162275524
0.002588874051040005
0.0025894685045321103
0.0025872799215992262
0.002585381172319789
0.0025924352559145857
0.002591886293402549
0.0025916585087800256
0.002591736262541412
0.002590744462651637
0.0025973823409710097
0.0025961971247778558
0.0025968872448055486
0.002596181623196939
0.0025955845590888388
0.0025951336536538757
0.0025960376908800726
0.0025958857207461056
0.002595361868729101
0.002592721848446743
0.0025924334263875298
0.002592260163715965
0.002592269786031701
0.0025987616243857187
0.002597934377522057
0.002595262251213412
0.0025944232106952093
0.0025955559959461552
0.0025940456295029867
0.0025904739830387873
0.002589501350715067
0.0025902776563186142
0.002589386659043489
0.002589260178985895
0.00258768773502208
0.002587086361728677
0.0025885603087863274
0.0025842324857912164
0.002583392142360347
0.002582900463632807
0.0025907690237157257
0.0025899079488154266
0.0025889599199784923
0.0025889833850761207
0.0025882229185458508
0.0025887855508165605
0.002588405502490364
0.002587235208202449
0.002583000623945591
0.0025846352856962176
0.0025838786777274475
0.0025790127226638228
0.002578236741233055
0.0025763414534038663
0.002576811326654917
0.002577349392667338
0.002585731903095976
0.0025849587099687353
0.0025868889445297884
0.002586227201505455
0.002584521653908108
0.0025840074022304934
0.00258348346558424
0.002582777767452953
0.0025819916659825383
0.002581573414737076
0.0025812448288917884
0.0025809164477454414
0.0025849647551791657
0.002584484990309111
0.0025821048306523143
0.0025827675832214413
0.0025821736985834082
0.0025823087784136254
0.0025801485962446418
0.0025799231102307555
0.0025793547973457912
0.002579596719639144
0.002578381080508575
0.0025763980685935407
0.002577030697520518
0.002577887133889593
0.0025771717722738196
0.0025766608224980325
0.002576343080992712
0.00257651140369432
0.002579094239109711
0.0025784292190497034
0.0025771363821691126
0.0025708421994807837
0.002570946673850738
0.0025733818117830124
0.0025888739716099034
0.0025893156219936246
0.0025914268269238046
0.0025906421387543767
0.0025898550104534027
0.002590495664778493
0.002585200431488889
0.0025839193777157017
0.0025819660438949543
0.0025811201475358625
0.0025813136317466064
0.0025932606243102116
0.0025930104468187753
0.0025922597841794267
0.0025922371818202544
0.00259385742379331
0.0025929136984591166
0.0025925539321838055
0.002591067791035588
0.00259055056268541
0.0025893734842080103
0.0025879056874900863
0.0025870091827978952
0.002590202806119209
0.002590139834309295
0.0025829387299047863
0.0025765376431355676
0.002571528756165273
0.0025671111518252403
0.0025684112239497416
0.0025648636443818098
0.002563468050977911
0.0025628140690895675
0.0025626195715728137
0.002561393239766558
0.002561013589382653
0.0025640798277977443
0.002563092123521297
0.0025618994351789197
0.0025577747822276104
0.0025556045050297536
0.00255494238378763
0.0025512699925871814
0.0025519199824177536
0.0025508608883404705
0.002552033079475757
0.002551181377759484
0.00255196762017514
0.002551666487399503
0.002550903591528378
0.0025484732599391634
0.002546158541963499
0.0025480733191622766
0.0025452716698266824
0.0025452789413332798
0.0025466597691646436
0.0025460232350557354
0.0025444733726753136
0.002544003019378225
0.0025417316888394358
0.0025392908140322496
0.002540991605942486
0.002538503577820365
0.0025362959808244772
0.0025391402543391943
0.0025381146285802093
0.002537845322829016
0.0025373935271574702
0.0025366996383229317
0.002535562205762439
0.0025345805702027707
0.002533977222486954
0.002533567468655063
0.002530602465138339
0.002529696853806412
0.0025288894085079413
0.0025283964792793203
0.002527929139910757
0.00252731885168583
0.0025253737569680534
0.002524879939845149
0.0025243316015008768
0.0025215573713292215
0.0025213551443871167
0.0025193588201806575
0.0025185011411391254
0.0025293356334964026
0.002528523227788314
0.002525233626107111
0.002524548280799437
0.002523987811998815
0.002524426380401402
0.0025242213582840605
0.0025229237006647144
0.002523102859256968
0.0025221833644311726
0.002521470626339314
0.0025188756361165443
0.002519094577566171
0.002514898680215741
0.0025151952373513534
0.0025162922246598695
0.002514651136777391
0.0025134322257392813
0.0025137039761129265
0.002512950731434784
0.002512719081468524
0.002511866210559844
0.0025115682628530376
0.002511416599157238
0.002509827275542562
0.002509622430440103
0.0025093489268147914
0.0025097507435742463
0.00250554141079908
0.002504710553329395
0.002512836138285799
0.0025121632452482228
0.0025114019631455407
0.0025120522543262322
0.0025119141711270505
0.002509553759096554
0.0025088354994696974
0.0024879365966418484
0.0024874214231128495
0.0024872526975959768
0.0024868799802412684
0.0024861777726348706
0.002488484257124767
0.002490495910753765
0.002488422455439074
0.0024877448478096047
0.0024856509893275234
0.002484508341488209
0.0024825235952127245
0.0024823162229185586
0.0024815412388783493
0.002480444477600855
0.0024819639842169556
0.0024791766130638914
0.002478877304078447
0.0024778843977088273
0.002476708541246114
0.002477016259926886
0.0024761768042793953
0.0024746258725245516
0.002470648263874134
0.0024693319684536293
0.00246894182689035
0.002468302613090513
0.0024675109275026537
0.002467473511091874
0.0024669092436053496
0.0024673121030774174
0.0024667328354820942
0.002466665668469903
0.0024672950556761312
0.002467112813518431
0.002466388681876039
0.0024655928845657947
0.002464898696653565
0.0024627955235945968
0.0024623607203152586
0.0024619581046850018
0.002461603619320686
0.0024596921323817725
0.0024588886194733413
0.00245828545026494
0.002458237683237545
0.0024554969153854204
0.002454742807456471
0.0024547500757423203
0.0024542777197434228
0.002503694263312215
0.002503155221624448
0.00249914652607913
0.0025005463771332844
0.0024995956001614126
0.0024989401881071655
0.0025017744863105864
0.002501307026897571
0.0024990012258809713
0.0025735876510330946
0.0025730875649100306
0.002572300875860749
0.0025718222292761693
0.0025732946052788278
0.0025677634829407753
0.0025667403500357834
0.0025646067348338362
0.002562098994269684
0.0025649092101440933
0.0025642190123404754
0.002563230459329077
0.002562493304434287
0.0025621595651153066
0.0025550027194454488
0.002554184741190511
0.0025539397461700254
0.0025536352045292298
0.0025510049871942456
0.002551932613750235
0.0025520901568611538
0.0025504668181397044
0.0025496641803094424
0.0025489899581754537
0.0025463702877687477
0.0025443542991479156
0.002543428113304204
0.0025428295238274262
0.0025422754621013976
0.002541692503730134
0.0025403136628681395
0.0025425406997373313
0.0025431208830643385
0.0025393142186364522
0.0025544688101652537
0.0025594788126863948
0.002559725484436569
0.0025711022670238557
0.0025720221693219165
0.002570196651331272
0.0025701565704128342
0.0025693777838625797
0.0025693319807969487
0.0025717696563846066
0.002571425303909397
0.002571007451763366
0.0025730437927469697
0.0025732852377051128
0.0025724459614525964
0.0025724478884476933
0.0025724718479372016
0.0025713130734232297
0.002570169361392541
0.002569791273751099
0.002569208309736501
0.0025674803004040888
0.002566980454785263
0.0025598616201891167
0.002560769890184174
0.0025599841797687753
0.0025597481479698743
0.002559286196136919
0.0025573945706728034
0.002556543815259266
0.002555920771323842
0.002554873202871584
0.00255703156681336
0.002557193793820854
0.002556654041416138
0.002555980731653617
0.002555820790204272
0.002555537099711307
0.0025576942079624
0.0025571309987078815
0.002556561908615685
0.0025557906022198847
0.002554744374061857
0.0025541200742967085
0.0025546327904959355
0.0025552372631668587
0.0025548599563180994
0.0025767316501898478
0.002575874529261514
0.0025755400866048052
0.0025748245581282423
0.0025751024407075877
0.002574578139903277
0.002573109768341638
0.0025752390898611745
0.0025752968100675694
0.002577154562034567
0.002576905054339927
0.0025762899425359107
0.002576720604419486
0.002575622651516936
0.002574631239896726
0.0025808907065859987
0.002579991315286165
0.002580404327732364
0.0025758803486774606
0.002575852796245437
0.0025748886245009423
0.0025741247682744433
0.0025616348328045676
0.0025618580521545318
0.0025637694019658265
0.0025630304429482254
0.002563572999623259
0.0025631933671359905
0.002562599924050535
0.002560396489207698
0.0025596921174971133
0.0025594411125513254
0.0025595460100100087
0.0025587926009899517
0.00255820044666521
0.002557678848913443
0.002561808647269004
0.0025618225614442744
0.002559092989474272
0.002557960548791829
0.0025575647870275933
0.0025568770675402776
0.0025565111395622155
0.002557041433372467
0.002555290800882749
0.002554967811179725
0.0025658363343099805
0.002566098692900182
0.002564405203356465
0.0025633883828808015
0.0025561976069150547
0.002555754209777348
0.0025549104313328324
0.002553770214756181
0.002552910564709477
0.002555169733176722
0.0025522272108572815
0.0025514544794796343
0.002551557048662435
0.002551292214418753
0.002550556522241599
0.002547367200841689
0.0025468030594308784
0.0025463947356891073
0.002550920812455812
0.0025504007649538125
0.0025499985887997983
0.0025494742402061023
0.0025481423211804405
0.002547174632751993
0.0025461587324316043
0.0025454642622553215
0.002545271721998563
0.0025450943638697
0.002544349495921749
0.0025398194194313577
0.002539385955829497
0.0025402050811847896
0.0025400226721862995
0.0025419604324623964
0.0025413230282070637
0.0025407589143269416
0.002539634518439869
0.0025393948587109955
0.0025372169770564537
0.0025353766581015604
0.0025347775566111255
0.0025341803357914784
0.0025335451735380033
0.0025327897188516363
0.002532233072492946
0.0025252914479664892
0.0025193424371079735
0.0025212530657593045
0.0025221356934324876
0.0025264499231843892
0.0025258460333667503
0.002525199630143322
0.002516483805898979
0.0025156878557646596
0.002515390906371857
0.0025140146844381235
0.002513951777458218
0.002512609939299844
0.002510841054589065
0.0025100357252026547
0.002509307945302946
0.0025090591018812254
0.0025079003223670415
0.0025079603361770893
0.002509100560739981
0.0025135885950948547
0.002512201750610979
0.0025119146607172614
