0.03332645446062088
0.01032039647301038
0.014766470529139042
0.0037444390356540687
-0.005557266374429066
0.00022415337818009612
-0.0010966616682708255
-0.0012245254280666502
-0.0005208841990679496
-0.0006654788528315039
-0.000972742622252553
-0.0008468119732032596
0.003915430537225413
0.0038237075088545683
0.004355612858489621
0.004028856795390739
0.0038534869349354673
0.004535415338499374
0.003260217962088063
0.004024994764698758
0.003734990578695116
0.0034085305397520247
0.003523097834355819
0.0033124613063409926
0.002770366868040023
0.0030579313816916608
0.0029497115901904176
0.0028433670783576006
0.002717007865430787
0.002620619099264243
0.003034834699974453
0.0028815189540513197
0.0029932276888490266
0.002778261840908921
0.002445374480481
0.0024083221301348322
0.0023405059128938435
0.0023296613817831544
0.002060373676795279
0.00194362192286928
0.0020740578703615543
0.001720180921121175
0.0016184893657654434
0.0019087218543669825
0.0019239836907692493
0.0018909310202480864
0.0018759729421920681
0.002630691542361425
0.0025758268361096262
0.0025495105110880383
0.002500446925506156
0.004170095706457394
0.004017751233024884
0.00403825972594363
0.0037961697674160975
0.003753821708909398
0.003701122107580383
0.003612328973111411
0.003539862832258221
0.0034890079684269247
0.003438586102762904
0.0034028304972231285
0.0036533151544517737
0.003632535112242643
0.0036968184411472794
0.003702505783798213
0.004036918529249411
0.0039967740854278755
0.003901856472657526
0.004103140066202374
0.004123535680062356
0.00418173409508037
0.005170938835952843
0.005604018022810727
0.005531453171562658
0.0054285166350075366
0.005348576421779279
0.005147858839106295
0.004858965657513178
0.0048030873152993606
0.004746362400310757
0.004576403628901507
0.004416698482687237
0.004315144396969113
0.004187292390439363
0.004130455694895972
0.004271618278587329
0.004211023633186492
0.004583518098580596
0.004525473723373536
0.004490573138394642
0.004447583141217195
0.004385205766742184
0.004338223651498798
0.00438273185636717
0.004392729042555184
0.004349277969372542
0.004299822963528437
0.0046952263957064115
0.004596309057906001
0.004545807991805713
0.004510122264178187
0.004613255574720542
0.004634451527852519
0.004585215782187658
0.0045443006279001375
0.004503118430067033
0.004459799085385934
0.004429728686624332
0.004387521501583348
0.004341528383909981
0.0037375903157548206
0.0036910046860851383
0.0036657633390227
0.0036442241547900195
0.003613729335235344
0.0035863988192986803
0.0035171616232333733
0.0035572486996291747
0.003513008528191804
0.003481396894160559
0.003422198965137529
0.0034894498872275895
0.0034975925426697354
0.003258240294974437
0.003315904159735939
0.0032984266330231544
0.0029985613640634225
0.0029797553652315396
0.0029596794610585344
0.0029299722592633875
0.0030374540145381144
0.0030138467419188837
0.0029820391713184535
0.002961098858577315
0.0029418068154278224
0.0029613098708121434
0.0028778296980542864
0.003018923404306405
0.002991529668624353
0.00310766295368806
0.00307766014660816
0.0030412198198569557
0.0030432058063713054
0.003056754984742202
0.0030267857668286207
0.0029884888923284907
0.0029824115108384518
0.002892183067645722
0.0024720478751072165
0.0024743738918722984
0.0024738862091527787
0.0024124746166083464
0.0023962432510151914
0.0021219417050395767
0.002100892280355232
0.0020855494200722074
0.002100339366482576
0.002106134080440824
0.002106732526061599
0.002122914943794495
0.0023108785421168997
0.0025681766258835183
0.0025335502689951233
0.0025587072503908685
0.001539210138426295
0.0015015233150604337
0.0015487301144604258
0.0015389715327353976
0.0015352431003770874
0.0014817469639447779
0.001460278347774537
0.001319876524346114
0.0011631549311901562
0.0011585353749151996
0.0011099608391253687
0.0006473027878497149
0.000574397050899806
0.000590329331640127
0.0005848613288350011
0.0005930881075923074
0.000580199293985
0.0005919570845909882
0.0006010015025527232
0.0005978732332286806
0.0006372405248469997
0.0008088909052411441
0.0008091500722532146
0.0008028192586559597
0.0008035529086717362
0.0008006634114584198
0.0008089784956525116
0.0008113472459936199
0.0007748073231106473
0.0007933153373210646
0.0007660946985151196
0.0006548714910156435
0.0006255794589433475
0.0006296277187357184
0.0006507132064831431
0.0006502334405679599
0.0006287859735856734
0.0006446053478558651
0.0005446644876118198
0.0004945352089476033
0.0004789783667991211
0.00046011164704395864
0.00045481690750947455
0.00047416776859401
0.00047227954038863465
0.00036227116305661053
0.0003452812226315924
0.00034375249708879673
0.0003306583672975791
0.0003260238335887719
0.0003316222934075411
0.0003716976218896917
0.0003889635310986193
0.00039380250789029255
0.00044059803180909567
0.00047234034302475516
0.0006077570025743848
0.0005626038809753346
0.0005547079582013081
0.000546672279307509
0.0005606765106424482
0.0005745088185728501
-0.0002981731080001238
-0.00024059682330951842
-0.0002525882480539553
-0.00020414321389925478
-0.00017847254580159657
-0.0002124430205333192
-0.00017649527714077562
-0.00017575379187893377
-0.0001726876473054787
-0.00020580703567859323
-0.0002073517766555633
-0.00028214407190413777
-0.00028001822197797315
-0.00028033873045500544
-0.00027613743090855567
-0.00027440178725600384
-0.0002688475959038614
-0.0002573269883554521
-0.0002942321394503721
-0.00027715723060663924
-0.0002731747590003065
-0.0003260469654051126
-0.00031931688846158565
-0.00029497354883041896
-0.00024275489048751698
-0.00025005943281553175
-0.00025101615713484746
-0.000272389156947384
-0.00019545549220937363
-0.00019970388803608555
-0.00019634409562543508
-0.00022323678408261402
-0.00022820713474318055
-0.00023042746936304383
-0.00022999799619238527
-0.0002618640254502574
-0.00029040420768927514
-0.0002522559495849795
-0.00024274554937377737
-0.0002913099278206334
-0.0002963718554694435
-0.0003501362838034299
-0.0003090304066351881
-0.00030344831507403956
-0.0003198847098580069
-0.00031613982302229393
-0.0003151309689168231
-0.0003151049162809526
-0.0001344126646048882
-0.00013369513793242143
-0.00013697304102378585
-0.0001407188588927971
-0.00010855286392496018
-6.307210991611586e-05
-8.128499112407938e-05
-3.7410686019657737e-05
-4.2677986570389393e-05
-4.3396455080288024e-05
-3.629434459927165e-05
-6.591869785350205e-05
-6.596030633990097e-05
-6.197739627356854e-05
0.000622199497748121
0.0006080154513530364
0.0005569008524480361
0.0005594078374378769
0.0005930924534568778
0.0005884707253072341
0.0005596127588990192
0.0005500526330550976
0.0005608609787781831
0.0005671674749464722
0.0005581277642867821
0.000555928993992513
0.0005525573111245273
0.0005491104331763613
0.0005276486606787516
0.0004372002118079934
0.00044046240225085364
0.0006320371282893201
0.0005559316034011331
0.0005235391136656899
0.0005209592435474522
0.0005237406399735327
0.00052834693619538
0.0005160373203481605
0.0005843010391958701
0.0005699019980229301
0.0003754225727912526
0.0003092646652447499
0.0002830789825363739
0.00028106095442126334
0.00028838616434261267
0.00027427191205065275
0.0002771092757356316
0.0002818554915584055
0.00038440506502341134
0.00038078891699405134
0.00038113017395261146
0.00038210740985516285
0.00047708064942949006
0.00047008674829901903
0.0004602778308885589
0.0004324431923682325
0.0004239459566641929
0.0004415879402313833
0.00044408767134882453
0.00044272566849810647
0.0004285714043340936
0.00043223517590936644
0.0004313042742192635
0.0004155907739272253
0.00039998067498017215
0.00040218952165171716
0.0003771151744970318
0.00037171649155213685
0.000372566327670305
0.0003274098631937314
0.00039074168328674826
0.00019443651629329442
0.00019532079074730533
0.00019105340092210032
0.00020223329686314237
0.0002001987205734285
0.0001932268787228836
0.00022600569284953752
0.00022783540652467947
0.0001665528941251399
0.00016918387763751268
0.0001574322808024665
0.000124238904938166
0.00022093396663775658
0.00017564772784489294
0.0001639495501233624
0.0001556227014854816
0.00014892829378848006
0.00014402987503236075
0.00012053436758868144
-0.0007634727944977136
-0.0007504762254978674
-0.0007530066905512298
-0.000726909746338828
-0.0008367044907901067
-0.0008352976841198023
-0.0008263705007968498
-0.0006884743568389734
-0.0006825131011428319
-0.0007061660371425427
-0.0006762836876912644
-0.0006753294625909017
-0.0006697376513694566
-0.0006894070215869433
-0.0007031682386870316
-0.0007158850384976709
-0.0007036953288578502
-0.0006889567426166355
-0.0006888707291241139
-0.0006863486793159439
-0.0006776625909514672
-0.0006497187643673774
-0.0006452769291773328
-0.0006243782850409247
-0.00033734680868445954
0.00021960666927785705
0.000224699538372013
0.00022491349426936036
0.00021446053004275356
0.00022080217181931806
0.00019641873334805336
0.00023790470099377238
0.0002398208272191139
0.00016382984194933587
0.00014807384983291468
0.00015911237477580822
0.00016352632441921845
0.00016132521658177907
0.00016917125483612556
0.00016565286839556264
0.00010018962246213597
8.1123611166463e-05
8.83885550049119e-05
6.837542669239898e-05
6.913497578494236e-05
6.832664149945516e-05
6.596577347715062e-05
5.7197155568417253e-05
6.173212654153594e-05
9.840125288134769e-05
6.624219406030918e-05
6.730994505559257e-05
6.370041325609382e-05
4.5418302103089145e-05
4.244355486640568e-05
4.583874638595048e-05
5.177913683474248e-05
-4.7412563222713754e-05
-7.631346429287362e-05
-0.00011233816495435295
-0.00010264797999215026
-6.152724337336573e-05
-1.732121548851009e-05
-1.1579972403503688e-05
-1.3135636911140424e-05
-2.8267746091404904e-05
-3.0494381868018746e-05
-5.1357560974282505e-05
-3.519294132483955e-05
-3.604263484711963e-05
-3.3960741718441014e-05
-7.651271053337979e-05
-0.00010008244850945455
-0.00033720921819622226
-0.0003453071310399782
-0.00033889446265724803
-0.00034982906496147084
-0.00035019178159911504
-0.00033845774070072055
-0.00033484770630715023
-0.0003527589791787219
-0.0003257078188718364
-0.0003280963146587723
-0.00028697093777332714
-0.0002838923860619577
-0.00028125942458447116
-0.00027946983697278396
-0.0003743708884178888
-0.00036628614739479126
-0.00036844626942056233
-0.00037110181210365986
-0.00029697886605998234
-0.00029627171246520627
-0.00030359204187255375
-0.00030246405138653404
-0.00023866492667909802
-1.9287488019229296e-05
-3.0423627604564486e-05
3.421470377048393e-05
6.845440298229863e-05
7.158536393553298e-05
4.956111695361657e-05
2.4431273990274337e-05
7.02777411169407e-06
2.574878150963945e-05
3.431289233203116e-05
-1.283597101306855e-05
-1.3441660124386755e-05
-1.181930931603698e-05
-1.4547714891407824e-05
-1.8013893990032232e-05
-1.7063756234443772e-05
-1.2228031814563684e-05
-1.2854043567738123e-05
-3.466902709984915e-06
0.0001989588384717963
0.00023254004284073236
0.00023081315665583694
0.00021635565211271476
0.00023519623476207967
0.00023986935272867283
0.00023763642895543983
0.0002387153215485891
0.00023154403485134368
0.00023626057242489944
0.00024001669980196512
0.00023385617199224407
0.00023305999907039925
0.00023435628434967636
0.0002916375419039051
0.00029123315348250487
0.00029515555602064415
0.00029568405290468264
0.0002868261948460706
0.00028469119111295283
0.0002857321980910228
0.0002854841203052936
0.0002753132661353671
0.0002887133578078279
0.00031254545779964954
0.0003118153049103556
0.0003070032777948533
0.0003218054292267932
0.00032092929131798744
0.0003624572980772595
0.00034932711940882584
0.000355266388784821
0.0003534104868815842
0.0003667464020359097
0.00038429712370180555
0.000365516629483914
0.00036093766249771953
0.00035989614117662634
0.00035599188642943425
0.0003685995953934235
0.00036923598768626593
0.00037108428014333625
0.000350106221888985
0.00034429368657237287
0.0003473219962922509
0.00035364191124941975
0.0003592524156402119
0.00035979331175916326
0.0003612505706391764
0.00036064036055513985
0.0003604905819897821
0.0003595148025725534
0.00035781142576163724
0.0003585144203013698
0.0003576105794702769
0.0003597402021344579
0.0003599577129531348
0.00035602780918217854
0.00037031964059645243
0.0003663463541398001
0.0003666890814443535
0.0003830729229218133
0.00038150770268764565
0.00038575181694019826
0.0003407543563398468
0.00034210894084069375
0.00034187528978233116
0.00034132126862900284
0.00034253747000052
0.0003260801400994145
0.0003266357444390179
0.00032706745514916814
0.00032667219762016586
0.00033297574983727154
0.00033296119354352387
0.0002949073491999462
0.00014369602952334754
0.00014129180394994743
0.00015810042700000512
0.00015654572780476804
0.0001487438253287982
0.00022648618655863554
0.00022938194306592417
0.0002557188867044265
0.0002009196491101001
0.00020014509185050118
0.00012225295083392678
0.00013546734590867706
0.0001692827389776707
0.00018271995086156345
0.0002178601029096367
0.0002534577457960988
0.00022003401584409264
0.00022014171534227948
0.00021970001521114815
0.000213610785953281
0.00021170512057333603
0.00029487548106109065
0.00029540165521431215
0.0002858287994770877
0.0002633755573891041
0.000265537418308168
0.0002650610056051628
0.00025625462536466183
0.00023121367325596394
0.00022654061977680294
0.00018298668897086828
0.0001828873513835371
0.0001858099183016865
0.000177684612021879
-0.00033184821627646975
-0.0003231636689049547
-0.00028851988595107476
-0.00038206876255449617
-0.0003794253829951328
-0.0007215220532235262
-0.0007245112671099751
-0.0004339629003318178
-0.00041064737143339455
-0.000411925189770763
-0.00038117189838142435
-0.00038323316241881583
-0.00038291879618012936
-0.00038525906060355743
-0.0003879467057660762
-0.0003803168960468281
-0.00039360632975833773
-0.00040990518350860546
-0.0003986318285763555
-0.00041737522024377655
-0.0005423621166473411
-0.00054503201505394
-0.0005440042861149078
-0.000448642778360594
-0.00047361480450750404
-0.0004732449970504247
-0.0004766918596548157
-0.0004761285510395907
-0.00046634839599714637
-0.0004506015582463351
-0.0004485597347730153
-0.00044980313472578216
-0.0004727941691096657
-0.0004754715935501742
-0.0004852371865696301
-0.0004597830660020597
-0.00041602801536627963
-0.00041395500885201155
-0.00041238283555440126
-0.0004115602609718711
-0.00040283590523577527
-0.0004061765346527058
-0.0004071899232599573
-0.0004154670623937302
-0.0004096867446062354
-0.0004096023741388298
-0.00040576149992053464
-0.000404058150329811
-0.00039724408485994957
-0.00039959057139129475
-0.0004070077018276559
-0.00041569167043513925
-0.00039799965431501467
-0.00039551249781850066
-0.00039866984128477604
-0.00039882545512801406
-0.0003945332422304491
-0.00039849039045974607
-0.0003973705689769801
-0.000405243769882077
-0.0004047776559494822
-0.00040338021969210793
-0.0003774012268012427
-0.0003798464121141936
-0.000376810608269985
-0.0003890185670012773
-0.0005060060074961858
-0.0005099281689099751
-0.0005280461843126852
-0.0005265479312405055
-0.00045013049911591464
-0.0004436070719948673
-0.0004435300507706071
-0.0004427793807263888
-0.0004402910009641035
-0.00043668502626494386
-0.0004299816905559116
-0.0004738601012346749
-0.00047234376416686793
-0.0004958542887967323
-0.0004984658323413298
-0.0005074540657932925
-0.0005015797892034677
-0.0005039629281910264
-0.0004948770814433962
-0.000493328068326075
-0.0004944828796716174
-0.0004996751059655197
-0.0005015063034882005
-0.0005131139233672062
-0.0005086326563716419
-0.0005077505481187284
-0.0005112112240083518
-0.0004888404154311786
-0.000494394257278228
-0.0005114633275845905
-0.0005124931619669703
-0.0005115205155241093
-0.0005081647035378573
-0.0005060654749824517
-0.0005045054285275883
-0.0005059048082886727
-0.0004694651818678833
-0.0004700693565832451
-0.0005899198066925179
-0.0006188191689935953
-0.0006212443149341978
-0.0006346719412759562
-0.0006337257337613018
-0.0006522321405301333
-0.000655045664464905
-0.000659829408928226
-0.0006608070683620847
-0.0006639362578038774
-0.0006326574196028787
-0.000637764601948758
-0.0005684056284756117
-0.0005366499392221416
-0.0005379335319573754
-0.0005410929305112413
-0.000543113563861461
-0.0005429382582670154
-0.0005510790936566264
-0.000551885937093684
-0.0005522004207121012
-0.0005517044996412397
-0.0005187811827472161
-0.0005230928616479973
-0.0005223184092099273
-0.0005064492291084576
-0.000505527918775193
-0.0005020004353765128
-0.000505909821246222
-0.0005001563418823185
-0.0005185242579933936
-0.0005153736018164114
-0.0005177178588263028
-0.0005167943231960037
-0.0005079112681016021
-0.0005265363696584767
-0.0005280270207832909
-0.0005402067650487446
-0.0005368531722546803
-0.0004926468987288321
-0.0004903753626926437
-0.0004914233918183532
-0.0004964987265018589
-0.0004898793570391622
-0.00047203587478548286
-0.0004862334894412844
-0.0004969095109333648
-0.0004968834511838491
-0.000494332113903902
-0.0005223955494543499
-0.0005324260035063372
-0.0005339511647604086
-0.0005406643499190006
-0.0004894990221444859
-0.00047648383191456885
-0.00046799212926049296
-0.00043655354156823167
-0.000435583204111809
-0.0004200388820418786
-0.00041139977247379463
-0.0004222063195893451
-0.00042374081491034274
-0.0003941348710588147
-0.0004038065742811038
-0.0004185428043647816
-0.000406681436102196
-0.00036889314868717674
-0.00037505964539513514
-0.0003810757664804449
-0.00037701515898126014
-0.00037243552770697106
-0.0003716221791486799
-0.0004700756908988527
-0.0004753382454557158
-0.0004745021991931773
-0.0004725574380800844
-0.00046566303960243586
-0.0005353003033413269
-0.0005357910803179197
-0.000542247168482244
-0.0005377804935510683
-0.0005471503520903957
-0.0005457590555603924
-0.0005414777264428709
-0.0005317359594417402
-0.0005293150400537116
-0.0005281139576366301
-0.0005520345937276824
-0.0003749649236731194
-0.0003791382613732368
-0.00037996525880648906
-0.00038075094896124206
-0.0003887175877847365
-0.00038858256295673245
-0.00038887563553809
-0.00038835402895847645
-0.0003908204198845432
-0.0003897466043916943
-0.0003830513812617917
-0.0003762208795826226
-0.00037207602689243223
-0.00037271490822869165
-0.00036870776349864665
-0.00036922483073642364
-0.0003757310564787989
-0.00037127815629221203
-0.00044526111999214715
-0.000438821499343319
-0.00043793918132394396
-0.00043704951534417246
-0.0004367579513290602
-0.00043041144755173163
-0.0005528452446798283
-0.0005167361289247738
-0.0004770404413401046
-0.0004758633146047496
-0.0004740717550958645
-0.00047395191670991573
-0.00046730001730608005
-0.0004180554373350863
-0.00043428298379373785
-0.0004276276366270992
-0.0004275559798045776
-0.00041734170374586063
-0.0004216825673255502
-0.0004715538654833665
-0.00033848242731231723
-0.0003344930804834689
-0.00033413647467560006
-0.0003337813788631609
-0.000328603237157201
-0.00033147432696105383
-0.000332575631260616
-0.00032963255883197484
-0.0003459189094559935
-0.0003463031917674345
-0.00034999326282576717
-0.00034963950849382664
-0.0003755304764436488
-0.00036259209622596254
-0.0003510506987115597
-0.0003521241491585441
-0.00035174723001251047
-0.0003531507245714585
-0.00034577345491232446
-0.00034340972979083115
-0.0003505381613857054
-0.0003397821915966849
-0.00033895142657685217
-0.00034315323515415636
-0.00033503812895064683
-0.00033560140618775865
-0.00033564160514957517
-0.0003372577644485363
-0.000347205561877619
-0.0003495954744452212
-0.00034068089817638217
-0.00031843158513229677
-0.00031711326395009485
-0.0003201132960257067
-0.0003069325117164833
-0.00028363467195107855
-0.0002789791071849419
-0.00028042001089090556
-0.000277984635177682
-0.0002777794441195064
-0.00027831983050359733
-0.00023551371147204468
-0.0002193540166554498
-0.00020839856173173623
-0.00023368234546212153
-0.0002336806776397153
-0.00023281791970144677
-0.00022940772258244854
-0.00022283078232949403
-0.0002202846659206076
-0.00021393790137888005
-0.00021486253006187652
-0.00021403651059639445
-0.00020954987877796967
-0.00020968613201451596
-0.00020991495686152237
-0.00020943732206619685
-0.00020916730638410565
-0.0002067502212949796
-0.0002076061467956118
-0.00020852682789820813
-0.000212442540727752
-0.00021266733403527713
-0.00020277456065628707
-0.00020019903797802838
-0.00020071952371041615
-0.00022689642237146344
-0.0002287525032905651
-0.00022863147934729376
-0.00016132484581695843
-0.0001615276641634021
-0.00018546039224052828
-0.0002006950246499163
-0.00020032475510037886
8.13754701596278e-05
7.878218480453168e-05
0.00011350713428526644
0.00011534183174684419
0.00011357132378988224
0.0001120007260189015
0.00010813814347752205
0.00010783408646822304
0.00011265270314145205
0.000160847347755035
0.00015697803317512503
0.00014634456076885005
0.0001327149633380429
0.0001316373551328629
0.0001355521347439924
0.00015041187713348835
0.00014556748785428633
0.0001598350203173425
0.0001631832828635896
0.00018463511593036112
0.00018622927753583014
0.00019469843541127606
0.00020034494084984612
0.00020748300978027013
0.00020582880759557914
0.00020413181146433727
0.00021034338367633047
0.00020577724179035882
0.00020594500974412174
0.00020549360176192786
0.00020095726520173918
0.00019923926856839805
0.00017934212824707922
0.0001787421408585739
0.00017943918363173003
0.00017355030159128693
0.0001664522803323767
0.00017341014359812998
0.00015914417857802623
0.0001411954233698969
0.00013986410627523515
0.00012859955703038383
0.00012607292185444027
8.212658689409748e-05
6.451046310951576e-05
6.437665396121912e-05
6.0445008823501176e-05
6.062014425004362e-05
0.00015611340468933734
0.00015414315914515265
0.00015197152660784385
0.00012263332525119536
0.00012051528499543091
7.526769086929397e-05
7.471192712010167e-05
7.061167560920127e-05
7.468177516845743e-05
7.323428567794873e-05
4.976911678764641e-05
4.78411657564736e-05
4.5666124172396106e-05
3.16906931144126e-05
2.705747158154651e-05
2.6142179067638377e-05
2.218719823379885e-05
2.321760811687339e-06
-4.777001037937733e-06
-3.692970196297343e-06
-9.594714922432418e-07
4.087691501050145e-05
4.0371519549792596e-05
3.542413795580539e-05
3.913111099753807e-05
3.509450237882642e-05
3.387608372089636e-05
2.2903972807675453e-05
-0.0007951998405875999
-0.0007978970318095427
-0.0009696267649574217
-0.0019245883193089426
-0.001723121964389185
-0.0021691788637235457
-0.0021497290906316194
-0.0021496479266446644
-0.0021394742473287865
-0.0021378773849637703
-0.0021307190543744165
-0.00213206600531013
-0.0021304905268832923
-0.002127025245032468
-0.00212399000528722
-0.00212745709097598
-0.0021312710146619363
-0.0021271139604618445
-0.0021187251041453114
-0.002114037197275684
-0.00213734447024836
-0.0021343092660967198
-0.0021380231054146347
-0.002137008252725194
-0.002133101835718126
-0.0021314834033794635
-0.0021299943022175015
-0.0021250804026573694
-0.00211772427986216
-0.0021206751097253103
