0.030262887477874756
0.09385480980078378
0.11918217316269875
0.09896670430898667
0.08708081394433977
0.07899129390716554
0.0800968846306205
0.07194809134428701
0.06470733582973481
0.05972931923514063
0.06245575270925959
0.05796839844865295
0.05334686311627074
0.04881679704412818
0.050042766524711624
0.04698031365542727
0.04409905098792579
0.039917486964872004
0.03772463852073996
0.03551531642941491
0.03846868421797724
0.03557718778029083
0.03409627646518249
0.03307338990271091
0.031852008882336885
0.030797151089818384
0.030189583743257177
0.029728002846240994
0.02849753454017142
0.02667544071652716
0.026295675561414097
0.025933107544639795
0.026353612227146238
0.02616824370675853
0.027739645822698042
0.03000005688266577
0.029012318210382214
0.02844051928378833
0.0276043524267152
0.026215803355160286
0.025758194537567246
0.024892437618312453
0.024398231116885494
0.02661586991614766
0.025304026820737388
0.02449036595669199
0.024111480364808816
0.023532925724831167
0.023086681324057282
0.02260822456960073
0.02244111975484814
0.022907793321998195
0.022758243202352552
0.023597622808830983
0.022173785947545963
0.022020251173607744
0.022957945397075522
0.02219447401407475
0.02195435286848806
0.021657789914227534
0.022676237132174957
0.022094999508385265
0.02175822595927457
0.021653071685264317
0.02133672816544828
0.021337384686443903
0.021092344631838122
0.020887531962691122
0.020842184952925894
0.02021432127705185
0.026081531775869537
0.025661554699444714
0.02712703622229448
0.02674151923352232
0.026454087810921734
0.02571414459297168
0.02540443441084324
0.024884634402203322
0.023172752674145165
0.022752473980222867
0.02076030490641687
0.020470855643983977
0.02049840339099146
0.020214739571982887
0.019863488584442802
0.01913726132700284
0.018877651673392393
0.01869918098490099
0.018381175286291785
0.01806641551333346
0.01771361257440572
0.017612032333178623
0.017201463376082717
0.017104969763098967
0.015996113420745434
0.01597628242350615
0.015669139540440646
0.01537618806910221
0.01518539596465416
0.014778300512369976
0.014443455758166733
0.014389457109890586
0.012451882887174947
0.012202720132301604
0.01236925504438333
0.017281358679713
0.0170867396076641
0.01655960205083696
0.016218937144995754
0.015667153898886666
0.015526986079099256
0.016695878737342372
0.016321965539215232
0.016004909118434985
0.015919977908448225
0.015677077995223183
0.01555008857641212
0.015614985696728811
0.015385914109841308
0.015748900643257388
0.015596684374747288
0.015393378274568282
0.015258666337279972
0.015418183892034002
0.015084988274057182
0.01511110199567694
0.014908295240275047
0.015154433803986622
0.015029923196058156
0.015355003735526894
0.015305507738517155
0.01510484310836861
0.015285212366751389
0.015272459981928553
0.015317865990629592
0.015327743547764635
0.015096612019039212
0.014961701175432471
0.014778287117535788
0.014658369679591818
0.014468038448913057
0.014349538856511619
0.014267212359603347
0.014165465528514757
0.013973806430952477
0.01381673632929305
0.014101605957949768
0.01410613495398676
0.014025178711162887
0.013955612654184052
0.013655888510632066
0.013558690654938694
0.013527258111439143
0.01341542563694079
0.013361861200582312
0.011790788465158745
0.01177397138060401
0.011666240448457245
0.013420965787008758
0.01335900113447888
0.01324315500455725
0.013552608370903793
0.013377354999581106
0.013179783068357435
0.013098751236502289
0.013015793545469981
0.012819735586596104
0.012845419841534712
0.012767721278086201
0.012404951722734227
0.012415314903739998
0.011836161792232538
0.011969365038702955
0.011714666877939772
0.011790661774615404
0.011790107102672665
0.011770017736452754
0.011701983200352355
0.011612034737481744
0.011871049955978649
0.011898451263102927
0.011659975009372396
0.012009519915053448
0.011930609312902742
0.01184485212778323
0.011775977510826938
0.011778808550282505
0.011647658318801043
0.011711713607655841
0.011670580795412661
0.011576578567655817
0.011402853531461365
0.011275350004278567
0.011237255385658968
0.01112861562329012
0.011075116176014001
0.0109342771574662
0.010849313601914644
0.010835808764386458
0.01076150511997284
0.010765823611406388
0.010718628009746834
0.010619736448051318
0.010882618194502758
0.010859113058032362
0.010848832463199986
0.01083915577915972
0.010957428546339437
0.010981672942649488
0.01093326715373995
0.010856458287134786
0.01080158303689623
0.010748334539886654
0.010783303491933665
0.010713996917291772
0.010524832312830981
0.010465774059011564
0.010373535431808793
0.01029976066387132
0.010288810511003782
0.010289759175623314
0.010241649528879748
0.01022656495972895
0.010185515949657815
0.010197466563596191
0.01016166407203647
0.010013356655499118
0.009979000752008886
0.009957690247202944
0.009896782091546616
0.009768554240069758
0.009756719113713286
0.009712981464367157
0.009706272068185777
0.009673352846806732
0.009679405266499618
0.009655994210762034
0.009654888692536013
0.009668071498405583
0.009624216641073364
0.009623172786519753
0.009579792615158466
0.009542726108863512
0.00955393900405806
0.009597825044264445
0.009575189354024485
0.009549798733778227
0.00958570124778755
0.009500761848641565
0.009435125512295441
0.009693650485132828
0.012023673213147769
0.011987379326541937
0.011915874705586004
0.011840444239851429
0.011875693530255596
0.011820354902089849
0.011888279826569103
0.011828169591787566
0.011828049942199862
0.011948792061027332
0.012090427634357607
0.011838121138377278
0.011804812900361807
0.011729118932183855
0.011762069293850699
0.011637102179846094
0.011613921227485821
0.011763516106185751
0.011695055918024028
0.011546632755840518
0.011402509971598558
0.011347416665763634
0.011433523093900565
0.01140699698906089
0.011443643659035538
0.01142801414725452
0.011289618041251184
0.01128162290946681
0.011258049233148737
0.011221978374788256
0.01118993337489106
0.011098986762718465
0.011028414810068197
0.011121570427985089
0.01109085598768252
0.01116236424160081
0.01118809524275022
0.011161132748359183
0.01105051716254334
0.011061834012539367
0.011073807658708693
0.01104216402943792
0.011040310345992645
0.011046445235331565
0.011041728132725814
0.011047636351552832
0.011030480127593193
0.011012899124956078
0.010967957038251363
0.01216647484388345
0.011738721284171628
0.014174844079925135
0.01348343754442959
0.013456695000724753
0.013384793454088
0.013348479327925659
0.013409790624208865
0.013339018003617031
0.013225680928927378
0.01298077327989562
0.012964147262642698
0.012919673744543126
0.012876066941738375
0.012936878499215407
0.012857061071168605
0.012893642050670995
0.012836670626369446
0.012789702307782145
0.012736839536763156
0.01281634087223121
0.012765249744167232
0.01284278245616912
0.01278516595968261
0.012900719758368854
0.012862000006695344
0.012886251767645823
0.01290728397119655
0.012791801127252372
0.012778843448109074
0.012900796103507216
0.012875920605241651
0.012891896132137183
0.012908296305477733
0.012782477814263466
0.012759210854473053
0.012751987810486367
0.012745979206655779
0.012747073423131096
0.01270906096754481
0.012865462481678731
0.012940407097651882
0.012781139100065217
0.012717757554576341
0.012845121256433794
0.012783433044643305
0.012760453613611451
0.012725509538043044
0.013460556976829787
0.013450760943907979
0.013398120682805627
0.013331746553577396
0.013299357113467875
0.013304735994635438
0.013163501911160924
0.013035015515130045
0.012975619686052058
0.012949826449744696
0.01291224850218795
0.01291117256080314
0.012935562669338135
0.012901638162748237
0.012804376225276328
0.012763307837782147
0.012720972951946912
0.01269631493711027
0.012714818706191854
0.012702281457160002
0.012771524347025096
0.012721913382523965
0.012716584386096224
0.012614190711105495
0.01256082223804249
0.012509893320811288
0.012461110460633865
0.012506677491518736
0.012458466167411412
0.012368435852566242
0.012313361482167806
0.012265408158930517
0.012236846310113361
0.01221795549267275
0.012198192552811325
0.01221263883302786
0.012178098200518786
0.012130275686651712
0.012124737936189662
0.012068495851376383
0.012047653424684907
0.01205019613452817
0.011990255057605034
0.011893179878158817
0.011859051225208177
0.011819964802022312
0.011797119251562918
0.011749382768593424
0.011727135832919901
0.011697755967691962
0.011661764022901477
0.01158315591570576
0.01150900712376489
0.011488804750142457
0.011468311672516471
0.011440724069662216
0.011461438243731846
0.01141216875648461
0.011392858104990602
0.01133778042059356
0.011275349561552364
0.011219780894010233
0.011280416747962303
0.01124670163669243
0.010631474069774355
0.010606419788400009
0.010569576525120698
0.01045369516966146
0.010388652372579743
0.010323380279752893
0.01028365687916881
0.010339602146297965
0.01028328902222314
0.010339749738829696
0.010320688283378704
0.010318721403155526
0.01033109601138475
0.010379845413508323
0.010389343384610077
0.01035861637121601
0.010330487731580216
0.010306721700312459
0.010230396615716687
0.010193118609561404
0.01017230194859868
0.010178831566677786
0.009964643238672239
0.009932405735347125
0.00987857861937258
0.009836309532331803
0.009839400589970114
0.009816712776879783
0.009833484061020978
0.009783130934803307
0.0097429525192818
0.009626023803040996
0.009583543381525035
0.009645794408875863
0.009636090395848172
0.00965592659745268
0.009630591474027207
0.009603980088165327
0.009628281151777714
0.009600017397071094
0.009586247906778849
0.009496408799160416
0.009476967893198497
0.009347186652051644
0.00942205240963078
0.009405505924589856
0.00939572203759503
0.009337718330833541
0.009291658064044825
0.00928785624864463
0.009265472072221536
0.00927520147121075
0.009312077233028968
0.00936791224539657
0.009398314647612096
0.009391187566553674
0.009378121423187034
0.009381965159124888
0.009269784907562506
0.0092270275677028
0.00924750794172124
0.009241265856973376
0.009178116657846245
0.009183248060293423
0.00917564429462449
0.009149328383075361
0.00911996773353772
0.009105354998609972
0.009062251192004328
0.009070952112445895
0.009064967851778667
0.009034868605289667
0.009790767665439586
0.009783995605485736
0.009751605562698499
0.009746395051449573
0.009789465858134177
0.009743939758895589
0.009657088886704846
0.0095030648848899
0.00948573944843086
0.009484283032684787
0.00947782715461324
0.00956696891518083
0.009555752489389235
0.00952225708458567
0.009516409735399054
0.009506136199621845
0.009449743645550231
0.009404607932054367
0.009337291491257397
0.009343825350947767
0.009317024912069247
0.00929240554616959
0.009280353348891702
0.009270114243900337
0.009305058841281973
0.009281611255680588
0.009292261401895976
0.009138933533354886
0.009117518785129454
0.009097345615256778
0.008993417689460097
0.009020205703085486
0.009034591562196229
0.009095135427263793
0.009057114205895153
0.009046138617478886
0.00895203483467488
0.008940840572007232
0.008873811056711907
0.008843937858778399
0.0088343842057925
0.008787646738782939
0.00880696863805496
0.00879556021807932
0.008773069623347039
0.00885037346648226
0.008792841630388014
0.008782028074883656
0.00877937898041452
0.008643900696378602
0.008657220427185565
0.008560293708949382
0.008532486210479159
0.00851186742059128
0.008513071398111699
0.00860478798189056
0.008560185722517644
0.008533621285534988
0.008532678941023993
0.008522038387936755
0.008513419962872533
0.008481280476984328
0.008513053985121167
0.008491398430511454
0.008448904415523753
0.008433549609407363
0.008385404667992778
0.008372782698679452
0.00836877977008207
0.008316109164442014
0.008332086177040548
0.008352482680806766
0.008331169919494967
0.008319897566187534
0.008306171250147334
0.00827920912051144
0.008278199210382087
0.008263363986421917
0.008234052709609538
0.008224934459499346
0.008192853610148387
0.008166409396202057
0.008146812751189347
0.00816237943061212
0.008137549429356059
0.008160831774161126
0.008147445601839623
0.008040689702412557
0.008051227880471698
0.008078660846785279
0.008072599335371746
0.00805249377611429
0.008054177534249514
0.008064565480066083
0.00800907261924168
0.007990140227493775
0.007999929666729034
0.007972531531886541
0.007963165947473975
0.007946805455021673
0.00794037137108278
0.007929168222369182
0.007920230794706157
0.0079061238025357
0.007894468254670422
0.007911521422238894
0.007892334006697088
0.007829403593126626
0.007824256290699143
0.00780861180030741
0.007819069247910263
0.00780995782794707
0.007788464522050198
0.0077659385854641876
0.0077411967081873825
0.007723802297404221
0.007691244020465795
0.007679553472014007
0.007665381107062474
0.007652144299870326
0.007637981537909543
0.007630679138515934
0.007610996475567549
0.007602531408672628
0.0075822413021655105
0.007560822974834304
0.007543954301718549
0.007547955721940583
0.007557066875344815
0.007549816514305032
0.007521384007535052
0.007521306332540618
0.007498096605788687
0.007490582615626311
0.007474931669774724
0.0074696456969023575
0.007465389892631334
0.007412901611671522
0.00747530983216958
0.007473348984174658
0.007453186806498364
0.007437533532667602
0.0073883369354945695
0.0073775877830143805
0.007364600249581145
0.007348594355239223
0.0073051117867663894
0.007292290374733977
0.00731193736014904
0.007308496276562243
0.007290224059874635
0.007265353255029666
0.0072450155017280745
0.007230948294485454
0.007213051579907406
0.00718336930491238
0.007155318280864969
0.007139830298817602
0.0071023963715865935
0.007066630584224121
0.0070622167058562255
0.007055220766212012
0.0070405903552735755
0.007035042004507877
0.007061854571046954
0.007052999922266294
0.007041976460808692
0.007033087612018717
0.007027608279148986
0.007014846669574206
0.007086735075423652
0.007088908284975081
0.007075953498351288
0.0070792379180446416
0.007091822986060854
0.0071025753222371405
0.0071004894330432885
0.0070947178532505
0.007065573530896015
0.007049284692328719
0.007034686346190379
0.007030279587548175
0.007205587285856822
0.0071786954642382795
0.007208070179510294
0.007215842802817526
0.007199657283054176
0.00718274985494758
0.007165647684285788
0.007234187363867892
0.0072440527667246716
0.007245587069861954
0.007238673532201917
0.007223414946107652
0.007212623930926753
0.007215685389297518
0.0072363943010201985
0.007246108490157136
0.00723243491355846
0.00722003402601078
0.0072017890352787705
0.007208932065106916
0.007231909552972351
0.007234257509430645
0.007239517897576891
0.007212696071389549
0.007192476248857365
0.007178295655075454
0.0071275497636872544
0.007113862624305014
0.007133664348913592
0.007126475944948268
0.007119171156656242
0.007114641552968406
0.007136696910399348
0.007125216954767895
0.007115750317740591
0.0070910391361477185
0.007081529791202513
0.007051791097678392
0.007041016605081997
0.007015638373152828
0.0070205372110001985
0.007018569010577387
0.007021214297123479
0.006963724611977606
0.007122889834386365
0.007141065851358966
0.007122694422371743
0.007132054463162617
0.00716528474049228
0.007128126892281538
0.00714017671216779
0.007135006507450164
0.007110878401206513
0.0071379983601622165
0.007124836599145545
0.007111381577681638
0.007107129147452066
0.007098053111820196
0.007100507012756543
0.007094451369736489
0.007078030923791656
0.007068523412742381
0.007043117205641261
0.007002072271164293
0.0068937764818243884
0.006886765688285044
0.006864341522395241
0.0068336255173327524
0.006817485341506965
0.006851889763253187
0.006839153643594844
0.006915887630244227
0.006891193080067551
0.007009832060568644
0.0070613410095704985
0.0072343188314449875
0.007286440010551401
0.007280888042422267
0.0072397087458754015
0.007233133681652913
0.007234138283436129
0.007220026834564069
0.007218648596011914
0.007263947822325514
0.00724910273420101
0.00746076571341106
0.007495053339436647
0.007483262206171982
0.007558636542372274
0.007570528923660149
0.007555841745456898
0.007595184031620746
0.007588852654134822
0.007598869895508257
0.0075982011607733865
0.007556105511770362
0.007514068896572185
0.007506579653253612
0.007502703737299322
0.007477650551955527
0.007450726968087903
0.0074489773906283585
0.0074508564880500635
0.007420430000477213
0.00744195161049256
0.0073173663864440595
0.007303910765033618
0.007285906960403793
0.0072702280488125106
0.007253555289827632
0.007253042060835952
0.007183535973896101
0.00718201278983216
0.0071719517664498005
0.007203137738147431
0.007181599421279944
0.0071617846679192555
0.007120629706369766
0.007075096362323326
0.007072806001219164
0.007060622505050189
0.007065464542374429
0.007059240897590052
0.007144946675578858
0.007135563363310135
0.007149284966504511
0.007153185396728119
0.007160487211330054
0.007159933795589295
0.00710915878950607
0.007087078665813405
0.007072406621310265
0.0070464207554732615
0.007035993594620044
0.00702761231318652
0.007025702824409775
0.007019877831497529
0.0070068929180684
0.00701069184988882
0.006978636845087296
0.006970307158504095
0.0069791157774218
0.00695785315356373
0.006948313474108134
0.0069399021033416195
0.0069299961387257174
0.007008588090805167
0.00702271126721792
0.007013679316661877
0.007002489445067213
0.006993822343738741
0.0069930681560340414
0.0069748682619142416
0.007034906919151903
0.0070143446108269164
0.007005071240225089
0.006999630208513919
0.006991084416323713
0.00697465712948749
0.006970898839380618
0.006966871513314899
0.006978785444064682
0.0069650345764248065
0.006952573134710852
0.006932996621628716
0.006921574636234092
0.006917566609774539
0.0069089482011788295
0.006902206387536987
0.00688726788701055
0.0068737165138698375
0.006838221081068713
0.006847617713429781
0.006856042750309503
0.006839381381875015
0.006844979264864188
0.006851665737748675
0.0068509516000760376
0.006821608797016437
0.006867831241688172
0.006904948011621834
0.006893753277909209
0.007507323421959877
0.00814676345286078
0.008102498888218627
0.00786624641919248
0.008445165834135697
0.00844867055264607
0.008426146937309167
0.008419193521173688
0.008421757382526509
0.00841363065549741
0.008403353240828434
0.00839386691338249
0.008384048068105235
0.008397559425076109
0.008378147723377609
0.008366030206096478
0.008353440671918465
0.008335635061907687
0.008330558015909298
0.008341113524629512
0.008327270596962718
0.00833262631368127
0.008349901399694963
0.008339283327163629
0.008300329363186856
0.008286343749783036
0.00828986854541247
0.008273354697157132
0.008254106639861243
0.008243473579421746
0.008249725352755956
0.008238598172643961
0.00827810817133639
0.008279308094548295
0.008261491453977955
0.008225406923152587
0.008218427624434827
0.008223266348703863
0.008226892129064134
0.00820612117779616
0.008216054101898553
0.008173502909054248
0.008178016000188375
0.008178375689047036
0.008141697195376447
0.008099693220728057
0.008090639295172
0.008088043633959685
0.008046148217865168
0.008029505401757708
0.00801051947654034
0.007988792571785105
0.007977251058992805
0.007963913704840174
0.007969731514984122
0.008000297211043865
0.008029680724330945
0.00800399059667489
0.008002553211606275
0.007995147366810455
0.007986221456767357
0.008009458541815076
0.008016576461929157
0.00800922071105263
0.008002559708327592
0.00801508646001394
0.00800995345830356
0.007990712176454024
0.008004592559544008
0.008001747174691307
0.007993483232779833
0.007987112544960503
0.007984181742725444
0.007964761289934568
0.007964177510118698
0.007953514697417978
0.007935772663053913
0.007928954743832596
0.00794157282360504
0.007931901807947075
0.007920288331140873
0.007910367005932974
0.007903629590446576
0.00788182769865632
0.007870229997166751
0.007848598331965185
0.007847705660980057
0.007843314070217947
0.007849876351415402
0.007878734262574013
0.007874372279296408
0.007866614499346258
0.00784757933071227
0.00783969098941339
0.007842183652478605
0.007834036413198445
0.007827375708175113
0.007820458194521858
0.007783759849876584
0.007764241451913406
0.007764725547722746
0.007736046049206896
0.007725928050508594
0.007713573230701828
0.007709128908426082
0.0076823979044183515
0.007705953121562957
0.007690281835757061
0.007689665200328416
0.0076971614894039185
0.007675055075230834
0.007672556347776413
0.007666780277280865
0.007669777822990884
0.007647224039047691
0.007632426790495128
0.007625362620682862
0.007620210490007138
0.007556509689670037
0.007549823525838104
0.007535696294391681
0.007524593569452132
0.007511890381922112
0.0075202535563398945
0.007513562000514059
0.0074988301883739715
0.007498917233060193
0.0072725028461375915
0.007252438442616499
0.007246388362140942
0.007264574166665441
0.007262536698108011
0.007255144688026378
0.007236313854061531
0.0072451859160552225
0.007148418142930825
0.007148947154427414
0.007142570881612405
0.007128492945393881
0.007113144840690747
0.007087537594880549
0.007083238248018495
0.007054314097892473
0.007030169681051926
0.0070138742979050555
0.007012556000802365
0.007010657392509232
0.007004442908696197
0.006985196495638331
0.006978190965921271
0.006951492697440702
0.006942319470180159
