0.12738478183746338
0.09431812850137551
0.06883834442123771
0.07075058333575726
0.0901323789730668
0.1006418474550758
0.1337104185950011
0.1219519544392824
0.11317562665790319
0.1043075377290899
0.1061536893248558
0.1062542349100113
0.09899169891806588
0.09181713188687964
0.08568638871656734
0.08868579330908904
0.11922395586346589
0.10878990066090698
0.10347899622283876
0.10925699322528781
0.11470206263898447
0.11279341849781896
0.10786814211557308
0.10348081301897763
0.10421117233972137
0.10086591765974406
0.09765924949065916
0.0944757570576822
0.09451354330716034
0.09177423221990468
0.09414494900556748
0.09081907027090591
0.08830946586642635
0.08642076494704401
0.08463522829374093
0.08190402505617288
0.08439053905098455
0.08200014844680062
0.07934961285209283
0.07775238650373932
0.07639415946877783
0.07471268402065993
0.07266608116597952
0.07106816563237871
0.07013998724742913
0.06908707512403897
0.06746953874729418
0.06573687521835826
0.06418608825188128
0.06258849583694015
0.06125440083605307
0.061656678697305164
0.06045512828751707
0.061376573970880005
0.0598941172398294
0.05880455505674736
0.057780732713832404
0.057052144030961434
0.05630139190858849
0.05090054360477893
0.04974300676446045
0.04933428182636222
0.050065900759363985
0.049495932638931706
0.0423368346016628
0.040533244561181556
0.0391867986455669
0.03830338858634879
0.03792948798010389
0.038095420311716637
0.038339137209631065
0.03806653655172413
0.03765689482836907
0.03677083288008967
0.035962064621823
0.037155096425203135
0.03663501496581981
0.036232875822159116
0.035655262423097155
0.03524543430920644
0.037539073910632326
0.03706147543334188
0.03634487461975021
0.03423384617849745
0.03361022776956561
0.03299040325125144
0.033427493342473594
0.032189607821677006
0.03171725017794719
0.03141932055650914
0.03117551631547268
0.03066366383435345
0.030334322061885074
0.02007008697102337
0.020330271918889295
0.020012570912325667
0.01943127294213569
0.019907852091516066
0.019762332055252053
0.019766693499105262
0.019599546653255098
0.020109126464129226
0.019917709305166058
0.01984209176152945
0.020034070346363876
0.019664927298707943
0.01935718456041758
0.019018522976393552
0.01847497840327296
0.018817466851491656
0.018975554325152195
0.01882210450321107
0.01820579789407356
0.017843171312352246
0.01768345674821016
0.01768789507257634
0.017788541471680356
0.017758643865084463
0.01745367939583959
0.016537386723909517
0.01629261510660416
0.01648767764975387
0.016287247793027974
0.016777123086154484
0.016792631626779624
0.016543573164564444
0.010394008248113124
0.010435036823962114
0.009159088621919
0.009169475737077618
0.010045664850622445
0.009826626726671298
0.010911047972961177
0.01080200288582734
0.010800212101243904
0.010833978788913632
0.011313267133158215
0.011322274321703633
0.011659989346350973
0.012262601854530663
0.01223484790739672
0.012233048866314102
0.011081795913115589
0.011009208768092383
0.010988300155899326
0.01098749113782331
0.008952625410480303
0.009520936994844664
0.009504914628341823
0.011416595450769028
0.011451774445288892
0.011341181678052266
0.01131811643672457
0.01118161763635377
0.010623410093383178
0.010586401904417102
0.010661428835525951
0.01064625769010133
0.010580533732718353
0.010672002673577199
0.011178420248648386
0.011119199342500058
0.011059325759117404
0.011119240942890922
0.011242488660030543
0.010720054382001059
0.010603822360280927
0.010954185033536724
0.010873979686156816
0.010749793055941162
0.01065859285204912
0.010518908748306315
0.010267631471927847
0.010207678324409917
0.01054066215345469
0.00767387810694635
0.0076211346705768795
0.0077795129784450755
0.007682983000348863
0.007579493447006267
0.007678562470783432
0.0076184322716556525
0.006989768045731723
0.006990420111027142
0.006899790560466171
0.006702517535298449
0.006533986742687533
0.006490362800716903
0.006130591880432107
0.006169954956026468
0.006118611590257713
0.006438227594767386
0.006526615780288587
0.006454934793500586
0.006148398000918047
0.006171081340422659
0.006139431233433182
0.006167614355159187
0.006843905299901983
0.006766907602029674
0.006607395670570381
0.006255565211176894
0.006155216034647902
0.0061713047053029105
0.006087885758143337
0.006051759147265235
0.006176531840397888
0.005856237473951129
0.0058926176163368125
0.005981201515091665
0.006033758656451288
0.006043431486282955
0.006821942038586053
0.006966874039688623
0.006870113987436848
0.00662610094623067
0.006617986887091055
0.006619752039728901
0.0065111816432115565
0.00627395158319639
0.006663308469977182
0.006436966359093303
0.006379347204658987
0.006111636568999145
0.005980714118680978
0.005919406811567248
0.005891326262938336
0.005793128898224963
0.005516667473231178
0.007364217985675435
0.0073634914984597585
0.0073452526458655165
0.007264090211898839
0.007114454251317761
0.007172843034406826
0.007052515994439132
0.007006838013312383
0.007033224189829365
0.007064859397845206
0.007193477986152477
0.007440507088206759
0.007458184082578473
0.007419566579495164
0.007365421944639988
0.007379817997381808
0.007374835473500392
0.007102838204328681
0.007002285780314091
0.0067826593718491686
0.006735454574579845
0.00679461161064592
0.006762687675930991
0.00672009480176642
0.006656986532970258
0.006673536175640056
0.006662651247359424
0.006636106969099221
0.006550746168455839
0.006507838079079001
0.0064948923779665985
0.006357724254485239
0.006331286528112364
0.00633974125737566
0.006376001682079783
0.006413264417604217
0.00641831068700523
0.006300979421157824
0.006280421101069268
0.006098737814291225
0.006543345390251989
0.006569725463016194
0.006511274129902831
0.006402295427804788
0.006292035950517128
0.0063554022403812
0.006253515062551113
0.006289652761460545
0.006237165974019157
0.006250740486263712
0.0062066887793698075
0.006186172557484493
0.006133826113636736
0.00636397244414467
0.006302412831134651
0.006174805792092549
0.006159731546921495
0.006146911212959433
0.006114349779262058
0.006114011440739244
0.005996984871115577
0.005965004442857709
0.006041701492708853
0.006153254336352811
0.006361550677338851
0.006324793226864343
0.006299359193785125
0.006239416352559158
0.006213892142040775
0.006214050408258738
0.006157289429117578
0.005678658866877096
0.005699776715280889
0.005633684576567166
0.005644015488252974
0.0052326507712303644
0.005259923327294062
0.005198109229571539
0.005199628538327023
0.005084514608719371
0.005050935644553121
0.005304642048334563
0.005222519332827188
0.005150444440619299
0.004933355171935618
0.004900824141362991
0.004894275562536597
0.00494566820206784
0.004937845541180352
0.0049249218775003255
0.004928055069753133
0.004741679493631455
0.004698729135158081
0.004720376966697939
0.004736193047227497
0.0046974001979052694
0.004665703983907674
0.004734537463241965
0.004704678249807257
0.004725368998091063
0.0047320200246758915
0.004723734104359279
0.004706104522166851
0.004695064476921244
0.004663759555646804
0.004977926187296247
0.004851009660277486
0.004881258168948013
0.0048683265155074285
0.004908581723643974
0.004965992692736459
0.004948622376722032
0.00499988847283876
0.0049398841949242185
0.004934367520457986
0.005109029336707315
0.005091975155046294
0.0050845724233123885
0.005690639288021923
0.005629381563215132
0.00556726070658897
0.005611225744856229
0.005614530967077566
0.005654172347509974
0.005662726617949491
0.0056505387717939205
0.005682264607111451
0.005701827133619424
0.005672035193878882
0.005645312858945964
0.005624374443919277
0.005690132280154354
0.00571371934562025
0.0056304915874984245
0.005647662967883627
0.005610085809584264
0.005610501200337566
0.005522898215649957
0.005515800343686351
0.005594417899752654
0.005458913898036511
0.00543237197659135
0.005381385214163639
0.00538632670373229
0.00528669106230762
0.005198287691065233
0.005178564579061812
0.005165411122592929
0.005095056533514926
0.005191054678136056
0.005099314142885117
0.005077663127787631
0.0050576272380767
0.005121787234050634
0.004969510136250808
0.00495784278828447
0.004950824122588966
0.005324720288551854
0.005299156010890115
0.005275735937772356
0.005261896979263245
0.005252717329442813
0.005204696377011209
0.005206596416460841
0.005194619852575026
0.005146566713084786
0.005128551781765769
0.005125957808440364
0.00512849177310611
0.005130540490426951
0.00510067181210871
0.005082476932126277
0.00505128379259202
0.005087170992458671
0.005095657916023857
0.005068791270289891
0.005029309679927427
0.005022321929787093
0.0050107725587967365
0.005003385628834835
0.005552664853761626
0.0055150194966700075
0.005462291902190508
0.005448890351949068
0.005369787363907764
0.005431556793505145
0.0053957806806899855
0.005373163423088783
0.005356144572348129
0.005400537516522636
0.005339181394650309
0.005345670242630562
0.00531260109447103
0.005303469077159034
0.005286401955082153
0.005266413345119709
0.005229592226245031
0.00530764285505481
0.005281418640088384
0.0052729929716131526
0.005268490559415013
0.005268578213333444
0.005265321224975237
0.005231463180292705
0.005197477697705244
0.005183955447304018
0.005014450208324469
0.005061392330024492
0.00502284272766943
0.005007179767761225
0.004980358002124508
0.0049165374103183595
0.004896344248579648
0.0049365554104542474
0.004753301428170532
0.004852373455233484
0.004836409121972649
0.004790736874253668
0.004748019104085062
0.004738949866861945
0.0050124067409447375
0.005068147891361807
0.00506724165002128
0.0050607316666754654
0.005039790204654532
0.005017928745936647
0.005054050375334524
0.005007857712510351
0.005061225165675907
0.0050561584942245405
0.004949887095770755
0.004997672674899279
0.004961133452301321
0.004949589756193003
0.004819556492410851
0.004813878626618625
0.0048077431498933084
0.004725710882628188
0.004728490461670826
0.004697765868424667
0.0047483841407621056
0.0047607707711611585
0.004776129688837243
0.004765073403093251
0.004768923350217714
0.004789613116632359
0.004781722423300329
0.004651082502570887
0.004636570976294651
0.004624358699705541
0.0046232572445460175
0.0046015566089808975
0.00468070969572697
0.004674101191378511
0.004628390158987472
0.00463821538010184
0.00469458357787652
0.004744064241035119
0.004725156525951765
0.004713585165243758
0.004705642654452399
0.0046874852160113094
0.004649587609365017
0.004591615583091561
0.004607061043645105
0.004663256683289233
0.004649496175371254
0.004651416555032083
0.004695281821241488
0.004688114467542627
0.004613642924244036
0.004516519950721348
0.004645980468249443
0.004615381723620923
0.004579720807971792
0.004591091813449665
0.004563893642941502
0.0045517842944410875
0.004461882439714615
0.004467269268306894
0.004456335292771876
0.004456607759948392
0.004606540008497089
0.00461347858695104
0.004616468620839202
0.0045976904739784665
0.004581065418386058
0.004636047895670549
0.004539739410976146
0.00450810037526446
0.004404737283842155
0.004355102638763978
0.004321795057088684
0.004338311104775762
0.004361959655458735
0.004352557288302193
0.004358741152144451
0.004273750180304479
0.004246907514240069
0.004226939882292364
0.004207829391871445
0.004209672340237421
0.004256804134280864
0.00422127102894102
0.00426476677122448
0.004266942012446951
0.004308280011715313
0.004259883172093415
0.004230271612340676
0.004227084920017261
0.004136613466864708
0.004079151742256551
0.004036434229744627
0.0037469735440989896
0.0037265241633109595
0.0037091763812925845
0.003633667474827127
0.003641451352078773
0.003619622788604063
0.00360600754703311
0.003591420859125484
0.003698554116071788
0.0036583810532718254
0.0038387484929191563
0.0037904569459659616
0.003617499576439323
0.003590994489444442
0.0036528101257686176
0.003725556476784739
0.0038731145373146502
0.003809362195047045
0.003795575173207136
0.003692958254175229
0.0037129515144604156
0.0036992740701982984
0.0034734570534814316
0.0036248034630069386
0.003618662673520899
0.003593215817071646
0.003582701685005117
0.0035838426372946505
0.0035846638004784033
0.0035787774936619538
0.003584713292574249
0.003600779035250135
0.0036345938622414755
0.0036214053420191824
0.003618903127402252
0.003690649175836302
0.0036915578779057995
0.003400586564302218
0.003381123113017086
0.003332277273880658
0.0038623406311771432
0.003844824529244991
0.0038542840665575073
0.0038487344008062896
0.003861775957752771
0.004028129361527194
0.004021271442702455
0.0040101048017752786
0.004029951167467521
0.004027290537311037
0.004000802328990408
0.003976961712650335
0.003982077698628018
0.003977185248793538
0.003984258036140084
0.003973544199207807
0.003991709337763805
0.003934778153978468
0.003915962685198155
0.003909780586155364
0.003893521863586332
0.0038822319395147523
0.00388289037719216
0.0038632370070884265
0.00382347630186001
0.0037912264049943297
0.0037774013551944543
0.003750115686169423
0.003744642190700648
0.0037346122014225453
0.0037311320096415205
0.0037402025577271568
0.0037331705483571735
0.0037118334057506977
0.0036890900039798303
0.003689142840016213
0.0036949227301163613
0.0036860300181508618
0.003691742607688844
0.0037011342940861092
0.003650014247679613
0.0036250188358128146
0.0036203515248748137
0.0036052086552459542
0.003617862513834606
0.0036716733041955362
0.0036760484038423523
0.0036574296642939166
0.0036673097012128427
0.0036584389113525433
0.0036910226581800413
0.0037177186906631136
0.0037832052670946446
0.003764269771887759
0.0037439493061011274
0.003739983606748348
0.003734183573578782
0.0037232472536963437
0.0037356328367505213
0.003922453501571736
0.0039043258566493298
0.0038593923003420075
0.0038916808835968977
0.003908021634097695
0.003852339394794451
0.00384598131693731
0.003845356568568752
0.0038306268362847794
0.003801729373417465
0.0038025603943595745
0.0037971070207711045
0.0037790646725903054
0.0037709426422491356
0.003768604385643168
0.0037711695238054842
0.003767310230189318
0.003784999203123866
0.0037809838675583953
0.0037737568333749303
0.0037754068573758503
0.0037700466734339024
0.003772237082099536
0.00376572519533446
0.003774630972843994
0.003763017129180208
0.003760675129063731
0.003527985743174004
0.003592767767193867
0.003609142537070086
0.003596457063146414
0.0035905647943955746
0.003589517340598705
0.003576967980524605
0.0035829870933921405
0.003578750684408886
0.003587131136023641
0.003614066074078445
0.0036081037082895443
0.0035848267864786944
0.0035947172734293333
0.003590959407561412
0.0035905698848799983
0.003592563458156994
0.0035771395042003243
0.003539248717949479
0.003529384537685822
0.0035443430740312093
0.0035291982616039207
0.003529539567400236
0.003515288311115261
0.003561173559730795
0.003560758705113574
0.003558889028483117
0.003556993888932258
0.003549974719192548
0.003519716909010697
0.0035169589121194114
0.003523780854127263
0.0035136486915241416
0.0034450618743103022
0.003440777589854745
0.0033652686889626905
0.00334025961378255
0.0033361277958942072
0.00299022691492071
0.0029605919446294474
0.002947305367675841
0.002961589737845077
0.0029599420231534246
0.0029572174962098053
0.002944757199600994
0.0029369193783772445
0.0029249856766838888
0.0029196595035803894
0.0029192314223641957
0.002915015009180709
0.0029160886895422543
0.0029676596057826112
0.002957716849526151
0.0031691992813676294
0.0031496262050314905
0.003161344846373368
0.003099941445457483
0.0030989471362279928
0.003089839620320621
0.003078035595944985
0.003078459864657712
0.003085249734812497
0.0030783088501673936
0.0030622796617203194
0.0030291427886564044
0.0030331601882131764
0.003035575811894816
0.0030346075002593165
0.0030360030959805857
0.003020338946559597
0.003055963970365238
0.0030525866457589267
0.0029044180213865433
0.0029045077409622917
0.0028985470767453484
0.002896319210354323
0.00292209252008505
0.002909511539691113
0.0029227176013796176
0.0029318425568126637
0.002954744211087633
0.002955749959867213
0.0029482441202569047
0.0029486169692890863
0.0029169870840029914
0.0028735528277566385
0.0028633359334894874
0.0028985923397892503
0.002898527484075089
0.0028864434102429987
0.0028881675242078825
0.002906152718784921
0.0029032923500579223
0.0028874799008035772
0.0028839700900875264
0.0028871559385009486
0.002873085081676399
0.0028683727793365247
0.002861399095233242
0.0028574116308071403
0.002862050970819751
0.002851858455974656
0.002874130249150719
0.0025383736684473916
0.0025434564125696555
0.002542179014248362
0.0025415446426384674
0.002461420827077176
0.002462984102908028
0.0024445229784564107
0.002445970364109001
0.002451918031331685
0.002332872903534837
0.0015140988859990378
0.0016806590774278386
0.001679570459876408
0.001714525769868135
0.0016959765033288843
0.0016858028053680784
0.0016823757620007874
0.0016685972639353722
0.0016152245321784451
0.0015763437806545235
0.0015701821913166475
0.0015694226686794725
0.0015663499057252013
0.0015965634287860386
0.0015895633583326424
0.0015879271636287616
0.0015821022924807498
0.0015689737194043195
0.002036930566052501
0.0020373622253084364
0.002026188141053984
0.0020216955157258713
0.001992001084419935
0.001991158236764499
0.0019907881489919185
0.001990721129788102
0.001990277759186304
0.0019816509538537167
0.002015946966793473
0.0020118143314580626
0.002010110534225262
0.002013534467586687
0.0019826748321958502
0.0019866607565513887
0.0019521011464096072
0.001942955962741472
0.0019498223145901815
0.001931243363083574
0.0019299351849454895
0.0019288999874710222
0.001917250754517076
0.0019146591021303033
0.0019092588453327906
0.0019071214759359357
0.0018980492520435555
0.00190369060540298
0.0019104629284584344
0.0018991487719264527
0.0019021012578507056
0.0018779307844782253
0.0018710995179356223
0.0018499384398853614
0.0018371655445400977
0.0018550904500287122
0.0018429540081301334
0.001806937593901158
0.0018694166392942727
0.0019546815727759835
0.002128534103294134
0.0021629516089793064
0.0021594585233543698
0.0021606412115098604
0.0021740134619451985
0.0021426020220118077
0.00212949509124922
0.0021057276293813348
0.002106167619704583
0.002037610045825959
0.0020281679975635023
0.0020093928647890065
0.0020363929356390547
0.0020417178441460722
0.0022283254628347525
0.002219424849712279
0.002218479539600263
0.0022203944484260447
0.0021746841971345137
0.002148385238048606
0.0021519145394786918
0.002101087585505399
0.002072216465239348
0.0020778331078569632
0.0021059925165942623
0.002117827896961162
0.0021530614945352265
0.0021486703218186283
0.0021481578761038747
0.002134900639534817
0.002141376734223656
0.0021399947249388326
0.002135674955636987
0.002102015155327068
0.0021351915736283647
0.0021605172277466556
0.0021572897514432507
0.002154469465919627
0.0021565531290944767
0.0021619133548070324
0.002158605045386334
0.0021457849292173346
0.0021073351585699715
0.0020941484159035725
0.002109518718753165
0.002110694000564742
0.002109890328058739
0.0021039515695438237
0.002097706358117155
0.002101844890838434
0.0020625222203615548
0.0020294876277421768
0.0020216971908019223
0.002018229849428213
0.0020046220176629594
0.0019808512016814945
0.0020138212680035953
0.002047111627693505
0.002055686405415471
0.002056499154617397
0.002069892673923763
0.002056461206519625
0.0021012709780306466
0.002117504475976192
0.002118105887697802
0.0021054528128853353
0.0021186871913620154
0.002125104999791281
0.0021140961756681894
0.0021138704911508976
0.0020933611352716448
0.002099322771149075
0.002093025415101447
0.00201731717088658
0.0020072383442232113
0.0020382545095884758
0.0020453326209603747
0.0020417337303814884
0.0021088946513402006
0.0020968447439372612
0.002096068459117022
0.0020913536450270147
0.0020873909205690764
0.0020849632162077214
0.002064329177374028
0.0020788587603960003
0.0020821471101121736
0.002050139238800237
0.002037444322394311
0.002029621904066231
0.0020280631579382264
0.0020518771478845893
0.00204857537147464
0.0020551671519488217
0.002053030287158399
0.0020778969038886385
0.002089773430711406
0.002095919340442594
0.0020892889721106415
0.0020882764418468334
0.002081070251026279
0.0020775962565052295
0.0020796200115772486
0.0020633769822857024
0.002016165611431474
0.0020236055356296387
0.0020726931293619483
0.002055950939623629
0.0020612509540849987
0.002122870871742067
0.002123229063945251
0.002130347047094801
0.0021161497989266396
0.002102690722847773
0.002092106189153345
0.0020998016511668354
0.002091622846525865
0.0020958269917537944
0.00210322746049834
0.002115200261899501
0.0020966321697473726
0.002111394862394368
0.002097752285527213
0.0020146804871808153
0.0019659257883271235
0.0019650410605711733
0.0019524667623384059
0.0020281859457505894
0.0020481635876405118
0.002040933429583982
0.002014333756162671
0.0019873315811867777
0.0019904494797129014
0.0019968669760618077
0.0019963868827714355
0.0019924778556086294
0.001984792997522723
0.0019072474277536
0.0019091594024797825
0.0019072909969824676
0.0019105540568739633
0.001909149193119355
0.0019046240882644471
0.0018994161825496084
0.0018918986303133847
0.0019037591615013204
0.0019015468889788504
0.0018861377889538916
0.0018806675763240993
0.001856768923321267
0.0018632011440797393
0.001880002671808356
0.001884435315203532
0.0018857056541746505
0.0018743723654012798
0.001861388654321633
0.0018674054644231784
0.0018673642346426042
0.0018610298063210364
0.0018741382716398302
0.0018697380695990337
