-0.0055154734291136265
-0.002022496424615383
0.0018799321260303259
0.001248716050758958
0.0007079749290520948
7.748131507209386e-05
0.005027412960771471
0.004359980385440091
0.0037358302972279483
0.003334198078267614
0.013437851889951464
0.01230462496795763
0.016153288468818312
0.014710506886088598
0.013827861268509876
0.013037516863893386
0.012231140460547367
0.011973521119216454
0.011300180175749115
0.010752018106619025
0.010032766930552576
0.009562394519098625
0.009209083585422677
0.008598038515192453
0.008297897898256239
0.007205169532055687
0.007006671217823165
0.006920336974997488
0.006880034929781684
0.006797117380624365
0.00654576063288914
0.007511321646179014
0.007587110042068695
0.007400133072016094
0.007025397910183527
0.006840934072750166
0.00826148291947136
0.007858752561449548
0.007655845678891635
0.007471180543844393
0.007674023376152727
0.007427739466947967
0.010827669969247918
0.010738243100705504
0.010691956374142572
0.010471611839943277
0.01025595229035995
0.010036875511494663
0.009820832836994666
0.009583570513795539
0.009391662011974122
0.009135269429089876
0.009121875443438678
0.008926997732619795
0.008812129656429791
0.008661959827709082
0.008579186983642382
0.008543001938590549
0.008467963975150872
0.008278005650399638
0.00814940835686772
0.007994724198180756
0.007856994042299444
0.007756786874849167
0.007649156986272742
0.007543914615929839
0.00748827863604032
0.007353725088857266
0.007210325531091904
0.007102511231570246
0.008115627426478667
0.008405662497664218
0.00827105640702349
0.008177204234816597
0.007826710686889492
0.0077435351463523054
0.007663900170229725
0.00726317653837363
0.0072658679916457886
0.007066350798449551
0.006990558198328758
0.006751129855608694
0.006728971801359353
0.006643447584236339
0.006261481446207927
0.006190317007094144
0.00611767234716932
0.005988335210664505
0.005928471015633678
0.005996698875585954
0.0068896970161680966
0.006763403928480035
0.006606939579332321
0.006688040282843805
0.0065419948549939955
0.006472685923916886
0.0068723996744071815
0.006835491492838076
0.006882162031179176
0.006706670878641191
0.006644239384032141
0.006574435789887995
0.006613382878990355
0.006535702307051645
0.006546538399698822
0.006587957046916773
0.006372558804219738
0.0063054032450613395
0.006270144678935386
0.0062888057270954634
0.006115976906260453
0.0060477008534038
0.005965662031756659
0.00611559775191025
0.006052086135994236
0.006291805494078692
0.006274860389952417
0.00648618731157367
0.0063426672463416855
0.006347457122253466
0.006307412576506231
0.006264390399463273
0.006182536349672684
0.006124472131195943
0.006067522521680941
0.00605034689513158
0.006002779517928047
0.0059644567523338445
0.005892400953934367
0.0058614262903463775
0.005996729704940773
0.005921552916128745
0.005865692730014362
0.005787965385361868
0.00569939374942324
0.005646385460610614
0.005598805856541309
0.005607803708908447
0.005838164369457187
0.005795610403914109
0.005739120175374566
0.0056836133296385765
0.005690347876174607
0.005691846338821304
0.005657679268128275
0.0056033847594873665
0.005533102246084349
0.005524696551695789
0.005485388307085184
0.005433668772139146
0.005401738065685144
0.0052837819401521
0.005234201222099894
0.005201234288688285
0.005120215142223738
0.005228076431432008
0.005190838835155372
0.005011884951987818
0.0048525876826261095
0.004816198671861735
0.004862002312160101
0.00482067990673319
0.004721509449820323
0.0046892622487961725
0.004660873261712709
0.004638580274484108
0.004632738555604496
0.004439162237360625
0.004412473502666485
0.004949705756981844
0.004891879288088815
0.004676239721174554
0.00477213216093322
0.004686524266684761
0.004681265143062775
0.004677389840515513
0.004663975042164434
0.004631415641693953
0.0045821615883242985
0.0045420041408544805
0.00453054028756534
0.0046555798875229665
0.00462542207309446
0.004586934331353011
0.004559764595082973
0.004531249061905726
0.004500340013072809
0.004386900521658679
0.004451247752302535
0.0044725482752903225
0.004468431227337532
0.004592322794229837
0.004571151212657401
0.004541628254847661
0.004527426787958854
0.004491714611633262
0.0044271204069170345
0.004418396950126379
0.0044014556052934485
0.004378415562830163
0.004344493560794116
0.004330895956139151
0.004314152498516384
0.004330052273871843
0.00432226623980542
0.004306895162097283
0.00427444569759945
0.0042639049970777144
0.004265995221413461
0.004312745277568205
0.00431202803187227
0.004295315982112846
0.004899378434601772
0.004835798469579204
0.004805610686061198
0.004775519951705097
0.004771983628023742
0.004735998372414699
0.004626712157551082
0.004593419594874835
0.004559558503748482
0.004650345963830256
0.0046246671305263075
0.00460314890114306
0.004568170763860484
0.004540179137660793
0.004509875844489312
0.0045057090968577355
0.004589284938771491
0.004603761976547752
0.004578242190855864
0.004555759846579831
0.004536842609588785
0.004534323254576638
0.004530017408874072
0.0045234422256960356
0.004490365229891625
0.004484210684209934
0.004465763553556223
0.004465504259039425
0.00444102337024553
0.004448641485295313
0.00442614948194399
0.004419106958173837
0.004418507854770579
0.004388969592748426
0.004301823169982765
0.004276389565070334
0.00425571747720824
0.0042778133025146645
0.004190612021129857
0.004144817651825797
0.00410968397678574
0.00409154230081043
0.0019371646184538393
0.002020942937707984
0.0020139836624155113
0.0019689666845399347
0.0019409116580601058
0.0018708649174441002
0.0018670844343877072
0.001841898955465184
0.0018338526619889797
0.0018189482778840184
0.0018239496802332199
0.001657395553998593
0.0016436082531262408
0.0016423098010335212
0.0016374454024319018
0.0016414679844257629
0.0016280391737649707
0.001522163804344396
0.0015216240419355781
0.0015225920251792937
0.0015117315276480829
0.0015210603089426985
0.0014388320764508764
0.0014195890988335544
0.0014144985033583825
0.0014305457739655417
0.0014371475454220508
0.0014340724497459722
0.0014262705071942854
0.0014206169617593156
0.0014206580499439934
0.0014889028177319632
0.001621748049855245
0.0016661062070531545
0.001660117020796395
0.0017412308866259789
0.0017221865155203921
0.0018384076273780037
0.0019006377301748322
0.0019020245185070637
0.0018513239774128585
0.001852088471000896
0.0018503360325551083
0.0017999557915582118
0.0017354825344227762
0.001734381596481608
0.0017244447772341066
0.0017247688464290983
0.0017810401270349125
0.0017689993490033714
0.0017567897950024444
0.0017661131297580252
0.0017502786985779215
0.0017380164438405817
0.0017251105205017003
0.001738582784862118
0.0017278515084072819
0.0017501961583693438
0.0017512816583843806
0.0017209874192116055
0.0017155212573027442
0.0017159051071198432
0.0017094205655243638
0.0017833459024931796
0.0017598672033955194
0.0017167597687380745
0.0017135317146267294
0.0017033877537033313
0.001689465026141049
0.001669578763830945
0.0016659063536292081
0.0016628167265483262
0.0016554529902128834
0.0016466719994282935
0.0016406247408833098
0.0015296356718355248
0.001486467948166415
0.0014891683297011938
0.0014281306183967753
0.0014995305787436632
0.0014980025772014713
0.0014829873247927117
0.0014264192062555148
0.001419184942262568
0.0014547883216865219
0.0014475036344497468
0.0014876121162511486
0.0014757718109217259
0.0017656958044997687
0.0018583340953952886
0.0017455325769070462
0.0017501249316546723
0.0017509634167933803
0.0017690077952713405
0.0016601375549258367
0.0015355834207042194
0.0015660057839464937
0.001521872605091438
0.00152193127968464
0.0014815181938719866
0.001450955668843474
0.0014004992575771785
0.0014968662152309773
0.0014332912570735653
0.0014238046325974448
0.0015584593921552522
0.0015308680063271507
0.0015103987227256584
0.0015154349364640653
0.0015078314011302582
0.0015125382859843546
0.0015260579237327133
0.0015118325061097449
0.0015820764946878473
0.0015841937855765498
0.0016052726701658564
0.0016069849332447528
0.0016109123281988192
0.0016235086504383395
0.0016228316915803626
0.0016145493612558794
0.0016028566028086309
0.0016193886178140083
0.0014380780379446123
0.0014377274503586787
0.0014352431054509113
0.0014328449861174277
0.001426940155941261
0.0014228778570479067
0.0014234321627897462
0.001435224710021339
0.00142263117593696
0.0014281234363675782
0.001373836251180281
0.0013601436578774653
0.0013580111908758283
0.00135982266575801
0.0013553720900814708
0.001362326475010856
0.0014294367523597221
0.0014531182228213369
0.0014525037403832815
0.000977161645036792
0.0009853224318588647
0.0010235801063936414
0.0010239911496868924
0.001020109284545654
0.0009828354787910865
0.00097662063142545
0.0009706529953774316
0.0009666937031876959
0.0009638855651360557
0.0009605248615294944
0.0009564083587561315
0.000963504352126268
0.0009549643146405266
0.0009492968014085152
0.0009538196580286944
0.000951993926947772
0.0009529689185746348
0.0009425411681674592
0.0009420244668617961
0.001147965744410563
0.001173930987045433
0.0011684749711137238
0.0012440731621704386
0.0012508473435152844
0.0012424782567995246
0.0012477929712643046
0.0012434517955647207
0.0012360769610089866
0.0012335275916241747
0.0012270646396322395
0.0011670655686220254
0.0011413786045057716
0.0011308944622278102
0.0013398161912745237
0.001278772245143897
0.0012430894034312506
0.0012086148817197918
0.0012284007244079919
0.0012173965616167433
0.001212493691044691
0.0012013499042387082
0.0010376197642306768
0.0010408525153182318
0.0010397686752325057
0.0010494207791713697
0.001051436015480145
0.0010847617198910665
0.0010935662617830477
0.0010875319418989899
0.0010848888288787128
0.0011175195125670862
0.001116946887195812
0.0011156301353788375
0.0011147175533809078
0.0011212934537863475
0.0011384085232528144
0.0011393282253386043
0.0011351679019769635
0.0011276481253281218
0.001149360599668215
0.0011574991303007862
0.0011504628642876008
0.0011476443755437165
0.0011404165226251307
0.001137358986882101
0.0010975366855181478
0.0010955486688994512
0.001099187078041476
0.0011153860778501236
0.0011177503413344915
0.0011081348854467858
0.0011056124615858268
0.0010820042186449094
0.0010812665373046261
0.0010751864471418434
0.001055371082499739
0.0010385016365877478
0.0010325667012732126
0.0010373943776937583
0.0010112244242949148
0.0009805852765748975
0.0009836694605686136
0.000988229008155162
0.0009388346018971799
0.0010097385650927539
0.0010122361364657778
0.0010185498549073685
0.0010148715017498317
0.0010173177161535852
0.0012080083939419338
0.001167549484155019
0.0011731942574349876
0.0011622410527895924
0.0011564175167178515
0.001133478437471853
0.0012019195477448773
0.0012622154120683947
0.0012582908543370146
0.001251969608907254
0.001281998059162419
0.0012754660818971044
0.0012702278675715232
0.001271137323979539
0.0013129455458753873
0.0013999112470881624
0.0013958662421929273
0.0013978449361932506
0.0013977366992613655
0.001396376735971544
0.001398286584594109
0.0014022187926514469
0.0014056298830837503
0.001402200480720642
0.0014069262219180724
0.0013976938033322863
0.0013919217680717511
0.0013859454030820952
0.0013897989279347588
0.0013997983092160033
0.0013964622846347685
0.0013908458470185453
0.0013631453363604357
0.0013545810331087966
0.0013516174909747737
0.0013444036421944574
0.0013522693262037174
0.0013417421194719219
0.0014516202143623435
0.0014484361505600475
0.001454014566454798
0.0014832259263725144
0.0014849663328655078
0.0016735452589996158
0.0016964126707056228
0.0016973127625478795
0.0019292831925446603
0.0019122884320350877
0.0019241298075044092
0.001920274984198507
0.0019247740822696867
0.0019055755059566352
0.0018750562322734554
0.0018786245227619023
0.0018460755931153162
0.0018372752575599779
0.001826288723711569
0.0018113487176762684
0.0017782706969101882
0.0017368890219609618
0.0017435165209330114
0.0017281269164876193
0.0017222912566053745
0.0017140031433549134
0.0017122815344418358
0.0017142175973697662
0.0017096838913306352
0.0017266857955758987
0.0017267405279369156
0.0017353225935243647
0.0017400132623490922
0.001746419425465961
0.0018541899125011719
0.001864621537532008
0.0017763578266130568
0.0017503264794645392
0.0017547731397871457
0.0017545155954080559
0.0017462702161033354
0.0017405607720225788
0.0017374940358601825
0.0018451721115539698
0.0018341782366629233
0.0018282642379883684
0.0018668713136658567
0.0018793498402215397
0.0018752431329275882
0.001859819923347857
0.001858650396532845
0.0018585121834335313
0.001859315007240341
0.001851907685230266
0.0018501934389295767
0.0018488841751902376
0.0018481754162813894
0.001845950774805432
0.0018428440284318267
0.0018407125620626171
0.0017945734684701453
0.001791242014187263
0.0017527990781970003
0.0017471446096269615
0.0017487708156680817
0.00174079685327024
0.001731158902891147
0.0017499743536289242
0.0018519665545284002
0.0018300386538123538
0.0018199211825159027
0.0018040693851295682
0.0018235629870962992
0.0018197497154259726
0.001827584515667697
0.0018309485784329116
0.001871919751112089
0.0019396693716340204
0.001947455386977066
0.001951633802961949
0.0019437768674389715
0.0019392344117464017
0.001932498852762654
0.0019174841667984463
0.001915483569192462
0.001890362456926119
0.0018949895516937522
0.001886051932994456
0.0018698991882598322
0.0018621503792980493
0.0018541318276303117
0.0018264798326286698
0.0018215615617592272
0.0018198009578046426
0.0018140958390323542
0.001809780190777259
0.001813642038594372
0.0017426563938037912
0.0017373140460968483
0.001797340377711228
0.0017929349455335496
0.0017898218669510693
0.0017851932681334168
0.0017060784952862573
0.001700693046240349
0.0016960744151983786
0.0017202522889350875
0.0017088190760592423
0.0017069482189304426
0.001704187649469477
0.0016891796211259056
0.001691652605954938
0.0016962242186301067
0.0016930074849136306
0.0016883930472090494
0.001644772992202126
0.0016399383325351178
0.0016379606682763962
0.0016375885906262148
0.0017766081836447325
0.0017098265097534413
0.0017069652202576775
0.0017051618481864264
0.00169830707712675
0.0016976650074558678
0.0017007908458681479
0.0016975283266286757
0.001687226286379478
0.0016819597845930034
0.0016753989439888684
0.0016727267886891247
0.0016914583850639426
0.0017015910945486165
0.001688814253259855
0.001696258525562098
0.001692253355255706
0.0016911235741650737
0.0017040777878017054
0.0017039890935738684
0.0017019754266598345
0.0017006657861737603
0.0017074877589633346
0.0017397147252714647
0.001701094417365828
0.001676332418002806
0.0016780180546397685
0.0016785819452815372
0.00167695637446606
0.0016852727973750282
0.0016815256285675206
0.0016703160676352477
0.0016695448651758017
0.0016612069839619405
0.0016780171802958238
0.0016755320486267682
0.0016988568394736378
0.0016963939799465812
0.0017180900472373321
0.0017197052841058627
0.0017438242580834296
0.0017401754976534172
0.0017385004023826316
0.0017356693121317168
0.0017335489974885229
0.0017312517478759264
0.0017391011004347836
0.001737829435361782
0.0017373064397499139
0.001734076992302726
0.0017296722331842298
0.001731482594581836
0.0017123691491981287
0.001722886102202096
0.0017207723726986976
0.001714464975905558
0.001712046886850155
0.0017098699736017055
0.001708727872685468
0.0017064450440164559
0.0017037415537336732
0.0017032488887898276
0.0017093660933173245
0.0015912135209452353
0.0015683757594599599
0.0015634521867110079
0.0015649048665410915
0.0015629324276090059
0.0015706020885632606
0.001568684846040759
0.0015663756723853573
0.001625415374972915
0.0016231990120963247
0.0016238610842974578
0.001622857479141787
0.0016212098048931222
0.0016189328552842666
0.0017214779049798093
0.0017141029826513744
0.0017117245664527627
0.0017095882605042763
0.0017069037108620078
0.001728842665502268
0.001725755110263504
0.0017253001512780306
0.001723485857645797
0.0017224019961566233
0.0017382527373323562
0.0017829898569503766
0.0017787892729880953
0.001773710551223845
0.0017653346026928294
0.0017638612272751965
0.0017285472627144459
0.0017140826202365256
0.0017132024847563375
0.0016944957445093655
0.0016952043094075632
0.0016851602313830304
0.001867046224575582
0.0018637554543956235
0.0018483086977449464
0.0018553911985249305
0.0018564127540181806
0.001850023333408587
0.001847044838873751
0.0018383415261198765
0.0018343414307252
0.0018277748569229795
0.0018249115201080938
0.0018214161103511954
0.0018085535999133307
0.0018047043792565904
0.0018024692883074481
0.0018034099324991228
0.0018030347656876064
0.0018029858604363149
0.002026644441758771
0.0019944482335448087
0.0019847878762229085
0.001972251959356979
0.0019710659824711315
0.001999637948832465
0.001998167165965018
0.001957180914552707
0.00195694045839694
0.0019525697204030286
0.0019475559561521394
0.0019594149668731905
0.0019484601824506656
0.0019451355369810444
0.0019446659528221475
0.0017262252795461638
0.0017238011635627647
0.0017228897572370298
0.0017189288467563614
0.001708410452279876
0.0017103262715354448
0.0017137778542762971
0.0017117538007424867
0.0017073713159681762
0.0017065163360839497
0.001710353792218505
0.001706418542424885
0.001704474482070425
0.0017189011043044508
0.0017137517785117348
0.0016949202420738722
0.0016901416538335672
0.001719455346475744
0.0017157529135627865
0.0017058831831925476
0.0017073558497265598
0.001710708350873393
0.001708492643537673
0.001710652456249594
0.00170119676536995
0.0017102118040191333
0.0017067248318991704
0.0017045133498782442
0.001704541041079394
0.0017051380355967382
0.0017040860814754618
0.0017076459087205693
0.001702243585536465
0.0017226634836086695
0.0017214666309416395
0.0017182092028163235
0.0016934564116707778
0.0017006418393803726
0.0016989602317817201
0.0016939143872382314
0.0016845004626959757
0.001673907897346397
0.0016748163008355843
0.0016867264533552465
0.0016805071960704345
0.0016779823958100646
0.0016760079700230048
0.0016625480747571068
0.0016496536682913752
0.0016516951616075094
0.0016467217727330764
0.0016493872845403288
0.001652525824078502
0.001682785403304974
0.0016839891617516584
0.0016763128606953636
0.0019061243564348453
0.0018835712083838305
0.0018831275542657761
0.001882472798496258
0.0018795835421596043
0.001874335031601981
0.0018681109008059195
0.0018663685796647272
0.0018915441911643383
0.0018874788341683333
0.0018892325676427618
0.0018893597637702785
0.0018864032842123145
0.0018841244391834188
0.0018969650242078814
0.001882929534282464
0.0018801258394975419
0.0019103916518232696
0.0019004233747992422
0.001902291923723795
0.0019012715132391991
0.0018990123842302265
0.001896699107431112
0.001896518310047139
0.0019032002490087486
0.0019015242616283198
0.001902214741497357
0.0019320632839882714
0.0019301892583642197
0.0019264262359314664
0.0019133636097256215
0.0019223448054651328
0.001917954039813097
0.0019120215868310409
0.001909878373153713
0.001911882073128269
0.0018577862541697425
0.0018558054757819688
0.0018548745486114669
0.0018402214221360774
0.001834562592604307
0.0018278484072919068
0.0018355985275369962
0.0018324762247785894
0.0018314833393509758
0.001826508872859752
0.001816110376632707
0.001810380289696863
0.0018056126022992875
0.0018041409569949012
0.0018030193784530743
0.001798522292691779
0.0017938974877920726
0.0018012941580978724
0.0017940083246058914
0.001791388227338595
0.001737617709348792
0.0017503604678904103
0.0017416455570665103
0.0017411677715648665
0.0017396302965360434
0.00173696684387059
0.0017263676281972916
0.001725525882079639
0.0017230396513852344
0.0017185287062424352
0.0017164739246061404
0.0017103273152962296
0.001706555020241777
0.0017066567347088423
0.0016974072646294771
0.0017294753700064927
0.0017223905248905794
0.0017222008610802938
0.0017470704687803198
0.0017553077116761213
0.0017441773902371546
0.0017376325231852738
0.001710613762739916
0.0017123646754331106
0.0017088107247004278
0.001703893204412096
0.0017022904964600317
0.0017065133005969083
0.0017029911455602612
0.0016935961629630065
0.001696454000228464
0.001684328211068416
0.001683148897672504
0.0016769195210062135
0.0016751748796549667
0.0016739433365618253
0.0016591756726847982
0.001648024684683795
0.0017689032247447014
0.001773841524685977
0.0017723977987348012
0.0017803582387396794
0.0017711163200889448
0.0017696217768654486
0.0017913764411510446
0.0017877142166147256
0.0017434486164804818
0.0017428898503505158
0.001753030000365711
0.0017551730864209458
0.0017096479177092895
0.0016445994344162229
0.0016559126093808243
0.001662020998308808
0.001658992437333585
0.0016463496726443097
0.001634597991609815
0.0016330983227786598
0.0016315135398247559
0.0016355750171148644
0.001646328802312897
0.001645071317248759
0.0017094415152763974
0.001709137879561624
0.0017113879646018513
0.0017141688788394889
0.0017168766735590946
0.0017148627440410316
0.001704174958334536
0.001700133164496516
0.0017006080211762978
0.001626390484807418
0.001624880799298413
0.0016277839036290785
0.0016255216568720286
0.0016234538862398406
0.0016215370258634899
0.0016381740256735213
0.0017239490929401604
0.001721843513313775
0.0017271795410036257
0.0017271312073679638
0.0017337680144003398
0.0017414048851617158
0.0017444305112327009
0.0017398490498293766
0.0017440468906305556
0.0017507322665521524
0.0017487116758792677
0.0017618046020508088
0.0017595901485747533
0.0017585168694198262
0.0018068767566529142
0.0018104576368085004
0.0018111529026634341
0.0018085233063382168
0.001801949001843972
0.0017937243712780747
0.001815751979902215
0.0018649648134794617
0.001863351952439012
0.0018706569702110526
0.0018983449679766506
0.0018975150614419238
0.0018983302317411553
0.001895520677888427
0.002384975746428437
0.0023833584367324726
0.002381421962424595
0.0023548230758046037
0.0023448516287164103
0.0023415421817917395
0.002338384528219661
0.002360648382466731
0.0023543608404722935
0.002352318278791207
0.0023512289618415347
0.0023510251513628637
0.0023528497102887737
0.0023722801341800903
0.0023711193551386044
0.0023678327961317706
0.00236728142439844
0.0023671287803757935
0.0023647701956822703
0.002381699216571369
0.0023732315908355913
0.002372326695898323
0.00237042666802086
0.002366318913247102
0.002362972706687932
0.002345456200304863
0.0023380702185416278
0.0023205948290971005
0.0023197773591372203
0.0023143835060182045
0.0023108667569098694
0.002307467697370712
0.002305931113220521
0.0023041073055548346
0.0023021491556856045
0.0023041156316978557
0.0023106420003625237
0.0023125237990303856
0.0023054580683091962
0.002301944538830905
0.0022998165562782683
0.0022945891925919035
0.0023087857293291538
0.0023067140579571335
0.002307330564495145
0.002305667187717451
0.0023042453814100675
0.002303433711764552
0.0023005018804045122
0.002299404992641468
0.0023022492688859987
0.0022916914139200746
0.0022880656507883405
0.0022790859369123434
0.002277213555477248
0.0022704291992011465
0.0022683073309272693
0.0022656789838504977
0.0022650864616717806
0.0022622957117656222
0.002260316080369348
0.0022594235733432695
0.0022598603952720914
0.0022564213266787134
0.0022550931829552773
0.002251993298066842
0.00224317382699164
0.002243253033866189
0.002234105240881456
0.0022254913559034595
0.0022108626278582438
0.0022053110457304955
0.00220142229133928
0.002199903479770466
0.002203065169736616
0.0021960566181482262
0.002188904320485673
0.0021888784989872656
0.0021870751392752377
0.002184985239831098
0.0021815114540283506
0.002192615943646386
0.002198172119487339
0.002197590993560673
0.002198040623962439
0.00220402074266733
0.0021996014708026666
0.002200396576609416
0.00219782096869952
0.0021981092694864047
0.002194210613613965
0.002192078170526685
0.0021898160285181802
0.002186738341626606
0.0021763993051867664
0.0021756465999564966
0.0021743696780128293
0.0021731487649358926
0.0021749698020189683
0.0021722542890344897
0.002165615221863714
0.0021618795522144415
0.0021631919385424626
0.0021606453956536462
0.0021586526868234324
0.0021551042402478023
0.0021527123602115544
0.0021546643550320026
0.0021530596218668754
0.0021493348120637428
0.00214471173592147
0.002142691141597087
0.002138251631756834
0.0021355627920427228
0.002133640900383211
0.0021228837424919116
0.0021401412847098654
0.0021385031796532987
0.002134233323745743
0.0021312529107544165
0.0021287744217554872
0.0021217715280616315
0.0021281897681584452
0.0021265294496201717
0.0021028059324226444
0.002102245755258993
0.0021037952390869238
0.0021044275855856493
0.002067110181742012
0.0020657525803594802
0.0020644467651598267
0.0020637862251736633
0.0020662943565412416
0.0020621816873064224
0.0020598112837582334
0.0020584649883431654
0.002060740645038458
0.0020636262946255464
0.0020594270376960507
0.0020570422238833015
0.0020543702211426396
0.0020513914869490033
0.002050759349427735
0.0020548746534908113
0.0020536889361618383
0.0020569548036419613
0.002056225705477864
0.002042403446794897
0.002045278178843128
0.00203654562562145
0.0020599985955850886
0.002058145244874072
0.0020656902027700957
0.0020661023840217833
0.0020660152159634997
0.0020640198032070532
0.002064990874978486
0.0020642433925546454
0.0020557247598679044
0.0020545291862424002
0.0020514022693548495
0.0020492562994417415
0.0020467441910642877
0.002046562339099446
0.0020423467037860303
0.0020294997470861336
0.002029375871950506
0.0020266491863714783
0.0020247800329924633
0.0020209343998506
0.0020083564993325326
0.002010664082347488
0.002009269702023574
0.002008526948217989
0.002007415968956578
0.002001636989411458
0.001998221408325992
0.001996390381041998
0.0019967680721640893
0.0019957160715098924
0.0019959015712981668
0.0019925131089398836
0.0019939606054515386
0.0019945264982378502
0.0019939357368717386
0.001992194784259605
0.0019924469431103218
0.001978252652902337
0.0019756574545593715
0.0019736520283225433
0.001979151004994138
0.0019767234000494355
0.0019748805328813654
0.0019713242515049063
0.0019718360784306923
0.0019717431761727454
0.0019692327180821805
0.001965506406195833
0.001968582011226483
0.0019619327605100594
0.0019948906740115237
0.0019892047218846797
0.0019839955925137734
0.0019818815329902717
0.0019790003416703243
0.0019749336949219766
0.001966360107645451
0.001965381382949442
0.0019550541418616937
0.0019443233948888599
0.0019442260372104637
0.0019406755094298284
0.001938338331973092
0.0019375866741390701
0.0019357297687950744
0.0019338871097896433
0.002028351083571287
0.002026554564676934
0.0020265796855142917
0.0020162740025652655
0.0020297288575708877
0.0020329094599051854
0.002031243975123987
0.002030012450897887
0.00202944702710668
0.002028307602676415
0.002027584575845542
0.0020236920370380615
0.00202243346549833
0.0020198819464555947
0.0020174204492205004
0.002015741383358701
0.0020172461271403676
0.0020165443789659093
0.002011238232979051
0.0020193557566830648
0.002028399507356635
0.0020279029500765242
0.0020629125785566766
0.002059904828705756
0.002053623526641792
0.002052222248597237
0.0020543041909552103
0.002051720721350935
0.002049015947232172
0.0020698371158599225
0.002067020893256211
0.0020658080722214733
0.002065952161402119
0.0020725891978595604
0.0020713700600815616
0.0020694680842744755
0.002068880565507255
0.00206459016942226
0.0020616149141934543
0.0020602305357111635
0.00205987712079797
0.0020604150644948013
0.0020610479404917564
0.002060519589925004
0.002058521452113112
0.0020569167048451625
0.0020544011357081842
0.0020482537897162315
0.0020465433473520903
0.0020386467695408072
0.002056100893224511
0.002068248443865801
0.0020783423945561785
0.002089314757356506
0.002076714064786949
0.002073504961314422
0.0020736097722252205
0.0021118648917488082
0.0021085066084779005
0.0021040862730720765
0.002106860483030993
0.0021070902391255235
0.002104014004362113
0.002098101871553261
0.0021015784361025367
0.0021002507223399167
0.0020949607969583707
0.002093323661202635
0.002090899929943284
0.0020877553184845982
0.0020914199701566735
0.0021180378165477094
0.002122568843302095
0.002117514908967456
0.0021175632396656747
0.0021164890701752567
0.002117865875320114
0.00211518387958174
0.0021079071113795323
0.002107764134213308
0.0021108229650953895
0.002108315262719507
0.0021084274330501634
0.0021061370702947315
0.002102337232148132
0.002113090592019159
0.0021112683354718976
0.0021105727093571947
0.002110813859033918
0.0021151037205709156
0.0021126260243189447
0.002074727407982431
0.0020834318842758177
0.0020816125129860196
0.002078454571613736
0.0020787085897726364
0.002077120619131447
0.0020721009308773118
0.002080129794183248
0.0020775717641591317
0.0020628941973217037
0.0020620890675162665
0.0020588916798094936
0.00206273540180149
0.0020587835238915406
0.0020574259790098297
0.0020560226912880557
0.002059775815232378
0.002057224171823708
0.0020585055456511787
0.002060076510934228
0.002055065342563375
0.002053184664885386
0.0020496748822106925
0.002049549027743646
0.002038045710214429
0.0020141086377876006
0.0020125605383628994
0.0020107543906566845
0.002009527113860763
0.0020079893551453636
0.002010205082964545
0.0020095016925790864
0.002006898924533156
0.0020081830097320777
0.002008513254669106
0.001997168597274901
0.002010180790264807
0.002003281337580486
0.0019981653172112964
0.001997069711662925
0.001995859331265046
0.0019958109090695074
0.0019994331859125177
0.0020100887576738075
0.0020087868840095546
0.002031513440274431
0.0020307066617495802
0.0020291998450454006
0.0020282052992977853
0.002022484421269919
0.0020258207809894595
0.002024631153035338
0.0020242697407936773
0.0020231978495815167
0.0020202841789023727
0.0019383389382707796
0.001932046103017602
0.001929459056148167
0.0019351121849387526
0.0019192803246383355
0.0019178746821799102
0.0019168276558795465
0.0019158886003755166
0.0019167193986384665
0.0019157947224101178
0.0019115902523946806
0.0019284235454745781
0.001926996215193515
0.0019260632241453685
0.0019218726834423854
0.0019468766424839148
0.0019434664692978255
0.0019420988623549279
0.0019418070925219773
0.0019397944967887446
0.001938203686247652
0.0019363047354519704
0.0019348776973979434
0.0019322402817203504
0.001927302762668387
0.001898719555289242
0.0018964209038008285
0.0019049647989328507
0.0018929568720913847
0.0018831711735254812
0.0018828958037658793
0.0018813001322640142
0.0018835787187907339
0.0018824714680632407
0.0018709232921992585
0.0018713416550196016
0.0018693639923333645
0.0018737788706761304
0.0018733040810974542
0.0018580629558478537
0.0018545821961196743
0.0018527601905133743
0.001857396770227533
0.001856617415651275
0.0018508553944960144
0.0018479085484794564
0.0018460257282509756
0.0018437039618629733
0.0018643426348393553
0.0018623013041529273
0.001863502066689138
0.0018563990499170723
0.001857856535836732
0.001855954401774446
0.0018475278605530707
0.0018465709389764474
0.0018450385493818178
0.00184375993821149
0.00184140928733297
0.001839530732308833
0.0017898883569875818
0.001788588760132149
0.0017943744427588778
0.0018037823886759398
0.001801118367753805
0.0018006445766351252
0.001801611261395634
0.0018021459207610366
0.0017978794003883814
0.0017972160120891696
0.0017953451743857136
0.0017908345161937122
0.0017888745910647687
0.0017754982136809895
0.0017735145457726692
0.0017710674272613364
0.0017689570473535586
0.0017684110470462893
0.0017646365268397305
0.00175916037017824
0.0017442802994778336
0.0016572892149958201
0.0016570692855032406
0.001661578131375389
0.0016603386040053053
0.0016583691424692717
0.0016575895677536816
0.0016577905108405278
0.0016576840658219004
0.0016309372487493359
0.001629578327163263
0.001636119099248141
0.001634108745868796
0.0016324553381328508
0.001695273527451724
0.0016584879443747864
0.0016573853978643016
0.0016556348825549985
0.0016555430985270316
0.0016558231083243842
0.0016606694684084592
0.0016572280594981995
0.001654554023921257
0.001652710490831342
0.0016483528889979602
0.0016494021691584526
0.0016627659961824426
0.001661525243817566
0.0016543591901208628
0.001622898611262326
0.001624940441659163
0.0016252382027019568
0.0016240755103725374
0.0016228075850189554
0.0016230673357750358
0.0016203831661859257
0.0016176551622909235
0.0016161018439429283
0.001612659702925961
0.0016136234681976057
0.001613488836356926
0.0016134140596317694
0.0016115567687811686
0.001614807722393923
0.0016153017043836935
0.0016159995840747733
0.0016176577613148011
0.0016141420322170097
0.0016153661178868691
0.001614779980859
0.0016081847822791268
0.0016054025347858145
0.0015998790211247868
0.0015984094204207684
0.0016029985920183504
0.0016011156658643582
0.0016043181829967009
0.0016058345784134304
0.001605162713314599
0.0016053129872299423
0.001602215725820764
0.0015963161560153185
0.0015946788831343406
0.001596299389745887
0.0015945452941402622
0.0015930473665852856
0.001589606487153023
0.0015783912307442557
0.0015745042039482157
0.0015721108983287849
0.0015748788445022139
0.0015766893573368136
0.0015767646794038613
0.0015759430657833252
0.0015740622449852727
0.0015741521592115538
0.0015826520578074298
0.0015803625097793885
0.001584577652807856
0.001595799893677257
0.0015949755904756514
0.0015554247257282556
0.0015567406976578367
0.0015649318539592647
0.0015703001290585498
0.0015674716308523282
0.0015765446298911653
0.0015757758713828773
0.0015800866310782438
0.0015791639709127482
0.0015650834845831556
0.0015582034697436803
0.0015575813491657594
0.00155815442025759
0.0015565152112747404
0.0015554055825359743
0.0015534042823933372
0.001551415510260109
0.001552862294112312
0.0015622008612960307
0.001561371468537153
0.0015598812765897213
0.0015644049652427919
0.001563472513169166
0.0015615448122806336
0.001552094673071554
0.0015662791426343356
0.0015740177296565002
0.0015929267807859142
0.0015901625830911164
0.0015895786531245177
0.0015891106793491808
0.001586851666423988
0.0015789363780922658
0.0015741193981810894
0.0015709262469190256
0.0016031974885324582
0.0016023433540871034
0.001601770523242306
0.001600613715971048
0.0015938343217341612
0.0015919513034871023
0.001591956482544863
0.0015860172395313842
0.001585185786957981
0.0015822422152436408
0.001581713129642349
0.0015820718073087244
0.0015514533817262283
0.001557484328539242
0.0015548740054647757
0.0015456343665261705
0.0015461842262811164
0.0015426814831217923
0.001543546133505136
0.0015419551835492574
0.0015322529238359207
0.0015306516399304132
0.0015298556411520608
0.0015313350438195897
0.001532026626728949
0.0015172860962138096
0.0015132995342253058
0.0015100219772533304
0.0015125691876431576
0.0015104693405809397
0.0015030808943757405
0.0015036523934645416
0.0015008301701108803
0.0015016017261625977
0.0015017848266593813
0.0015008767553836373
0.0014959535983736485
0.0014957675517850819
0.001491339752061097
0.001492527053286993
0.0014893396501710753
0.0014919559028087445
0.0014947687565559995
0.001484062072242461
0.0014948146156130587
0.0014943365491531112
0.0014907123987086682
0.0014887059681223055
0.0014875300384767523
0.0014851009816473592
0.001487916753801585
0.0014892181509883222
0.0014911338781507853
0.0014919236427036614
0.001489465851387067
0.001489471811645904
0.001486570668066946
0.0014881267894463635
0.001488175943826181
0.0013687694006438164
0.0013675449846969339
0.0013677527059859649
0.0013704685393296306
0.0013613512927903618
0.0013618043801745406
0.0013610411484057947
0.0013501296955754896
0.001352462348918774
0.001353380786872845
0.0013542262010810178
0.0013643882746700794
0.0013760827266460778
0.0013757295082591917
0.0013757693794693297
0.0013752540612885097
0.0013591211368595133
0.0014476960166362476
0.0014489966814539787
0.001445139015248977
0.0014444865893946226
0.0014434156749882725
0.0014426297114067269
0.0014408848569276314
0.0014384259102504726
0.0014360578093671659
0.0014353850179199647
0.0014364162176371442
0.001437213396585744
0.001441294270420961
0.0014430054236801405
0.0014392862817683095
0.0014384642227611903
0.0014369514983201888
0.0014395665296556114
0.0014381879772067125
0.0014369381067685112
0.0014368990058093636
0.001437151411832241
0.0014351110077051455
0.0014338953350561425
0.0014324302515311518
0.0014315392749126878
0.001430751886871206
0.0014288454814326873
0.0014283450326387569
0.0014263109465205378
0.001479149223631937
0.0014763095123249443
0.001477557921069418
0.0014693177886520613
0.0014677803530505499
0.0014669544469388025
0.001464773469947856
0.0014912827762836348
0.0014902345059280607
0.0014880050037901279
0.0014880376916183167
0.0014877640570947514
0.0014868852998216984
0.0014841908480179439
0.0014840029176222747
0.0014826592805602331
0.001488730930340992
0.0014864553320307746
0.0014829782848707349
0.0015877141690154209
0.001587317980019662
0.0015780842616680156
0.0016014307406941493
0.0016000340894453226
0.0015989219980738821
0.0015986774053776897
0.0015670930086883784
0.0015645240743747842
0.001563543923096771
0.0015618412574254963
0.0015600259562823637
0.0015589614568578545
0.0015627630230158885
0.0015730385130326922
0.001570447605677837
0.0015734915396238775
0.0015725628785537651
0.001571524656398807
0.0015750590084187464
0.001574935648157781
0.0015708253185879129
0.0015699164987189077
0.0015678294343923285
0.0015305920607264969
0.0015310474923890206
0.0015290758549102554
0.0015224279374341
0.0015205904547535775
0.0015202092750800141
0.001518050726839908
0.0015157409224389059
0.0015168957197197934
0.0015167539668844946
0.0015101332500962272
0.001508344028977789
0.0015074688670459236
0.0014811545131275302
0.0014913058425992493
0.0014896436916433321
0.0014874737859464139
0.0014866902963359243
0.0014864903736367511
0.001486358433267639
0.0014867214254541284
0.001485599419021333
0.0014840540676240646
0.0014804411755851142
0.0014818248599835816
0.0014776707208084036
0.0014797257426245652
0.00147972946903638
0.0014795227347811923
0.0014785152559380762
0.001496588437473921
0.001495675191667001
0.0014949249860180325
0.0014978216016032372
0.001500055903097369
0.0015003305017025547
0.001499612102324481
0.0015020780740716156
0.001508447282618761
0.0015103380926869343
0.001509707393472543
0.001499701369542384
0.0014981884977873343
0.0014958771600212543
0.001495538871967166
0.0014944015336495503
0.0014937250381586705
0.0014922284732444015
0.0014919712036332525
0.0015004328187190879
0.0014991038761061936
0.00149798748956262
0.001496369610842891
0.001496365554410198
0.0014958074467785313
0.0014948874231570102
0.0014958071804066263
0.0014942605466113444
0.001492134020447173
0.001515255965105568
0.0015158186812500448
0.0015099758159697943
0.0015163606102370462
0.0015144119805688698
0.0015141947412157899
0.001513604937644318
0.001507553936324883
0.001524593744923097
0.0015237490008969924
0.0015198045008596149
0.0015175111567787229
0.0015149687617393827
0.0015217546513661767
0.001519641792180319
0.0015177225125109941
0.0015175194108086843
0.001517479242776933
0.0015179450205816355
0.0015143945410712285
0.0015161665609741905
0.001515114320405562
0.0015135606138424926
0.0015233959757056399
0.001515329369848936
0.001515880825045539
0.00153599348566676
0.0015280033633133354
0.0015273131741929354
0.0015265313897808031
0.001526504662890512
0.0015220359586903345
0.0015185282204282116
0.001517424339338929
0.0015167684117795815
0.0015203576969972086
0.0015196884198751873
0.0015215738759445647
0.001520669913251079
0.0015200558995153795
0.0015224889874495997
0.0015210859166026635
0.0015203731083937124
0.00151831328320846
0.0015045480308897854
0.0015015668871064204
0.0015010062069282612
0.001501404947876168
0.0014943116088795188
0.001488039744672982
0.0014844944333570651
0.001484488398386478
0.00148036908272533
0.001479346245412104
0.001478715184699974
0.0014758064123194623
0.001478805767645542
0.001479243718063693
0.001457345125454955
0.0014578289757212464
0.0014550808171038385
0.0014521031042763293
0.0014520837182396668
0.0014540072202539472
0.0014566131091113721
0.0014580404879980199
0.0014573122410133444
0.0014597858602114027
0.0014582329511022452
0.0014592944281905723
0.0014672979847649805
0.001465289279201096
0.0014644342900789046
0.0014626956330386015
0.0014819478087134512
0.001481139484363778
0.0014782299368662746
0.0014774296104444551
0.001475482705688299
0.001470734695656417
0.0014690637457027871
0.0014669158192149926
0.0014674975480980024
0.0014877746579971332
0.0014874276542727884
0.0014891237196747319
0.0014862261472716343
0.0014856489848383517
0.0014840912257752538
0.001481926586660652
0.0014808420993559473
0.0014785071866155036
0.0014770788845173105
0.0014718644102379988
0.001471719733103477
0.0014695134830985973
0.0014688584119072166
0.0014680399459810877
0.0014673075380256452
0.0014667603709430336
0.001466196210774002
0.0014661683510275995
0.0014716409248129718
0.0014718447727076558
0.0014712450422407304
0.0014694363950420106
0.0014698484531206967
0.001472893302464573
0.0014761913924365663
0.0014768169619651787
0.0014771817105746889
0.001476345761907824
0.001475704606618713
0.0014735433559175308
0.0014742402118844138
0.0014736092823088515
0.001468753059312153
0.001478019289673723
0.0014810304564792714
0.001480413241097267
0.001480938237998545
0.001477447413935758
0.0014768394061136071
0.0014775517918856466
0.0014819437771536432
0.0014995412816321036
0.0015008428976226841
0.001505323944948263
0.0015042397598287183
0.0015018166108059213
0.0015006453211033502
0.0015062317238833966
0.0015005697603452932
0.0014994219030536671
0.0014954746987311744
0.0014924330253685374
0.001490904007319093
0.0014889387888686527
0.0014846270415321701
0.0014829915607754778
0.0014800483161213022
0.0014769068535443613
0.0014787806620071456
0.0014782777995640413
0.0014780172132094812
0.0014765947958254497
0.0014784222350330653
0.0014775193981041274
0.0014954511159479536
0.0014914636537569055
0.0014915967269336016
0.0014932306993705813
0.0014928143966560228
0.0014880199610564984
0.0014872134618691998
0.0014830404633754677
0.0014836186848230417
0.0014770081526081578
0.0014751204604250316
0.0014738512908384876
0.0014797210026224897
0.0014821058848080867
0.0014806977181370288
0.0014795710483501404
0.00148484143167515
0.0014829289366644282
0.0014832240036175336
0.00148245666123632
0.0014827783476241794
0.001481349484782309
0.0014795540837284637
0.001477291745443763
0.0014754463260603199
0.001477601259658479
0.0014774971403110416
0.0014768652886777256
0.0014761729389182535
0.0014752381742680425
0.0014769650742633852
0.0014765113424932074
0.0014754404919656086
0.001474054092946798
0.001476402132095332
0.0014640358945480674
0.0014623916451067338
0.0014608146323928065
0.001460541687035679
0.0014612632028120612
0.0014607601450687244
0.0014617445804861544
0.001460239323671857
0.001459534632272899
0.0014704317456950815
0.001469057396896865
0.0014701738293041381
0.001469805376475093
0.001471484387367148
0.0014700095909428112
0.0014702612419900546
0.001466245729250437
0.0014623344853383832
0.0014744291692296455
0.0014732337458581764
0.001472464003081454
0.0014760765686622176
0.0014749973746365729
0.0014770603439234647
0.0014681425803309243
0.0014671002941636028
0.0014651240059392514
0.001464456239391356
0.0014651872134811843
0.0014636868340307347
0.0014568602627848103
0.0015848377106775378
0.0015839020717648678
0.0016036960023383224
0.0016053383598140822
0.0016045916588801421
0.001602906918367698
0.0016047633925301893
0.0016051960001727324
0.0016038949444352243
0.0016005748857405562
0.0016160825203490002
0.0016148473448659786
0.0016139725110499669
0.0016142965132603865
0.0016144187431757176
0.0016115731624318217
0.0016123432368604189
0.0016129172567961654
0.001607542171446549
0.0016075387521927132
0.001591556352289452
0.0015910518338327052
0.001595559534476205
0.0015915554421816792
0.0015909106851582173
0.0015806325117428068
0.0015794050004956212
0.0015792932132556946
0.0015803930330653504
0.0015785684217554084
0.001577705802837433
0.0015767976390104878
0.0015765134092572402
0.001575952872870229
0.001574380859174701
0.001573568771454487
0.0015712945443158341
0.0015702305421308024
0.0015891124220450083
0.001588236439651717
0.0015911083826970712
0.001587149443790868
0.001593930575343266
0.001595864254642057
0.0015949312138998136
0.0015950316237397396
0.0015908220023091073
0.0015828978298500114
0.001584509153434766
0.0015840168783056597
0.0015809236133214586
0.0015821374917163913
0.0015813652283410715
0.0015804400835350847
0.0015788757292706371
0.0015782669001772026
0.0015792550951363707
0.0015802934589656638
0.001579938548593172
0.0015788828629876926
0.0015774616517231104
0.001576049904533808
0.0015775149336031886
0.0015794708351882683
0.0015677839491511983
0.0015686361068201577
0.0015659034942741039
0.0015630473823985511
0.001562076210524274
0.0015646584315084434
0.001563744759683433
0.001564146267866439
0.0015634920406786986
0.0015547022496900098
0.0015560255655138635
0.001554028860805485
0.0015532990789991175
0.001554892540523327
0.0015546766606298178
0.0015544889303912132
0.0015680345682193748
0.0015664435547605605
0.0015499966534664445
0.0015484464338433356
0.0015466006817737017
0.00154602893599606
0.0015420439102113367
0.0015412956618339724
0.001540547441265889
0.0015400319246372273
0.0015396538909101727
0.001535427879141914
0.001535062657578271
0.0015341170471016455
0.0015273920187191723
0.001525915525186847
0.0015303418444634021
0.0015302497863312722
0.0015279499082819202
0.001528648164363972
0.0015285764869876878
0.0015281480503102868
0.001528484374578656
0.0015273427354112132
0.0015242351913878748
0.0015205960405585133
0.0015235173197354268
0.0015217399273868728
0.0015206902600899362
0.001525872039357267
0.0015242671892652037
0.0015291690951673405
0.0015281878412128959
0.001529211672509327
0.001528243097408214
0.001528855892720632
0.0015278065389495105
0.0015259665650587898
0.0015115764547251403
0.0015112727429184378
0.0015116336626449557
0.00151213738239544
0.0015109451992206609
0.0015042323490417737
0.001503860635086153
0.0015044711311981837
0.001502598015950099
0.0015029028050710343
0.001503018207485804
0.0015021918812072033
0.0015029656931322
0.0015041089824142898
0.0015009385828036062
0.0015002190820902256
0.0014986999038275116
0.001498139043944054
0.001498267095482047
0.0015017349266624046
0.0014998535060415544
0.0014960629352998933
0.0014942698359065485
0.0014936836043870855
0.0014949941808893538
0.0014772654866405598
0.001476158626192536
0.001473252886028965
0.0014744855558977302
0.001475079827780869
0.0014764121038482883
0.0014771088599959497
0.0014767975498946146
0.001476421488795473
0.0014751069756919943
0.001473963644872827
0.001472537540048943
0.0014728975461157428
0.001472516494452834
0.0014718950937842033
0.0014584677943046504
0.0014493517087434793
0.0014489939885125513
0.0014480053828094923
0.0014457801248228546
0.001443904178449545
0.0014437712669596015
0.0014443807733713996
0.00144388735214813
0.0014437599135718093
0.0014427503928088087
0.0014415905258079317
0.0014401396128697313
0.0014443671763105235
0.0014450279991512123
0.00145354736302022
0.0014517953010086666
0.0014418151489574728
0.0014402925816572505
0.0014244591499548618
0.001424300820146568
0.0014139030734300723
0.0014105462120235354
0.0014058807436107786
0.0013957257797335024
0.00139710498964307
0.0013947845456094734
0.0013984097547327793
0.0013980904594599111
0.0013819954667006996
0.0013814800058038659
0.0013756185593955955
0.001380218490565347
0.0013781219401313059
0.0013775312283565522
0.001372514998290149
0.001372215604163851
0.0013710594558516342
0.0013702254254090464
0.0013707138460643275
0.001371032398014162
0.0013736219756347288
0.001372864002837926
0.0013719717694367353
0.0013705115992331696
0.0013707692022344373
0.0013703254098357816
0.0013681817826557427
0.0013685137884769589
0.0013671318920337409
0.001363229365165572
0.001361058185241516
0.0013600305856087114
0.001370695756132572
0.0013695458922487996
0.0013674632482318005
0.0013666772824790041
0.001365667585842405
0.0013648906131020894
0.0013710391664431077
0.0013709705673603742
0.0013716636506216251
0.0013715317355124002
0.0013711047409487485
0.0013527774231010788
0.0013508704890942008
0.0013566969260705606
0.0013572968101040965
0.0013546412394737153
0.0013579158957022495
0.001357975162318491
0.0013571076527538416
0.0013595959100427609
0.0013589084810469658
0.0013578737186077214
0.0013568858405720234
0.0013519229856998908
0.0013706884089560644
0.0013697831043487454
0.0013701707733032118
0.0013945818491466915
0.0013950677669698787
0.0013968832335422645
0.0013960115402714176
0.0014081011516240737
0.0014063581950306654
0.001410447151217828
0.001409678706367486
0.0014084305312223456
0.0014077404384634966
0.0014073348473623844
0.0014044746278941349
0.0014035458546220148
0.00140094945493877
0.0014001151165111139
0.0013997849373546907
0.0014025971899064345
0.001402181658616555
0.0014024219213305286
0.0014015463865963361
0.0014000875748964607
0.0014014146069753833
0.0013963834555507507
0.001395107623929871
0.0013948189583361784
0.0013896420463964565
0.0013907423211245806
0.0013893639980372954
0.001384281091171613
0.0013835487072443677
0.0013847664039901295
0.0013853622875998521
0.0013865756547116223
0.0013869555112628377
0.0013868957181815099
0.0013909979240316302
0.001391054465789545
0.001388483293663336
0.0013886045547445076
0.0013858081291531002
0.0013851824187812195
0.00138592526038536
0.0013816858602358228
0.001379357454765445
0.0013756449307292446
0.0013746569680545462
0.0013745103887734251
0.0013734787343575633
0.0013631847853421484
0.0013682846029693058
0.0013673134896972224
0.0013664032872765111
0.0013609699948140762
0.0013596924390348417
0.001359225792576246
0.0013614392241585525
0.0013594014925260062
0.0013540976267768417
0.0013531817268976438
0.0013527724789906322
0.0013544903582242951
0.001353826221530769
0.0013535915798386752
0.0013523743077240907
0.001351284473042778
0.0013886276453654014
0.0013870701588131944
0.0013872773192688023
0.0013871321784314316
0.0013868250732471618
0.0013893821360119003
0.0013844425276002446
0.0013883186176317252
0.0013886058714647266
0.0013899700864949847
0.0013892683631800847
0.0013863939224943033
0.0014103441663677022
0.0014116864704894947
0.001390983514714163
0.001390194408297227
0.0013900003948538275
0.0013930436207941158
0.0013929742548267007
0.0013861769653025872
0.0013854532683543867
0.0013845115709690636
0.0013813861107258218
0.0013805598991538212
0.0013792836410536494
0.0013796715504400558
0.001393128489406575
0.001392961961475499
0.0013960801475801001
0.0013957293536414018
0.0014040056780095349
0.0014044414495020846
0.0014043094579518352
0.001424965563258919
0.0014207782068026463
0.0014129269098774515
0.001412217899679329
0.0014110910065356355
0.0014111793221619606
0.001410888196353721
0.0014108426392754683
0.0014099230866216666
0.0014086797022847708
0.0014085112722107538
0.0014079375892515887
0.0014072452576956557
0.0014111779704067717
0.0014092605863995137
0.0014250220405925729
0.0014264832842052566
0.0014256990351821095
0.0014286594214596537
0.0014329211721983085
0.0014316999850040831
0.0014303445008468033
0.0014347861304129983
0.0014338728300417956
0.0014357242525633851
0.0014347160400397848
0.0014293041916610418
0.0013494156313267475
0.0013427187694120453
0.001324805388909367
0.0013255648538431366
0.0013253448742733401
0.0013341383527708053
0.0013469883315601792
0.001349084785655586
0.0013457505856306062
0.001348147288250813
0.001347914416329972
0.0013459732169230785
0.0013456268155587563
0.0013454938533992889
0.0013449239696582903
0.0013447159956435546
0.0013502543412081875
0.0013500454205180642
0.0013498592981939577
0.001349654389689681
0.001346081944566161
0.0013457060085321538
0.00133598403603235
0.0013354289602838351
0.0013343386641384747
0.0013334929646217652
0.0013370145410414914
0.0013376409363258914
0.0013323950788801887
0.0013321117551156262
0.0013314481367341915
0.001328874600542245
0.0013275579907076082
0.001319220609335778
0.0013185716498667873
0.0013157173677116807
0.0013156711834815889
0.0013149083947355392
0.001313767078366741
0.0013125328384587015
0.0013127609415421171
0.0013102606382145406
0.0013089553003982392
0.001301011761080969
0.001298070684958233
0.0012937141260905604
0.001291203183950987
0.0012932701742132437
0.0012951428522453806
0.001294092322703274
0.0012937075880579193
0.001293236880517869
0.0012929397619133463
0.001291860854411595
0.0012938748595189228
0.0012938479294678654
0.0012928722383548272
0.001292744705055601
0.0012894538786593131
0.0012889179904494565
0.0012878165781361709
0.0012877646885821284
0.0012867053332881067
0.0012766193040090453
0.0012764702506523596
0.0012757223422600775
0.0012748526589844694
0.0012751677172330984
0.001276485197496796
0.0012755130940422684
0.0012748872903637712
0.0012760550015495297
0.0012757783851711755
0.0012752223375259728
0.0012678642082403955
0.0012673562531595483
0.0012655877206198475
0.0012605482229237335
0.0012609029289998206
0.0012602792565176953
0.0012602109433337211
0.0012598547629047768
0.0012678624180439363
0.0012672869994442765
0.0012699821300583487
0.0012701795913234828
0.0012902394938920814
0.0012894064054771003
0.0012886010928581592
0.0012965199959811624
0.001298482200301739
0.0012978173895342921
0.001297566895141712
0.0012986302180013028
0.001298441554496321
0.0013010887162300145
0.0012996060652804098
0.0012995943995043836
0.0012991814123323978
0.0012991933298145098
0.0012988775274103556
0.0012977297605434191
0.0012974170713859472
0.0013001330548759239
0.0013000076027359724
0.0013000771709561097
0.001299787158722896
0.0012993523042542725
0.001298401480385321
0.0012992462168977435
0.0012982313796441464
0.0012887637135654843
0.0012850601457006514
0.00128012293653573
0.001280109107122164
0.001279875354149254
0.0012798344123617056
0.0012789117931534724
0.0012975176110418855
0.001297356040698978
0.0012966338443714928
0.0012993131885983343
0.0012982964412979678
0.0012981697143264366
0.0012980233623017094
0.0012976378617652407
0.0012943010760258777
0.0012936859295035082
0.0012935600965542863
0.0012970122946934376
0.0013084654776978684
0.0013066204572875747
0.0013064144152580817
0.0013081835713009847
0.0013083237369820556
0.0013076140970447524
0.001306190894534127
0.0013046073846179735
0.0013023725625011108
0.0013007435265200002
0.0013006142043275732
0.0013000438952250263
0.0013136980637462386
0.0013131779843869608
0.0013132173380661749
0.0013118968153450774
0.0013108926663241564
0.0013187547197449606
0.0013166303727281657
0.0013208329468983857
0.0013204470379149273
0.0013153026495351856
0.0013153059625689919
0.0013168660620938542
0.0013162935683721792
0.0013156472149246931
0.0013149215202001643
0.0013143825096323528
0.001314613823388719
0.0013132895327244481
0.0013145479991685393
0.0013161296919249918
0.0013153278018158744
0.0013237420266572423
0.0013165563097418756
0.0013161473244104245
0.0013145770281944608
0.0013139857014962638
0.0013138758282309703
0.0013157556712979088
0.001315212524521606
0.0013144540158727385
0.001313900919917813
0.0013130351877354632
0.0013125677022622518
0.0013109340254034325
0.001310329342687685
0.0013097006309177245
0.0013082677366882383
0.0013103456341705187
0.001307768034017842
0.0013070835853668046
0.0013071160975096775
0.0013055882651450104
0.0013043160895033015
0.0013054933568223913
0.0013040070408724613
0.0013044383031985192
0.0013028263525132941
0.0013018400836042737
0.0012967933353037761
0.0012995244594715466
0.0012998579817253136
0.0013005965297702082
0.001297701728578745
0.0012988852185534714
0.001298199632250056
0.001297278070150558
0.0012972201598733999
0.0012976024166572592
0.0012972134528899618
0.0012965403899941467
0.001290541349093057
0.0012892002500019708
0.0013148329803215268
0.0013194709084530323
0.0013189590695205213
0.001319073448368461
0.0013193890112275358
0.0013183777330235036
0.0013180524208468362
0.0013161711663232266
0.0013143831334323907
0.0013140619437810284
0.0013149504181205088
0.0013151199754597679
0.0013282121904842174
0.0013278875509432464
0.001326237571299539
0.0013223114512316094
0.001321946288298135
0.001320084608584006
0.001323089000983657
0.0013228289105637985
0.00132472602674339
0.0013247688822565099
0.0013238354325574746
0.0013220588957245135
0.0013220198314680338
0.0013225885271684864
0.0013154867781501544
0.0013153456221761165
0.0013144461096641863
0.0013132874410019
0.0013133883848442923
0.0013062774607973079
0.0013054460661251896
0.001304771884682744
0.001304372283468793
0.0013045362426545224
0.0013030688037251592
0.001303154093598658
0.001302003663651929
0.001301160873787993
0.0013005113348132382
0.001299703168277903
0.001298861342563239
0.001297903636449777
0.0013023344711543385
0.0013017662662419662
0.0013023485003320135
0.0013041247321085039
0.0013047775997444611
0.001303339109383903
0.0013038186353362756
0.0013021486738061165
0.0013020508571586977
0.0013012129754341822
0.001300319000054063
0.001308218632015381
0.0013075407736816442
0.0013070949944326755
0.0013129244373829767
0.0013127261065367037
0.0013123034775269478
0.0013128038045941487
0.0013117211234222397
0.0013118203957655063
0.0013155250967502596
0.0013191044150718612
0.0013184599528110073
0.0013265439928238554
0.0013259749461387005
0.001325171026064203
0.0013237579377364367
0.0013265452417590127
0.0013264683714456266
0.001325960575889702
0.001338548581254801
0.0013323014546228994
0.0013284571159018278
0.0013269017953013702
0.0013267499267538311
0.0013265239272115454
0.0013246299973417848
0.0013223167104330048
0.0013186883633055713
0.0013165059219061818
0.0013156370418875621
0.0013149398621156313
0.0013142966860828764
0.0013137019952351781
0.0013125779302654093
0.0013119017175514892
0.0013120685593754789
0.0013112696110094788
0.001311275068554858
0.0013105015553180254
0.0013102036262005276
0.001307716483729662
0.0013072219524990116
0.0013066782644678132
0.001306031013939101
0.001311613750017353
0.0013093631094184498
0.001306456010867577
0.0013046573436129695
0.001279497926876563
0.0012793714344798224
0.001278991706636048
0.0012786194124985697
0.0012774255692368903
0.0012770807153431641
0.001276346640908208
0.0012759426885576852
0.0012768232747532061
0.001276501802980379
0.0012760834858096491
0.0012753790652146578
0.0012757199763885785
0.0012749391530212269
0.0012746295293571388
0.0012680854249664745
0.001268149036605736
0.0012666232261458635
0.0012661278794633894
0.0012663646837994219
0.001265547358829584
0.0012637669915830073
0.0012647280009901957
0.0012681030011281295
0.0012678026541957366
0.0012665387810134757
0.0012650991543068978
0.0012553259535437599
0.0012547181129529362
0.001254427828647784
0.0012534754817272319
0.0012530880804105104
0.001253355748300137
0.0012536400279128637
0.0012507770973931456
0.0012457541030247486
0.0012454314114869831
0.001227012852654918
0.0012267136847535095
0.0012261542938400356
0.0012290310975393635
0.0012286767007922972
0.0012282481207313552
0.0012273335811482313
0.0012246723203460064
0.0012238764052736827
0.001213513515207558
0.001218526367539936
0.0012148199818362835
0.0012233865935077316
0.0012240712029085864
0.0012237110820391124
0.001225873198064838
0.0012335724482360616
0.0012318111978281677
0.0012309856698064108
0.0012336411512087037
0.0012332506449819535
0.001239218823002794
0.0012356850555135784
0.0012351867204348354
0.0012348804033985017
0.0012341287520087267
0.0012341432164294207
0.0012316773499053456
0.0012314091393835437
0.0012300959432932543
0.0012216301498459356
0.0012228111374542436
0.0012229578000551003
0.0012225964147581777
0.0012222255569596372
0.0012165566222593783
0.001216359056257544
0.0012161060442435914
0.00121625133855265
0.0012161017023177205
0.0012160665251281456
0.0012167324775482764
0.0012082008760512391
0.001208123088977992
0.0012066426289965137
0.0012105878027251964
0.001210784786324122
0.0012128330471458584
0.0012115169316543534
0.0012165517660491143
0.00121673637432606
0.0012175681763312936
0.0012239817596015115
0.001221802759528725
0.0012306661732448194
0.0012303639907174486
0.0012195225709986345
0.001218135395133171
0.0012166520281551732
0.0012065783504577095
0.0012061020594533465
0.0012051931887893923
0.0012126471137531905
0.001218377322745297
0.0012184420048315834
0.0012124768548756955
0.0012121601096119216
0.0012120265755395504
0.0012127507453458886
0.0012117023181582223
0.0012088954848637
0.0012082711183213646
0.001208103821942577
0.0012085254788800678
0.0012078384581323727
0.001205610930909141
0.0012034787297105995
0.0012035742386055873
0.0012029674427429936
0.001203271478594795
0.0012028727985384233
0.001203295104254533
0.001201997418777107
0.0012029855737874062
0.0012029299945456543
0.0012024168196102115
0.0012017648605054277
0.0012096695722888138
0.001211519726178917
0.0012103371192960111
0.0012086629947045877
0.001209446100126551
0.00120964540555412
0.00121017165260881
0.0012117307329240884
0.001212313311090048
0.0012133649065306595
0.0012108242412384113
0.0012167535162491134
0.0012145724056167866
0.0012107377856170904
0.0012169886969781347
0.0012166074836619117
0.0012152118220979335
0.0012145562892982786
0.0012242040593845244
0.0012247270378141016
0.0012258879602401371
0.001224365482522445
0.0012242160881951749
0.0012368950883696293
0.0012379164778105443
0.0012385183361255444
0.0012392791630467484
0.001234960926089483
0.0012347450570550488
0.0012229699518427545
0.0012223963726934802
0.00122290975632625
0.0012203361930713322
0.0012041222851752686
0.0012068060802432033
0.0012104331687666722
0.001210676214585144
0.0012104566065814608
0.0012080964683274377
0.0012038443082501445
0.001203196745479215
0.0011915608639825215
0.0011909363759222051
0.0011908036824068715
0.001189685173110008
0.0011895594020000133
0.0011905402913876208
0.0011897255930196312
0.0011903180626602853
0.0011944592039262766
0.001193700987117979
0.0011931963863750883
0.0011896769203912523
0.00118948327804781
0.0011872174962658639
0.0011845072433342252
0.0011951079897480007
0.0011946965574874148
0.0011951521346099787
0.0011956339064661465
0.0011939478947970983
0.0011920948456302816
0.0011914289276911717
0.0012119039666663011
0.0012109353773895836
0.0012110306550455845
0.0012108067266172954
0.001206947771883872
0.0012084669629282264
0.001208313510544799
0.0012082414645087874
0.0012141527560089952
0.0012136993677379936
0.0012135312505700822
0.001211350785201593
0.0012158270031182323
0.0011972942559989347
0.0011901591584966035
0.0011892215452286828
0.001188762966399846
0.0011859019591363858
0.0011862459248189667
0.001186009059741117
0.0011821992076612383
0.0011858641752421847
0.0011847336473822208
0.0011845505489750509
0.0011837601540469647
0.0011831396266307236
0.001187467649966469
0.0011838125467691642
0.001182624600524493
0.0011922938787699985
0.0011922578252282167
0.0011924872277909251
0.001192012008159862
0.0011918044481463532
0.0011913360159121456
0.001191621900333223
0.001191503450638131
0.0011933035470113875
0.0011939698797809315
0.0011950596380058528
0.0011965666912524301
0.001196865791526195
0.001198914962907522
0.0012030829841526633
0.0012026059216262727
0.0011951092047023152
0.001196027461987033
0.0011983213943364919
0.0011978762555688446
0.0012022278566343543
0.0012151092414556936
0.0012150262388290743
0.0012124911460071068
0.001213590121025065
0.0012185561480844976
0.001219244844288781
0.00121922760383812
0.0012140820044890866
0.0012133830653860123
0.0012124563450555078
0.001216604470910282
0.0012149814341333343
0.0012148561459023911
0.0012144382712616724
0.0012144827682320238
0.0012138323056967608
0.00121349087449192
0.0012139644182393905
0.0012075494977724346
0.0012068846361772386
0.0012064501885842296
0.0012062198787670584
0.0012067589242058382
0.0012062023968635485
0.0012057575596671338
0.0012053522091875952
0.0012047259825225403
0.0012040339613909271
0.0012041947390724432
0.0012032193334409393
0.00120283345635456
0.0011995541507675569
0.0011992268542760094
0.0011983639257133827
0.0011781735225326099
0.0011769867489234784
0.0011752904928190107
0.001177906529256822
0.0011831084284656822
0.0011823944264542081
0.0011736404327112842
0.0011743439055870298
0.0011728183227142132
0.0011727701181868727
0.0011723752898098222
0.0011722025521803086
0.0011726043008495318
0.001172151679504283
0.0011688805493642275
0.0011687212208181484
0.001169354960147211
0.0011672077782242949
0.0011668031581952322
0.0011663478193251794
0.0011676003214840939
0.0011672822986711305
0.0011715906958584467
0.0011708390491254317
0.0011703084571092312
0.0011690388576910487
0.0011697693953601222
0.0011758506759753492
0.0011749106506279666
0.0011747804065834326
0.0011747648719011015
0.0011755490742113837
0.0011756903308704765
0.0011800552531720063
0.0011792070862417345
0.0011788811451269225
0.0011755782266552617
0.0011753443046495138
0.0011750663166365143
0.00117442141649694
0.0011740825457260025
0.001174319229206054
0.001171806552488161
0.0011704105420597497
0.0011706780963261216
0.001170203490254165
0.0011698383758548814
0.0011760040134328495
0.001174948656634521
0.0011746745378104987
0.0011746499829127976
0.001171981388152978
0.0011597359267199563
0.0011602172939298736
0.0011597481594025176
0.001159181127413344
0.001157255419549021
0.0011581103576821447
0.0011574940973725835
0.0011566858013522976
0.0011566180316600772
0.001156274449797031
0.001155945018384114
0.001154839487369258
0.0011553369165359987
0.0011554767873955412
0.0011545411352786442
0.0011547039155942857
0.0011564901818716632
0.001153734083758782
0.0011522678847767703
0.0011464203138622081
0.0011454650543995975
0.0011450986679081537
0.0011451765962989374
0.0011455543190612258
0.0011435120417759121
0.0011435914337330959
0.0011432463712734908
0.0011423253098620616
0.0011445184997764444
0.0011392814198690033
0.0011416095265247906
0.0011438699178711001
0.0011422938496895452
0.001123195071892099
0.0010458672364368645
0.0010469267818182674
0.0010504529922831368
0.0010503361155035384
0.0010494694634785302
0.0010486615731216116
0.0010488680299158162
0.001048569996535191
0.001050568346534454
0.0010499964061628831
0.0010496213686929919
0.001049420302879683
0.0010497375385806185
0.0010517103305868083
0.0010512122610282601
0.0010515779525944278
0.0010511729625974002
0.0010532952545962895
0.0010527624762777495
0.001052011386015686
0.0010518805726380852
0.001051211011731587
0.0010516479453118231
0.0010516011575874302
0.0010512985375246947
0.001051930400291363
0.001058062445984839
0.0010578185802734392
0.0010573866393213188
0.0010571152525713978
0.001051441248155649
0.0010487444366158
0.0010464282247061665
0.0010438163656042965
0.0010434954331245943
0.0010384416246082548
0.001038566177099239
0.0010394650342588228
0.0010391486886503194
0.0010388233187642263
0.0010380633236328936
0.0010368753153331745
0.0010370787223813714
0.0010273535190447277
0.001028467915776138
0.0010301298920822417
0.0010297066925141808
0.0010393533698800875
0.001040501008861072
0.0010412950693535967
0.0010426054820013722
0.0010427393228667327
0.0010425733191890365
0.0010469652271464939
0.0010442976994590198
0.0010434802576145508
0.0010430389565507954
0.0010150453148009971
0.0010165412076745554
0.0010162060916383859
0.0010156529273234584
0.0010128145311262718
0.001020460035555651
0.0010223964386816445
0.0010220116576924823
0.0010216580508480722
0.0010213514728475085
0.0010213064791659368
0.0010230373901076396
0.0010300291358712333
0.0010307178650243974
0.001032559672283978
0.0010318880278679364
0.0010312561660603225
0.0010352784934959103
0.00103541837255688
0.0010347138569803869
0.001034212827464815
0.0010338827348608556
0.0010338112885913033
0.0010340360703978545
0.001034366075315579
0.001041216789919897
0.001041018390791771
0.0010411025110137666
0.001040347725261379
0.0010396068072248514
0.0010404094093338233
0.0010404155790529552
0.0010418489519200388
0.001040870444078756
0.0010404351513434561
0.0010401469930850099
0.0010400080856972345
0.0010398838792750574
0.0010395355012556707
0.0010388500791818835
0.0010415636427899056
0.0010356917932210382
0.0010348631990867653
0.0010343827304726224
0.001034933154419884
0.0010431639730027697
0.0010452457144760358
0.0010448914296004128
0.0010398305350143228
0.001048683462807858
0.0010484850519846944
0.000992444512745507
0.0009923947857237243
0.000992431231077757
0.0009933040795278188
0.0009927188852545648
0.000991823592295494
0.00099245633864414
0.0009965637204235524
0.0009959824236747896
0.0009958974065478602
0.0009965807729352073
0.0009963029140534192
0.000995898683527446
0.0009945500981501057
0.0008906909072111665
0.0008904224856232733
0.0008900481516565093
0.0008847942447369675
0.0008857377445965422
0.0008845207689847911
0.0008841677137258414
0.0008855889114233301
0.0008853278840994637
0.0008854956110213798
0.0008862600921870472
0.0008862977611690352
0.0008708155916029399
0.0008689914159478868
0.0008649685590561521
0.0008642602646381334
0.0008701216250063978
0.0008722583881048628
0.0008739761607773945
0.000873302783959199
0.0008730090726735594
0.0008707601494625071
0.0008705955758685241
0.000870484102443592
0.0008707340759274039
0.0008706380705974993
0.0008750713042698185
0.000868568257154337
0.0008589609899237577
0.0008608518357627375
0.0008586529702837299
0.0008582034026913782
0.0008584683957937915
0.0008581698150017667
0.0008585283762359869
0.0008494224360004873
0.000849608509860777
0.0008491153083201643
0.0008491584187340858
0.0008492442815567549
0.0008671321574230939
0.0008661544489330609
0.000865414701373274
0.0008649411706682672
0.0008643643797086018
0.0008628264350215349
0.0008628741823933603
0.0008630907716572631
0.0008617221224010798
0.000861351456835733
0.0008715427909325781
0.0008717299105201212
0.0008728893998344121
0.000868495778486178
0.0008679965286703239
0.0008685720855304572
0.0008678784315931824
0.0008672255634906722
0.0008660486427506337
0.0008661286801608336
0.0008658932262205392
0.0008606722640988684
0.0008625946558693707
0.0008623855213992458
0.000862112136134531
0.0008620485826097455
0.0008619350229871571
0.0008604114908375846
0.0008597523229436387
0.0008588506176876886
0.0008587565110212179
0.0008584843228254731
0.0008580679257201482
0.0008584331108127717
0.0008579134301851978
0.0008582940556568238
0.0008569975302941631
0.0008565190538027204
0.0008558179868226853
0.0008600752674272186
0.0008633177062739431
0.0008621621295548104
0.0008618079971941595
0.0008540379211779378
0.0008522056933098788
0.0008514961891510168
0.000851372225925016
0.0008512393471351743
0.0008513622447711348
0.0008498888178190714
0.0008467487614206488
0.0008439193427336647
0.0008431645372091208
0.0008391927503955972
0.0008499241065380849
0.0008497212908860455
0.0008486291821823217
0.0008527674798818013
0.0008401839012978915
0.0008390066247982911
0.0008385511235632555
0.0008499053291840606
0.0008494824901077564
0.0008490334239552736
0.0008489569072773658
0.0008489124467263165
0.0008471573160504143
0.0008470776491675551
0.000847316844451505
0.0008470745366640733
0.0008471099129418291
0.0008466261368458709
0.0008459807179571994
0.0008522970561602941
0.0008542550573237862
0.0008539108710464784
0.0008550401919909506
0.0008614984780066733
0.0008613655954080352
0.000869979708265253
0.0008695436494208823
0.0008693354512163098
0.0008697760702744684
0.0008707995859122821
0.0008712761015847809
0.0008652631558072908
0.0008646180425253403
0.0008645384506685182
0.0008651880909521872
0.0008644911847063059
0.0008652778535255094
0.0008663060749863865
0.0008663009868387633
0.0008656294001144896
0.0008656786658091988
0.0008654467396573352
0.0008700272182352686
0.0008706294181342626
0.0008695317823270023
0.0008684404130120075
0.0008703301523171037
0.0008693358518315933
0.0008667424371916936
0.0008656906169251452
0.000865058427873915
0.0008641668088956716
0.0008637315018581067
0.0008628296119274048
0.0008625750664931478
0.0008625463259083062
0.000862638328769239
0.0008622604145329393
0.0008626120712279668
0.0008627409426954336
0.0008622460296873238
0.0008656350552696245
0.0008650348038328221
0.000865249165549897
0.0008624021245796259
0.0008613820843157647
0.0008603783263213089
0.000860314949747547
0.0008600119937469111
0.0008613212923709921
0.0008615389817445791
0.0008623179528900105
0.000862210745142148
0.0008620127611786568
0.0008605101055435716
0.0007880168891597618
0.0007872299288456695
0.0007880442650946367
0.0007871560288798944
0.0007888543841931646
0.0007885124704140102
0.000789440531646526
0.0007850391292914984
0.0007848185664736416
0.0007863609459454342
0.0007863434572451883
0.0007862512953550777
0.0007963364680639589
0.0007966998459137539
0.0007959584605668123
0.000795090310579568
0.0007954400621807819
0.0007950783099966743
0.000789680827671067
0.0007897651764537184
0.0007905621785447841
0.0007936799268073527
0.0007934891123002495
0.0007918543919359591
0.0007895217348783379
0.000791697497944812
0.0007914177514801623
0.0007939672693742978
0.0007934726738873595
0.00079306492554765
0.0007928059539770383
0.0007925105433371698
0.0007924228951786151
0.0007922428036434019
0.0007915909404099704
0.0007912972488242055
0.0007905931476396913
0.0007903047257195909
0.0007918154415877801
0.0007912142707397778
0.0007908007542315778
0.0007906691000514471
0.0007901023253775336
0.0007939304835731763
0.0007927639041254804
0.0007935994110281964
0.0007932199528798441
0.000792604726641414
0.0007897151853614961
0.0007885473719999259
0.0007886160442125913
0.0007886743958874045
0.000788876520746595
0.0007890662254381551
0.0007889185637408189
0.0007882064810908443
0.0007877427439371953
0.0007866972264581347
0.0007862293663171519
0.00078591146410631
0.000785835992967279
0.0007840382964682689
0.0007836446492936097
0.0007836516432916214
0.0007832499342304752
0.0007814238525855816
0.0007790565333339704
0.0007636225975353375
0.0007583232619340274
0.0007565715921239136
0.0007562549523145781
0.0007559208181038346
0.000755551550990336
0.0007553572239741087
0.0007547916929955357
0.0007550724305394476
0.0007548177183232979
0.0007545144368376808
0.0007541003632109757
0.0007504583685311448
0.0007474903319690932
0.000746990238864333
0.0007458938602907816
0.0007376476865059885
0.0007127021666203655
0.0007119472716384703
0.0007117759119842151
0.0007116755846217122
0.0007114199063530453
0.0007111213430573201
0.0007100565983440424
0.0007106194704247403
0.000710014996925623
0.0007102326881320172
0.0007094672777615845
0.0007106870503752359
0.0007074220756962318
0.0007076126766523885
0.0007098064625030243
0.0007083542736482576
0.0007091273117041203
0.0007123111538185448
0.0007110784140343711
0.0007108593002739824
0.0007105167540361992
0.0007107524923069017
0.0007100783081136511
0.0007095562166143578
0.0007090253518107674
0.000695968161633101
0.000695501934245535
0.0006972703085611281
0.0006972222804767004
0.0006974849704614566
0.0006929153232754962
0.0006997363647466626
0.0007015180930990113
0.0007018283086758792
0.0007013531982505364
0.0007014875752384982
0.0007021072150645298
0.0007023004621440639
0.0007031773044945465
0.0006988939674320155
0.0006989935870425813
0.0006991589768668553
0.0006985884282388037
0.00069692483678393
0.0006961313701379685
0.0006948284881303597
0.0006947667186549061
0.0006924735603748351
0.0006922631018638273
0.0006917572146054439
0.0006917526823831402
0.0006911484464742296
0.0006923088430339383
0.0006934407483365037
0.0006926282778768932
0.0006925675527565737
0.0006928179224051533
0.000693244776619924
0.0006932148785120461
0.0006928950792630173
0.000686531597222673
0.0006864325859740043
0.0006862034866456975
0.0006859939540221539
0.0006865605589573548
0.0006854228704966017
0.0006855675537569365
0.000690938564989256
0.0006903365444559132
0.0006889982423698707
0.0006914077894148398
0.0006917237493872477
0.0006909928890093223
0.0006910604112382968
0.0006919693268916874
0.0006914583298204314
0.0007206742486499602
0.0007227408790362684
0.0007221638564398683
0.0007221125455011434
0.0007210273024224766
0.0007209111770493076
0.0007209942925118663
0.0007207278133505136
0.0006995772458333634
0.0006994125132465614
0.0007046841630313554
0.0007046314499159169
0.0007009048957446444
0.0007048315067870632
0.0007047140395370705
0.0007035440556330473
0.0007046515255156303
0.0007045267185860785
0.0007041580667656424
0.0007040686243579957
0.0007037848253172042
0.0007050619337816028
0.0007042442359817078
0.0007011260033618319
0.0007004082747612103
0.0007013057723162043
0.0007007489853140471
0.0007005268541517521
0.0007005318872045842
0.000700457726345348
0.0006992900750504175
0.000700739762574272
0.0007012512363563826
0.0007003796363695946
0.0007002860957649103
0.0007004958036235887
0.0007002971179350782
0.00070001704894133
0.0007018585048124926
0.0007008666977890017
0.0007007018517738678
0.0007000058569723758
0.0007011623726618503
0.0007014735599105577
0.0007017895798713276
0.0007015763630681837
0.0007018446340402373
0.0007014245573341846
0.000701500043823067
0.0007008970086167338
0.0006994778576737168
0.0007027436884238915
0.0007012248934707346
0.000709127512306195
0.0007088564176583586
0.0007084769729921554
0.0007079524971562327
0.0007080593136319708
0.0007080808306818274
0.0007113116388120394
0.0007111299326167712
0.0007072264430062748
0.0007071045724297729
0.0007071421893118543
0.000710103056252313
0.0007099626969020226
0.0007096775950798754
0.0007082327657072199
0.0007073472091619613
0.0007074021950979079
0.0007062081353159341
0.0007081983829660733
0.0007118994873526892
0.0007116455596499683
0.0007113438684585362
0.0007165829714229435
0.0007154340274473801
0.0007158779514711992
0.0007157689989359726
0.0007161838630342649
0.000715836725871897
0.0007182800630767573
0.0007182375746536666
0.0007042233881908446
0.0007053481293477418
0.0007047097815174003
0.0007039941667995336
0.0007038535730809923
0.0007039309960374455
0.0007023253990341757
0.0007029591926574929
0.0007023408791027487
0.0007042198237692985
0.0007044427153079511
0.0007032184813187675
0.0007034522083486394
0.0006875364114759246
0.0006868382233133914
0.0006872771921700885
0.000679067231737199
0.0006788460030581425
0.0006786583663967437
0.0006781620704264154
0.0006781605065513113
0.0006780698846888342
0.0006774841375301796
0.0006768964978639833
0.0006765316328000227
0.0006760071422353325
0.0006781386749734117
0.0006776621911498472
0.0006755141558023611
0.0006753602488758735
0.0006750126838201942
0.0006747496339504616
0.0006747449437402307
0.0006746304687792445
0.000674543307825584
0.0006743971699330795
0.0006724429124575147
0.0006720319613494506
0.0006713036898778135
0.0006708855262115523
0.0006694999409335543
0.0006544523337332842
0.0006543454355188786
0.0006519432644391494
0.0006509047529447607
0.0006509699040675594
0.0006497688095280045
0.0006536954206935398
0.0006537547590867671
0.0006535350391831012
0.0006531166149955561
0.0006533270783839088
0.0006535763104516166
0.0006533518133842551
0.0006011514447896442
0.0006028106990608553
0.000602155088140807
0.0006028501818712195
0.0006011813400641107
0.0006056926636237525
0.0006030893553080791
0.0006030089616162832
0.0006028813587581284
0.0006037611444593716
0.0005994840764262525
0.0005991157502124156
0.0005981046919621389
0.0005979633999454871
0.0005980661606127147
0.0005954441841038075
0.0005953473266982692
0.0005961123970069924
0.0005957873494084458
0.0005952564481115206
0.0005950366693279856
0.0005929352791444815
0.0005918995647957099
0.000591761233687926
0.000592379427448704
0.0005961818648594599
0.0005951065117025687
0.0005949055484735399
0.0005956337890641942
0.0005933689824316679
0.0005932006255197684
0.0005935754923540383
0.0005923438603329997
0.0005921133121464855
0.0005921342887283556
0.000593960254322154
0.000593763084443521
0.0005936149356976947
0.0005931533342352429
0.0005934727821338275
0.0005933858775627328
0.0005942049804520597
0.0005939719678320158
0.000593937601876703
0.0005939501454786077
0.0005934281340224981
0.000594057959072057
0.0005937259942517173
0.000591882643215491
0.0005915607987202016
0.000591469591582997
0.0005906076019868175
0.0005903302397601147
0.0005870605254001991
0.000587058420819005
0.0005871538637230176
0.0005884232889193867
0.0005883205872055057
0.0005863208429943489
0.0005867147592099715
0.0005874714842726969
0.0005899949193174707
0.0005504987677449544
0.0005499475261730809
0.0005499126812806028
0.0005505604537802652
0.0005488229960420153
0.0005485382939003494
0.0005482550727329714
0.0005541232773770904
0.0005541639248138147
0.000553906479043353
0.0005536507071289045
0.0005527906405402295
0.0005531635739275976
0.0005513539904399402
0.0005514754020077703
0.0005527155116795455
0.0005524192929219334
0.0005512581296453164
0.0005511300082465616
0.0005521601129567247
0.0005509797081577971
0.0005511040156443414
0.0005541977948553718
0.0005535925861001976
0.0005536885910829065
0.000553447006438211
0.0005528929193393701
0.0005518295699548198
0.0005505000985042727
0.00055074277856604
0.0005504384381369731
0.0005511247804497085
0.0005510609312493344
0.0005537348791247932
0.0005530144630116927
0.000550693740335078
0.000545935449940819
0.0005458448497661067
0.0005457494839732131
0.000545403638720666
0.000544792994397506
0.0005453307460481856
0.0005449235141454059
0.0005442872109534596
0.0005459651470822607
0.0005474275313242466
0.0005470813474882096
0.0005455763019774212
0.0005454838185230332
0.0005422787467984083
0.000542676355972684
0.0005426184876735178
0.0005421868610430167
0.0005480148135991365
0.0005491548268343609
0.000545737225087906
0.0005463090315590773
0.0005459256682191916
0.0005443986091633765
0.0005441806172948933
0.0005430737717797093
0.0005437573908246919
0.0005441548887023757
0.0005440842760440657
0.0005434289726829825
0.0005404941561587146
0.0005407099357010226
0.0005405804790973585
0.0005399413367002271
0.0005368180060105884
0.000537002635939309
0.0005371499768516543
0.0005370318127001229
0.0005368180011590305
0.0005381701869454626
0.0005374955382997178
0.000535593326445594
0.0005374075889112326
0.0005400152943661292
0.0005408272397816951
0.0005408979059996269
0.0005396979610533412
0.0005396482569740883
0.0005395047803892464
0.000539185243334212
0.0005386626193173862
0.0005391494165984476
0.0005388200761826636
0.0005401580765343441
0.0005401981261264895
0.0005411613801430602
0.0005405776048325538
0.0005421395853282282
0.0005415241050264701
0.0005410177588328652
0.000540806737508879
0.0005404354977755503
0.0005397699142241155
0.0005392672490614729
0.0005389529976349324
0.0005413512790192448
0.0005422251710252873
0.0005418568405368704
0.0005402406027916892
0.000539705280217209
0.0005392754601907942
0.0005390761240039155
0.0005392697454888408
0.0005394422746416659
0.0005385735009932014
0.0005421747597976808
0.0005421332926716754
0.0005406974029105137
0.000540622485219249
0.0005410414641545617
0.0005401978978171357
0.0005398915435720796
0.0005394615065455567
0.0005396488847859116
0.0005388358110783639
0.0005386397246495577
0.00053872596373448
0.0005384403994858971
0.00053619671438114
0.0005362193405681989
0.0005396859196803027
0.0005394136081037043
0.0005397969572087971
0.0005398504819384936
0.000539770619616656
0.0005710980085053486
0.0005708449229408375
0.0005708883647595172
0.0005701759018915226
0.0005702817524705228
0.0005699363760017776
0.000570524735037161
0.0005702916908223302
0.0005700342875436251
0.0005707285432820845
0.0005702797029693755
0.000570471857818822
0.0005704210008942559
0.0005698499761303665
0.0005696939054204709
0.0005698661051315195
0.0005704006077038442
0.0005697621149576899
0.0005712902259959879
0.0005711596811419786
0.0005709674182892444
0.0005703932994379304
0.0005703222316134721
0.0005724844662647566
0.0005724558496636162
0.0005707495104374566
0.0005700307724829949
0.0005745695507071059
0.0005746089478868463
0.0005743292265573931
0.0005749346177323418
0.0005739535783119373
0.0005730778395148062
0.0005712784510289506
0.0005709179742025598
0.0005695057031802789
0.0005602669710210554
0.0005604160255949381
0.0005594428823395899
0.0005576992479015343
0.0005585087550897667
0.0005586703149312487
0.000558104710862931
0.0005575542464171146
0.0005580113280075353
0.0005584024691671068
0.0005581110235401036
0.0005578331274373088
0.0005573554249431083
0.0005571529228832223
0.0005570661858760888
0.0005568746359833051
0.0005594192228765665
0.0005593967553710756
0.0005592136591892815
0.0005591537297298178
0.0005597059195725286
0.0005566609863348998
0.0005562801169517675
0.0005558632569970888
0.0005551291778227893
0.0005562845921876201
0.0005561331264993154
0.0005564681319739945
0.0005564478986185625
0.0005683313971258518
0.0005670225766465651
0.0005668610179122049
0.0005692151250360583
0.0005694744255585596
0.0005695886334600987
0.0005744017130848604
0.0005750841182807208
0.0005752773914219771
0.0005751519216036958
0.0005743562779812436
0.0005746530089630518
0.000574343635222367
0.0005750909981769557
0.0005750099703824719
0.000574505743911306
0.0005750794454050109
0.00057578892247069
0.0005757655462158498
0.0005759929724187438
0.0005753477459025809
0.0005762841936555712
0.0005775137403440648
0.0005774655596444511
0.0005808511561271618
0.0005815729943981001
0.0005812493261387928
0.0005811197537161642
0.0005809634542820264
0.0005809030341421361
0.0005805496859232882
0.0005801827276628985
0.000580219304967404
0.000580126236048168
0.0005784277598870819
0.000577982640937274
0.0005776737699495983
0.0005764093731911996
0.0005764812511927966
0.0005759770849463933
0.0005752606234408766
0.0005750606055282483
0.0005744686762738011
0.0005747944873156378
0.0005730874466658458
0.000575440236941071
0.0005728170796505985
0.0005721877852306622
0.0005802459932043221
0.0005791648104908433
0.0005788490966536576
0.0005785201280427626
0.0005789350864098984
0.0005799265163486995
0.0005802345867775709
0.0005801832569545036
0.0005828750294976704
0.0005825231034636572
0.0005818897203905644
0.0005818124445083023
0.0005815185126008497
0.0005813507087770359
0.0005806711932712869
0.0005805208495801649
0.0005804410912843278
0.0005807351397222355
0.0005751235340655507
0.0005750017443417582
0.000570004829905754
0.0005717898722861582
0.0005709936365529778
0.0005704694881844979
0.0005704414261630369
0.0005758545935085899
0.0005824731239233717
0.0005502341991067599
0.0005502055864795035
0.000550066276882363
0.0005521550955180216
0.0005507121103416798
0.0005505525427231702
0.0005496251696648558
0.0005492730568940735
0.0005494595616264778
0.0005500722828678585
0.0005498066322245038
0.0005490425050506717
0.0005496175298266442
0.0005485754696657417
0.0005495601346102892
0.0005495928647141307
0.0005495042266849456
0.0005523861348394725
0.0005482884090934882
0.0005536713807429163
0.0005535716129170663
0.000553464732618393
0.0005536317555504604
0.0005537793113786708
0.00055363254195465
0.0005512672356990457
0.0005626210423568729
0.000562693971663726
0.0005580406044966258
0.0005588954031553627
0.0005580061306976555
0.0005588118555950558
0.0005577614419925809
0.0005564094531881233
0.0005562221807379773
0.0005558608649675221
0.0005558183252935178
0.0005541699216499465
0.0005541267337371699
0.0005542350313636904
0.0005566750442466366
0.0005562714207748341
0.0005195237034560658
0.0005192788411162106
0.0005189710441779389
0.0005183656442029444
0.0005185176734895972
0.0005177046286795709
0.0005133079610477701
0.0005128207481266975
0.0005128230985999997
0.0005137326575492515
0.0005130321901338806
0.0005129214998680764
0.0005126526069833063
0.0005124956388111312
0.0005128707043951663
0.0005116125888917982
0.0005122767978947413
0.0005124872306168623
0.0005181082467327359
0.0005190861634964417
0.0005189356143287882
0.0005188614909775464
0.0005204983662718753
0.0005203604640111256
0.0005199757620385456
0.0005201990449685814
0.0005206945648961261
0.000520305004860233
0.0005184961974242007
0.0005184708889089788
0.0005185064998568151
0.0005185776973281874
0.0005184705583643147
0.0005182233462435151
0.0005185007540362994
0.0005182958456596051
0.0005187111883619746
0.0005176032348169284
