-0.013324396684765816
0.008619550615549086
0.019299139268696308
0.02712307944893837
0.023995346544931333
0.04461684969386884
0.05268125550355762
0.06410363430364265
-0.02373762326315046
-0.020849362608384006
-0.018487748534729086
-0.016914759082003288
-0.00019277788565627736
-0.0034554712163905356
-0.000911568495212128
-0.0005238260525990984
0.0009691878221929028
-0.0023587274022008288
0.000865316530689593
-0.00038592113802830765
-0.0013918507928875397
-0.002186192321064683
-0.0006670765966797902
0.0006115261837840049
0.0004565695461888696
0.001148256895787735
0.0011343750853224496
-0.0003270586743822411
-0.00046248103026300916
0.0005463667349108742
0.0006844878880656302
0.008843033849685027
0.008994002299218928
0.007498930574261714
0.007410798228294069
0.006494393125428137
0.004828243375461744
0.00681432786111075
0.005264544027158989
0.006168962075806607
0.014014571023705812
0.012608125464730828
0.019715648488437924
0.01875710715539753
0.01814518768198626
0.018014474063517246
0.01639457165826267
0.01655634612852365
0.015720985704101617
0.01740019142572932
0.017858158103011255
0.02449124392983064
0.02441294179556684
0.023863519647751335
0.022929903739298287
0.022906145689551495
0.021810595126790462
0.021777800225131833
0.017464193348617593
0.01719042511855358
0.016902764504324756
0.01648335665508749
0.016224264029915492
0.016023125872911447
0.023662359285288287
0.0233778021821349
0.022965166163938934
0.022512727343659517
0.02131743441152918
0.02087058913385705
0.020594533701821793
0.01980235985215523
0.019744070146918747
0.019762905911387255
0.01940331622225992
0.02085826647023416
0.02088872170842921
0.020630351498375256
0.019236682874179678
0.01984574540624579
0.019451678986803105
0.019332648261242646
0.019142764199863275
0.018931873906266817
0.018633378487551408
0.018377819033634
0.0181264847309318
0.017789539446128173
0.01753743405182225
0.017327271370539587
0.017188799723795535
0.017353794581922752
0.017198460844736745
0.01683400472760887
0.01675738475205435
0.01715740994922337
0.016741257497674918
0.016403145123287246
0.01631178728712257
0.01626700877919701
0.016036912570045532
0.015920482222691577
0.015787545823863745
0.01567292163935712
0.015487510839999953
0.015409681542937549
0.015564800841039632
0.01518033371133935
0.014830678681821818
0.01446467793813009
0.014590262998223939
0.016106854396381837
0.015832873499899154
0.015895028085873016
0.015514439595602293
0.015372561431653066
0.015393171993664356
0.015385004024103505
0.015299654128709034
0.01532555419003037
0.015316766088916235
0.014257380479049484
0.013855598534123163
0.014079299775417895
0.014104514350903976
0.013779421957983366
0.01361281769050038
0.013713365183807478
0.01357500077216313
0.01360222091320689
0.013625453252285353
0.013308191739803504
0.013374291205302632
0.01309248283289856
0.013134637489308851
0.013022227027116983
0.012936937262935133
0.012929700038198167
0.012841203477416588
0.012659843173455976
0.012539024705405046
0.012345061921986747
0.010859856037212822
0.010726016680790306
0.010674735344228758
0.010632030309105079
0.010077241000741395
0.010016607446830424
0.009999798528151591
0.00976691807470661
0.009895188958724157
0.009833046816079426
0.009268767698955209
0.009257439322273945
0.009519828545774389
0.009653762495664258
0.009499803529919686
0.009415175885462894
0.009335391351123695
0.009275712172995379
0.00909847428879908
0.008991530538248074
0.008826466648138086
0.008936875546703853
0.008758233328902515
0.008646209006585342
0.008643236473116786
0.008719753800855524
0.008516824712826162
0.007528544634060491
0.007184022070019682
0.007326707573987094
0.007297210823864967
0.0070716639717907795
0.006962724109722662
0.00690346512197659
0.006897485551092084
0.006807594797144744
0.006737079639828558
0.006731267043746989
0.006690850614756859
0.007123432432929859
0.00683805205809894
0.006811989932258086
0.0061482760372386395
0.005861615421272875
0.005675981671145642
0.005556364714047285
0.005686840952043176
0.005662912858530626
0.005638166859171179
0.005661228246723876
0.005662718881101625
0.005612993507514683
0.0064672882076500125
0.00634197154180454
0.0058829220799103635
0.006101427187654072
0.006176115097186994
0.005832318244073356
0.005500422246318478
0.005570143378360355
0.005363947556379216
0.0055389368222322245
0.0055010914811028135
0.0054363042736484506
0.005377025044323932
0.005279299625670138
0.005281799145519647
0.005234537695554392
0.004860560414941439
0.005025022174286365
0.005055988656528836
0.004987452994371484
0.004946004858841966
0.004991511845143625
0.004953843683224395
0.004960305691902957
0.004958618441543713
0.004917406119623253
0.00480348906382239
0.0047362035340337205
0.0049063155402109294
0.005146179878825532
0.005051189663447031
0.0051250455802048095
0.00508072538574006
0.005105870487890312
0.005070936285799536
0.005067019742254366
0.005012670028824284
0.004990627298050649
0.004970331614241049
0.0049267743234869465
0.005452520487917853
0.005316330887841946
0.005308787030888875
0.005389222506629542
0.005388964551214794
0.00509021823215724
0.0052400203283408655
0.005213145045549213
0.00516876041448817
0.005208845658593685
0.00518759768193577
0.005679363162027724
0.005699432848961168
0.005657838941406818
0.005637399522238419
0.0055174253324642335
0.005647686100957576
0.005701628787532317
0.005733848796579006
0.005683929014462512
0.005380768555937729
0.0053301957914477175
0.005341585988721227
0.005303793172931854
0.00526965603807745
0.005226289300034831
0.005087461112487451
0.0050598503239390955
0.005023483334794458
0.0051871986388677006
0.00534834908078604
0.005328871732852813
0.0054357541186292905
0.005506603017120048
0.0054364596158848226
0.005398967419482511
0.0055583959801344335
0.005620841785654308
0.005590278452360436
0.005549639068194673
0.005765967757052639
0.005657890271250459
0.0056999978458524845
0.005585647803323608
0.005570509781318841
0.005519821670797522
0.005459168907046468
0.005266353219092252
0.005263068492868251
0.005279037640011354
0.004720009781305858
0.004640764367954492
0.004554949787487009
0.004624966096290504
0.004715810371873955
0.004650039540088096
0.004542755032560638
0.004556219499713569
0.004545342528922918
0.0045034747351241225
0.004439659627629183
0.004440905037247866
0.004308002226001156
0.004210917920917264
0.004208004016885153
0.004151920294626995
0.0041250190683636756
0.00415001934248818
0.004130327803881978
0.004284642343018135
0.004277258705995677
0.004381481894200557
0.004318737590603474
0.004307648322187464
0.0043151160671597326
0.004536829484502007
0.004637709021736585
0.004700198832007813
0.004693325213703503
0.004656399841861999
0.004671421393417227
0.004707068594843553
0.00443581781278141
0.004437655800919575
0.004415768078570188
0.004449619722254857
0.004454507591498963
0.004472812251993405
0.0044608536487812525
0.004517490150935311
0.004508373935653713
0.004442921600015116
0.004462820491581388
0.004432484545378025
0.004396730047169107
0.004375417432225503
0.004322804740224398
0.00432055304766467
0.004331915658467505
0.004311927440949836
0.004317541506549926
0.004369608919336248
0.004437090806584172
0.0044510980575138805
0.004437642662421301
0.00442877386660279
0.004396717831462137
0.0044016249040627125
0.004354997176051263
0.00431695111931903
0.004306248979462315
0.004290341131343186
0.004269116172885151
0.004201326615443622
0.004079558849459454
0.004039617672028952
0.004043912044215348
0.0040084663041054115
0.003934227356463242
0.003937499359058235
0.003931132057710136
0.003914714774698304
0.0038694309029001775
0.003853734039296506
0.0037238179254523514
0.0036976407386457425
0.003627594672418424
0.0037322195835546943
0.0037129293248274265
0.003692643579266244
0.0036228710807057773
0.003622502291044391
0.003599046329129683
0.0035173614885387395
0.003504836960889191
0.0034943049404637778
0.0034720352317675414
0.003453648191492514
0.0033847807605335684
0.003388188324131388
0.0033773982919770617
0.0026839739272561825
0.002683420372868477
0.0027026591095216453
0.002815544723393707
0.0028222415532768337
0.002894751269729016
0.002899394767468633
0.0027075534895099488
0.0026478503388125962
0.0025454593557032684
0.002603680964383947
0.0025895723817493826
0.0026363189807499915
0.0025547282936317205
0.002496765814419386
0.0025196238348515376
0.0024938566085385473
0.0024395826694672044
0.0024469031479660633
0.00246207867008946
0.0024390422435367756
0.0024306424962542185
0.0024191174564027118
0.0024464453813925553
0.0025008181236673343
0.0026299832121249624
0.0026138799781602034
0.0027567932155230573
0.002730216304261392
0.0027744815949871933
0.0027560159409632133
0.0033553822031179062
0.0033322150298763773
0.0033084517127973446
0.003195032061463162
0.0031454515409527644
0.0031734952199192253
0.0031528294845757014
0.003065980793466427
0.002958831585426832
0.0029787463213139043
0.0029593314417444665
0.0028954290168158223
0.0029040105052228656
0.002867640494851505
0.002832358125802764
0.0028001205305512237
0.0027861768507274065
0.0027699093295001096
0.0027200663718135376
0.0027333532935578265
0.002733390894616474
0.003023675526661905
0.0029834544902388595
0.00296475118871702
0.0029475361137951154
0.002942303164173019
0.002933491454632745
0.002911884654293259
0.002906799814942855
0.002917822806072187
0.0028882666837360825
0.0029058525748012613
0.0028820189391064433
0.002854424034375458
0.0028501003779477802
0.002905050486976097
0.0029001577078799547
0.002870665010217884
0.0029521748942551193
0.002943714893267022
0.002899719452248716
0.00280997559510795
0.0029008650284635656
0.0029070535242651
0.002937329055457348
0.0029247519505227215
0.0029407942988194397
0.00298477076982266
0.0028641079120062785
0.0028346379098588945
0.0027631708401050473
0.002847960054087415
0.002837999919638213
0.0028108023404087726
0.0028969195617014657
0.0028808628651527243
0.002877811420964059
0.0028619435359536136
0.002868567896581432
0.002785226377431452
0.0028830969453509233
0.0028645778992344895
0.0028642679023757073
0.0028743638746075127
0.002842201591254525
0.002836703385004184
0.002840145773168131
0.002833936730013722
0.0028240110048255813
0.0027958314451967457
0.002711639282100975
0.002696858060266485
0.0027603299419145843
0.002734047428879303
0.0027609638278568247
0.002787078671379347
0.0027715918219377495
0.0027218104833701038
0.0026630841414101636
0.0026421834043529797
0.002622907105686583
0.002643782024969091
0.002674742267682097
0.0026708098612178073
0.002607060762362916
0.00259033689487553
0.0025437876712288156
0.0025411236882174532
0.0025035974255637693
0.002512168570360035
0.0024431390898738436
0.002437211648858051
0.002469301850680498
0.0024510306928517372
0.0024432182824575426
0.002420344752557884
0.00236329703656093
0.002389904507810465
0.002405796391138738
0.0023864591748215367
0.0023440000007635357
0.0023520526716411094
0.002360316086246626
0.0023663436157919165
0.002340523639446704
0.0023195699015761653
0.0022683258714294363
0.002263243398906042
0.0022572146977314685
0.002246435155342894
0.0021616359922325204
0.0021636011268773548
0.00217242347574099
0.002190167523323714
0.002191660742564673
0.0021782135311836917
0.002166706927522587
0.0021456222601201674
0.0020917782131124386
0.0020341633226639883
0.002048864113269455
0.002089051335363647
0.0020720065361875093
0.0020683222930063293
0.002063485019919298
0.002074645437204322
0.0020386161219055274
0.00208938942743992
0.001997769038709196
0.002009205183616296
0.002019311622444924
0.002011616434734566
0.002021120910676137
0.0020501501698190244
0.0020564054108082627
0.0020183132738477434
0.0020003531487739518
0.0020517422111946326
0.0020442896166992476
0.002036083835630229
0.0020202958524742523
0.0020270072561631475
0.0020237128245273865
0.002056025172641439
0.00206678245922376
0.0020733897773025623
0.002158668939036188
0.0021669033859480964
0.002169379179217064
0.002162985029155715
0.0021532399180200453
0.0022087307764379286
0.0022757548912912696
0.002304341043840551
0.002349122984959782
0.0022952705563046454
0.0023012542328518628
0.0023025739615818125
0.0022941877383480837
0.002320335118427119
0.0023468920163382716
0.0023342413828646444
0.00232549462819231
0.002318040454470073
0.002342262931891198
0.002332615465894675
0.0023262328757526836
0.0023194927551388827
0.002304217806365867
0.002304836340492513
0.002285422026877619
0.0023109664949148155
0.0023066441855917226
0.002286047303453834
0.0022736691749629515
0.0022883736151304524
0.002265101237915663
0.0022229324706131604
0.0022097557873567244
0.002319247890058533
0.0023093024915613663
0.0022979393644752114
0.0022599568134972882
0.0022635491702608325
0.0023984543106692143
0.002385470837349361
0.002369590931689025
0.002405813906342771
0.0023901279230343093
0.0023828476538557577
0.0023812149921410733
0.0023688114621998745
0.0023656634006814182
0.0023608880534044824
0.0024313016771077825
0.0024205329126431685
0.002470910624838597
0.002459686317347368
0.002447789233826638
0.002439964731931388
0.002432463259944934
0.002423308291691372
0.002426182808183692
0.0024110139474555112
0.002397726899895741
0.0023941373610217673
0.0024512208315306087
0.0024466951093040194
0.002489998583934557
0.0024804716277763796
0.002448882482962686
0.002443904738452156
0.002456121132901548
0.002451985314631448
0.0024437947077607424
0.00242438320278203
0.002427915677752681
0.0024563828075071822
0.0024527844238292507
0.002434312218039498
0.002429857043208146
0.002445166366316776
0.002416777008999371
0.0024097259265948895
0.0024051038536883817
0.002398418520696244
0.002388851329560683
0.0023838283623134238
0.002450203663319367
0.0024576029924445932
0.0024432361686445693
0.0024645900852198134
0.0024498535666452894
0.0024871370125975688
0.002468529348532748
0.0024631714599645566
0.002424286497732075
0.002395825519821204
0.0023332449648593824
0.002332930614407265
0.002325259208786813
0.0023145641154996726
0.0024255715132144723
0.00240884764990773
0.0024159883622441127
0.002421870874093916
0.002277874072442446
0.0023034895827792924
0.0023022378172976384
0.0024757887598201916
0.0024786415849527496
0.002477655489394642
0.002475721885473998
0.002474486483777903
0.002428746427435906
0.0024110403816490675
0.002408775775927416
0.0024131816840525797
0.0024098608059297862
0.002396911133678158
0.0023532506090637325
0.0024292210170883282
0.0024258754871839512
0.00235161263569506
0.0023487757303406577
0.0023561680503630666
0.0023504420625035886
0.002363263344525843
0.0023511094344907638
0.002373618394354988
0.002386043469175515
0.0023882411930541037
0.0023878132620345307
0.002385704180053245
0.0024055549051075617
0.002393083960750403
0.0024212624918155813
0.002449302568612791
0.0024730579375990937
0.002486063377809538
0.0024663188258823234
0.00245886013112102
0.002454922569892877
0.002466208284237092
0.0024769725348045752
0.002484235485474255
0.0024951950553041406
0.0024094531851319824
0.002396531027328424
0.0023385168896385765
0.0023484743632588693
0.002349269012385116
0.002305981551035076
0.00230307225829217
0.002287333355185894
0.0022624464851353997
0.0022779672782359175
0.0022658341058326816
0.0021497923989027353
0.0018365651824917653
0.0018361045325237095
0.001822459185303043
0.001818131057739843
0.0017525872741257736
0.0017990502637781262
0.0016934611012045305
0.0017318973316804841
0.0017251254783306688
0.0017246956067842993
0.0017333920582366805
0.0017268186508106215
0.0017223265654511405
0.001746159836996717
0.001750238289919828
0.0017512150085958478
0.0017534091381813746
0.0017415494234560044
0.0017343666103612325
0.0018102898046647897
0.0018041554552464837
0.0018171320368440208
0.0018021278493133533
0.0018269348507850731
0.0018087032541262245
0.0018084093164679642
0.0017941661432900361
0.0017934066067776177
0.001790959060411478
0.0017546170723345216
0.0017534651436909026
0.0017262157116839014
0.0017266179727686904
0.0016782619302338829
0.0016537904730935472
0.001720016861540447
0.0017119273403322615
0.0017110850298077812
0.0017205686406302754
0.0017181078827652498
0.001720356346316696
0.001717039360894349
0.001708790194223766
0.0017027215892255014
0.0017020647353689564
0.0017428742922733229
0.0017770143997987535
0.0017196105287120998
0.0017251372229213852
0.0017185980160084693
0.0017387451677018172
0.001726751458703814
0.0017235333744578553
0.0017099984170751068
0.0017650119220321218
0.0017517517645117052
0.0017271754664311277
0.0017177165435139218
0.0016929353961494342
0.0016898799492293987
0.001691365052624596
0.0016992898644995597
0.0017208818909831755
0.001797345885080923
0.0018063436878774759
0.0018011504226692053
0.0018177425264545653
0.0018166951321777476
0.0018165787136475125
0.0018431774729533686
0.001833161240409279
0.0018357085161128672
0.0018351195316840358
0.0018421343558890323
0.0017967285993936812
0.001795185875808411
0.0018026924800889888
0.0018041221851954308
0.0017927727876134697
0.0017166596715853678
0.0016196991111620215
0.0016339860678622976
0.0016268693284225738
0.0016761077144087449
0.0016705517330336164
0.0016739106240217538
0.0016649518952953663
0.0017112103726570295
0.00169229271341007
0.0017013518700699963
0.001693063769707898
0.0016640612557330555
0.001631169382989663
0.001633086954298052
0.0016728413713880572
0.0016601907445239485
0.001662912629285955
0.0016660835951836318
0.0016953874718338576
0.0016931544208635414
0.0016862078949910354
0.0016459373617018897
0.0016516619543071528
0.0016300308509308707
0.00163566788085969
0.0016629948154981593
0.0016310549748202038
0.001586984383343195
0.00159773505862411
0.0015946219349215812
0.0015864259830521855
0.0015852701851338429
0.001583403526967812
0.0015830337333105368
0.0016194971997185081
0.001652082694784899
0.00164125098856118
0.0016537213595989519
0.0016329162693970534
0.0015851289507126517
0.001556954128318467
0.001558864410093661
0.0015583516593955956
0.0015667638256661991
0.0015803231204299273
0.0015810963129052446
0.0015853182136494554
0.0015838270305623236
0.0015813887231351676
0.0015718815854323625
0.0015052933843934066
0.0014911380253568556
0.0014558845317829013
0.0014601399911909887
0.001459733092507229
0.0015045255976152549
0.0015115754840659941
0.0015087854194914716
0.0015184581037796757
0.0015033706935114629
0.001496670825992834
0.001485867624635504
0.0015043305053732998
0.001495235120271579
0.0015148378862088578
0.0015130890651348873
0.0015105622767022859
0.0014804660294615811
0.0014706964945462831
0.0014689063518404661
0.0015305694409958799
0.0015164849884548369
0.001528976071835062
0.0015705202953033095
0.0016101863282795134
0.002073528086050147
0.002071203079895734
0.002070093717335382
0.002070855909626732
0.002063941771261191
0.0020782856249422074
0.002063598481034683
0.0020643262774784005
0.0020606464779120864
0.002073413509354674
0.002090239922786126
0.002090429598920955
0.0020887094800214247
0.0020893070828668504
0.00207627493787871
0.002084894341858291
0.002075715579517723
0.0020512017383248365
0.0020437170251832197
0.002045359225754327
0.0020443641234266082
0.0020504483670418937
0.0020440072625025007
0.0020691533213038006
0.002097153321691525
0.0021517627666699894
0.0021439300625560632
0.002099219640279927
0.0021026193596431824
0.0020943589116530032
0.0020934935973406688
0.002095868563107298
0.0020939970648110743
0.0020916323231334154
0.0020545213292767323
0.0020599844327388295
0.002079160387945005
0.0020757977129549385
0.002066156447641939
0.00206876263076625
0.0020598457081127492
0.0020621197446524537
0.002095173721894414
0.0021006723495235
0.0020944172101012818
0.002098271255637467
0.002087934573969084
0.0020945289579845858
0.0020916113668795577
0.002065811052498137
0.002061666753481978
0.0020562383232745085
0.0020405334214387196
0.0020428301350950244
0.002042288936373516
0.002053100311736507
0.0020432707075198776
0.002037526566559429
0.0020254140792372783
0.002022850023878735
0.002034971522873266
0.0020607712750724447
0.0020823717436286287
0.00208084272074425
0.002074220583903765
0.00207982489094427
0.002085237238996593
0.0020898721463028674
0.0021023178583740817
0.0021072013662230458
0.002096557036456787
0.0020887275493402077
0.0021047450411072395
0.002098724395979848
0.00210158245664567
0.0020981298035959656
0.0021283297334828205
0.0021118784581177887
0.002102259645393945
0.002122465908864743
0.0021297083048399824
0.0021761943093319062
0.0022163203988446
0.0022101628010637972
0.0022174229171001807
0.002209018164831499
0.0022024042142980253
0.0022003167394951755
0.0022000956627705724
0.0021973027798343992
0.002181236512680561
0.0022048152637821144
0.0022310901849682692
0.0022049433525977175
0.0022068728601834483
0.002186605747547191
0.0022061040433067084
0.0021937650736761007
0.002215918589945432
0.002218809724880725
0.002206582462631351
0.0021634937706566633
0.002162518615783574
0.002141611952044509
0.002159960651210452
0.0021540786770591126
0.0021461219713566895
0.002153158245157807
0.0021540760466938155
0.002153587549618286
0.002157839095595924
0.0021567189389113998
0.0021565127206885724
0.00214190144066472
0.002141822068879861
0.002160069000288942
0.0021569080909437707
0.0021564553757273067
0.0021479697395395247
0.002160944709246128
0.0022129041927172175
0.0022274168324864035
0.002215287087937014
0.0022130147432098835
0.0022571225255876774
0.0022617607046358183
0.0022582230449041214
0.0022510073539070904
0.002251192670879354
0.0022562839687203023
0.0022539840579156594
0.0022527323864452676
0.0022299828865443324
0.0022197885118072722
0.0022112910668817994
0.002203387988029153
0.002210619346828798
0.002206671631528979
0.0021925558065850055
0.0021936848369206287
