-0.019599324092268944
-0.01853958206872145
-0.01365363737568259
-0.010909771919250487
-0.009395807903880874
-0.007774914149194955
-0.008900282613467425
-0.008037437348523073
-0.008276295545510947
-0.007535573417871174
-0.004800477361034912
-0.004422258209580412
-0.003156079295357423
-0.003820048877969384
-0.0037968730757711455
-0.0038751484415329557
-0.00395212996388889
-0.004086514898134689
0.008844515623059126
0.008445760082741758
0.0075682744791265594
0.007538941569889533
0.007142977141484154
0.006411495183128865
0.004424509209526991
0.006553598690381344
0.0062272325262061464
0.008973557640525417
0.008348093843475606
0.0076107301452617735
0.0076828861001558835
0.007401765410604915
0.0072110216732493
0.006590185505670629
0.005830107287490845
0.008165269113158355
0.00941230565474957
0.009001461399468379
0.008808993505954278
0.008608335047028959
0.008372016733379237
0.00821269209886533
0.00801392818869896
0.007733954733703285
0.009396355514384239
0.009712763879933651
0.009756631835140675
0.009655190086495891
0.00951269902405329
0.009335315189958896
0.009150976718116837
0.00955758051384451
0.009378605989224052
0.0092404689314373
0.009658559825506277
0.009738071675855551
0.009608161050860431
0.010643198037711445
0.010613686491706173
0.010478834588448971
0.010324179853224418
0.010005747216858986
0.009896550572420889
0.009773468603424797
0.009642156452393847
0.008952726447761903
0.008839724644691585
0.007591628136519893
0.007191675533249506
0.006976940358610178
0.006921558444648526
0.006825117298046264
0.006695607015776534
0.006607922968493462
0.007791697544905073
0.007710803385752904
0.007642791138772361
0.0075097295753672536
0.007453663330852576
0.007356880436238922
0.007278074854850006
0.007231106003500934
0.007034740641670177
0.006934763267396619
0.006121079887698002
0.006047523775018867
0.0059889425523248375
0.00602580437203215
0.006126085087210714
0.006201713517849373
0.006135592372985504
0.006058096264017073
0.0059474312068406535
0.005872120706235841
0.0057662777379240025
0.00573724341028509
0.005685085014229857
0.005636224223770002
0.005540725823229876
0.005354339147815341
0.00440050988596768
0.0043560070685309885
0.004286889664609377
0.004227242518460288
0.00469440805785059
0.004886445987025257
0.004865049149008915
0.004809557440489906
0.004615757061401381
0.0046083803371492725
0.005699507066310615
0.005619672855951584
0.005732671009977102
0.005702324152377474
0.005853158957224563
0.005797246090458849
0.005745864309759226
0.0057271552458503325
0.005661365644239899
0.005613205709575469
0.005552285810317999
0.00550660303057024
0.005485319699918396
0.005573773073381747
0.005536039755656571
0.00550570942616864
0.005394171087914403
0.005442491639924395
0.006312493708929442
0.006274011198814269
0.006228345628077284
0.006179035003266394
0.005980148257400124
0.005953910152742604
0.005903493945237748
0.0058487118409825895
0.005807501577837156
0.00574025163176158
0.005695905170640409
0.005654945663784974
0.005613225284397346
0.0055894115908190255
0.005519542054167282
0.005311030881772428
0.004576772719415141
0.004626970351804333
0.0046510558286909885
0.004617172228418534
0.004653436688143605
0.0045747152314365635
0.005596692653087206
0.006091550848461243
0.006156696312718379
0.0065334061858236744
0.006488010448008891
0.00652263763130444
0.0065744282743898
0.006666849349290808
0.006598450976434835
0.0065691500452241544
0.0065125415361605675
0.005853481390324216
0.0057922572932289865
0.005756622782791965
0.005781543462068062
0.005749548209847153
0.005713375278598203
0.005572431278811112
0.0045046305875396635
0.004397664844362768
0.004307758977056649
0.004314406789994713
0.004306992078611451
0.004297797569722337
0.004272748617205997
0.00423002101526672
0.0042732745945143645
0.004241203536996852
0.004216171017307918
0.004187556487995004
0.004175492142826692
0.004013467061061721
0.0039904033514492595
0.003971253265548068
0.00393091671483939
0.004248902446233645
0.0042623476541887185
0.004340262263665275
0.004332489876220564
0.004301317097026126
0.0043355002974294595
0.0043124407978452125
0.00417265610566264
0.0041529368569638596
0.0041337876481316455
0.004196982022873028
0.004176832646242636
0.004133880882592395
0.004104610793365278
0.004016306700804081
0.003998332879448992
0.0037849002387724414
0.0037545507406963074
0.0037616660762379447
0.0037328620561770374
0.0037176520553117145
0.0037402422268804384
0.0037121148279374515
0.003695417737236265
0.003683361496350954
0.0036678714263785528
0.0036469972523682417
0.0036433882556151705
0.003626315895049033
0.0036108315344049644
0.0036007658361216104
0.0035882808284658035
0.003430643829054724
0.0035047297873461464
0.003504845979510897
0.003491532650039038
0.0035565693668047228
0.0035349244399997424
0.003536517754045131
0.003528080674033713
0.003514362647665978
0.0034772979304187523
0.003464298181805281
0.003451824812651937
0.0034750543655990133
0.0034644483006841535
0.0034411108527261816
0.003351165570593441
0.0033308248113168306
0.0033324033353692023
0.003318328090935657
0.0033381916140676933
0.0033298502362774764
0.003339445177531765
0.003350373353503948
0.0033312525660116324
0.003319525420347752
0.003310021999047911
0.0033763825677944636
0.0033603080232492556
0.0033173801145792736
0.0032244384636420163
0.0032534131191440142
0.003235627101574207
0.0032203504380444643
0.0032050685979970305
0.0032044471087645785
0.003400849602000137
0.0034876590905803476
0.0031879143553652485
0.0032236447525900314
0.003194652174763824
0.0034004544433635328
0.0033914441574849573
0.0033986956797080973
0.0033819979812332477
0.0033521948649864247
0.0033350480881160875
0.003317411924684353
0.003303522200617851
0.0032906984984736273
0.0033611482396139094
0.0033350074355003403
0.003491515721718852
0.0034906624808867326
0.0034787292269330074
0.003469623992074686
0.0034568517794136837
0.003449376458368283
0.0034703970777759333
0.0033848532820810726
0.003380509853100158
0.0033923302615866896
0.003359311776733061
0.003346413023212323
0.0033361841913780994
0.005313066616508875
0.005299197375189948
0.005213290220700925
0.005162420881006126
0.005139054678373287
0.00512404106015967
0.005225145486572688
0.005154478039097235
0.00520931819551698
0.005209896799373977
0.005190013941386238
0.005170867176844555
0.005152561073351779
0.00512731773519467
0.005134028300052755
0.0050730369256164936
0.005049194779053244
0.005041458247154269
0.00505607870409191
0.005082629806601955
0.005065025194402933
0.005049195415231701
0.005058495763397761
0.005058769634725569
0.005039710715564866
0.005028587305492075
0.005014331090062177
0.004991617440041847
0.00505941557210439
0.005030860227646206
0.004974908845820599
0.004949975873225097
0.004960330734124113
0.0049911276719746
0.0049678337658383255
0.0049595912399544514
0.004932647274147376
0.004853615282138433
0.004840066147889926
0.004818199779309119
0.004525003359232173
0.004454422867043536
0.004441339139022879
0.004401964892937597
0.004390693408569594
0.00437808276481563
0.004386629384490223
0.0043179496462747
0.004301768458511038
0.004323784737037831
0.004319676513717293
0.00427922938806278
0.004267095286086798
0.004365839807925498
0.004672401593936322
0.004662659586078401
0.004615086489927536
0.004567886318470884
0.004552589315072102
0.004536746875601234
0.0045169736520980636
0.004477823757307027
0.00448485982067169
0.004540955388509801
0.004414424191924599
0.004432114059716108
0.004408547138144546
0.004395733382812715
0.004343124382732917
0.004091818854259473
0.004077522479626033
0.004068604172339365
0.004061007754589037
0.004048787923412426
0.004037430998830513
0.0040275307913580196
0.004015336366877242
0.004002254365746512
0.003989430788915792
0.003984836176033684
0.003971662110827116
0.003978916463243613
0.003966931564574307
0.003962505917577975
0.003988293936845733
0.00399929102162905
0.003984485745555316
0.003974287799566215
0.003940403324576116
0.00392882639974437
0.003917521743214109
0.003908613311739795
0.004171570145612345
0.00413876710848505
0.004158137673512483
0.004147893975088236
0.004136918024949759
0.003975644752570487
0.003971725638893265
0.003965364822899417
0.003959074108986384
0.003971339997264062
0.004031106948940601
0.004012589432927428
0.004007953831132809
0.003998894540130736
0.003993488434480469
0.003998112544062532
0.003994873141172967
0.003982541925575336
0.003979268538627933
0.003973195690087046
0.003968700124372654
0.00402621541442468
0.003990494870467903
0.003984488370186943
0.00397767167992139
0.003944781943000628
0.003935348214660349
0.003956519646477193
0.003946422050228158
0.0038943928745385718
0.003944031879089171
0.003944801416518254
0.003922245852909566
0.003915448483439826
0.003914662108935986
0.003910640472513916
0.00390196936928907
0.003893572361042417
0.0038846658478219926
0.003923618139623243
0.004012493241035881
0.004003940530843949
0.003987757645535728
0.0038285261226175807
0.003794794279954799
0.003786800096514476
0.00378766598838505
0.003455752299306315
0.00356131928124588
0.003546841257983301
0.003544851908475661
0.003517380328492669
0.00349330908742541
0.003437003935593738
0.003428900036162683
0.0034289224693862257
0.003420589065828217
0.0034382162328980685
0.003428627889367514
0.0033908770439020595
0.003386105647658181
0.0033384327888923253
0.003359122576145861
0.0033387123348802487
0.0033391929830947223
0.0032895599431619475
0.003284442018935765
0.0033245258501620025
0.0033057930104117878
0.003303302021498607
0.0032949950962554283
0.003283641074325413
0.0032743610783687203
0.00326314824625991
0.0032777147458132793
0.0032754906209285883
0.0032553115323029802
0.003206869905053893
0.003199497417235011
0.0031914726654264356
0.0031946589652072062
0.0031894774401016947
0.0031800610679366646
0.0031759942129050795
0.003168072979605264
0.003178721156125342
0.003174052327265438
0.0031685249731712474
0.0031059115051895133
0.0030606513896051612
0.0028340445495863317
0.0027391579039036914
0.002790724671671318
0.002848630301889338
0.0028484524118384197
0.00296074823138738
0.0029536913281339055
0.0029472172674813537
0.00294143237846175
0.002935233836349661
0.0029250994584244286
0.00291964279543154
0.002914093867074205
0.0028889670052213512
0.002855711454021096
0.0028374965630443135
0.002818849632649188
0.002797831767479289
0.002798288889743217
0.002808287182489024
0.002806504571742248
0.0028164996207805312
0.0028273804872373767
0.0032156970746878705
0.003211294543006698
0.00320558428764491
0.003221501508641892
0.0032831186262102805
0.003249301414175056
0.0032427332505550344
0.0032151281338956986
0.0031540369864820356
0.003142564337698783
0.0031197021773448318
0.0031172574349046865
0.0031134296373129403
0.003110326166108614
0.0031165222407437895
0.003116526811676258
0.002934454118343313
0.0029278056110882953
0.0028909636287216102
0.002884887439267727
0.0030535633034911138
0.003047407171491415
0.003038593950173776
0.003045102781556057
0.003052341596834644
0.0030096345224053336
0.0032067204358687223
0.0032007495779219092
0.0032047778734966676
0.003191957174276178
0.0031873011425026534
0.003184813752546165
0.0031784230520875366
0.003174927419026326
0.003168296597856349
0.0031645856912955704
0.003158717738097725
0.003147540589346864
0.0031257087876447494
0.0031076779756900944
0.003085897928699378
0.003088275587009551
0.003084735260384846
0.003080683155858142
0.003076646606262192
0.0032212143240535865
0.0033430170844187855
0.0034607752354200265
0.003455510824578452
0.0034545707411622723
0.0034628013319591244
0.003457069186287104
0.0034508098511381482
0.0034656002901905106
0.0034796004655655
0.0034910034993280124
0.003402705428397084
0.0033637708078158215
0.003371416885297725
0.0033680482292882414
0.003360352711068269
0.0033529608309371614
0.0033430071735545516
0.0033326295912631744
0.0033138335576119856
0.003310690206769692
0.00331892250567643
0.003219641260714903
0.0032136568061824885
0.0034052258172711223
0.0034027936460355192
0.0033497125845907325
0.0033199342811777886
0.0032344061309460136
0.0032286334057534524
0.003180535791120925
0.003176989002166532
0.003172349734614293
0.0031784745666820855
0.0031977142011566525
0.0031925853139026083
0.003187691199036788
0.003826926379361675
0.0038262411291563048
0.0038298898488983717
0.0038357874354296015
0.0038248963409155813
0.0038160803820241843
0.00385880344192754
0.0038522082101122347
0.0038466270429547505
0.0038463240006624553
0.003840477696193651
0.0038379708182286723
0.0038330300057921804
0.0038063563671359656
0.003799510138746066
0.0037938384456934573
0.003805626785126002
0.003798124765384719
0.003792015289184982
0.0037858473194005713
0.0037798263578563657
0.003739499372346473
0.003750444994380268
0.0037430249972088374
0.003736266800922327
0.003700065090446463
0.003510118696984179
0.003549125938305254
0.003544574810529402
0.003556394472190622
0.003525589338150887
0.0038096722332761493
0.0038118312425760616
0.003802040462443379
0.003794522007302282
0.003786142393596673
0.0037762272722979963
0.0037560222073172015
0.0037429620852998
0.0037343426949686394
0.0037362138641061533
0.0037333134583462024
0.0037450421075346557
0.0037469122840244305
0.0037468513852656556
0.0037336418117035397
0.003753118216950078
0.0036833511794862224
0.003722472749247587
0.0037161643785565616
0.0037110453329601495
0.003704346947014319
0.003655901600612021
0.003654205702262468
0.003647120495823116
0.0036466676207550282
0.0038374799838470047
0.0038753338784129846
0.0038657378745599385
0.003452483538177722
0.0034320210153156085
0.0034254319454527465
0.003420199209985974
0.0034173417814737693
0.003417308068334471
0.0034123380089879406
0.003298124108163009
0.0032471900329946713
0.0032417757166316396
0.003237721247186833
0.003234458604885042
0.0032274595980762415
0.0032236331829655074
0.0032190184482068797
0.003215240653347254
0.003279258677892267
0.0032823901632689353
0.0032783170122379418
0.003268957828901341
0.0032671085390587715
0.0033137803813811915
0.0033086036672356836
0.0033050307686836693
0.0032995645011302064
0.003296075786658335
0.0032902371166160576
0.003291908202904439
0.003286844463653253
0.0032857720589854395
0.0032869793810770395
0.003272214498853517
0.003267305309375652
0.0032211257746679865
0.0032157932263040833
0.0032070677577657144
0.0032020655956131916
0.0031975566027824453
0.0031914281764651373
0.003174019388931047
0.0031685561139430307
0.0032040952621499065
0.003203111405777101
0.003201400833085064
0.0032054634697728404
0.0030727626929301453
0.0030725466739440145
0.0030637455132248494
0.0031406853373520138
0.0031916309992223724
0.0031984368224705103
0.0031953157023374727
0.003185436001535584
0.0031654790548805737
0.003164534054607793
0.003160226990006749
0.0031541006569548724
0.003139050641913938
0.003136494156584115
0.003133491312250629
0.0031245671560704664
0.0031135915911495293
0.003119116791691996
0.003112118301547949
0.003107412524342143
0.0030995561101479917
0.003099152964014065
0.003418251554560166
0.0034166677447720712
0.0033901675599248937
0.003387103283552198
0.00340950565675094
0.0034101776533879045
0.003422496341493451
0.0034130311711126305
0.003404464387756426
0.0039681584121469835
0.003965324340629123
0.0039378908384083535
0.003918007493317247
0.003915930783198306
0.00390890713951334
0.0039073853239349615
0.0038950374574249404
0.0038731491189879113
0.0038660570828106477
0.003864857747503003
0.003859785295318742
0.003851753852075106
0.0038503075253595222
0.00384962605082246
0.0038730824802415574
0.0038610559557799005
0.0038666805014089707
0.00383952221466392
0.0038353332140496476
0.0038256197399911315
0.0038212530786646843
0.003811179287760664
0.003807581957761815
0.0038011318543577756
0.0037963278129609455
0.003811392945596928
0.003667991819309486
0.0036772248697104406
0.0036710944644599897
0.0037196575215398685
0.003704456761273943
0.003691793776530042
0.0036877098177128718
0.0036826845554602796
0.0036758296979511338
0.00367043881174686
0.0036826042898630007
0.003678746812711978
0.0036598119766406987
0.0036476151384508882
0.003637334790474851
0.003630688392592924
0.003615853448711737
0.0036132595237583867
0.003609150552234489
0.003604713159150937
0.00360048434855014
0.003587630639888117
0.003581007455169491
0.0035610789166802288
0.00355260047241177
0.003547901973791933
0.003540807200055619
0.0035364196346287734
0.003535153427243412
0.003612623519043908
0.003607411923435161
0.003603770542879491
0.003659037858544618
0.003647330253609653
0.0036446340160448355
0.0036406756232934935
0.0036400902819811584
0.003640673138916413
0.0036358217913485397
0.003631465025407134
0.003627434940487866
0.0036231707934649524
0.003618447549542572
0.003614139065757621
0.0036109657078237166
0.003600363760682689
0.003596184329393816
0.003587367393945083
0.0035840399113275835
0.003579294801749563
0.0035659582189767956
0.003562926245575233
0.0035586556639558707
0.0035594705214705715
0.0035456951599841407
0.0035437276532519248
0.0034646285258222477
0.0034519923835613477
0.003446461026728275
0.003443087453786099
0.0034354112023784757
0.0034209723733277016
0.0034072921178320815
0.003417160580462422
0.003413690332605825
0.003413210091405999
0.003409096770249334
0.0034080918192418933
0.0033987089425272575
0.003491803286743008
0.0034884401394217595
0.0034892207529206333
0.0035177230900182038
0.0035151177866632687
0.0035053224472459156
0.0034661004544602318
0.0034598213721689845
0.00345493739027392
0.0034566376210730314
0.003448998177922419
0.0034756962489428046
0.0034814481722765596
0.0034786459316158143
0.0034795269511982453
0.0034639219137332787
0.003459733556104482
0.003410925630763503
0.0033934951958795334
0.003389044319152243
0.003391622560772543
0.003384052033878257
0.0033745894800024726
0.0033705417278936623
0.0033658082886717107
0.003361832568291126
0.0033572971337213187
0.0033483355667768967
0.0033461212178088513
0.003337828999542846
0.003223168223774047
0.003351116092302995
0.003346401324170841
0.0033427468836938023
0.0033422284274183135
0.003345148579939893
0.003345278612168277
0.0033407381646685325
0.003337646440917769
0.0033344730793162638
0.0033248721887282353
0.0033230203081764218
0.0033210127579767607
0.0033344169888417114
0.0032399313455609693
0.0032377052759488692
0.003235211589033568
0.0032303299021075892
0.003264146748788391
0.0032594302950746997
0.0032541293529380066
0.003210797651993569
0.003198726068534939
0.0031949087926554254
0.003131948102262014
0.0031704982900825694
0.0030015192692683284
0.003002213300484416
0.0030024206379503436
0.002931705859995156
0.0028359293741756103
0.002807393572721837
0.0028029038844247143
0.002799809325800324
0.0027951050551890417
0.0027913187013774068
0.0027533162355743743
0.002870930089301406
0.0028405531572710243
0.0028394998330681384
0.0028348413220185054
0.0028301694897732536
0.0028274479357398357
0.0028029575202356866
0.002798187753430927
0.0027588687100150696
0.002753120167383156
0.002739964605655358
0.0027356992008760635
0.0027322073565755932
0.0027296489712464143
0.0027249018907171225
0.0027188744739803494
0.0027177531990146913
0.002699057026423401
0.002696293974415314
0.0026907802296672343
0.0028056333173710466
0.002802282525644692
0.0028054549075717636
0.002802052605748984
0.0027951448318705246
0.0027907904009363033
0.0027924312732040893
0.0027493091792578014
0.002745153207614839
0.0027362780826398966
0.002740951666513259
0.002727987242471211
0.0027279776309660445
0.0027281408716805736
0.0027356440018381457
0.0027336076907428972
0.0027316031968382935
0.0027278808453781085
0.0027274057112711397
0.0027241858466386256
0.002731912960006512
0.0027276451748670417
0.0027238987451270445
0.002698998336361745
0.0027130557985505176
0.00270977063277969
0.0026348745251482636
0.002628817360146349
0.002533869699638513
0.0025312241068148325
0.002528371564008133
0.0025105281396595935
0.0025156586503924066
0.002549577592580879
0.0025479503240913325
0.0025465715080035737
0.002545611575395054
0.002526123740516023
0.0025191374823419098
0.002516371645752471
0.002489704336316483
0.0024901974844765075
0.002488634413689829
0.002477213739149174
0.0024942879177349887
0.00248891404846966
0.0024868525542492063
0.002484270281605521
0.0024824133726809973
0.0024800585868524866
0.002479981749631694
0.0024802277614877286
0.002478918765781922
0.00248294643577877
0.00248053752257891
0.0024778661758422874
0.0024789398960134066
0.002495126028640821
0.0024927916564387222
0.002485648350668711
0.0024824528515487473
0.0024798431537310342
0.002477320565418547
0.0024751240476301056
0.0024691061116869565
0.0024607906163103413
0.0024736381938455596
0.0027408052626038707
0.002739523237297092
0.0027292593373411103
0.0027110696422090836
0.0027079334871969816
0.002701131897337435
0.002692518426486448
0.0026881719761996745
0.0026856087240963596
0.0026823317067203594
0.0026808416287327497
0.002678197208270837
0.002678298182268768
0.002677547382792587
0.0026742869579301103
0.00267148625054087
0.002669417905733713
0.0026673809559223166
0.0026644443709411656
0.0026617487398766745
0.0026712209352729365
0.0026677893163867014
0.0026673266152022674
0.0026669921519400235
0.00265562945619714
0.0026588175782456527
0.002659023260849406
0.0026619876587207427
0.0026589324590563152
0.002656146353252191
0.002676447391348824
0.0026735303304167824
0.0026699478003138146
0.0026214764659149
0.0026162479993957163
0.002615320501571093
0.0026118106114477206
0.0024630963671553718
0.002460586545359911
0.0024579554164681798
0.0024539330326002816
0.002451611496253165
0.0024510873576466794
0.0024570561069662366
0.0024545703042046264
0.0025327296450523076
0.0025482315774591475
