0.009163489565253258
0.07007127379377683
0.13062017690390348
0.11937935128808022
0.10436582006514074
0.09330308916313308
0.13859840529039502
0.1404357821577125
0.1275541044771671
0.11557034047489814
0.11423576173062124
0.10653662552627233
0.10235456284135579
0.09511109522233405
0.0885022585862316
0.08333309975397936
0.07877751913232106
0.06801762370588746
0.06283406519796697
0.06082692216815691
0.05815490946935657
0.05665295427341175
0.05480504775187
0.05604767883196472
0.05831333932180243
0.057696297299116836
0.05635543927616837
0.05325753281920634
0.05257494289738436
0.0515507748801141
0.0505114297993714
0.048372176574599565
0.047140718999263996
0.04659775991791061
0.047335884701978
0.04595706050561087
0.045021241285691134
0.04560522720790826
0.04513988504186272
0.04400918795727193
0.04356647858817485
0.04190614728018814
0.04117917683801021
0.038745333663084434
0.03786321524429418
0.03735851585131852
0.03755798339746737
0.0367530607570875
0.036332431626506144
0.03465728831075715
0.034578791322508955
0.034027676594461174
0.03365586250071861
0.032871469842608664
0.037729643538893576
0.037139150220083794
0.037499643496944186
0.04080492196904524
0.040596842288505255
0.040289744021004555
0.039043082784290487
0.04054450677219953
0.03759968300073521
0.03690237284351424
0.03483600504202484
0.033638811784921493
0.03336049263324477
0.03269826955890848
0.03248873882860476
0.03170875919340045
0.03118662248016333
0.03317351702103159
0.03259928927542891
0.03208606073943275
0.03224004481269632
0.032242606886868135
0.03186746686995505
0.031485699923249254
0.03145724339847219
0.03055227419539687
0.03031438082973358
0.029803424135288095
0.030301353011357893
0.02968633986105593
0.029345710570978116
0.028990347686373538
0.028973385711486267
0.028634715360966026
0.030763553658552042
0.030443044610904867
0.030086581743291933
0.0297396711201497
0.030046748972071838
0.029859212005363865
0.029608472574182077
0.029621259677799928
0.029758276107806552
0.029592630231160325
0.029348443675553417
0.02904321228864021
0.02852101108588862
0.02833087693049925
0.02813821743117072
0.027941404992625825
0.027465517790812362
0.02789146341731615
0.02748867704671014
0.027253254295386577
0.027275437899780545
0.027087191946233984
0.02677525190353793
0.026511637065394788
0.026968896339990587
0.026711220674864623
0.026441207641318184
0.026289955438234106
0.026117046849044454
0.025863753729539012
0.02559042111582434
0.025529317538569542
0.0250631996896118
0.025917045571424862
0.025778824219390036
0.025977685686200864
0.025819817672498413
0.02513958046975451
0.024931144947913715
0.024759515715661904
0.024500880827410868
0.024381386990594958
0.02408477261831815
0.023954881446197968
0.023699847154263688
0.023570846524779445
0.023379249025738857
0.023190584992242125
0.02316094390319094
0.022948204338711375
0.022903135718245596
0.022740181214308226
0.022413176900057886
0.022506648045313268
0.022203407711963843
0.022065568030490704
0.021838323910854607
0.021589757737602255
0.02148874885814793
0.021332082851952403
0.021279634045592195
0.021254385032826745
0.02127442253511521
0.02122652181956819
0.02110911071581717
0.02095393808934116
0.020749177151652146
0.02042908374602746
0.020275555622522253
0.020155079369198924
0.02012783989703166
0.019726666580648478
0.018602732591256266
0.0185090289315483
0.01869079253207551
0.01852522667455063
0.0188973564324979
0.018693491917599857
0.01858570550393778
0.017586288539025947
0.01763393536607241
0.015883970412708896
0.01578052445425824
0.015412685709650148
0.015024701685339585
0.014904342299726382
0.01472305804451355
0.013649488168526536
0.013504614975706276
0.013452136023464347
0.013429712160723273
0.013317273207425607
0.013584956105230467
0.01342538871250211
0.015494091606461027
0.015289385645096557
0.014315254734052955
0.014183226373310584
0.014013151091429334
0.01386376381445202
0.013769615155424127
0.013732976519687978
0.013734433102096459
0.013669266484296564
0.013491186225119505
0.013369866520858907
0.013428476052857657
0.013358300535816707
0.01311029116870044
0.012972541942598108
0.012921072630560944
0.012915228808006787
0.012401115706554684
0.012467075418566197
0.012531052703635899
0.012613938689209143
0.012526230135530184
0.012467987867041841
0.012406532418026459
0.012350008266941189
0.012288261405220019
0.012221360942861933
0.012199044334817494
0.012138785484619642
0.012048337889958169
0.011973216915963378
0.011933780938879512
0.01197799907158737
0.011914137956593384
0.011829884102611606
0.011806389108030323
0.011712362444711986
0.011644585641873944
0.011546831290501743
0.011628360168028184
0.011560161507610838
0.01147963322631589
0.011495969857890267
0.011405022721558902
0.01214679132592375
0.01195695718165749
0.012249434186025709
0.0121876328431144
0.012093973308706709
0.012038941060428687
0.011927946624370836
0.011833039545616859
0.011716119826300737
0.011711860587355719
0.011644255850297512
0.011663286703333135
0.01175169937838645
0.011699500812765027
0.011632686720058169
0.011551826495365194
0.011435483021267245
0.01140762902798634
0.011305334809663234
0.011270945496137075
0.011174022518009516
0.011109902011812656
0.011074144629398873
0.01101959429901658
0.01095876924147398
0.010963827929497088
0.010953540724414557
0.010871098439224618
0.010897975781563743
0.010884081988704615
0.010826934212265875
0.010801150367366896
0.010819947872140485
0.010801574859242945
0.010770718730519565
0.010758877854117813
0.010705125357907363
0.010694262426004289
0.010621035685749673
0.010565150004082677
0.010550494359128451
0.010551276004170404
0.010484724288064861
0.010068756733316515
0.00997801982311978
0.009901364432179606
0.00992311633752912
0.009766481914308647
0.00976736693265208
0.009729554866530198
0.009725949216169196
0.009687424432714956
0.009690334186769076
0.009728025758852808
0.00982870088629802
0.009875302270122852
0.009858331360278248
0.009831911291486663
0.009837646050218852
0.009836689462240924
0.009799713542693765
0.009747551937069701
0.009725018768372081
0.00970805478862355
0.00963629283550919
0.009714744450444453
0.010287610375839355
0.010235127158257692
0.010235999468521925
0.01034114368472032
0.010240941771666626
0.010211988839534258
0.010168705451858386
0.010215694572686345
0.010337910360465333
0.01030211349040511
0.010263335499740732
0.01020465709002356
0.010086247648460576
0.010830244502523609
0.010896012741107105
0.01090615462585006
0.010685195624839562
0.010671111838186887
0.010643569121309088
0.010569041810917163
0.010536751441106874
0.010521409494041229
0.010472080614751975
0.010421384410305184
0.010406184657152042
0.009941140639693907
0.00994323395840704
0.009954224492734877
0.010456951302184282
0.010432161743171294
0.010390667909881668
0.010360476466883511
0.010277499462138222
0.010301376082746323
0.01027180401544301
0.010283435767103742
0.010027182560250175
0.010043596208122896
0.010059965225114893
0.009549567580741021
0.009527443876444814
0.00955352937645719
0.009434112548280242
0.008640969562266409
0.008312505852842458
0.008288831721138727
0.008119390908641673
0.008101079821547803
0.008081766168784442
0.007492385515222342
0.00732655276070295
0.007335924831702849
0.007335708047426373
0.007469998327623813
0.007464387559750249
0.007456548855490319
0.007511346739172232
0.0074832077346978975
0.007460712984441082
0.007449171815898224
0.007441409609959345
0.007424586021790696
0.007012526860381727
0.006959839977240114
0.007090497729131788
0.006977896980485338
0.007015491748945222
0.006982460827293334
0.0070017466109763005
0.007006596191386454
0.007002514313303626
0.006932758073092828
0.007010483554337932
0.006995519253272824
0.006934776243064076
0.006906272427138019
0.006783803444430411
0.006774254757469718
0.00677645770449319
0.006758194355051943
0.006996472297158716
0.006928091827192361
0.006881008290828378
0.006853505540266511
0.0068746767789930234
0.006834397026212079
0.006857652698623342
0.006869220440516724
0.0068601188236967914
0.006854938235164812
0.006825980156971531
0.006808088514293363
0.006794796411374596
0.006731869409910343
0.006714978265581454
0.006761621710775686
0.006804668230896038
0.006760110197857868
0.0068087084794271335
0.006789430509735647
0.006782514234795536
0.006750612923680844
0.006749375885829303
0.006719892424014731
0.004864423571432828
0.004841260028260883
0.004809678881211408
0.004783701184695125
0.004730871040330716
0.004742007993699385
0.004735476209244548
0.004716733923675659
0.004577046881572302
0.004563949347143274
0.004579566127730513
0.0045714868278748134
0.004655256214873973
0.0046309291202720855
0.004505650714317742
0.004461732966409766
0.004426672869622828
0.004612643964649657
0.004715059259730541
0.004838634873965973
0.004961423223645397
0.004945566682103431
0.004937843665231201
0.004892758129154103
0.00494463457765849
0.004914275454074474
0.004917307246325766
0.004805217453395026
0.004823422907926348
0.004811594727768454
0.004815348851077141
0.004787938671963579
0.004790436798907076
0.0047561767088929565
0.004887914240366182
0.004924146619918849
0.00542758958268344
0.005605081590188891
0.005568292284385975
0.005555814048238148
0.005538444946586864
0.005564871749613144
0.0054964554595630126
0.005495150934518173
0.005524458349593048
0.005557248661077486
0.005545247845963863
0.0055325075366947805
0.005486573116078778
0.00549165156189702
0.005467957977251153
0.005744965846857268
0.005811292455612197
0.005820502696529992
0.005809364539584474
0.0057627771387957815
0.005738518011863705
0.005780479047021612
0.005750847336784197
0.005729829485189605
0.005749555523147149
0.005689477757930395
0.005686373081550192
0.005686015299258322
0.005588526977703873
0.0055304850136273145
0.005521417825397668
0.005502694782670071
0.0054892046890337234
0.005489681349767765
0.005477774912230315
0.005412587975374763
0.005438618646809071
0.005435619464906733
0.005441461749946855
0.00542827878421947
0.005413784583123698
0.005478782448580124
0.005486677930250072
0.005472312753344987
0.005459174103446752
0.005453258842923488
0.005452808945196764
0.005437733764548623
0.005425144089737767
0.005413166359213688
0.005458473126444796
0.005450608153502199
0.005464532686355842
0.005451605859277945
0.005436060807140593
0.005415540897318317
0.005463564136625572
0.005444216890067974
0.005449509389642308
0.005440419765746862
0.005422617069556089
0.005427187973069642
0.0054286723462579015
0.005447867038146872
0.005447253814134619
0.005437192335666626
0.00631823072468113
0.006302699741832747
0.00631286502531341
0.006308782475412408
0.0063141127598199944
0.006463911219786675
0.006450170379959113
0.006453858634219123
0.007686096044865208
0.007667934856041995
0.007669324990110875
0.007648050984983004
0.007615179801824982
0.007601063618636221
0.007589829620256462
0.007575316539464265
0.007552702203079993
0.007539438684329368
0.007526869543387086
0.007498391512210502
0.0074867213542297
0.0074930552989659295
0.007488187188854671
0.007477692975398273
0.0074629059603016495
0.007445819717586245
0.007429444545270715
0.007386344013646138
0.007383740985546429
0.007461827667924262
0.007569697741280959
0.007622397411581834
0.007687040139481123
0.00766704221870201
0.007648552092995549
0.00762200137430241
0.007627725449932249
0.007591865632692129
0.007639335784233904
0.007498477435190042
0.007480117944751345
0.007443459930959008
0.007432999063901087
0.007387302985668667
0.007374450758605804
0.007358522167450225
0.007339590008447623
0.007304922557602907
0.007321411094728787
0.007024191596640529
0.006925220801395715
0.006872746849483626
0.006865501865522708
0.006854364295905736
0.006866154607085445
0.0068331058393085965
0.006800866147883227
0.006769718038634645
0.006771535781382505
0.006714961515275978
0.007208465889510044
0.0072389386028894045
0.007217156083406187
0.007206081239709298
0.007219255196736237
0.007184442371661059
0.007174811979648584
0.006782498759900887
0.006769094859593204
0.006762131372938473
0.006773263370100778
0.006751008167277967
0.006742975299064165
0.0067391064121344905
0.0067285139787355034
0.006714814009430686
0.006692447278281816
0.006668770130654027
0.006681281617198812
0.00667150930400159
0.006705090938896989
0.00668782618730305
0.006647733554488055
0.006627711925880062
0.006608423462453991
0.006626080034200163
0.0066050313011242565
0.0066014654968756725
0.006583862843065869
0.006565651994433365
0.006527099076785737
0.006508021625622124
0.00650035186734916
0.006495164630035808
0.006546813472978255
0.006569327690805413
0.006559679995225025
0.00654674055132459
0.00652303620553902
0.006511565954375935
0.006472933837497365
0.006443837889579614
0.006429802321287947
0.006416690260947093
0.006397425362884552
0.006380134832646879
0.006394054325206568
0.006398084860225745
0.006394907966290933
0.006376585684531582
0.006396451059135544
0.006379750675513803
0.00626694187661519
0.0062450699827005084
0.006245026276664566
0.006343285957917906
0.00632892127862582
0.006367018237937178
0.006343415102863877
0.00627256201297578
0.006265333010588251
0.006268701966546124
0.0061760054492293725
0.006169651214991179
0.0061586550706531846
0.0062567603563017295
0.006222703181601914
0.006234654338997386
0.006232857237899798
0.0062306022354205745
0.006205545243297564
0.00627499299293901
0.006257666979052379
0.006256649761425096
0.006238550962064427
0.0062413077880449
0.006208899874798292
0.006197476377599391
0.006251186678025371
0.00624717688529017
0.006112103892899626
0.006093758507042387
0.006084029438253997
0.0060879431827364746
0.006113628534890725
0.006113271118725948
0.00609301694729466
0.006516047082972541
0.006496085080783453
0.006466231949385612
0.0064429450171163425
0.006430548241912268
0.006381315956860964
0.006366876152314497
0.006351222270319436
0.006287464964682329
0.006281428036637549
0.006274869241994114
0.006269884635335715
0.0063207085036662055
0.00632333823867352
0.006329200651577188
0.006255690257430572
0.006262794368823565
0.006425063913255662
0.006412251119394561
0.006400297832966053
0.006402123551496825
0.00635633578595165
0.006340049188488523
0.0062989982243800095
0.006264937002881542
0.006294628218507232
0.0062844777837390816
0.006216825128541568
0.006200735774499117
0.0061789047075906664
0.006176992158508848
0.006173969214600037
0.006157025164515396
0.0061517565134825885
0.006129041365718215
0.006122509390226529
0.006102417169892085
0.006123127153756804
0.006104751327524773
0.0060651090211391555
0.006048123090675839
0.00598275237410067
0.005987196040138993
0.005970112271527738
0.005981916339364443
0.005955589008942571
0.005967480166433096
0.005950353349259176
0.0059168712813798575
0.005933727909768417
0.00592862267650425
0.0059390709324835134
0.005909056304662954
0.006053561238831403
0.005885853846413163
0.005873012600592795
0.005870031486293473
0.00609639908111958
0.006063878501637802
0.006044198593951016
0.005989193708195527
0.005982092714729575
0.005979630098929037
0.005941583977728288
0.005446230892977857
0.005429065012744317
0.005228445412310985
0.00517690620792971
0.005164488183970852
0.005229502091889895
0.005243692880804122
0.005214734994218606
0.005210101572326191
0.005201865364992785
0.00508329721182679
0.005346680361654206
0.005334262281615425
0.005330032653793501
0.005327932178897505
0.0053120239869101525
0.00534750615102834
0.005317958721014979
0.005333211107302319
0.005323977442975853
0.005306250808445314
0.0054091186986332165
0.005415185766584212
0.005424676475243418
0.005424419838282518
0.005423037182570349
0.0052406832560102515
0.005224956250133587
0.005125093130541126
0.00515814084332976
0.005219425157792282
0.005234640848944796
0.005226398486669383
0.005214706952910212
0.00524143946511408
0.005273493475175045
0.005269891718960618
0.005273718392678189
0.005284710923403816
0.005378521363334313
0.00533482692895013
0.005326613550194066
0.005335546512549207
0.005338461790966269
0.0053343957965062095
0.00532437784945909
0.005314533887877955
0.005311859994125159
0.0052979033150462075
0.005262190777538889
0.005407553127460528
0.005405037659719327
0.005387810841609586
0.005574998354616892
0.005748054803056982
0.00573389367740013
0.00572292057082299
0.005720921263263128
0.005982198406958826
0.006143554741141952
0.006087699099593148
0.006019698232248188
0.006011885337527662
0.005993817813296417
0.0059788305637262906
0.006140759247683289
0.006197340390787125
0.006199177120809553
0.006188367641768244
0.005913495855540382
0.005919934369769854
0.005888252865455009
0.005874315396980897
0.005858715330836349
0.005844159905155046
0.005836448493392034
0.0058010701360969915
0.005788445241030141
0.0057534845094594405
0.005745562752842725
0.005727438358265164
0.00572610137705083
0.005705332900601281
0.0057524186363897695
0.005755341571839656
0.005788374465323199
0.005784967575298991
0.00630713095876111
0.00630610978416371
0.005273804144831212
0.004841392197432241
0.004818069016272991
0.004809354862656655
0.004789137934957868
0.005086338015614949
0.005074612894220984
0.005064417041962365
0.005047740947565395
0.005085822218780428
0.005103726012156541
0.0051055181806427055
0.005098844150779768
0.005113375283763696
0.005196720617501909
0.005199360072105727
0.005203540566697376
0.00520199173952545
0.005181648495391872
0.005175610683984747
0.005155820406364485
0.005144055461469377
0.005152177359867231
0.005137806255360487
0.005159555577680072
0.005175379162450482
0.005183507132062692
0.005074547973816037
0.005066379077798003
0.0050622125735845834
0.005071698040926994
0.005060342366225365
0.0051454550382669445
0.005141561706468062
0.0051228642839071204
0.005299459734735798
0.005295033786723193
0.005316700742765871
0.005303273626601243
0.005277994371308956
0.005042551006485323
0.004992334422968701
0.004984849827809585
0.004988007440864299
0.004987644070529339
0.005004266016362795
0.005011661608551969
0.00499342529810575
0.005033815148275824
0.005027920456760671
0.005017293631185346
0.005032757818396912
0.005013482491036762
0.004991853513543065
0.004927765338222784
0.004922497968691798
0.004924895987451204
0.00492430767184856
0.004915252133949937
0.00490315366373262
0.004798176002970752
0.005726399617651833
0.005374827764399279
0.005371013102039459
0.0053717878268630575
0.005371524573094855
0.005359171117212022
0.005341210734995868
0.005334015745262081
0.0052790491941756956
0.005293486289508655
0.005232196222554727
0.005195394162997285
0.005224969268245547
0.005203291265393739
0.005187674769306432
0.005173943161972644
0.005176500129137676
0.005149851889375741
0.004796788539169936
0.004784371263407555
0.0047825026018542376
0.004775512650378821
0.004762915773331702
0.004776072278086062
0.0047775522410450685
0.004795104799220721
0.004795723416005322
0.004795283757047243
0.004802659257632949
0.004803983399096516
0.004805768652699808
0.004733879511912839
0.004715290519150265
0.004713041374984054
0.004702876879199328
0.004650983938768476
0.0046713459690167275
0.004667253891938209
0.004662673556433418
0.004661976422611403
0.004721347341488707
0.004712699209387614
0.004700251979903012
0.0047188356223204836
0.004735602721014
0.004761310104598251
0.004942079240104667
0.0049200369574642355
0.004910288950982297
0.004163639690773253
0.004170430720286705
0.004164940588359096
0.00419188318502171
0.0043732980556615555
0.00436514285274229
0.004389343272434797
0.004196337007285674
0.004168345667939922
0.004161135113131223
0.0041933322341338565
0.004192238485971171
0.004216068992644743
0.004229770628897949
0.0042162114163118115
0.0042115289224279
0.004220304585421383
0.004226738704158469
0.004215061466806826
0.004245019202109332
0.00441302052069686
0.004659515708331924
0.004666502828781398
0.004660601009946557
0.004668158373669692
0.0046556644401556276
0.004456524346280976
0.004453075783438173
0.004470952789325718
0.004423403710051327
0.0044077859455548835
0.004460635749100914
0.004457827363243968
0.004510118955665145
0.004622760263398514
0.004616403279437909
0.004604835137069653
0.004839909737550243
0.004868470908708629
0.004970196586586286
0.004964880481332715
0.004960994379458693
0.004956396443055693
0.004945842195657349
0.004978477878645986
0.004976268831262252
0.004906634159638936
0.004890523280112104
0.00487187230600577
0.005304085766783826
0.005280110353993299
0.005272303417313158
0.005260981477042445
0.005483354682230081
0.005483029373900943
0.005476007474084791
0.005452596848138828
0.005990938771142543
0.005993722632215707
0.005920970241014709
0.005931627345682637
0.005916565705377966
0.00591147215428517
0.006058960877022097
0.006037945454456627
0.006033732970029289
0.006030757243366351
0.006018038056423012
0.006030354376845926
0.0060271348757609915
0.0060059100572647794
0.005986195105139132
0.005844561875879995
0.005837805600967246
0.005816950277055418
0.005788829382200833
0.0058067656489145265
0.005793180960122832
0.0057897397383321935
0.005738967631072172
0.005741400853137501
0.005737172142641699
0.005717586915960445
0.005704120119701709
0.005680699442044115
0.005681096715098723
0.005689668788222237
0.005657229087830386
0.005706760249802379
0.005176379193173488
0.006101127915435817
