-0.020195111632347107
0.03383071720600128
0.029905581381171942
0.08032524101436138
0.0705993032703797
0.059762312298906696
0.05726483691250905
0.049457624709854514
0.044239222630858416
0.046024358746680344
0.04251842165831476
0.039065459510311484
-0.0065044314500742675
-0.006098555688125388
-0.004447500956302971
-0.003378438797560243
-0.0012080712670770755
0.0023090045494762717
0.0025374913995619888
0.0026560217929294445
0.0025929251569323268
-0.0007259753360615451
-0.0009016300852332862
-0.00156384283211082
-0.0018601407646201531
-0.0025216283888935473
-0.003493167805053026
-0.00368049510770702
-0.005683862677930543
-0.005689897630814342
-0.005015237456973408
-0.0047197586567508
-0.004253814596107557
-0.0051772216035585305
-0.004340733139542861
-0.004193601771131962
-0.004016816904033092
-0.005995300616352603
-0.0061326832219492635
-0.0039088952003001436
-0.003803582268855756
-0.0036006271893288502
-0.0036622548147782004
-0.0034528347404880655
-0.0033663416979834437
-0.006341705896317007
-0.005821341847574027
-0.00915363328816483
-0.009127266430296002
-0.002823629822837661
-0.0023595098844872617
-0.003514607968511725
-0.00273944801840655
-0.002770673403177747
-0.00185424187969017
-0.001597082556895256
-0.0018336021959588938
-0.002180923774870016
0.00016275378487383549
0.01162251031224723
0.012837868375373226
0.013778764765620944
0.013662167209986368
0.01359754955181136
0.013720963541841645
0.013634281576986412
0.016829386117238113
0.01347518462242316
0.012598812350604154
0.01239380334556418
0.013449594478717906
0.013161069148998353
0.012949042918940858
0.013658695608998343
0.01351188509847577
0.013820644462021532
0.011135122279087325
0.007080629980781039
0.005860841035610071
0.006001653994813015
0.0059956774319999155
0.0046247670830911955
0.004510686045423865
0.004070227527443106
0.003906596863512388
0.0051316188798211145
0.005253013011745437
0.0051673509290421004
0.0052601917983136305
0.005080507139439937
0.004961361265842526
0.005443375765456154
0.005462872307807056
0.005658219742441655
0.006160437854608372
0.005893241602101744
0.005802611837030527
0.006189366931923568
0.008862034229096032
0.009400507451339381
0.010205731962296167
0.010117254859668396
0.009911031997314872
0.009711551078639573
0.00986544868495878
0.010794678683366594
0.009314645321056664
0.010446378087556557
0.010440561342561112
0.01033305927381121
0.010274764929947977
0.01000968318852901
0.009994324703145315
0.009877816174665224
0.010449313213406454
0.01030177206724373
0.010416852207696543
0.010695056684565649
0.012232978447961314
0.011868154022011386
0.011564317594480811
0.01149158618920218
0.011922167043291756
0.012054543986916546
0.012312073896210349
0.012231188364268291
0.012271892788703557
0.011059106825742614
0.011443382028776868
0.011563375208327792
0.011450975450729447
0.011216517910711415
0.009683796838829436
0.009609477154703608
0.009503186096587934
0.009584834097279579
0.009477041417098458
0.009292345036745824
0.00905242836202628
0.009393108835285333
0.015213547640112821
0.014979984453338742
0.014963632318540478
0.014801813731098484
0.014721036989127018
0.010732820458697521
0.010392845971698594
0.010811741506030793
0.010631991362509625
0.01051928157708453
0.010378224430544494
0.009190834278021663
0.009131151564455552
0.010747450985194692
0.010827633061219387
0.010621614966268655
0.010767524942602441
0.010607916778304947
0.010484372491191605
0.010429476917090806
0.010299007083507781
0.010157940237914307
0.010106818649702044
0.010064470197892549
0.010023939588769192
0.009987094258320723
0.010033108806791936
0.009782840759554027
0.009660676628460776
0.009682009445928164
0.009719589901113403
0.009723785928197504
0.009730128627591601
0.009580037234617127
0.009533060110036533
0.009290934354856102
0.009427264718642308
0.010256266511466829
0.010586607299693337
0.010525031783232122
0.010499382692204969
0.010477852357470023
0.010382542347424133
0.010368301202165512
0.0102249538007703
0.01030870645187476
0.010252099854505042
0.010190188444943887
0.01019323063205535
0.010146601232261203
0.010446804148159568
0.010418938112763655
0.010392864500580487
0.010220137073133042
0.010371491794678741
0.010293251101452343
0.010304513146907952
0.01018629586218795
0.01017745703866239
0.010154998119322772
0.010202405572578416
0.010084905628954501
0.009796246976988825
0.009758196132280293
0.009784346271771934
0.009252785832693141
0.00910465941986051
0.008911386378996215
0.008711776897377732
0.00888110001370646
0.008819232109982414
0.00887077134222824
0.00877496305903176
0.008951113060614916
0.00939196587865741
0.009374071231802865
0.010389297100001894
0.010363753503890172
0.008216298144543544
0.008387293238340292
0.008373651481002805
0.00863913643317957
0.009355105388489653
0.009888580238136154
0.009082960800898255
0.006529814538562319
0.006238031049418313
0.006180489913145626
0.0061515573791795135
0.005264311663512125
0.005123582850752303
0.005151110614825824
0.00513679909412391
0.005245629487004369
0.005159929224045284
0.004949668197369965
0.004921595387438609
0.004896257580238468
0.00481474639091175
0.004790204479571633
0.004157201293663483
0.004125452848580578
0.004130133655739063
0.004002727719251903
0.003993674152061283
0.003972312695674809
0.003989361001238707
0.0039604997943084395
0.0038639572709798804
0.0039003569321090946
0.003906395184689215
0.003817802893270263
0.003897015791841027
0.003948212774726105
0.0039168467028503065
0.003850195116584518
0.0038290097722928065
0.0038266710660143466
0.0038111998556325057
0.0038020376239143215
0.0037481996296542396
0.0037256904989268493
0.003587648492115972
0.0035965655253813503
0.0036503583432658374
0.0036514304301000365
0.0036307855252065307
0.0037238914000223547
0.0037749104857168806
0.003766762939835056
0.0038507913174244627
0.0036695204528505764
0.0036858385275831836
0.0035920443301173765
0.003880259268782168
0.003898208848257894
0.0039375216797289
0.003583985776390118
0.0035814813803881395
0.0036415460376977063
0.0037497850993634956
0.0037331931974225454
0.003736457326711798
0.0037173184137301225
0.003667539117086053
0.0036523191966943906
0.003769555466836512
0.003839325631693147
0.0039453720174135705
0.004048192286119825
0.004081480340411797
0.004060823559155528
0.00406491625590763
0.004022229961474758
0.003968570113765718
0.003937620968873038
0.003969001963276778
0.003970572106457661
0.003988736353931017
0.0039656549888242194
0.003934402532053692
0.003929445865639353
0.004066808168940233
0.004042399176739949
0.00406533696067069
0.003984677059089018
0.004037004674583757
0.004121198487493682
0.004101183410966769
0.00413198893799198
0.004096502229050458
0.004206565937537628
0.004190979923446407
0.004196886934657832
0.004163043826038926
0.0043802939828012245
0.004355285445384904
0.004374347089791267
0.004330820956784009
0.004309450415277859
0.004285867081380952
0.004267267318948492
0.004254381122235726
0.004219555446627334
0.00417525506813359
0.00418696315999681
0.004190930139973316
0.004180213640476533
0.004169082051940318
0.004155317807655916
0.0042163672408507
0.004388241770826894
0.004383495569816081
0.004385036434595986
0.0042943212834610925
0.004345105965283231
0.00434050548869218
0.00434965095335101
0.004341006595538654
0.004354332493313606
0.004383466003785366
0.004417695076735662
0.004319082040151548
0.004350728443250114
0.00440089351169878
0.004232030570062859
0.004235473283648158
0.004189194002779824
0.004688545919322807
0.004732924507051291
0.004699905875399549
0.0047095665068724426
0.0047082595376226775
0.004754861462762918
0.004493985542395736
0.004546327112243881
0.004618043556201982
0.004708232827812773
0.004728387104922955
0.00477840722531436
0.004884074025469681
0.0047878810660284985
0.004769191273346101
0.00469049280589089
0.004669927729356044
0.004634444081136949
0.004634321130256662
0.0046074996498251825
0.004597971990635314
0.004646726559648022
0.004567234420939847
0.004577970266593093
0.004595439509584511
0.004584670781623569
0.004558171838691624
0.0037993500177471795
0.003689036275433847
0.0036796922317833803
0.0032451851564569765
0.0032124128267523415
0.0031177745914118373
0.0031624784859993985
0.0032207625119250816
0.00312760280484527
0.003051349142996998
0.00326473305608899
0.0033100405061370244
0.0032769552838107538
0.0032745156211790444
0.0033444661965362633
0.003314380917837129
0.0033055308993856
0.0033320324709059813
0.0033178950587723715
0.003289318519892555
0.0033095991765313137
0.0033140135389324453
0.0031030600898394947
0.0031139453219657283
0.003169183319572711
0.003268262380542955
0.0032818692783413727
0.003392377745972179
0.0033155783848480566
0.002799610421376925
0.0026357770353699823
0.00264335172487692
0.0026406607177042476
0.002646223553200819
0.0026195720312584387
0.0027223909294935727
0.002696423840818398
0.0027728988967581692
0.00255236675253093
0.00348861113651275
0.0034090763635484483
0.0035817422768998994
0.0035705033061539126
0.0035617590141815265
0.0035643462070115706
0.0035547905726252362
0.0035193553970505795
0.0035203649219837183
0.0035030372161418202
0.0034306279144210505
0.00343317347491461
0.0034510269592446493
0.0036113623595885533
0.0036125719704297042
0.003597175061223021
0.0035220035335644046
0.003508947096554257
0.0035090669882290645
0.0035017649134642427
0.003508305058007153
0.0033881417321130723
0.0033717632918835493
0.0033549263411475194
0.003955245856195687
0.004037191259279812
0.0025008644369258043
0.0025186926656261773
0.002539351720967001
0.002814547972900142
0.0027776669122011382
0.002760966016725537
0.002851140250900891
0.0028990518305873794
0.0028977541522019414
0.002888680674226543
0.0028997637069808806
0.0029433354145331206
0.0029332486657212393
0.002898981032770247
0.0028917313417574984
0.0028905991685965952
0.002870567269546006
0.0028792340394661357
0.002841914830344686
0.002844823233948901
0.00297186216107646
0.003005745259996654
0.002981945716250075
0.002911494520582977
0.002900045034335724
0.0029359158433622775
0.002978128497488794
0.002624863179833457
0.0026258839759975647
0.002677102760073673
0.0026712111588093916
0.0026636807125920195
0.0026387702320006803
0.0026502556000885186
0.0027037105843925654
0.0028251469900648024
0.002860170344833797
0.002934669313606238
0.0028362817635449247
0.0036539582423323635
0.0035971079091251623
0.003578534622640033
0.003557813379813507
0.003551024406879524
0.003551393408623403
0.0035924571733615763
0.0040426271854037184
0.0040514859735607655
0.0040280708230613724
0.004083489041771669
0.004072786960940108
0.004059407868541577
0.00407394512767643
0.004079393544845807
0.0038206003026120456
0.0038074082310800552
0.0037988905526555477
0.0037762608835454963
0.0037296225079335244
0.0037041070695386464
0.0036600419488063874
0.0036251065723975685
0.00364152025958035
0.0036459331543618172
0.0036538819374752163
0.003643624419787311
0.003630097857841441
0.0036159668475469957
0.003640749821822868
0.0035368395170083857
0.0035473217026265012
0.0035381526000921163
0.0035290139739071833
0.0035237364386190234
0.003506857329323458
0.003562185334737951
0.0035532576354035286
0.003578815432126327
0.003545935961189497
0.0034625319458567454
0.0033182972384004734
0.003364457256124168
0.003294995495936659
0.003187213895421117
0.0031719678450072993
0.003235202345955562
0.0032359983585289794
0.003228107369694122
0.0031929674884524015
0.003189067828197996
0.0033634535486230417
0.003352688727345607
0.003361104382921445
0.003339320164125965
0.003336279778007184
0.0033331431178124553
0.0033296420260334205
0.0032975470174427036
0.0032902235157692894
0.00367490527817855
0.0036584050765104638
0.0036527134874075754
0.003628437232156793
0.003668452918405614
0.003661822645448232
0.0036453144588436156
0.0036626829253552083
0.0036372643368927635
0.003652342028005721
0.0036214124429303283
0.003612270167175898
0.0038444029528750343
0.003864716815897544
0.0038441227775209675
0.003865639807379183
0.003862109957066405
0.003857258538190625
0.0038660418233677557
0.0038652870312424533
0.003851373722995071
0.003840481682520627
0.0038840288905712997
0.003865721826140223
0.003840849407540581
0.0037616996312400375
0.003751824177432854
0.003744055441696304
0.003704423922984014
0.003689696980546339
0.0036724047343272698
0.0036808288001033626
0.0035994018796371356
0.003653262522114593
0.0036781049852826313
0.0037386962318729845
0.0037524294782231367
0.0037351136151612552
0.0036993052985154003
0.003709300687829639
0.003704896301015881
0.003674437447240624
0.003666883975201112
0.0035442716733286163
0.003539394012465274
0.0035560663594624295
0.0036257401574204696
0.003619762804841487
0.003638565185039455
0.003627562873416688
0.0033694754265817623
0.0033684722927589308
0.003367916616578984
0.003370267246643655
0.0033717370053025384
0.0034194375239289176
0.003449881755200116
0.003433903694144263
0.004089304890568351
0.004321378142825169
0.0036781980384322475
0.0036611562174941347
0.003680744704270692
0.0036844962897335785
0.003658499465658796
0.003655596581774088
0.0036243028192523125
0.0036274444161168286
0.0036437623517255905
0.0036291011014655517
0.0036211833724585905
0.003610032545254272
0.0036217496939478983
0.003607670629510035
0.0036014911757471643
0.003580537466003479
0.00357069700891816
0.0035612750919965233
0.003529072782910173
0.0035115238347639046
0.0035124386282264276
0.0035061538950323006
0.0035161340702063487
0.0035126845020082924
0.003509009855892508
0.0035324954358413032
0.003525071846008555
0.0035966236019547076
0.0036088160252300727
0.0035995442567149255
0.0036405458153969347
0.0036466362401865165
0.0036527316657404036
0.003758278983767799
0.0037496090653044434
0.0034219388799330373
0.003377524660618791
0.0038061521283743556
0.003814007033078737
0.0033856782377370102
0.0035699310721778676
0.0035152714074817063
0.003500781068270577
0.0037046686256476473
0.003691200720590301
0.003680747717704722
0.00366934748908787
0.0036739436287057795
0.0038570459362209843
0.003891282867765628
0.0038887785972788443
0.003841903691942107
0.003794600870399658
0.003775397742744565
0.0037722524222633495
0.0037609506976079474
0.0037594642769226386
0.0037361911074633475
0.0037740770827559126
0.0040613192481969524
0.0036804707823553714
0.003963325834840824
0.004738642415084469
0.005591702993509659
0.005136424368439958
0.005055650496312109
0.004659220920732551
0.005022898459549812
0.005021840451136986
0.005010951153235513
0.005160467878130481
0.005375704172235735
0.005365442708020489
0.005388691517623223
0.005380348092617678
0.005329513697683149
0.005382932289149287
0.005371623528571145
0.005351819987055632
0.0053070809283834825
0.00530686889419185
0.005339703314628354
0.005341958154608552
0.005333156595027015
0.0053050939814547945
0.005317824176389122
0.005299673444697208
0.004961160104146482
0.005233392276711962
0.005212194954915706
0.0052021026546297325
0.00524425773926462
0.005240353798825691
0.005239489585092774
0.005245872881940215
0.005229622356616361
0.005161306379366954
0.005129498844054989
0.005107737810668062
0.005146641932993334
0.0051197607554136675
0.005077660948262314
0.00507939903739215
0.0050614042260845515
0.005040513216319716
0.005033310054090386
0.005024511345676672
0.0050669717046663764
0.005081391015532727
0.005353601411653977
0.00534583910587133
0.0053739223911772336
0.0054859998694726875
0.005497055940841347
0.005522514016113502
0.005430255747301373
0.00541805614349712
0.005410036616190147
0.005403114032440387
0.0053922636813998346
0.00537635628553011
0.005409973474673175
0.005401180934843343
0.00538105199650382
0.0053596136707346935
0.005335020367176401
0.005281848362940043
0.0052579602337833225
0.005261397762254426
0.005304886333202656
0.005281300722357343
0.0053285531677948915
0.00533611317892435
0.005336582843505794
0.0053228610943999765
0.005315169166470188
0.005314481442958803
0.005289622689327572
0.005285287560923132
0.005275010039937073
0.005246125198606919
0.005255367668890627
0.005245934569279697
0.005240545427729946
0.005237082601876487
0.005226084092532382
0.005239314292633908
0.005247934308237052
0.005253793281487175
0.005233594877218525
0.005241005566318685
0.005214397404338253
0.005252449220588443
0.00514154909914317
0.005141418010485212
0.0051422933587837154
0.005119658020717779
0.005110261574061041
0.005088252041678163
0.005206279839445709
0.005237499411554731
0.005219803685990042
0.005272732179028784
0.005272394289265342
0.005266849415603533
0.005259363632520009
0.005314238466717968
0.0053700810629303975
0.005370741633882133
0.005375194160211778
0.005369827887651864
0.005532560823718997
0.005554559769012212
0.005550708109565575
0.005517336325231766
0.005504536464474034
0.00549810611611584
0.005584028890022146
0.00557555285767672
0.005599045760605719
0.005576310493253243
0.005563885459396222
0.005541289923378092
0.005540968932183788
0.005543600706121103
0.005627541880989182
0.005606531595071344
0.005590483072285634
0.005642029031819324
0.005535837035306405
0.005525373003624242
0.005517408809696055
0.005510880666704793
0.005484615067530004
0.005474275996895372
0.005503969488982245
0.005482872767767429
0.005495820138135168
0.0054834322005178765
0.005494028128123323
0.005428317300276254
0.005688188215182051
0.005654116235068884
0.005694499140539018
0.005701488791784183
0.00567478151663661
0.005665878508471664
0.005679418042953081
0.0053345589536689456
0.005327559893276763
0.005321467677981087
0.0053011761233325285
0.0052928281852031595
0.005490695895925763
0.005503298845742062
0.005500941003893058
0.005510482530855102
0.005502459025983918
0.005562549809327123
0.005475718891333292
0.005460050228011006
0.00544469430462011
0.00542818168831711
0.005446364446311459
0.005446320047291619
0.005437230594488895
0.005427194767836551
0.005419384830424357
0.005423663964268133
0.00539354822733047
0.0053617640075673935
0.0054425171452189385
0.005429235754908028
0.005456796120874568
0.005476266470832563
0.005443056915556951
0.005443589674506957
0.006090714722351663
0.006063542946511537
0.006046431412410347
0.006013745398290554
0.006018635560813718
0.006009312185557165
0.0059940914705647295
0.005852165825102899
0.005872059928585752
0.005843909666516161
0.005840850275455765
0.005821883513617416
0.006299106068635252
0.006232948890327971
0.0062047935267495
0.006182072556152907
0.006187612522094659
0.006182606635637017
0.006184075354918336
0.006181509024545101
0.006185340247060542
0.006168554703150993
0.006170370965535474
0.006164283050617918
0.00615359072734466
0.006180282780114966
0.006322281675238631
0.0063744225326624075
0.006369305084412167
0.006353440405822424
0.006328468496668743
0.007004502588685849
0.007036684216107191
0.007026611492101932
0.006939389238266465
0.0069239246883010365
0.006941792960609024
0.006939350531569552
0.006930828284255346
0.006876842608885627
0.006873870249901283
0.0070118433456821325
0.006973678221269935
0.00695878568937353
0.0069564985826214495
0.007020412156904709
0.0070175356215826865
0.007000991095404673
0.0069463755804036265
0.006894522347081172
0.006813138420798456
0.0068091330164572065
0.006823301033294772
0.006837327458177654
0.006851731100528932
0.0068396167096463935
0.006840284917945298
0.006834217128421925
0.006824817418159262
0.00676144904666243
0.006779687449191896
0.006774260086894194
0.006766599308595891
0.006767934399629044
0.006760351717221179
0.006752342322572102
0.006747128188108359
0.006701810334459237
0.006697031808734378
0.006634791988120627
0.0066110808757443565
0.006593211360989865
0.006514012885847961
0.006502694584624529
0.006455303995289003
0.0064360219652449336
0.006491382377445334
0.006476490028950648
0.006450426157164354
0.006439192058704391
0.006429597657921572
0.006439542472468931
0.0064357765083474594
0.006443762911476572
0.0063962144639551155
0.00638624614612669
0.006382268703178793
0.00637252891675343
0.0063642762753746435
0.0063590136840899385
0.0063912687499019976
0.006383365435504226
0.006372541201023029
0.006396377452978795
0.006382494380754072
0.006380731563644324
0.00638631104604577
0.006330109267423363
0.006320928455577695
0.006301893262560868
0.006296226746655376
0.006293349792544574
0.006287642134331232
0.0063266358243654905
0.006322464083048034
0.0063296136349881155
0.00630848987171796
0.006358152767828125
0.006342529853740437
0.006333979788994071
0.006335204150043886
0.006315463016659039
0.006304450092138729
0.006247699419543306
0.0062421134856731125
0.006240825976366291
0.006227420554501236
0.0062088447348677975
0.006187450386575044
0.0061835205023563385
0.0061835334567005166
0.006176657723437717
0.006162987698674751
0.006318045272971591
0.006307055565466618
0.006275511790417056
0.006281740648268161
0.006409438898053432
0.0064054528332274955
0.006405237716388622
0.006400865687621179
0.006377604975767817
0.006373934089398191
0.006359296698117468
0.006354496432607233
0.006362142538692989
0.006305540093001811
0.0063025474766842515
0.006346623885486335
0.0063376105527518465
0.006317628997855147
0.006321156306969498
0.006294339831457576
0.0062989408204191565
0.006312358172116297
0.006314305368681101
0.006252364105827985
0.006178251893949812
0.006179832622789527
0.006165903091705257
0.005943720055407539
0.0060255312980213955
0.00603753469044795
0.005790345746564277
0.005786034995253439
0.006111266715513046
0.006111365756450016
0.006108500552363703
0.006096182111346819
0.006091545449678188
0.0063482850408816205
0.006350451449931676
0.006331362644908959
0.006359885707004498
