0.047282591462135315
0.04755820830663045
0.06460308097302914
0.05011685099452734
0.07636375150953731
0.06607370424483504
0.05772048590006307
0.04181386680445737
0.05556398020125925
0.05962227001278238
0.053095017753851906
0.04919156480508928
0.04625795320940337
0.04358800523914397
0.04171604248404037
0.03928444727995049
0.03868190909593573
0.03693904214550888
0.035194287021295165
0.0428792972123206
0.04111399331437001
0.037737524048324034
0.03606704223057024
0.03561985891545193
0.035209429416751786
0.03430604679656596
0.03295847743824458
0.033151812435946726
0.03320601380934629
0.03177576887819376
0.029936834385807746
0.02923489388988608
0.028185633163529396
0.027242923090567014
0.024976340214683052
0.024376751655221893
0.02350962086194685
0.023071775715857838
0.022921172041969837
0.022380426575759105
0.02198200589018164
0.0214945311850305
0.02122935936759776
0.02081140252218271
0.02021805504109184
0.019757905374330646
0.019379233275685692
0.01846933900259853
0.017893684277078135
0.017796585714106684
0.0180389175959415
0.018744498397935322
0.018721778544002317
0.018629450142510575
0.018173525977804923
0.016642594222886192
0.016887487846643436
0.01655573187439339
0.01626774324395228
0.016751364029020253
0.016664780438840086
0.01635407106045426
0.017114953191594392
0.016185637329740876
0.015819120766757278
0.015581427060359556
0.01801980182918829
0.018323176528624106
0.018363002396654334
0.018171419430537225
0.01756755019596312
0.01697536514695631
0.016761814448604907
0.016593024913842475
0.016291011366870643
0.015805479523108953
0.015737872328967423
0.01572468376694883
0.015612417561351316
0.016234189648480137
0.015595797685020393
0.01565903915283101
0.015291809578359654
0.014944594997145668
0.014822295452684677
0.014591066613686319
0.014150316104695027
0.014002174507889346
0.013977935157405828
0.01395534996485726
0.013094258962867209
0.013479657774110148
0.012319373623269823
0.011713709900351725
0.011717169101757456
0.011611508303945974
0.011664380644904252
0.011681743824591083
0.01134011942194774
0.01119762936394919
0.010926575899836326
0.010816912417688843
0.010753547743661324
0.0107960239917572
0.011070597334764893
0.010956661360094615
0.010879883023099625
0.010363968856068786
0.010129232101396402
0.009482561407174477
0.008714587700004422
0.008713371563389633
0.008722283434237173
0.008539430997536882
0.008111373687981918
0.008244927564604035
0.00794398049642411
0.007889071594876779
0.007695553674905873
0.007520977875279372
0.0076455769995532824
0.007480982961738863
0.007406809057424508
0.007266658870503309
0.008137152691016952
0.008008983673703838
0.008109003405479601
0.008013414787561745
0.006173200337574463
0.006925015395706282
0.0068926401630354465
0.006820116442439143
0.006703467732086892
0.006617939818857448
0.006586914534529894
0.007253946867315985
0.007527012332423553
0.007435819959911193
0.007688980398233983
0.007497568854216674
0.007320690265541874
0.007362986069784822
0.007386004702614934
0.007382566566932307
0.006768435553953768
0.006777163849966158
0.006646068856384405
0.00657264211202578
0.006280849779335162
0.006578880286658344
0.006844208139227705
0.006838402697159089
0.006503430647207063
0.006502737211544188
0.006977746512394591
0.006928147642449092
0.006876756455911372
0.006306409139886102
0.006679403090311099
0.006723164876862228
0.006737878196513466
0.006711353091851588
0.006542102088399302
0.006531885447982474
0.006373027149876805
0.0065467752816718815
0.0064513782227073714
0.006546909905372177
0.006996967644526568
0.006919289330137642
0.006854054646303898
0.007102988077249549
0.007083930929884548
0.0071492320708265245
0.007225700578353345
0.007175732011667393
0.007137438849731755
0.006946136032597956
0.0067810063066038595
0.0067591553020743805
0.006715728350912453
0.0067060570600900584
0.006796598378455
0.006787218002136794
0.006848835886733964
0.007021842065907235
0.0069340824622021804
0.00687390816904279
0.006878276443488796
0.007770739495449488
0.007777191552728859
0.007749094160628345
0.007718170389050578
0.007650665918257659
0.007586351812909812
0.007379848536914734
0.007723072796267447
0.00763050021092412
0.007579910152999218
0.00753745794573113
0.007803064413394059
0.007834019274462306
0.007745293258659668
0.0076624410701120575
0.0077925712314945205
0.007723722937303157
0.0073224360080180635
0.007236725679413819
0.00736026072713901
0.0077071168757335065
0.007593767108771297
0.007542996558835159
0.007491492966318362
0.0074681688963738795
0.0074645954470421785
0.007488436221997016
0.0073248059849293215
0.007284686358201157
0.007531431213349355
0.007561273769342772
0.00749600096999013
0.007522950372543819
0.00752703921768573
0.007374945727642623
0.007358328795495267
0.007372376219511012
0.007322562014706543
0.007298061530376215
0.007271120271837821
0.008263345658365891
0.008267489635006215
0.008324504294082949
0.008621197078191933
0.008527216049495762
0.008410628273110373
0.008275074259238508
0.008232178754699528
0.008184754957248176
0.008199014151129324
0.008105558046879806
0.00805424198759373
0.007986113018262362
0.008015056708722648
0.007932821656719836
0.007901159344417064
0.0078138614712973
0.008001718555826827
0.007936277548571201
0.007885953115532172
0.007841407175990286
0.007807789507852347
0.007775443128223635
0.007774425995688311
0.00840848893470441
0.008371988928274728
0.008278368648136183
0.00827804445167245
0.008320167580031531
0.008226064010747132
0.00817546377630219
0.008135888125002738
0.007810257031970051
0.007528851539201709
0.00755292692788402
0.007528769318233207
0.007472647268766333
0.007430382413701014
0.007466498354049987
0.007368784577421912
0.007365875774556324
0.007347159234247074
0.0072724680160854566
0.007222144522264014
0.007210181844209066
0.007072343249118589
0.007022630908511349
0.007031525958625919
0.0072584010931449556
0.00725520535176786
0.007207820792906184
0.007083132305943755
0.007173434029252665
0.007213381510334494
0.007235246959853131
0.007230440230585854
0.007183845676781887
0.007162963527864322
0.007135668285891966
0.007224293194253574
0.007193177970265488
0.007125142951972769
0.007110068327214873
0.0068762291127381844
0.006796073529009027
0.00676597423778337
0.0067395424344482814
0.006715933749125645
0.006709233098266254
0.0067046845182388405
0.006741658964486749
0.006565911581836924
0.006588766751495856
0.006552780818119093
0.006501367381873128
0.006471099577550441
0.006464916644488985
0.006391926628330346
0.0063348444211477565
0.006273149277436576
0.0063805121595677805
0.006277074278235279
0.006253567627465988
0.0060832603902416585
0.006073797712775153
0.006055148353592397
0.006023572740028979
0.006010377231755428
0.006020373784313649
0.006090912985200701
0.00604921250478611
0.006036534423683913
0.006058775129095122
0.006131479037849426
0.0062015235522547
0.006225705482287079
0.006204156150054527
0.006254840354547301
0.006176825552452694
0.006072004762245341
0.005980270840698892
0.005924156363962318
0.005887164332094256
0.005858385726819258
0.005986598204063777
0.006034921636282453
0.00668051259959039
0.006670698642519924
0.006680233462247995
0.006635316330357452
0.006564381240649949
0.006480832497571587
0.00673719360367544
0.006698899453493687
0.006679263036610367
0.006625551036444645
0.006627762505498789
0.00660736413372161
0.006971006661774934
0.006969935397584254
0.006935907588665373
0.0069358783735383
0.00698357347445826
0.006966349684092671
0.006959339747579215
0.0069192554064296434
0.006856126162446563
0.006831677074644285
0.00682004905986135
0.0068342154905419875
0.006775371684696668
0.006698393582743307
0.0066916110802547005
0.006601359248244468
0.006273967888340198
0.006248146882872323
0.006178758847647742
0.006192180765419437
0.006147017578315492
0.006150345277274025
0.006133373405795662
0.006118274660610781
0.006190758194754412
0.006141616341553346
0.006080555410434799
0.0060127015743265885
0.006006144053878293
0.005956308517072878
0.006019993230582538
0.006081910588239365
0.0061321993629763405
0.005988142779828362
0.006160272786262448
0.006231441395357247
0.00619194934555849
0.006187965653093594
0.006193462919289823
0.006461176326373568
0.006377955459316848
0.006384353656082959
0.0064306882224367205
0.006425979460485047
0.006294523153700517
0.006196604227306799
0.006219926774737574
0.006212140197131892
0.006198537652087523
0.005948960150465666
0.005999439600201549
0.005976578684058037
0.005930450944661943
0.005801017148262675
0.005835176094275696
0.005862612321069185
0.005862998871569646
0.005856574837031216
0.005816563220777036
0.00589279481495146
0.005886557181809815
0.005874299994533561
0.005874675853232286
0.00586180472396115
0.005878271506287462
0.005745552150096184
0.005756633996357578
0.005737645732901558
0.005703400963430493
0.0056772848488718395
0.0053902476523649415
0.005441143450194169
0.0054586211644166134
0.005438575256280422
0.005424085222889202
0.005434211688379773
0.005378141694647423
0.005405597618295691
0.005427813438798978
0.005478464256293165
0.005491291313911927
0.00550987960900678
0.005504123823341248
0.005408065695384584
0.005416456095908722
0.005382300438230624
0.005366545589908356
0.005362482217873162
0.005209208913392532
0.0052444013874854475
0.005257941220021445
0.005232587529462759
0.005243740007312978
0.005345129937605668
0.0053340580205866114
0.005337383416518021
0.005290580001853278
0.005298765727935874
0.0053081159516116805
0.005283490322134246
0.005264161776244131
0.005301732358186399
0.005271512248265262
0.005234487347930164
0.005258333876859558
0.005242148163858674
0.005228146424921287
0.005255993367188092
0.005248764940844214
0.005148065100931336
0.005149915821881746
0.005135825889200252
0.005200095164994634
0.005108688257859402
0.005106042852684585
0.005182399751055491
0.0051669631026915516
0.005203095667814639
0.005267878391453892
0.0052584985416117835
0.00523389068217193
0.005234832962989763
0.005227059708100456
0.0051912582937925925
0.005145348061981702
0.005121571877219744
0.005144421784574847
0.005128031967187241
0.005137165771007525
0.005152992908935405
0.0051375949342875055
0.005097102962099594
0.005095378083700655
0.005058491278291943
0.005054679125962934
0.00503933494504106
0.00501971816315229
0.0049998697171077765
0.004997640260465602
0.004985900205864424
0.005014787326544971
0.005003653468008209
0.005002255992875708
0.0049925360203260626
0.00502639087533359
0.005057738363476062
0.004937970827479441
0.0049268682591754156
0.004912718136535329
0.00489926576180978
0.004884661528639276
0.004877079519326795
0.004832376310385262
0.004820828913108988
0.004825526038272706
0.0048581424310372824
0.004851868375098458
0.004881685554475994
0.004884669349526089
0.004906285141560786
0.004834528424990246
0.004815942934581858
0.00478020106629539
0.0047595346958360036
0.004739705451285791
0.004737898029168656
0.0047000839830448485
0.004690497762017315
0.00469642603259652
0.0046926053715321365
0.004712456638448344
0.0047065004799291075
0.004699211294924559
0.004686960710415081
0.004668856863120304
0.0047529240338556504
0.00477673945759999
0.004850936856031405
0.004860625921176878
0.0048702826456009755
0.004859909560379085
0.004865467546503317
0.004858887392528551
0.0048266982923820196
0.004842218378009215
0.004865251407737937
0.00484103058697655
0.004793304980731624
0.004806525569415194
0.004818998929264612
0.004801717506793314
0.00482364596089744
0.004911324705962125
0.004908078696258269
0.0048953470765204735
0.004883656627819557
0.004859302490586493
0.004856023131831347
0.004855915984386568
0.004815499562014696
0.004821314073005728
0.004799926462477405
0.004764710788250795
0.00475972582848887
0.0047614801258049075
0.004776228156124842
0.004802543724371062
0.00479613659200308
0.004785672552182199
0.004772078819713951
0.004880347770321373
0.004868854594055189
0.004947342388701257
0.004937958991543624
0.0049404874817239874
0.0048719292205423115
0.0048779603795445076
0.004850914334165018
0.004840654063238091
0.004847407967453115
0.004867877912775547
0.004837611647784345
0.0048371568158466225
0.004858949299111234
0.004857848339163925
0.0048809548238988336
0.004838921143572124
0.004828279807750525
0.004822960504442868
0.00484555271048514
0.00484684992202401
0.004824216756267179
0.004888809014455589
0.004888710853202852
0.004881920104672229
0.004873645526683112
0.004842079742552914
0.004824570851871713
0.004836132678221525
0.004822761289712803
0.0048093791488369834
0.004832560873404929
0.004805075510246627
0.004804333641742055
0.004811197644650058
0.004812051402267709
0.00483243676233144
0.004832749557857171
0.0046620539775066696
0.0046552648182053465
0.0046380223881862135
0.0046316180311259765
0.004594671940830021
0.004597299915883048
0.004606590914685941
0.004600955101384603
0.004584078792163189
0.004534462727809923
0.004529554945093774
0.0045157075181984805
0.004512480498816851
0.004514676371119821
0.00450864517609718
0.004496304597838754
0.004488412848294695
0.004486007917295464
0.004446967546847016
0.004441404789168377
0.004435437177292805
0.004366200748630599
0.004369523934982352
0.0043881289291030304
0.004371960241544011
0.0043687691290299835
0.004331192496325369
0.004367681639380929
0.004349558463506398
0.004320687858184006
0.004290233135774456
0.004253008358208697
0.00424617022629057
0.004257844073054865
0.00424439623887708
0.004264201871834138
0.004239321813041761
0.00423223692104837
0.004264994138140433
0.004275152902887639
0.00422916974337973
0.0041667007234277385
0.004182624302152978
0.004171255340224885
0.0041595985359249256
0.004153153915835883
0.004159945539998331
0.004163870677787241
0.004167182020330439
0.004238249853883375
0.0042211524928075
0.004234680942048456
0.004221853042611182
0.004229488544918309
0.004222917171107882
0.004184739075156865
0.004219500686877775
0.004306069560475726
0.0043003069800289185
0.004297745150901524
0.004292445964834835
0.004296516905656214
0.004281051409761498
0.004273309224906067
0.004274608063653856
0.004277416909383639
0.004260692719460029
0.004246560464674855
0.0042387582424719995
0.004236844128456427
0.004220356471484704
0.00422018843781047
0.0042328105178649125
0.004194686311616827
0.0042126895124217625
0.004280805973047835
0.004315171631559576
0.004315710599597777
0.004334916158544798
0.004371457350903231
0.004379042479975847
0.004366582545251271
0.004404667032462861
0.004388436319662589
0.004411694918528048
0.004416960421976938
0.004414665031398199
0.00440433470134716
0.004458416298194959
0.004461125736790045
0.004414329023318694
0.004399169004944609
0.004358786298840676
0.004335228523806385
0.004337951049003776
0.004306342257617439
0.004311253681569258
0.00431522628445425
0.004299259392156017
0.004272917953277027
0.004237672232540384
0.00424054440879463
0.0042242460147356425
0.004250018739008476
0.004228733433476952
0.004224156539295493
0.00426071256188514
0.004250807756100336
0.004372557040951247
0.004370154215685136
0.004359275034445704
0.004350625375636962
0.004339695293541696
0.004332048351823967
0.00430112353096416
0.00426916925143712
0.0042650333429695856
0.004246137190527994
0.004248914116882829
0.004243756766533791
0.004285838566506164
0.004273436259067147
0.0042872558642886
0.004276097535977088
0.00428760419331682
0.00432263174622482
0.004283534385937614
0.00426699727171008
0.004276525527078272
0.004264764039881127
0.0042499210107418235
0.004256716235841441
0.004249037246459991
0.0041965326056688105
0.004235957448992486
0.004223980651907572
0.004221056854653478
0.004237178341156932
0.004233456926173245
0.004195352837679978
0.004195350534257351
0.00419098271046283
0.004185135609995515
0.004174937950439335
0.004212164734300116
0.004205425020871806
0.004198208738588144
0.004183308073337957
0.004176921490228252
0.004175303868683186
0.004192381354453729
0.004193812204339045
0.004182769228368238
0.004156316418472366
0.00415021510584405
0.00413404681274458
0.004129840958494615
0.004137501568434356
0.004102657866835383
0.0040924954423283595
0.004078348127679401
0.0040567584707396145
0.004056479727991392
0.00404673073035634
0.004047503526120306
0.00405362506318083
0.004059145081936908
0.004051574260806748
0.004025240460360494
0.004004756999030336
0.0040072463986702426
0.0040185837399728044
0.004015832005202785
0.004006508086746036
0.003981270212171254
0.003975337567228588
0.003947883232893965
0.003939190467911919
0.003942033438154704
0.003940034079203108
0.003931472700308259
0.003923185730787233
0.0039145150879055434
0.003908282671256573
0.003938213098120769
0.003922704528682848
0.003922163408957621
0.003930381639441531
0.003930749132625672
0.003923349101168962
0.003921177508370128
0.003917015892216225
0.003885631138526421
0.003879331686729974
0.0038722726790833112
0.003865745377962325
0.003855359184059215
0.0038459734132079955
0.003839163163145297
0.0038594033859916405
0.003845279070718439
0.003816476124019316
0.003794964041174193
0.0038319218178003173
0.003819697251266967
0.003813143025311763
0.003788131898117409
0.0037896595814567026
0.0037793243703394745
0.003792752532056465
0.003777416807876624
0.0037979841466643234
0.003797605551460671
0.0038057425904826415
0.003796019283091443
0.0038825526468015893
0.0038783021848937996
0.003838459540111883
0.003843052276200182
0.0038367110095457613
0.0038210987373106394
0.0038067633665037535
0.0038083416784835443
0.0038073184596525084
0.0037318002447118918
0.0037677018484907924
0.003735918356231574
0.003729432363418273
0.00373988546420481
0.0037497794885962337
0.0037560500226030257
0.00376964338644152
0.003768840962432521
0.003764684211900342
0.003820014936809125
0.0038025233569407187
0.0038751518040211186
0.003863995613662044
0.0038620430426839366
0.003869225744227095
0.003852112742537003
0.003852309197629742
0.003888508481172234
0.0038984452626512653
0.0038741631297711304
0.003916840224677245
0.003922493172442693
0.003942414911594061
0.003937074442575929
0.003931400586023094
0.003929947799240996
0.003916051307416358
0.003906131588751873
0.003926187928437305
0.0038964827304222207
0.0038967852348444207
0.0038823773543997797
0.003872020464538825
0.0038624139655141754
0.0038607441521005957
0.0038488512666398226
0.003833928595390384
0.003821474994392899
0.0038023004535758867
0.003815779636606448
0.0038023595860240864
0.003793849661322533
0.003784281333975265
0.003777141709451295
0.003776168033177368
0.0037634547237487244
0.0037625384860895178
0.0037548817555935546
0.0037453496694864505
0.0037137698334022604
0.0037053495615084154
0.003678902724164641
0.0036871074355213727
0.00370617164112627
0.0037094013439597654
0.003708020589094574
0.0036859223104648425
0.0037578883065934213
0.0037901779229287
0.0037886936264588237
0.0037837122730533753
0.0037765769418597896
0.0037716756503300987
0.003772637291514114
0.003773863892805174
0.003767741422036083
0.003756137701186139
0.0037549652216963287
0.003739701789408769
0.003733382703055434
0.0037370736428433047
0.0037263320115069436
0.0037249467733198338
0.003724036462326636
0.0037063011101443858
0.0037030769152428633
0.0037001854594758453
0.003706307986632575
0.003693799877526335
0.003730149743455733
0.003716716908541565
0.003713894235849444
0.0037236641624358215
0.003731340830129415
0.003737538624886379
0.003733422774490364
0.003721555228699463
0.0037164011695709036
0.0037110066162243127
0.00370039692503562
0.003657795004600248
0.0036386531629897423
0.0036317623634715608
0.0036576925792802524
0.003647137641783199
0.003656618789738726
0.00365299861832503
0.0036759520680729697
0.003672030321752606
0.0036947806670414333
0.003684516314446411
0.003676747450557605
0.003698011474594169
0.0036985064211074903
0.003694410141045523
0.0036852978014948728
0.0036804080402111196
0.0036981778473225307
0.0037107346009873582
0.003678828897129709
0.003670571324072747
0.0036735460572673334
0.003673114960318189
0.0036634717957131535
0.003685289739534594
0.003675447380703966
0.0036789399847489477
0.0036989004415419204
0.0036939648325564874
0.003693029163608185
0.003690415885197606
0.0036936301343223916
0.0037047154773510067
0.0036978847496260746
0.003682577740976947
0.003693704166471236
0.003708135221327378
0.003709302302592235
0.0037133320804538243
0.00371277537728149
0.0036842144078999594
0.0037008914174238346
0.003684125082744027
0.0036821497095924274
0.0036725512944175485
0.003667953077890072
0.003621552702579507
0.003641197241527608
0.003636864956630836
0.003625092814925038
0.003637090451391448
0.003646009430656281
0.00364623350255274
0.0036282604472793675
0.0036137163191122647
0.0036042815077575044
0.0036085146639379634
0.003645401822306477
0.0036455548473408156
0.0036571970818891322
0.0036448086755050293
0.003642733238088509
0.0036234927198871576
0.0036536415366049914
0.003653042807377829
0.0035289822510556072
0.003526368469763105
0.0035294743898216176
0.003532751319794531
0.003536889029020737
0.003579520407432018
0.0036015376037802395
0.0036055512467330097
0.0036020994119625015
0.00362368149707201
0.003619811505708167
0.0036334013260607765
0.0036287818278121944
0.0036252616019801878
0.003628556513169722
0.003630235312812143
0.003624405636330678
0.0036223511792128115
0.003595670893491153
0.0035918931273161863
0.0036065729159568453
0.0036060982944867456
0.003605778416123674
0.0035978825812926483
0.0035945099857149633
