0.010879235342144966
0.043491034458080925
0.026804410852491856
0.02895733118057251
0.0417183501025041
0.05039349624088832
0.05303218308836222
0.04845199971977208
0.040795859415084124
0.045901154675944286
0.04948616377077997
0.037264792750088066
0.04264539407034005
0.039964518882334224
0.04229294223478063
0.0424529913922443
0.04334144496048489
0.0378612018631477
0.05020213923417031
0.04555153877784807
0.044314536054364646
0.04765980905326811
0.04758342561156798
0.04729785580188035
0.04692277874654301
0.04515095698405746
0.04397028659669948
0.04222425566343911
0.04112078148561219
0.03976800585646302
0.0387465475796489
0.034384399581926336
0.03745458180577878
0.03959256914843406
0.037624049763609134
0.03600699991944271
0.03520391974598169
0.03405018614079708
0.03690769304521382
0.03591948279702081
0.032302101674888804
0.03134909174729917
0.030932797309519203
0.030624185192088274
0.030024051969951896
0.028942005015275565
0.028158159848923472
0.02757760832010178
0.026807248843833793
0.0257584634054379
0.025544153517470324
0.024869037220992558
0.025861870730295767
0.025613643423738792
0.025173270251668444
0.024666534798023717
0.024288080010466777
0.02454803545043755
0.024064372848564122
0.023159135495633115
0.023233741397909322
0.024066606207588107
0.023583105208672333
0.021619469754827692
0.0213281378982532
0.021474137589502226
0.020959163338000703
0.022855851023147487
0.022659847639234988
0.02157658267057906
0.020935545850079493
0.020635472404075237
0.020394777190852646
0.01997477915526056
0.019985729991611523
0.01957975515820593
0.019287302693835665
0.018975146483965914
0.018710746113356425
0.018608861899630007
0.018160657035101693
0.01776287407145823
0.018105178038240397
0.017931399070520816
0.021858454241314454
0.021652271176939922
0.021230783417360545
0.02291949354753085
0.02259310411302268
0.022631967274579567
0.021449534200339404
0.020985726445477686
0.020658475701682298
0.02043320945843955
0.021200762144265646
0.02082735578920787
0.021068091014262318
0.021112832047322738
0.01885097507794852
0.018618713104797718
0.01818601745032412
0.017966732160681034
0.017511185755071112
0.017180931119669573
0.016881976631922497
0.016628074341684257
0.01647610085503266
0.017392380446101606
0.01729709727541458
0.017034142568648727
0.016966959724543675
0.01682696554529587
0.016653312680621934
0.016319592280880257
0.016327044380636046
0.016158471170526278
0.01609757384758884
0.015861602515733535
0.015068579527239
0.014802578251716514
0.014624223063440347
0.014428997499398822
0.01443529000971466
0.014196502234786745
0.014083771942375551
0.014042418528949531
0.013862296755178246
0.013643321059572023
0.013484835368581112
0.01344531101444807
0.012817297562970918
0.012881124106802994
0.012812190624857455
0.01252158716562445
0.012397599774618245
0.012328320487069274
0.01215709016854078
0.012151549655689499
0.012247145373839882
0.012386449274164456
0.012257968303485127
0.01252997505569739
0.012378173225442875
0.011892743015276456
0.01159413170854063
0.011433566589427941
0.016066332604119396
0.016837593872762662
0.01690808732528239
0.01686544795767311
0.017579506106956515
0.01744257394388756
0.017460909706854877
0.017331616627052425
0.017279637874498103
0.017169933001919362
0.017100779275845326
0.017208005583815057
0.017183291895617004
0.01705937087490666
0.01691888761949182
0.016865504670876046
0.016699744121114038
0.016669181062201405
0.016445712662839854
0.016322460220300615
0.015957780642046213
0.015610175035992425
0.016417490575472853
0.017263807241559133
0.017429138354664035
0.017314868494232367
0.017215604411726468
0.017211374320738416
0.017104645485481094
0.015414653160056168
0.015909539486835527
0.016387219882460294
0.01622919886099731
0.016036843447106663
0.01680224213663138
0.016499313793912947
0.016296849422439617
0.016312526597726355
0.015926522781971653
0.015870968187037964
0.01584283737897652
0.015579957335989636
0.015530412387651215
0.015432529995831687
0.015330435563479716
0.015257491755713655
0.015111239801251597
0.014961711247078471
0.014880667569704362
0.014794109311994267
0.014744846172253901
0.014498077092757185
0.014451006565577695
0.014391862841387304
0.014408673965104157
0.01432043874917008
0.014246281058006512
0.014181380581164664
0.014077950595271687
0.014008755890912925
0.014016944799410479
0.014088678178942814
0.014087330439845875
0.014043672814382067
0.013734656386832455
0.013529902832031121
0.01343412505903131
0.013428328559547119
0.013354808793506145
0.013336936684316214
0.013188665376753445
0.013034362433843425
0.013008713703906815
0.0128428312721088
0.01281186290837033
0.012745987390773051
0.012761413860516763
0.012909165828475826
0.012881383634328454
0.012778613458596277
0.01269251679287551
0.012502464852852469
0.012443160018364832
0.012551163548683778
0.012252247518674637
0.012253967033538767
0.012211029405561848
0.012265152701838037
0.012117846840999966
0.012044106024297301
0.011778460455236136
0.011767154029231014
0.011698762435783766
0.011601567028476315
0.011548524469121317
0.012119350648940725
0.012100854190722486
0.01222300548171767
0.012177059965620357
0.012150266271087845
0.012351434647033812
0.012347706779825917
0.01224114918260602
0.012200176857021797
0.012277807574892425
0.012201220522486978
0.012015722343855348
0.012377779452557053
0.012020370839479709
0.01187998623557068
0.011769933586517373
0.011679539007652085
0.011765517642029757
0.011672065689813226
0.011629078200809882
0.011603136519853206
0.011535007640166881
0.011586350405902847
0.01154443475585632
0.011504145841145178
0.011433665372799202
0.011398654642026286
0.011289039616100059
0.011097005898091252
0.011055110731136023
0.011017632073645598
0.011424694230631726
0.011404062815973622
0.011345666126241367
0.011354682524888172
0.011301462154903723
0.01143925120100825
0.011449243845033511
0.011355382438326088
0.011323717662167544
0.011234760272854288
0.01119452586940049
0.011518199590653625
0.01166272080592751
0.011631972248086347
0.011601354531447014
0.011558337847629297
0.011631945091859712
0.011568180725402104
0.01167250212359885
0.011896638201226627
0.011464122855403464
0.011450801043074688
0.01147613437004455
0.011416089219252442
0.010982729710164658
0.010944705876359408
0.010934295597786936
0.010820243352290437
0.01266269346895521
0.01263204949350663
0.01260494593297105
0.012855275982340077
0.012833224657572593
0.012919629799004516
0.012855977006851881
0.012825595746319782
0.012859877596389605
0.0130692509961164
0.01308129628826767
0.013136380939131092
0.013062718544727424
0.013123702211444087
0.013175812297302835
0.013113074908934588
0.013428386757082566
0.013512092744075796
0.013537574174688413
0.01350220640833131
0.013460440584449371
0.013479061978470876
0.013448064467849219
0.013416315492090339
0.013452237920592428
0.013407513149079456
0.013383342399076976
0.013379769719771596
0.013297677604670311
0.013332731020276356
0.013303118580606897
0.013360112829421582
0.013330248455803847
0.013237208231663288
0.013201970281486518
0.013195350759402567
0.013234735465291324
0.013385152728714057
0.013346190352946423
0.013327813256182708
0.013233315977970839
0.01318446766000829
0.013194333565183495
0.013170829314976405
0.013161953088682416
0.013117742836980285
0.013080023028113378
0.012979464933389922
0.012937559160512006
0.012880793923588051
0.012901267105297102
0.012972668557015255
0.012938901396656714
0.012876804279283172
0.012969472331789208
0.012858811214200027
0.01280123769705133
0.012821286373285636
0.012794789832332754
0.012472765344826163
0.012487534860714059
0.012438064838797122
0.012386317229306817
0.01233829381841407
0.012325829365763041
0.012290409948571827
0.01228753728612545
0.01226525491727093
0.012230266257845228
0.012165657565666978
0.012105081963669866
0.012090716430839038
0.012060737699610462
0.011997923060359118
0.011801856574009508
0.01166350364260312
0.01162843791945503
0.011587305147163034
0.011503103988491739
0.011571238335966629
0.011572209760128863
0.011575428903075207
0.01157516106017434
0.011596933672810871
0.011681210990716787
0.011627953196672692
0.011593552772293264
0.011412801470340862
0.011611690893149866
0.011533784539871387
0.011597629042904475
0.0116695267016571
0.011656653668193982
0.01167427788792867
0.011660334822638577
0.011639606685329852
0.011491568177921197
0.011488021990113048
0.011215712708981293
0.011622103987044783
0.011589929735757443
0.011520780702434974
0.011482804576558857
0.011424791790799369
0.011387471226366571
0.0115268933458419
0.011532634364045277
0.01159889183112068
0.011620074696590403
0.01164484307272025
0.011626044985392065
0.01160476282642749
0.011599361694932198
0.011345258064277702
0.011324106194304193
0.011364351598775106
0.011581797337998648
0.011538275304454072
0.011492569526481448
0.011454372446976582
0.011466414900806946
0.011421293926560954
0.011400494454649572
0.011537187513929568
0.011544368420313533
0.011562696148008068
0.011333614507578273
0.01127372785026477
0.010588907385766119
0.010428129689177229
0.010456495198586364
0.01037171498986469
0.010560893488293862
0.010527500975107629
0.010517133829492799
0.010575157769528656
0.01055124641923562
0.010543187758027454
0.010523805732670796
0.010475764949965738
0.010445070935275488
0.010379292577291987
0.01026196034627401
0.010200086811307574
0.010236071453790225
0.010193130384561065
0.01012080617176382
0.01012651924485831
0.010030332077068223
0.00999274062684674
0.009554257129909587
0.00952808810149347
0.009556433731375418
0.009538975246743154
0.009545306598834269
0.009846885602278541
0.009822114666917016
0.009782521674301208
0.009749208530695833
0.009716147098594561
0.00967955289263549
0.009663035033843236
0.00966435115348978
0.009640225058362656
0.009856671250062789
0.009831389299389698
0.009815170363759127
0.009771625272839559
0.009731128060616835
0.009692997772291332
0.00968589910316025
0.009654565114533104
0.00961841047888956
0.009573097271924392
0.009573161308322255
0.009587456181088205
0.009608505803987692
0.009674267874261903
0.00965031528979428
0.009682597483832846
0.00967267784655323
0.009456542984604898
0.009456548600031632
0.009448328615945146
0.009429156034592
0.009438289474540298
0.009397516570791844
0.009387251581780748
0.009337662143082763
0.009557923007844905
0.009588199729892293
0.009613386857632446
0.009630116285090019
0.009638027972665216
0.009470651051830618
0.009524673348841049
0.009381402895233473
0.009443870219076559
0.009433882090990657
0.009449800836860414
0.009443829756071718
0.009249930079105472
0.009249397311231441
0.009230123399520552
0.009201367350801102
0.009174236012947612
0.009150946959315774
0.009296578315880521
0.009261800061229966
0.008798616102739657
0.008778469188740694
0.008712233542631459
0.00866788411285915
0.008651481765108764
0.00830630436205181
0.008355939059244233
0.008226489994406798
0.008471788247316656
0.008438457517359674
0.008421972338658759
0.008414942126312344
0.008461737208486612
0.00848754383507517
0.008480289421526574
0.0085951016619994
0.008590684637361717
0.008602536748295466
0.00860126595688338
0.008622558083783892
0.008608989137668365
0.008567087514070162
0.008524088502513617
0.008488359816466347
0.008476588444073814
0.008473831512864257
0.00843682035606408
0.00841117508221589
0.008431656751646704
0.008374594061293726
0.008408284464513388
0.00840536931712103
0.008399253595198245
0.008374037820992851
0.00836609539502714
0.008345119475472102
0.00834198433328977
0.008861895334811486
0.00894431615504796
0.0090732319960741
0.009035523293218517
0.008874015499911713
0.008884825014797027
0.008854589045390483
0.008856706163790362
0.008852705275994783
0.008839623122955699
0.008818085145034802
0.00888553623943393
0.00885456135383719
0.00866269540865411
0.008675006395440957
0.008733219255234825
0.008720896565407988
0.008704968720166607
0.008687400257303546
0.008628257484469068
0.008618550082297886
0.008602594913048734
0.00829384153626609
0.008316232311173786
0.008312589308678226
0.00843539049516835
0.0082074381003774
0.008235354532523114
0.00818959559433096
0.00856730456074495
0.008454358797019083
0.008930777425234144
0.008793749652701579
0.008862581583802511
0.008829195048059759
0.008821304506213101
0.0086672199106955
0.008656185453545706
0.008676779766819548
0.008659599389434867
0.008667640203563932
0.008659160059614065
0.008626769468167568
0.008672326107547057
0.007863274861257515
0.007892042424440074
0.007884182580835883
0.007937840377875727
0.007881799083895122
0.00784417944367007
0.00783732647813968
0.007817676330201183
0.007807802498258146
0.007782068869912379
0.007787836666919556
0.007771588294417598
0.007752806458706831
0.00772155741129113
0.00770544116169644
0.007858316865599105
0.007860299983014175
0.007830727758716254
0.007989690457847635
0.008098391452174501
0.008104355033829292
0.008094813151745208
0.008220641354719104
0.008290266717771803
0.008295353575810517
0.008269176710953799
0.008071589614877826
0.00805752129569595
0.008003636188837966
0.007873365704164973
0.007890011235457508
0.008160035495782151
0.008123960912272223
0.007910713761183437
0.007896178426252074
0.007816225703670335
0.007818705898076173
0.007807102084409897
0.007792885644829813
0.007735788889029864
0.007748680076221284
0.007794318946241552
0.00770842214525815
0.007753356322201565
0.007612551678605958
0.007578710192485328
0.007449016064476789
0.007433888818393682
0.008117183478020708
0.008055852127203163
0.008814528476836914
0.008969545222142267
0.008835865621109202
0.008769499547775048
0.008694690899867036
0.008679012281504757
0.008699475441275868
0.00868865614315227
0.008201429257057427
0.008206394277029303
0.008195359060647747
0.008183900091081685
0.00818291009118156
0.008187392396289848
0.008176211930687004
0.008137155929487305
0.00812669025907363
0.008204501297455443
0.008175233724702568
0.008121156694455412
0.008096790769793553
0.007996042042690242
0.007987821449402752
0.008487860642743815
0.007677745485136267
0.00778573951116261
0.007758799220921023
0.007780419553988348
0.007826678104565735
0.007761512434674078
0.007725093846320738
0.007243125634398525
0.00716204804750294
0.007158750708158886
0.007153686175250121
0.007139178711013556
0.007136761913450186
0.007162694186252537
0.007151788538848291
0.007122577027165231
0.006733988608346121
0.006801969323989575
0.0067735858348513785
0.006730712925735691
0.006700327239757364
0.006688661532376735
0.006695145518405783
0.006692659230787051
0.0066627056276943675
0.006668394766376466
0.0066585435956268025
0.006640052562541714
0.007350358486564537
0.007328884734955562
0.007328074820095976
0.0073252795076014735
0.00732387513122678
0.007304227117408906
0.007305545529379741
0.007277758491019445
0.007289219559318725
0.007287954163646017
0.007273585312573643
0.007267039651212162
0.007253690714654861
0.007241387802858366
0.007242762069358445
0.007213016652809329
0.0071927743570995495
0.0071569512678733025
0.007979468517119078
0.007963146898841783
0.00796615983188235
0.00812416048205565
0.008299833597473417
0.008262979798729276
0.00824768544267717
0.008176537946002429
0.008399211499292706
0.008409654939008375
0.008503649443502626
0.00854111896456431
0.008460173808234887
0.008421930519538802
0.008472616533223974
0.008434586224758369
0.008582742401563587
0.008621319339303869
0.008403895538015616
0.008362564020410336
0.00841778602560106
0.008504365887590567
0.00848184490603904
0.008471395057878695
0.008458767013804467
0.008432524360562648
0.008178160506593875
0.00822084727606888
0.008213589068583205
0.008203909029805053
0.008195767715689256
0.00820847776870655
0.008205046951726188
0.008173349354046571
0.008193302199839216
0.008220666250845304
0.008221101626500277
0.008269840767475755
0.008249824661742119
0.008144569032608974
0.008133986112122155
0.008130012221669482
0.008111212238902071
0.008105129164482453
0.008143763277763913
0.008124858782517654
0.008137079734105025
0.008130416591854659
0.008113933317834283
0.00810906763704302
0.008106911466303409
0.0080319861258735
0.008058658149440043
0.008041821793311432
0.008031136237124226
0.008000553755563649
0.00825876646920657
0.008234691697121196
0.008272913992144137
0.008348555246110004
0.008350704303185469
0.008445174777849436
0.008497863665002171
0.008493457827097433
0.008605617670966856
0.008643991349814391
0.008642771377049087
0.008632880575465192
0.008617012241526166
0.008816736628057431
0.008921936221635582
0.00889159542343613
0.008899020921415618
0.008878274621411558
0.008865289342524951
0.00886190443352889
0.008841128538073563
0.00883744162383341
0.008867301340815403
0.008867154856707384
0.008838721951233858
0.008783366296669813
0.008826148516030934
0.008847094522097212
0.008839483219139646
0.008828601230372182
0.008889400747552583
0.00886506402122485
0.008875856103386464
0.008938144736198186
0.008911423265080905
0.00890136713286091
0.008894186026592065
0.00890327680214982
0.008891326552943734
0.008897859569392432
0.008887997786479161
0.00887433617078709
0.008863823728784661
0.008883044434981635
0.008872125614754912
0.008789167848688743
0.008800014213175333
0.008785345533450617
0.008774462299662254
0.008733695986078807
0.008721048191837596
0.008707016285296229
0.00908605319791383
0.009093932294282254
0.009101840805227206
0.0091110411167138
0.009100013999839188
0.009093690726369846
0.009064146233683106
0.009054302001859603
0.009034798040638505
0.009024078789081728
0.009010842936365946
0.008979531601390766
0.0091354608058072
0.009125160598973123
0.009129033367008828
0.009128585094195639
0.009118025901874428
0.009074377979785025
0.009077685043829225
0.009043049774353568
0.009048217809980824
0.009065557663261394
0.009087162895344923
0.009088959288590036
0.009083029501232808
0.00908139971024274
0.009099912343670044
0.009082344770783376
0.009058256441384624
0.00904646001966534
0.009026323229772967
0.00900515930864743
0.009004779743124124
0.009042757557219727
0.009036862459816188
0.00900840371437316
0.009012285306019961
0.00913195637109892
0.009112398420112628
0.009089455927835449
0.009077773219025904
0.009058650549699662
0.008998062838883979
0.008989318064265575
0.00898291023939371
0.00897276092144375
0.00890655535834897
0.008877870454407275
0.008859977841311269
0.008854519467657779
0.008799121005463295
0.008794594811712393
0.008795667198391038
0.008773039027961572
0.008728108153632124
0.008717361389193686
0.008718775790150185
0.008714369757506071
0.008691466316049877
0.008759273644375157
0.008798900240468688
0.008803939625658373
0.008772302090753688
0.00876585271789314
0.008739690758786757
0.008739877797302788
0.008740810797175052
0.008714324326357853
0.008702295463884081
0.00882564575658353
0.00890313741100921
0.008852585992009165
0.00879808527911072
0.009062415734233291
0.009056725356635648
0.009068012200803213
0.009024542052364791
0.009027698664594271
0.00902905015404262
0.009020442755266643
0.009090048766940733
0.009079861731878842
0.009080452801328789
0.009083864843441387
0.009083924654536923
0.009212648329512834
0.009212055568576632
0.009191992241042632
0.009155769669540572
0.009142272234999358
0.00930327218311205
0.009330341491414268
0.0093372827285381
0.009426093176973793
0.00943808466586065
0.009391409512087608
0.009391586853617781
0.009387605441894162
0.009375287141447513
0.009360461997644025
0.009355303820959077
0.009346315131310875
0.009343429339467302
0.009323003302484189
0.009245785655949204
0.009234452434072934
0.00922550398927559
0.009217440770241262
0.009199452220855171
0.009202285482965726
0.009189729673114502
0.009186902043130057
0.009106173362598419
0.009093578678462463
0.009104100386230721
0.009096865963507053
0.009097242985519241
0.00908712454652315
0.009053051816550268
0.009043351147476099
0.00905791470586531
0.00902950996328908
0.009048596900903118
0.00904075934657579
0.009039788873497724
0.009025952456058282
0.00900546890043804
0.00897895128432015
0.008969706513271537
0.008939383614899595
0.008949213591281724
0.00856213536288308
0.00855270209304007
0.008564452819671815
0.008541183890916407
0.008525593609168783
0.008519117376171878
0.008519074452973818
0.008505888455931402
0.008481882527743487
0.0084979451296628
0.008493817073746586
0.00848269510349616
0.00848463448603481
0.008447982383775051
0.00843189608419093
0.00840859885573847
0.008365683576728745
0.00838354839844734
0.008358174271211691
0.008359154472583627
0.008345406547444858
0.008325314528568478
0.008330649346805245
0.008340844381442857
0.008350758447359587
0.008389971724622625
0.008415894815340809
0.008412111029081277
0.008406978623634279
0.008425465551067188
0.008398089633716292
0.00838865352262954
0.008376742365091689
0.008357764759912102
0.008327456500007765
0.008350573718745239
0.008357601305031109
0.008278091979775817
0.008335074022458448
0.008319517749601586
0.008234884636547127
0.008239874498559088
0.00833389136252301
0.00835417071134846
0.008339781790208922
0.008409501379379172
0.00841752299676961
0.008411114511079159
0.008464254720534602
0.008455473698093562
0.00843609217961378
