0.03244521841406822
0.05254379163185755
0.05822021700441837
0.04470096286386251
0.04271333711221814
0.03948538790323904
0.034305915993172675
0.04119316307413909
0.03269659564830363
0.03275619773194194
0.030134837143123146
0.04199137968512681
0.06198032120508806
0.055967023099462186
0.051883859152439975
0.05172977689653634
0.04931026836857199
0.049339346734708855
0.04793731695972382
0.04602033236906641
0.04366634591397913
0.041724036822257476
0.03989561968289004
0.037970584845170366
0.0355921054455953
0.03327688139311416
0.03152197598579471
0.0307861037857445
0.02926515094780672
0.029157062894814904
0.028893062168208403
0.029116492288074246
0.027766987099312235
0.02748156580408768
0.027461784135084592
0.02669745655352803
0.039566915010494225
0.03833920555786253
0.03684774492285213
0.03668368825257368
0.03598396111434945
0.03516885496372745
0.03480710543226449
0.03410255903792049
0.03306930468660657
0.032708391993048966
0.032360056774147467
0.03172922749262378
0.03118619338609277
0.030490940829337215
0.029511608890830883
0.029874796355318898
0.029309693633371745
0.028758354444818727
0.03760805283049452
0.03721643962464375
0.03789348930224838
0.037824292282447575
0.036796009860699974
0.036315458500376104
0.035614539450410015
0.03508161931734766
0.03354521748588011
0.03127840425854977
0.031010946846270745
0.030560486652860538
0.0302365735560135
0.02885377881677307
0.02823971259307913
0.026745536635157597
0.02654513577807745
0.02634187993969869
0.02574588380584089
0.025804572920314954
0.023516611265030823
0.023489852128973723
0.023536907361211383
0.023475471785280227
0.023625786225602487
0.02332185293737522
0.02342180941657094
0.024883691242514504
0.024482323077141432
0.024296292036716984
0.023772374281475616
0.023269219740144044
0.02351721995166206
0.023535817912570457
0.023140380923481033
0.02305613885822982
0.02301995804325839
0.022620383228215395
0.022185930802655265
0.02206263982225209
0.021626868390740125
0.021274271218307772
0.02094456035410985
0.02069438057787001
0.02100429371814243
0.020359137241894577
0.020040266388141565
0.019757972576980955
0.019581108666338522
0.018999075631256256
0.0188595381782847
0.018731357807197785
0.018216448265809076
0.01809147601293553
0.017663459389851505
0.017487426828551058
0.017386008859570465
0.017154452340487812
0.017313729276218884
0.017171096578037927
0.017048844376153404
0.017232654137640357
0.017074771131728218
0.017947224290658002
0.017761412985661685
0.01745457507858499
0.017464494234386094
0.017188680677190114
0.017227685132492027
0.017253851437009866
0.01718533841896772
0.01705441267621945
0.01733623653217364
0.017285313790252558
0.01712651311222893
0.017050888315589652
0.016832084999116356
0.01690863281281846
0.016453319671390042
0.016326413345868106
0.016304869561709512
0.016097101247801445
0.01608008161892412
0.01592535188625961
0.016046803132797185
0.016137764908881944
0.015368606522187429
0.015297849809952805
0.01446598065619279
0.014413368314151359
0.014477728047146622
0.014257863795125003
0.014101596534208113
0.014987100025907705
0.01486352325805152
0.014845300898332118
0.014714390622286464
0.014627916730021189
0.014507979920357702
0.014490317040303296
0.014188739845009802
0.014046642363551928
0.013915045199402945
0.013740086272716188
0.013740730938297925
0.013668819672647882
0.014099994433589598
0.013444869534078228
0.013390067252813175
0.013312875663607629
0.01322047360008582
0.013131270279918238
0.012898615356312971
0.014483288828746449
0.014379918428740514
0.014806924666937064
0.014607776396333904
0.014655376570514595
0.014614636735487508
0.014583779705156166
0.01466929506568703
0.014706643239074078
0.014684180481872105
0.014671103111806437
0.014563335955608629
0.01449333912968244
0.014433637405310722
0.014347054641897394
0.0143640360101531
0.014282321942517075
0.014251873079907664
0.014096377499620697
0.014067680458538227
0.014013585019807408
0.013786325095172377
0.013763300646632826
0.013693740557452348
0.013620955615010049
0.01356710708032832
0.014133592860964241
0.01475391464132093
0.014647756120530403
0.014737237008486052
0.014720983366861036
0.014493776963790873
0.014435091244742565
0.014210438594397263
0.01412716948798871
0.014032465793813264
0.01395738054316763
0.014036440519950557
0.013961219833938823
0.013898052127982593
0.013674539469882093
0.01369704219701123
0.01356691597481986
0.013537010310309986
0.013364630808699608
0.013395372996319986
0.013410322758542412
0.013462543341490711
0.013299231834319086
0.01322817693970704
0.013127192527961544
0.01303399609962732
0.01314315145963811
0.013140899599592727
0.012898640440371837
0.01295386384559346
0.012762570779046249
0.012702021289892921
0.01268533256165437
0.012680069453046214
0.012516475131625397
0.01246895974593075
0.012399752697407456
0.012326083242881175
0.012308372480918697
0.012664293823067226
0.012529738010105458
0.01264479230759839
0.012602191206700471
0.012433631995696763
0.012371124179983145
0.012289180723504007
0.012200686350731465
0.012110483051904992
0.0121662021492926
0.012203242114962645
0.012222948476995286
0.012267694926377751
0.012219843458900842
0.012415542072455042
0.012597379600535707
0.013276521966326985
0.013218581742807425
0.013158718318057561
0.013107461274809506
0.013111172828550169
0.013107767286390874
0.013075374232130347
0.013043044437337236
0.01427187008739002
0.014216137790947287
0.014164697353240071
0.01412710462287836
0.014006892408805066
0.013988196960815939
0.013954044066904873
0.013917159944012731
0.013882521670674944
0.013783293812294158
0.013780031483007927
0.013761415150943545
0.013826814584791907
0.013740189350618236
0.013759780049761456
0.013924297700433968
0.01388156855252426
0.013891470073616477
0.014033156656639055
0.01349996544775009
0.014269834511939328
0.01429110771496981
0.014231667117461001
0.01425408091579624
0.014255143548770654
0.014286774245494745
0.014779106764968089
0.014901952418037122
0.014858665454695557
0.014693636903421672
0.014770247251059729
0.01500083624889227
0.014956658396464456
0.015431510916926272
0.01544803490554069
0.015487001540036812
0.015453154299084297
0.014355809975837725
0.014337731020606122
0.014294003431512024
0.014197027601669672
0.014207191936913912
0.014079156459289761
0.014062626228843389
0.01400534668041082
0.013918961825832056
0.013882163102033175
0.013859272224840052
0.013686794984238861
0.013655248612559063
0.01366916450234538
0.013599316772163172
0.013492748134059741
0.013442559096901573
0.013406086126801362
0.013400329704178473
0.01336694555236605
0.0134338081018844
0.01339188734101886
0.013370305310776135
0.013359800267396436
0.01336858746724139
0.013310096515488111
0.01318301732007797
0.01313558956521407
0.013095055115171318
0.01303549199943563
0.012987176483103003
0.013033973326816573
0.012972548404111833
0.012909306458335247
0.012864511966242494
0.01313805367575366
0.013077122004023192
0.013020502492618548
0.012987412925699151
0.012912956196961168
0.01283700192545249
0.012776961911315866
0.012826741262144227
0.01277991839269171
0.012763794449228072
0.012682128594400748
0.012672621533691156
0.012876965634678685
0.01280170787786305
0.012752041400195006
0.012711495880638187
0.012713125001301326
0.012649609016352512
0.012616448244381026
0.012572657690019242
0.012529427282944592
0.012620173534146248
0.012578911158098813
0.012629483886644852
0.012587245977463964
0.012669581765289307
0.01270107876557172
0.012617097700736036
0.01258566699594952
0.01254042007128286
0.01241959808927884
0.012473898483317746
0.012399942382754641
0.012345380117871724
0.012298383019707213
0.012205417205624238
0.012154423488116997
0.012112154824086991
0.012085877189510154
0.012096706538197406
0.012066062507251082
0.012042641431511188
0.011998695914880177
0.011964795416241002
0.01202209584631604
0.01198250765105089
0.011971730253401595
0.012127996607626786
0.012136947629707205
0.01207284658586995
0.012043088660146554
0.011927126758008359
0.011831841207565304
0.011809970126073937
0.011849229124891284
0.011813150503817805
0.011789795883190509
0.011864803176438225
0.011863645135854693
0.011863065637818094
0.011807154310950776
0.011752741898128962
0.011725196707221608
0.011685722550488635
0.011807654741123268
0.011778750605483345
0.011796029030672877
0.011744014046202426
0.012047286767903932
0.012693877591075204
0.012679741133542853
0.012640154324869684
0.012617279540365728
0.01263977571169005
0.012865866199069508
0.012784139081953604
0.01274942701375353
0.012721511779689972
0.012712557575914798
0.012673635704145135
0.01281061503566268
0.012572291272099263
0.01311863789192765
0.012998122265339734
0.013312766898790677
0.013272921885265578
0.013233384605043216
0.013235678212402829
0.01317571263052089
0.01315654148932531
0.013107020609216612
0.013079851754676141
0.013033258477714183
0.013010967885109378
0.012989074332304057
0.012981781876330976
0.012935493984262398
0.0129001142427274
0.012969380009674061
0.012910796724553468
0.012963426468398442
0.012912395144523749
0.012879152856974677
0.012473251444019277
0.01246335800483121
0.01246080059570196
0.012483596965500233
0.012430555028726347
0.012428171194137761
0.012433733991922699
0.012282066874071127
0.012254893420147442
0.012006715238681671
0.0120847100936876
0.012055157226715381
0.012065960567515193
0.012061441574240989
0.012014174169453972
0.011986167099751446
0.011956940673227895
0.011909402892989515
0.011912458580972812
0.01189079825243288
0.011990140742742067
0.012044278590487094
0.012042806460841934
0.012035024715467505
0.01205872260886183
0.011991969764796408
0.011905573969486234
0.012002713220641925
0.011960258684739763
0.011993044976800683
0.01199631589032623
0.011977488932298627
0.011939012437059932
0.011551791132098489
0.011966621891679678
0.011952067999545835
0.011931998426899376
0.011924228654800355
0.01200154791898766
0.011978523536958684
0.011993259525807161
0.011991790845120255
0.011973111968254667
0.011942755357137812
0.0119267069960752
0.011908585879385224
0.011888933884301211
0.011862411242873348
0.011844874313742546
0.011870550960304769
0.011874628739730855
0.011852255769899935
0.01205061824815876
0.012033378520040054
0.01201206448927065
0.011992872717275506
0.011951861162024797
0.01192350959653577
0.011896449143871718
0.011888848559761033
0.011919822214035753
0.011890646073835727
0.011873681992210096
0.011837370793493339
0.011764162730051292
0.0116814927455252
0.011651350689488738
0.011611030174710327
0.011663039925309766
0.011644100265095545
0.011620949639091235
0.011604475225231869
0.011620280889870308
0.011587574586638975
0.011575764669732267
0.011556168399234654
0.011517178738219412
0.011430321906649915
0.011418631625484312
0.011392611228814081
0.011427968625012393
0.011416664595114603
0.01139748878127136
0.011343741588045885
0.011132790846491191
0.01119274693581907
0.011347575928589244
0.011140498204454513
0.01110271994461799
0.011088487585853535
0.011039365514639651
0.011052070445754793
0.011004651005080506
0.011002935522987102
0.010921272416336225
0.01089033359207723
0.01084890812161178
0.010849065823702335
0.010794981308958868
0.010897933881691767
0.010889348995797144
0.010872093751629352
0.010845095808585132
0.010382711329445706
0.010704973332587808
0.011039672008999902
0.011125102754803688
0.011227410719395807
0.0111959781969511
0.011198527702721908
0.011175415776277644
0.011148501278779916
0.01112515226272448
0.01110221132545028
0.011017600167893863
0.0109750923552881
0.010985574759519622
0.010483939158148138
0.010318056504318612
0.010345136562703552
0.010393312000334824
0.01071433943347705
0.010667782756636292
0.010649236328089564
0.010573966104524296
0.01057437803508843
0.010574170508497353
0.010551857998455365
0.01052324355185844
0.010541100153010557
0.010531829969742841
0.010360115814009929
0.010335995005783673
0.010322414234359985
0.01024951116738117
0.01024512400545064
0.010252159078466763
0.010224755605317153
0.010279953590932272
0.01025518178647764
0.010201288922578119
0.010232544782214954
0.010261541778960718
0.010310922360329447
0.010285978440198962
0.01027344653744833
0.010262226671656433
0.010329702678226856
0.010307952158785032
0.010291152178116637
0.010292503122197578
0.010261046311513875
0.009300863698700004
0.009311637485611621
0.009311952022567883
0.009263492869278566
0.009245564754791834
0.009173903982125435
0.009153454012622396
0.009132585268457054
0.00912416527252119
0.00906942181822473
0.009050241804988906
0.009036814609213174
0.00903715818799242
0.009018647214711222
0.009021036272127273
0.00905600887534093
0.0090420698741131
0.009039483640675187
0.00907383506508911
0.009021810861487515
0.009031535264379777
0.009016046315274463
0.008998910625819263
0.008943959752909195
0.00892162750442039
0.00890610723562547
0.008886177931180989
0.008857434831631572
0.008822437217825621
0.008838040884692273
0.00887971283282094
0.008859231054388655
0.008851388873914692
0.008819446006903217
0.008610912200008187
0.008596782477604493
0.008627600447155154
0.0085906166103882
0.008594531353301849
0.00862329540060997
0.008611872072564449
0.00859487015638128
0.008584601447802044
0.00858149114462502
0.008493505423158989
0.00849688754473363
0.008497833742595193
0.008545892970768014
0.00852654622519194
0.008481181547685082
0.008455674994900082
0.008463806187949641
0.00844449775292191
0.008410838967655227
0.008408547623248061
0.008383607213227158
0.008413215231067942
0.008353268690713735
0.008273860973439623
0.008023096842198534
0.008038468552841778
0.007467769384112047
0.007346646515539189
0.00761578659557366
0.007629202404039746
0.007906646227795425
0.007908150166769903
0.007795290132326389
0.00777955728788593
0.007975642869880202
0.008136652036123912
0.00830096398376777
0.008290287130308537
0.008288240449838873
0.008295065017139027
0.008273719124554199
0.008291813498829625
0.008294894197209059
0.00826014979988468
0.0082440171577054
0.008126215800980843
0.008114392189517018
0.008107694764361505
0.008094355645706302
0.008091901809522494
0.008079445690790603
0.008098418582131922
0.008102477954274781
0.008227573886863484
0.008352546109042404
0.008442756692939273
0.009096892985207734
0.009080130537375856
0.009079022642737055
0.009061302710898894
0.009045792903249528
0.009038736421617285
0.00901079824605863
0.00899792327329116
0.008991802764912848
0.00893401522061917
0.008920320938358293
0.00888923952415968
0.008881648480002146
0.008864921104133871
0.00895367886042695
0.00891888944249177
0.008907606570952508
0.008908034612819107
0.008892481112889598
0.008881927577346536
0.00886692545581114
0.008848988517455443
0.008841769106237135
0.008847451031601755
0.008826210749185914
0.008854555893678104
0.00884458988444267
0.008901316514500364
0.008923169472423486
0.008908351022561897
0.008902927476661443
0.008887805840704605
0.008886708303550026
0.008814577280319785
0.00880432989568004
0.008795597415064424
0.008657784568845021
0.008627035559810111
0.008615663309607016
0.008609408663725811
0.008612573137633668
0.00860321784976187
0.008565810527753032
0.0085411707828403
0.008520373282873257
0.008478108679745919
0.008233737226216375
0.008617761899040241
0.008609852505232295
0.008523473681737512
0.008513523667480559
0.008503406602191772
0.008478783890026098
0.008540887431837545
0.008544168024473787
0.008530688443028135
0.00852218655068771
0.008518884454216646
0.008506753170347015
0.00850146432481643
0.008469969504838684
0.00846383801945441
0.00846211255146607
0.008431362340347123
0.007928478774989048
0.007962487654885535
0.007949865187566622
0.007914095578422523
0.007887652044084991
0.007880771213020481
0.007856860679862073
0.007846800205696728
0.007831814976995512
0.007816341227058505
0.007828564308738958
0.007824901712918221
0.00781332180594426
0.007802908722364442
0.0077950496608527285
0.007775665104346017
0.007766769465493906
0.007754073112272957
0.007743504427242558
0.007741895526305839
0.007733966681514991
0.007739550597355648
0.00773738405972492
0.00783413972973831
0.007826764350717386
0.007782631712810448
0.007805044640827678
0.007790818787923612
0.007795870555658745
0.007802457859244936
0.007815108435491538
0.007736981999121208
0.00771218876725659
0.007688341562815115
0.007665919228345616
0.00755480509303931
0.007550824800138388
0.007540379191672089
0.007524845834820267
0.00752709389246393
0.007527339539508552
0.0075149737194445225
0.007495286023986224
0.007495575935798691
0.007482900705196828
0.0074901282756180045
0.007464707795140729
0.007471054970355422
0.007446013214178903
0.007418339478745537
0.00740747237032798
0.00739687110277366
0.007365252927293756
0.007344428784581556
0.007358865405407074
0.007339086896687184
0.007314714510695794
0.007157217132785315
0.0071527987341034735
0.007078026610488383
0.007082469783781563
0.007109776289538294
0.007119407900841327
0.007101244860587372
0.007057082383205365
0.006980871300716301
0.006941403043063512
0.006972019520531672
0.0069380861267304555
0.006952203739128262
0.006921754752423753
0.006918929882161549
0.006894000711577849
0.006884614980251496
0.006875932535856817
0.006859680950253106
0.006782498424667319
0.006778293314892596
0.006820806422245789
0.006839251356661068
0.006826333606490732
0.0069187268227379655
0.006910690048243853
0.006897248239041436
0.00683690360885733
0.006824710373202284
0.006839549069300737
0.00683130078323742
0.006811915408043251
0.006810975478345865
0.006777490108170133
0.006772965213458171
0.006632249643889037
0.006622706325755468
0.006603128374406256
0.0065959079322143056
0.006589975078399717
0.0065705621034505566
0.006477101576633459
0.006489343982976912
0.006485630775430418
0.006483393620093898
0.006460723353935862
0.006900253876505702
0.006818196938899501
0.006814796717964202
0.006811454412874153
0.00680080317101005
0.006793707973111802
0.0067878796267065436
0.006775453314732981
0.006774162004683191
0.006766588193475941
0.00678962875722066
0.006809539356011578
0.0067997999507008015
0.006792042499884671
0.006786441478808713
0.006793198812349176
0.006786760955407127
0.006768865747983723
0.006760506863604681
0.006755058903972625
0.006601673735104407
0.006593161239059694
0.006604946299383389
0.006588890482002108
0.0065827646918864505
0.0065575527911227935
0.006540039877026262
0.006530786470721491
0.006523592743341496
0.006517052507202078
0.006550263884298099
0.00656937813326116
0.006556703840914587
0.006558030151488843
0.0065484609405224515
0.006541238417984193
0.0065593159896219925
0.006541144349599071
0.006535671762294889
0.0065516642011177306
0.006540870827072676
0.006541350433891074
0.006529890956807002
0.006519818923877069
0.006512716955050154
0.006494903819190305
0.0064813661693775585
0.0064699168978232845
0.006466103588269064
0.006459784157813798
0.006428161054504945
0.006421443242695597
0.006414162499248704
0.006408104176996082
0.006405268888226211
0.00639584932203653
0.006499728222655497
0.0064851623675591975
0.006462529064452003
0.006447953556669713
0.006450033503805538
0.006424494682682684
0.006409664422779178
0.006399456277484783
0.006426921191882261
0.00641166285147182
0.0064109545667556935
0.006406614161640216
0.00639746964781476
0.006390232891358772
0.006378295227852353
0.006385677968271853
0.006378339605483541
0.006379187565026697
0.006373110930253821
0.006361155936750385
0.0063584057673555065
0.006363832234542913
0.006363777739702942
0.006362857788639833
0.006352452354063965
0.006341823080038803
0.0063385451365123874
0.006323571200891137
0.006313726649210996
0.006290360162861835
0.006286402791494154
0.00629023259561334
0.0062749927532926705
0.006288711824150842
0.006283713745644284
0.006282357962576954
0.006273134268557577
0.006263251348880459
0.00626602499356783
0.006260283024906411
0.006222428432280197
0.006220075376288463
0.0062145221594973
0.00619740891107828
0.0062048820842490575
0.006195141213816068
0.006193601362383805
0.006169228129986978
0.006176111797455243
0.006177790074581961
0.006167477843857317
0.006169282721606771
0.006164175270623005
0.0061412635938317755
0.006148816368197887
0.006126827967849335
0.006122469290248632
0.006115820910495456
0.006105409588334138
0.006091375409588775
0.006087721304243775
0.006073420124357656
0.0060714537940270595
0.006047604350125556
0.006041073411426761
0.006007304849762218
0.005998862729862652
0.0059958188203136946
0.005989563165526528
0.005972062361221964
0.005977564515870102
0.0061106287888983354
0.006111954698555152
0.006138390878728285
0.006173067631465333
0.006166616129528521
0.006145223940704736
0.00614623039604578
0.0061426964568981335
0.0061138773539424025
0.0061105528076840976
0.00609494803977622
0.006081318003240601
0.006077930535520088
0.006068004075337596
0.006073444299841145
0.006035453192611951
0.006016465043654983
0.0060119872620310886
0.006006994093717634
0.006009766124232455
0.006002678511449081
0.00601484925760681
0.0060390662120558035
0.006022356700065172
0.0060156031099292875
0.006013474423214842
0.006000778921413467
0.006069915198470882
0.00598144615169933
0.00511398723839458
0.005140127915219639
0.005108630490545363
