0.32563480734825134
0.253432830174764
0.20876223221421242
0.200263711810112
0.19412901004155478
0.16562335020197289
0.1592142063891515
0.16684330037484565
0.14893370419740676
0.13505412591621277
0.13368987559806553
0.12306365291946207
0.11796348096270644
0.11124146773169437
0.10271451616426928
0.09802448152400113
0.09484703647386696
0.08926694129446618
0.08513821107335386
0.08124767889135646
0.07895634397441009
0.07061899491869233
0.06971100863302124
0.06667787011712786
0.06409547796759466
0.06242244956256061
0.060289114647145765
0.05820428308677569
0.056655401069050024
0.05498618721180865
0.05452764737128745
0.05305706282061609
0.05128128350000171
0.04973156707627433
0.048676652497508466
0.05192689987755306
0.050662196866285654
0.04940910789614114
0.047802587033947935
0.046401631422113725
0.04670224087645433
0.045013428357061604
0.04383585868212817
0.04107573242961532
0.04033217965321534
0.03973006761751752
0.03885058779269456
0.03736827560529416
0.034752783700823776
0.03389208676183924
0.031040166146480107
0.030276238672294693
0.030513945311583843
0.029959466207814815
0.029378275292401654
0.02879111468485604
0.028419503312887093
0.028222591707964366
0.027891031556646323
0.027214436682101446
0.03038629306378893
0.029598385211087687
0.02912085601656143
0.028632809229804046
0.028763167906700703
0.028339485044472958
0.027963060403742593
0.027540789391555257
0.028836960279815152
0.027765163641036015
0.0266951815517839
0.02634376018668511
0.02600083462941157
0.02613924064285431
0.02643797843713974
0.02979838522075517
0.029417743286243272
0.028646957177132407
0.028456947650556678
0.030288623508646566
0.030096371704286588
0.029643100827332035
0.02921284142662659
0.0290554018533679
0.02832350740818371
0.02814287573016173
0.027878470005155323
0.027503008661880622
0.02684166790568269
0.027161615676180053
0.02683337350469588
0.025496903144108546
0.025330291147606362
0.02482156439647568
0.024937866176211774
0.02536870024380629
0.02501181308572104
0.028203552953941235
0.028717047281679692
0.027432201972512504
0.02702630037161083
0.0267347813209799
0.0264214695114508
0.026223641297491707
0.024284597644955795
0.02489037347019641
0.02477130997565971
0.024535250092254213
0.02432190462661145
0.024199487323146984
0.02410534435901874
0.023819847865363963
0.0235971050145995
0.02355921493650859
0.023384278616566882
0.023093822953971818
0.022966610181433447
0.023077819003829214
0.022954202505934516
0.02275124651885953
0.022126966668960833
0.022496565912823695
0.0220154268576035
0.02213756436994299
0.022217300714507313
0.022074225924700114
0.021995075230279323
0.02178041495214931
0.021700627762878025
0.02139414824636027
0.021379107007471077
0.02140774782808301
0.021473899835967383
0.021175397150822114
0.022626640649618546
0.022496010953081208
0.022266242006520286
0.022155332882811553
0.022735504514587633
0.02609952726914936
0.0271281132250729
0.026636352412112804
0.026318220306469197
0.026202427674133066
0.025798945165835696
0.02559774203287741
0.026226452239899185
0.02592587621293449
0.025889207611714173
0.025919962763425498
0.02583470206828726
0.025770448333525937
0.025584778878096993
0.025477086803350108
0.025670817625956625
0.025447772907398657
0.025207399139755476
0.025187028182081798
0.02530028554283489
0.025375509573514015
0.025136721242480772
0.025244958289867496
0.025121986874160573
0.024738734855782228
0.02476261247262212
0.02378522908882499
0.02372933019172965
0.023829530811243126
0.023876738063100825
0.02410873526411827
0.02396387777658081
0.025846887678325145
0.02530857181710447
0.025187825105219535
0.026080127437374097
0.025997597231900593
0.025927465500276043
0.02596505488595513
0.026178381909913787
0.026076198470307947
0.026091872532480992
0.026060119365110396
0.025947198815550142
0.026040623152968345
0.025646841891738333
0.02525797083614055
0.025323356716940672
0.025321260762028886
0.025210621494395458
0.025366903026405405
0.02564360823422854
0.025532147595888104
0.0258976194342075
0.025815794220230035
0.025734999250057528
0.02542054786927156
0.025286057949562388
0.02525619110858872
0.02515914932562736
0.025143692230247417
0.0252149120260763
0.02510894421147402
0.02502903177867433
0.0248950188476933
0.0227201529640085
0.0213890151266382
0.021379176168780895
0.021719906211476413
0.021729219403018106
0.021648274310610706
0.021525163400889682
0.02140983952588659
0.021374024227468254
0.021094883582825484
0.02104681199368011
0.020933573027752964
0.020864683093125027
0.020765378306828192
0.020672785669607525
0.020539344668733917
0.020462879193695004
0.02037915614310384
0.02033377542050272
0.02010489661815679
0.020076468662643152
0.019961347501409037
0.01989138889761657
0.019794954454188742
0.020186267051663567
0.020028319632638545
0.02130725111457085
0.02121025259864352
0.021127274390767743
0.020987511508939582
0.020979811551376886
0.020794862719696747
0.020629935963920647
0.02055210490744155
0.020514756541524543
0.020414847879152723
0.02010665622911192
0.019070296788323712
0.018944834922459432
0.018869663089304704
0.018504565883128772
0.01847074190503446
0.018388068593095892
0.01827337319474577
0.018242103472817683
0.01824865349247472
0.018183996043969974
0.018148633883805873
0.018082582263924965
0.018079141312388365
0.01807392573073229
0.019091201413890285
0.018675194154836428
0.018719595850222374
0.01862507194253758
0.01860772750217295
0.018555354167447764
0.018281545104483706
0.02135723905159851
0.0214788938015875
0.021410878772647773
0.02133220463401675
0.02120177631888454
0.021151630800792097
0.020975745459846037
0.020950556444897687
0.02095933549999779
0.02087957590849107
0.020747010726107778
0.020730514161458057
0.02074029723914555
0.0205962376321064
0.020485995813916098
0.020560182598469548
0.02053684504852363
0.020484763442031578
0.020388508952843637
0.020266851496655656
0.02029319599510209
0.020209396074182883
0.020268443873367046
0.020249967965482358
0.020120274436420803
0.0200254556321729
0.019953131165098514
0.019381089004787164
0.019398406993163964
0.01942599876608965
0.018810538350141962
0.018799725834722218
0.018782203891188693
0.018725020224573417
0.018638171274339973
0.018555824931424377
0.018605293404931805
0.01855667862280013
0.018551762140238796
0.01847025672152095
0.018381235722795496
0.018214294308277403
0.018117293940698765
0.018045094053803976
0.01909840547981633
0.019069471398012804
0.019053919975375436
0.019142847928934236
0.01913632098018214
0.018949604657189992
0.018883953194258493
0.01883858659023802
0.018780837814350117
0.01873246638129291
0.018702675654690516
0.01865059747192774
0.01863144453636777
0.018586058401345987
0.018539648734811127
0.01852583660327485
0.018488291013241377
0.018424630151846647
0.01858284711613507
0.018515990510517406
0.018473039865678324
0.018413901528255793
0.018324182590004044
0.018273466372204047
0.01789915669535521
0.01799324820623606
0.017977676470066872
0.01794917663948526
0.018007297771483917
0.017993384534189086
0.017940793873896518
0.017864709677432925
0.01780301509835921
0.017614775169313035
0.01757750020373329
0.0177095653692874
0.01766719600743462
0.017590463157419273
0.017497551871054517
0.017484920189289172
0.0173975204816088
0.017316778170419878
0.01727290713760469
0.017213397346930493
0.017279404483402188
0.017252035737802766
0.017166950753732126
0.017138970767239657
0.017077799376984535
0.01703276543444967
0.0169845174786026
0.016943868613493188
0.016880305580303283
0.01692614924495426
0.016888387903226387
0.016850513373386146
0.01688976977391496
0.01680883266707908
0.016724915654001544
0.01665263141160298
0.016555837773763495
0.016487876441062182
0.01637155898733417
0.016331229452734106
0.016283234316287365
0.016097661632427766
0.01604779678761691
0.016054383198730652
0.016030557056396035
0.015977197197335095
0.015934029018454667
0.015885010670986036
0.015838476064259577
0.0157873786009941
0.01590902937779749
0.015800041399164213
0.015775136429814055
0.015742756572382686
0.015686990340648046
0.015655510625392867
0.015570354851661245
0.015462671784542801
0.015430469938422524
0.01527219790044714
0.015242388459784923
0.015209798808636151
0.015311584146965176
0.015359169561592738
0.015332657543676572
0.015245104636422235
0.015193471293978335
0.015138278939098323
0.015079910293861756
0.015058878542997053
0.015024460615840418
0.01498332232549999
0.01488903242521827
0.014844834934172714
0.014821652318133049
0.014795628826806654
0.014641933517208706
0.015055143572378695
0.015074654986298211
0.014994777910980122
0.01499640931193355
0.014952302871206571
0.014902686179730285
0.014842657239109009
0.014811754361289788
0.014760101866479563
0.014730439315556716
0.014738879399096287
0.014912132062073355
0.014809399107946725
0.014762717160402901
0.014770454811053374
0.014675908886996662
0.014623164339812804
0.014533094657604701
0.014386512066752365
0.01434293919309286
0.014800137268446627
0.014756444071928514
0.014894527179219276
0.014858726190275907
0.014823491357489515
0.01466585745246896
0.014608241238058595
0.01458800602381207
0.014530472983142625
0.014537091972279788
0.014501521698913082
0.014495514648495534
0.014449046216055096
0.014492578287076884
0.014556287286322746
0.01452629240678082
0.014587215528682166
0.014565195302419455
0.015375684470566451
0.015321503878632417
0.015274219569477368
0.015216238442679038
0.015170052975799243
0.015136341782507232
0.015058138191640362
0.0150285462255483
0.015024547597935815
0.014926341304855768
0.01491182830966235
0.01533129027567796
0.015170330822636217
0.015131379411626691
0.015121756209143382
0.01509951105118564
0.015069022898654782
0.014976558435340974
0.014911136400925935
0.014876865044380076
0.0152647404351154
0.015245484098648792
0.015208767365112197
0.015215837404112071
0.015202991612504714
0.015294116183274848
0.015310901821144002
0.015279675440426584
0.015228896666024075
0.015144589865294543
0.015063227335405018
0.015045347030734386
0.015017127421332644
0.014960020281432661
0.01502065375793857
0.014994917753832685
0.014853548373753208
0.014842734933342046
0.014772163576820924
0.014686181209502366
0.014682433708978232
0.014545672860847726
0.01455838151860807
0.014527253263002757
0.014508210464955408
0.014475297526365555
0.01446094951718955
0.01443645879645127
0.014394818930275215
0.014285265016482184
0.014262026735680776
0.01422965613354641
0.01415498431525632
0.01414016746170819
0.014152039989397793
0.01415717688044051
0.014109603153397265
0.014090082681153917
0.014070337968371293
0.014049648588869295
0.013995010110033453
0.013980807810765142
0.013952705954029528
0.013947246590510524
0.01392245543514672
0.013844229267078846
0.013832426403710877
0.013796782921700728
0.013761140849866264
0.013740172788145225
0.013701484985136188
0.013641577690226678
0.013692902556983019
0.013671958640155095
0.013674119480477998
0.013645198621021731
0.013617604858078147
0.013612850170399466
0.013560569086999055
0.013781174110158386
0.013758831058162313
0.013683251009779546
0.013686082410161334
0.0136163927559776
0.013595812328522867
0.013567522934706238
0.013572972341035239
0.01354727169807498
0.013483810172825354
0.01350563455159331
0.013492964912688069
0.013466120029792713
0.013386787753811377
0.013436157974259304
0.013429456962403354
0.013384398714316202
0.013425381242299302
0.013428093797462196
0.01339987404644489
0.013379558213839762
0.013302896637469528
0.0132743995118356
0.01322756271948444
0.013210169388489288
0.013171770334406035
0.013138047605078071
0.01312204773468765
0.013157614749698267
0.013139688352810902
0.013113941393437516
0.01305787263879522
0.013054841818074328
0.013037976321109528
0.013032283298421779
0.013005313607523753
0.01298198266316526
0.012940192406647212
0.012895682706197896
0.012878236374962014
0.01285483875984898
0.012833288326659077
0.012912864622604225
0.012904606739497736
0.012860508316621305
0.012810131901509775
0.012793709706332706
0.012766458567095355
0.012695749726743534
0.012676953780262358
0.012652470239522184
0.012726448231781831
0.01273916863552761
0.012642442492449677
0.01262686906286097
0.012610343716102493
0.012589348361389767
0.012572266633592788
0.012551373432646338
0.012533002539088098
0.012503763592151168
0.012484302548822516
0.01249159249878206
0.012502413370835483
0.012468296409904225
0.012451356527133164
0.0124270474921473
0.01240881534128781
0.012385300384040274
0.012365664894586943
0.01233853573116689
0.012328353878855544
0.012274183957338371
0.012250846427828782
0.012223227862559718
0.012202580634038888
0.012200069378120074
0.012193790760032583
0.012179719366187945
0.012222448929139861
0.012202097022892109
0.012179072527828601
0.0121610457805984
0.012112986903151334
0.012049061119113661
0.012071368146959058
0.012003108781071532
0.011981902004038791
0.011961777051015834
0.011934208097996384
0.011917456757169903
0.011890500315428805
0.011931582250968404
0.011885912573794037
0.011868304267315374
0.011864116581099862
0.011870272269688092
0.011854146270867718
0.011839538772339718
0.011728715158998966
0.011702246839751879
0.011690993135292944
0.011705413534881392
0.011670987825064856
0.011630273629571237
0.011574704827306862
0.01200653219601446
0.01196787878429579
0.011927940298095109
0.012129126776625788
0.01209430162847604
0.01178350095495324
0.011687176734162346
0.011730128703915828
0.01171770589680818
0.011703977097252993
0.011680871358132595
0.01164092111885026
0.011628696785354695
0.011609968423930016
0.011604280002709279
0.01158445064839223
0.011611534260288109
0.011598858878286251
0.011586021674940217
0.011556912551186233
0.011531212913483791
0.011510627027807804
0.011401445174978514
0.011404304580499935
0.011384339174915888
0.01134155264646637
0.01128102175549584
0.011236124826921642
0.011181028035758626
0.011203481527799162
0.011177625919493854
0.011467360664014374
0.01143296143051983
0.011420645074799824
0.011402999998144415
0.011397371734450592
0.011386396059268685
0.011850358166395004
0.011812226405999722
0.011773874679054296
0.011763567177521988
0.011740630161657899
0.011719230257246912
0.011715891673229638
0.011685376187969696
0.01167870229581286
0.011661049596615727
0.01164540187368274
0.011628769099137147
0.011611487272143554
0.011417367131158419
0.011397979481488001
0.011427555983642403
0.011437586073790864
0.01140629131575699
0.011380138972555893
0.01136234578311709
0.011365536883701838
0.011349322168625543
0.012482205653403432
0.012464611183594905
0.012383836280711774
0.012368812108169494
0.012357886493199329
0.012335332925598698
0.012301445929460508
0.012234057924399331
0.012217057228304224
0.012176109271988807
0.012160150518411036
0.012149308442816064
0.012143077271338686
0.012133635069403683
0.012089755763431867
0.01210060608774429
0.012096945965192328
0.012068206329447204
0.01205712566641521
0.011911049142355285
0.01188664280324153
0.011887944528598897
0.011858224673007277
0.0118499823713203
0.011839126252530186
0.011820469676437611
0.01179173491122994
0.011768043321890706
0.011712708965595429
0.01169532782369061
0.011677977213559836
0.011668718039926272
0.011660258362184378
0.01163866190038473
0.011627619833492779
0.011639785000216738
0.011644160340891128
0.011623017713306021
0.011605915362277272
0.01158389094499362
0.011597658504181579
0.011613518180792572
0.011598200430735603
0.011582195185823058
0.011571820738422852
0.011560971810270184
0.011543504031682448
0.011526765175746466
0.011516222458813887
0.011496390880681774
0.011487921510215712
0.01147485827076196
0.011458258049725223
0.011446513327066135
0.01142662652286127
0.011418987752302642
0.0114023915982205
0.011382124234788706
0.011345161015603974
0.01132769332729126
0.011419855012580424
0.011404238099474138
0.01138655902576822
0.011325185069857878
0.011307993359803637
0.011292836971170771
0.011282190708646531
0.011258230658123985
0.01125253324488324
0.011240247360240731
0.011225604055868232
0.011214485838882496
0.011183215506189623
0.011162189890684498
0.01114699296851863
0.011129567072601874
0.011130394089902976
0.01118208665263866
0.011179769354800057
0.011167290733330412
0.011210094020351957
0.011190508544504466
0.011174167215170228
0.01115723365415593
0.011142155742760942
0.011129934508625022
0.011104013487833603
0.011045710415799952
0.011012747325369294
0.010999886957422593
0.010992686245323645
0.010988347142015697
0.010975212964063074
0.010978547444340502
0.010963513761659455
0.010936305660503555
0.01092075008806227
0.01090219664833714
0.01088513937355752
0.010870134956652863
0.010854497643791951
0.010834543320217774
0.01082482570956267
0.010807195137073388
0.010786982048808097
0.010772355216189388
0.010758949996013416
0.010744715292734117
0.010729582382353539
0.01071298302766082
0.01069089735236244
0.01069075234285574
0.010678737474221843
0.010668335053920624
0.010651445453906993
0.010658882288286809
0.01064371321812103
0.010614250111487289
0.010601171261749821
0.010591844332952025
0.010581566106578866
0.010581241152887274
0.010568574426799097
0.010555666031219251
0.010539043690092252
0.010568689490944114
0.010558430702129737
0.010551250043816414
0.010539787260645507
0.010541745758879508
0.010517589684167997
0.010505899433808528
0.010490896239328487
0.01047035816567216
0.010456984325128644
0.01043780916292936
0.010424105373651536
0.010412855183757435
0.010386417137652157
0.010374302023051155
0.010360018723245342
0.010347786343118063
0.010334361478740001
0.0103363431040957
0.01038139549803413
0.010371440969759593
0.010325387464624832
0.01030574309770774
0.010296611878488115
0.010280361731392556
0.010266910254231055
0.01024832106676537
0.010227508859240486
0.010204308677047618
0.010190507828274513
0.00991945300415273
0.009944800640716976
0.009933138687250357
0.009919160961237102
0.009918213973835332
0.00990480731351391
0.009905222224420324
0.009896699375317926
0.009882859991202505
0.009910249222908717
0.009901535704353322
0.009885457281323203
0.009882979132430436
0.00986290118701505
0.0098265060824667
0.009825171855722887
0.0098113296837103
0.009981506138550056
0.009970202206103654
0.009969307300823106
0.009948484254914921
0.009941791768068715
0.009931926127477056
0.00992199774430712
0.009912973290962317
0.0098986936413419
0.009968372127532526
0.009955425269342757
0.009941089497420955
0.0099400969123734
0.009915032220704568
0.009901330099858465
0.009898603773158232
0.00987087388520805
0.009873758361473776
0.009838544689890571
0.009798243320061331
0.00976440305336425
0.00974878838114079
0.009736875420972967
0.00972633518903511
0.009732549626452664
0.009726488541812763
0.009720678319311235
0.009706982830408552
0.009697059022357297
0.009692576429673538
0.009675878971256636
0.009658990693822932
0.009649585351782376
0.009629752341360091
0.009607261652010113
0.009607940789803204
0.009580215059976529
0.009567212996318844
0.009560587776596923
0.009559590435478984
0.009547488437050188
0.009529907705091812
0.009523783416875767
0.009507617450673371
0.009502856503484645
0.00949946304149609
0.009488618416479638
0.009484137786273437
0.009464056505251721
0.009414461465016849
0.009418532374911207
0.009410903272430446
0.009406195283177845
0.009395203909312597
0.00938934850971893
0.009367837563315865
0.00935660243360935
0.009346432209903204
0.009334743418869848
0.009320554040726427
0.009342976376671105
0.009367203293632812
0.009360182054554803
0.009345425801066547
0.009325580183477396
0.009317309085386593
0.009303516685319582
0.009299131254577937
0.009276839143285991
0.009264837395434293
0.009256385673735388
0.009246731862065349
0.009217818263721447
0.00921129662267174
0.00920065761898648
0.009189862940735479
0.009185391411912278
0.00919088328249773
0.009183946543018856
0.009168557061802904
0.009160315706310672
0.009155157375863712
0.009140110099146139
0.00913165958367395
0.009120644359340957
0.009113231278417582
0.00911715207327044
0.009121491749721928
0.009114378163019117
0.009100869694673814
0.009083517529031292
0.009074921677507996
0.009060315854837684
0.00904473974432789
0.009093792281135955
0.009079551600096734
0.009088442053663336
0.009078471734877294
0.009046309715540045
0.009099796348301749
0.0090874789941762
0.009081653345625513
0.00906948277707468
0.009062114061896673
0.009047187323635787
0.009037534112071293
0.009028451673165584
0.009015659745014518
0.009013881542394759
0.009017777459603958
0.009038487970943875
0.009029631814582363
0.00902696122624315
0.009015267614843463
0.009028345521073794
0.009024430949282352
0.009015839985646484
0.009012272486128204
0.009011684186558675
0.009002276156984405
0.008990587066079279
0.008978749831832717
0.008921475691583752
0.008912106637647438
0.008913541376744539
0.008911832384100597
0.00890230443391006
0.00889144116792725
0.00889469467120633
0.008855201872011689
0.0088390771474634
0.008886868642960259
0.008877808171916463
0.008861460323652625
0.008849434777540834
0.008843769595754402
0.008836897171824508
0.008829516006109782
0.008837067245258743
