-0.003940434195101261
0.010128863776723543
0.008001771464478225
0.010746558895334601
0.008924320796116566
0.022794034190675508
0.019031574825930875
0.016853235823671438
0.014980468334397302
0.013267557872247628
0.014359494646972355
0.013112826984769736
0.015450610375929888
0.01441517335285122
0.01343596186416107
0.012423099631525793
0.011785336255949611
0.013575466842954291
0.01289749316347297
0.012276873258607724
0.017919298176738346
0.0181636671009271
0.018508415902033448
0.01799613008275628
0.017270187135391798
0.01669961185177305
0.016126090045353134
0.015648510034099738
0.0225534996483475
0.0223611909745922
0.02158709023933625
0.023861800990716525
0.022866038187845224
0.02235212111180382
0.02187982475152239
0.0213508284965379
0.0207782757689098
0.020562448455259584
0.020147042907774446
0.025381346483056136
0.024668701447635177
0.023857547912400124
0.023327015877426173
0.030136589072127302
0.03011813001332642
0.02975209741704562
0.030697744055942163
0.03244539216037231
0.03186782466014847
0.03129526146221905
0.030910289906807092
0.030280684171472932
0.029985237347082812
0.029454245692415323
0.028697365099755436
0.028226126394879977
0.027630307126573498
0.02723592156800835
0.026776535078533913
0.02839371563435424
0.02779203110971607
0.02716135498162151
0.026780612762195222
0.026491076953243455
0.02615197010913327
0.025888304708268372
0.02551631126655539
0.02490372322600982
0.024508095710604846
0.024162358491235526
0.023823249858752303
0.023580289069461084
0.023261056355958976
0.022909388938375432
0.02259143219998804
0.022313310573098256
0.021611722653734684
0.021283220607696003
0.021014821782591748
0.020983621705162485
0.020723723046191987
0.020846029261761084
0.0203558505364483
0.020127191988970422
0.019893956677934022
0.019983934906268513
0.019761332655021266
0.019268699205190132
0.019399144278334765
0.01947187153900114
0.019324982164582016
0.01907018045375314
0.018940388255051656
0.018802012537765367
0.01865312748153277
0.018446222975305238
0.018981537601390232
0.018024147112178857
0.017879494705994155
0.01771143905957931
0.01753023307109663
0.017381086976332956
0.017213852075656184
0.016947866854579417
0.016740488813462993
0.01659748813482307
0.017082506710182695
0.01703823835150032
0.01690082605637145
0.016728573618509168
0.016734550371568607
0.016612985786679
0.01710254251022554
0.016915919179471377
0.016719050433713516
0.01639762976227735
0.01625614268019583
0.015930271985551286
0.01585744882880439
0.015751383900652022
0.016140733534693495
0.016022144729031133
0.015897017337744235
0.01566891724360176
0.015557415314279281
0.015577945451473998
0.015495406656782512
0.015908873896520632
0.01582529712132573
0.015699689816159226
0.015851363870641576
0.015737481465382872
0.015625696742443247
0.01558860795835413
0.015555341456039226
0.015609124894840242
0.015416934507758957
0.015253738113452868
0.015183041140179356
0.015211576941226622
0.014980362218511166
0.014863155098588023
0.014775087783871444
0.014662029883414834
0.01494951301899401
0.014753073137324803
0.01463858657253032
0.014450456858214134
0.014403044176481979
0.014276856882073643
0.014259619128432339
0.014173701255060312
0.014182192819418283
0.014094565988090195
0.013993193846731752
0.013576205936075154
0.013145243392961073
0.013041126477911362
0.012941013751515138
0.012893544041995627
0.012853468581998187
0.012789001743176365
0.012704438881816566
0.013773960834474904
0.013714129806332107
0.013662786217243279
0.013512911003220203
0.013526803053214262
0.013473164531066747
0.013445506269780774
0.013373008482313863
0.01332057722036006
0.013245282398975705
0.01317167942694921
0.013094996323244153
0.013008588447668307
0.012941802146987147
0.012786148445239795
0.012701678225777065
0.012630664875977858
0.012615079724148003
0.012511518273675627
0.012414116046705248
0.012370191107982324
0.012306395797021393
0.01215781753460683
0.011289423806258444
0.0112392558724245
0.011177129085531073
0.011166569920980831
0.011114598095749297
0.0110523080989511
0.011006644166365136
0.010938818804406303
0.010854982012200972
0.010785427581823818
0.010736844236339268
0.010705629719044532
0.010721262250735894
0.010666889264781161
0.010634141362106228
0.010571772593940643
0.010518419536489167
0.01049496319624823
0.010443436154090912
0.0104406734185849
0.010421240252701238
0.010375295565591719
0.010462419662508186
0.011469886175183564
0.011473992773971988
0.011425019840752499
0.011367843070075085
0.011316396504895071
0.011296427520762709
0.011255948335304645
0.011244898707762904
0.011179918828223662
0.01116044417708922
0.011071700363486326
0.01104286522486537
0.010990072637269144
0.010924931686661567
0.010869825868220589
0.010824741865070417
0.010764897065950019
0.010722633524621194
0.010995948556927544
0.0108975616930326
0.010862634182495404
0.010964150074743951
0.011298107758615084
0.011263051899980846
0.011098212806106688
0.011104845439781384
0.011046526703923622
0.0110221614144271
0.010973169921218348
0.010918651602575366
0.011461352801826667
0.011404942944217747
0.011352086968508214
0.011298906356625869
0.011273921519513152
0.011200695422480866
0.011127789728112548
0.010977656243349275
0.010951139353450403
0.010885397336329341
0.010844641928519297
0.010796891512337243
0.010776350145727925
0.010731232760352177
0.010694873042966192
0.010658582315386418
0.01063431621787813
0.010631402466575218
0.01071314404673181
0.01067986599776375
0.01063311011501467
0.01053351339453544
0.010493362227613254
0.010451204822443707
0.010409822117181432
0.010586684778804506
0.010514949199770609
0.010468780913510986
0.011002150751008974
0.010918204475051938
0.010879086627907599
0.010847357671082145
0.010789605486228041
0.010804322080106319
0.010764376559315933
0.01070086912353662
0.010568385943034938
0.010741707948543197
0.010673682555146554
0.010636336695720928
0.010595137005296103
0.010665311369558237
0.010596582034650895
0.010526232336597394
0.010527360423421082
0.011423302368699312
0.011371480630849043
0.0113431479311051
0.011263457377117763
0.011163235894566933
0.0111780277765104
0.011128555994916611
0.01109610820105085
0.011047381526035446
0.01100837701770785
0.011120086961799079
0.0110757869291719
0.011413056412432421
0.011374057881912937
0.011273011693313796
0.011227725410999877
0.011189598302518417
0.01112531926462745
0.011033731769250727
0.01099133707089617
0.01087338450585235
0.010854843386525901
0.010831163864227108
0.010799550834067794
0.010795055768375604
0.010750292767379422
0.010718335545252795
0.010719563602200213
0.010683912415846009
0.010649932473519128
0.010584266286531594
0.010546863920924592
0.010490738267052276
0.010447477340268714
0.010416819500233036
0.01039389462000437
0.010390871595032734
0.010054048834267313
0.010141312607618292
0.01009369324476351
0.010054906988878912
0.010016084623169542
0.009967701817802712
0.009926077674238913
0.009893877022312323
0.009869548119103408
0.009833892985976077
0.009805179151205429
0.009769787315290053
0.009737463111063091
0.009709752508007072
0.009685658026793739
0.00966970185314742
0.009616996675936141
0.00957973839921418
0.009500889287712914
0.009488581405955638
0.009468300149814396
0.0094272815106727
0.009395091980231753
0.009375648584017987
0.009342707063063714
0.009301706735285912
0.009531510693835359
0.009525558033367685
0.00949896191254436
0.009471392255942523
0.009440227610467361
0.009411460649545074
0.009371883808356435
0.009337429064401201
0.009645224663579617
0.009616543674713401
0.009567465662257746
0.009539358579058898
0.00952132024866441
0.009492400741074053
0.009398958064085281
0.009374859648072902
0.00926724188787263
0.009230499593410615
0.009227057715813815
0.009192881786752285
0.009166960501876157
0.009159570442421387
0.009084233088714429
0.009060162392063741
0.009051700127257992
0.009017925183049072
0.008999096293235195
0.008995939933114679
0.00897315295500525
0.008969974586054577
0.008945963760523987
0.008920904046834417
0.008896048921187893
0.008872406955894335
0.008846694768686691
0.008836741328574734
0.00880967179236195
0.008808797145207463
0.008783730661790709
0.008765910540064717
0.00874069261080034
0.008736895541257504
0.008712095160009285
0.008650892931265317
0.008609254918320089
0.008588392163025857
0.008561087022108149
0.008494389751050591
0.008441603528696367
0.00843753754101335
0.008424025800013162
0.008378913887645462
0.008361195469204857
0.008336349120186938
0.008337087534866627
0.008304827819716084
0.008348964183105519
0.008336243972287214
0.008523034298187803
0.00851036495534536
0.00848490752478717
0.008426169636758697
0.008422416848073301
0.008427146361285737
0.008400714325030232
0.008536105451569437
0.008517020285137959
0.008493412616469584
0.008611584085805283
0.0085930928426241
0.008578939528050573
0.008558885585461251
0.008538337708384485
0.008542655447169128
0.008530590373606595
0.008507485899312047
0.008448684507268751
0.008420789764894545
0.0083995461831986
0.008383267791125762
0.008368153136987713
0.008348258905150641
0.008331843120669358
0.008301813890958088
0.008295290945737681
0.008916773897040984
0.008899433647908652
0.008861697333786897
0.008934191024667222
0.008930527098390767
0.008904822164237417
0.00890063842512476
0.0088458306032292
0.008828129964786874
0.008807977989844711
0.00879071829701576
0.008763958341468203
0.008739307133722084
0.008635534114601247
0.008655041883814964
0.008639616946060254
0.008620899281749082
0.008593298634591646
0.008569765804964937
0.008556124054087694
0.008534241624003156
0.008512055111542379
0.008498979925526211
0.008479774698981382
0.008094242647558132
0.00807509315079676
0.008116031659111556
0.008109365190228304
0.008086037073998497
0.00807328139549698
0.00805567377411252
0.008042429846408522
0.008008428039056714
0.008001674960975128
0.008047955466071675
0.008019600539338652
0.008002208156741537
0.007979096303807148
0.007963257708393873
0.007983031894149742
0.00796913825701735
0.007953521583388605
0.007937440527918522
0.0079121364342694
0.00789115795965265
0.007868576976716113
0.007847999485056784
0.007836431173451354
0.007792465094657112
0.007773063681678897
0.007713723221607598
0.007631545423676458
0.007623925769700159
0.007630658958518866
0.007620714163585642
0.007605831258537926
0.00760302964612195
0.0076236094150392494
0.007622731958158174
0.007616053562768133
0.007583913222466205
0.007560079144737257
0.00754661724650143
0.007547763313758942
0.007589965356265127
0.007573112717807244
0.007557344818429552
0.007547083192682931
0.007534709490918684
0.007520704940005403
0.007494167890110962
0.007478443261104549
0.0074632723832189106
0.007453353060361203
0.007438908005855134
0.007418500993404011
0.007402762425686778
0.007403264050187409
0.007370490539130966
0.007354930710793173
0.007344267475733563
0.007316318336700185
0.0073172451723290234
0.007318156526990977
0.007302659589172028
0.007269968158757914
0.007256749082555938
0.007240294725573824
0.007223832337651844
0.0072073232947139085
0.007050916490170351
0.007033928792446938
0.007018943426180222
0.007001560465072631
0.006992485426301505
0.006982509639267746
0.006975972285672124
0.007012055578684124
0.006974749675484922
0.0069451966567255895
0.006962425733468675
0.006934958490571353
0.0069176461708878745
0.006918184619253408
0.0069059987651352095
0.006894515139065466
0.006878767880779274
0.0068608974518689905
0.006848928271908812
0.006842889999572021
0.006832479184595284
0.006822381695676935
0.00677911418090547
0.006766521455115642
0.006756875496595607
0.006742416249328581
0.006729585633465002
0.006723668762316212
0.006712866204169044
0.006699822387202501
0.006686858110283651
0.006675614259910541
0.006655874167336149
0.006645464563041697
0.006597841070676188
0.006574917188762272
0.006552451458784552
0.006541366052461884
0.00656566780091187
0.006567181927750802
0.006549757704880179
0.006528774940046125
0.00651410220305241
0.00650618521794775
0.006693840244724281
0.006681475295482269
0.006670377941663259
0.006683687883960944
0.00666857328020863
0.006647967516256081
0.006636857952276008
0.00662475058161046
0.006610613721325836
0.006604514436625213
0.006596359293376154
0.006585914851025561
0.006581144062460975
0.006587959229990215
0.006574371660706709
0.00655568347863236
0.006555371884992566
0.006802219947557257
0.006791165737093919
0.006777597379125414
0.006763725851032466
0.006743473230739768
0.006705292614849708
0.006704639012158284
0.0066921317703000135
0.006679246868554606
0.006668813971909207
0.006650685041579378
0.006932693019496814
0.006922772857773943
0.006912214106243153
0.0071295562780575705
0.007129042886857253
0.007128118308216097
0.0071042496388069535
0.007092681803030485
0.007080923251340582
0.0070691861910384705
0.0070605702317887865
0.007010210297553078
0.007003031861526515
0.007012109731499213
0.0070013607122776
0.0069811964500947924
0.006965390920871203
0.006944065655243707
0.006932951358235794
0.006920389970255792
0.006901841568207318
0.006893304588763829
0.006875606637332127
0.006831730149522433
0.006796240119412334
0.00678842619514243
0.006774911267735408
0.006757124959524173
0.006752816614012911
0.006743202730326446
0.006741891849469247
0.006730971945321317
0.006714762969072376
0.006706365259012686
0.0066934994709819335
0.006675827570768125
0.006729834773425321
0.006679045388037443
0.006666876985994918
0.006653478122318589
0.006642722463531876
0.006667940025337076
0.006654819549314713
0.0066258810044482865
0.006611319062506023
0.006602889904645671
0.006569320037114634
0.006557882642831949
0.006548523702747739
0.006536942362469932
0.006538892346623963
0.006527828131326011
0.00653349797417315
0.006520899777960849
0.006373590539408792
0.006366771795397881
0.006371748987269715
0.006363003042416097
0.006331571255134938
0.006328336305648374
0.006309536589303272
0.006302739755760206
0.0062975448295482005
0.006291213891914906
0.006281689594018672
0.0062699818972952745
0.0062620983026300805
0.006220629856011568
0.006209945008536069
0.0062011723344138105
0.006183300851884891
0.006174009058098193
0.006362237275387163
0.006358266550258324
0.006338672840730166
0.006329156409289523
0.006323934678058713
0.006321089205074449
0.0063142969211994774
0.006303383993961488
0.006330199433933995
0.006309772998124567
0.006284578387075807
0.006272999371243976
0.006261200891640332
0.006253321680661978
0.0062428020292424865
0.006228673429594233
0.006221720501801362
0.006224825357889545
0.006220784758444781
0.0061806022253886785
0.00618050782053996
0.006171765330975222
0.006172205384179996
0.006178426883054455
0.006137671718176479
0.0061285525748966
0.0061230723632494394
0.006113578396752603
0.006103172263036629
0.006102223417944584
0.006093419426126907
0.006090585000779117
0.0060775481872613986
0.006068140197880836
0.006268554532927733
0.00626095737410972
0.0062508491685817225
0.006255424377008537
0.006236051811103953
0.006237526413330647
0.006225407301775253
0.006195960518425317
0.00619152373119633
0.006232927191798933
0.006225504924014184
0.006216137489367381
0.006203023999499721
0.006194469941768984
0.0061775222044801875
0.0061657551873490445
0.006160396399123751
0.006183651926306255
0.006174724394774484
0.006161651900524535
0.006156587278262158
0.006151840959569422
0.00614117886173452
0.006169756333602611
0.006182377765402307
0.0061741573071427405
0.00616229457442627
0.006182486908238456
0.006171694676675247
0.006166375742542574
0.006159071824051773
0.006157478108759677
0.00614642458906604
0.006139204815989537
0.0061451917510626335
0.006134595315049425
0.006110060318971549
0.006103397931462753
0.006100107590041387
0.006088760405877157
0.006092872811694971
0.00608987486099254
0.0060808781198076825
0.006020772714554976
0.006012512096866701
0.005999362478582451
0.0059823832784811
0.005967484465944389
0.005973896673211134
0.00596403479806888
0.0059611790081091545
0.005959951926028879
0.005943661015210181
0.0059860832723522975
0.00597354045432305
0.005968802571285546
0.00606450288936287
0.006059692908405979
0.006048772728794771
0.006046035810070146
0.006037349340102498
0.006031086937620735
0.005238077577176622
0.005235565990752475
0.005226637110432573
0.005215603524724235
0.005191712774025826
0.005156352009512753
0.00515981783356946
0.005269822718114094
0.005263020149765013
0.005254912942951478
0.00524863354554417
0.00524117294897048
0.0052393084476544
0.005232231135051532
0.005223994684112871
0.00521691005879442
0.00520899874274433
0.005215801895777871
0.005203309309663412
0.005197078918401169
0.005191292527500514
0.005178951829029356
0.00508439951414963
0.005064728847209513
0.005057122273992815
0.005039996768998831
0.005031694272484066
0.005028236773823979
0.005011675125480009
0.0050063982954427775
0.0050028330882493244
0.004994214900193443
0.004989783754938998
0.0049808938041897765
0.004976071609779866
0.0049698118095790195
0.00497381969947128
0.004967996998372581
0.005013579350677795
0.0050098116088444465
0.005011865195097674
0.004976638094245483
0.004968459666898362
0.004943094203403192
0.004938538703016202
0.00493138593699654
0.00491203461836752
0.00490829797117515
0.0049156223291001765
0.00490907624439326
0.004998332469468336
0.004995019081578252
0.004992819313464877
0.0049984925066307185
0.004969572906738106
0.004999185939487092
0.004993148177323394
0.0049798266384383375
0.0049756525683341685
0.004985689708668393
0.004976615939279867
0.004967554714266128
0.0049550757587434385
0.004947843349093496
0.004943219112932649
0.004936826116896508
0.004931471686889503
0.004935569186358284
0.004949514623586556
0.004936896673072323
0.004931362552560081
0.004949286514436575
0.004939798354695503
0.004937580952314707
0.004932894556926088
0.00495793769752212
0.004952900806719774
0.00494764938422932
0.004942243885473018
0.0049370678365187725
0.004931775594017189
0.004922402666391907
0.004905099871290552
0.0049045496181137635
0.004903388387850459
0.004898501955564692
0.005076970535292809
0.005080388371382465
0.005072314477353623
0.005071495652979032
0.005072779945726695
0.00506374623276884
0.005103510829923203
0.005112447123203664
0.005078181501094381
0.005066714538912486
0.00505832301733303
0.005055714403101322
0.004877884805423562
0.004873973796072495
0.004866587688394682
0.004864090360378751
0.004858647090857807
0.004856709725505587
0.00486881682738913
0.004864700027394922
0.004858999731569098
0.004851400139109399
0.00484868336036783
0.004850003009128359
0.004856813091189849
0.004842311441465944
0.004836300332528445
0.004829806553595724
0.004809118848386035
0.0047919835152771435
0.004760187462902234
0.004800115348040478
0.00479815717885675
0.004794760862789099
0.0047873951923942315
0.004781078237949443
0.004772037075422272
0.0047684220256629835
0.004764565209477147
0.004755770819777878
0.004751386693410647
0.004745045092627645
0.004747539481053894
0.004739213490920987
0.004733755252636828
0.0047341167353491635
0.00472558254857956
0.004716018707121056
0.0047120026697859444
0.004701253304391885
0.004687022415746468
0.0046792867046987095
0.004282510022720798
0.0042451459776565266
0.004251096939568385
0.004243916893173369
0.004239807183674133
0.004255103582664944
0.0042500971047344125
0.004246612974328303
0.004241136352564873
0.004248636482913726
0.004251271893799799
0.004195457802861542
0.004189998428953743
0.004202623734418608
0.004198189633452348
0.004196589080152947
0.0042499341443802425
0.004279991768695002
0.0042827669923692305
0.004272945645680128
0.004272710292332667
0.0042669113734820265
0.004261572008734029
0.004252886913395862
0.004255586845648662
0.0042486918752396635
0.0042476042077270945
0.004240708253743622
0.0042586418635134245
0.004248002719137341
0.0042441332058682744
0.00423980033556563
0.004277551259861197
0.004275749618141475
0.004269117113314994
0.004269139821786011
0.004473719291600221
0.004462270679554122
0.004465759330041495
0.00446486601001171
0.0044594753881550065
0.004460368501085415
0.004445552047616078
0.004440465465615494
0.004435677366385608
0.004434945324905175
0.004429729658608539
0.004422480595506403
0.004441747800477677
0.004399075110930872
0.00439481377583158
0.004446380569924257
0.00444276952268326
0.004520627087943925
0.004519102048811014
0.004509819523255456
0.0045038238836421695
0.00450139602321992
0.0044948434436870785
0.004469470672303821
0.004459022122137331
0.004452127155922552
0.004441660416513702
0.004420512508500817
0.004421065743357241
0.004419273524835264
0.004416418338704644
0.004410932366179982
0.004404706111058982
0.004416211599961971
0.004411912028834175
0.004406665556664256
0.004399860351906036
0.004404331444291012
0.004396180471542076
0.004536297757631572
0.0045335671066266976
0.004570612736005643
0.004568310030908272
0.004564368829662052
0.004563641829290253
0.004560619117086939
0.004555677692541931
0.004550681856956075
0.0045464848000006
0.004541132318132187
0.004535908135838817
0.004528197823335998
0.004525799092082915
0.004518693329654321
0.004511607188613841
0.004507549105521359
0.004503493160487223
0.004497878543503729
0.004496033077037527
0.004496176111410997
0.004492788444709903
0.004487943223327277
0.0044854055939067584
0.004478182704389123
0.0044596697068868445
0.00445530129203007
0.004432201964125095
0.004428058926396031
0.004425203939390627
0.004407433485667762
0.004400770702641381
0.004397020274307114
0.004340363288929885
0.004359770441519021
0.004354488872669877
0.004472403779376739
0.00446107590589874
0.004444765262970963
0.0044305122854585875
0.004414001169418518
0.004401657864024167
0.00439415999788286
0.004391438176732177
0.004396757551187957
0.004392345774341953
0.004389042374204552
0.004383167093351399
0.004371047691078625
0.004371513203753165
0.004365879080952943
0.004385406658635922
0.004387658597938566
0.004386517673265183
0.004382194637555341
0.004377682650859539
0.0043736996765833085
0.004367965377561654
0.004353963088324054
0.0043745560523625465
0.004365547305966965
0.004362985000940912
0.004358768855546272
0.004354736557643958
0.004326055546943249
0.004323989199091796
0.004325319588880721
0.004376445861394003
0.004499831450053118
0.004500307594302987
0.0044979985805784
0.004488849271426413
0.004484304319087784
0.004478552702057634
0.004475707166469214
0.004464545645664183
0.0044599979837593685
0.004455319281635543
0.0044564567940387914
0.0044509915331797205
0.004447767128213566
0.0044462071201298095
0.004455435191383038
0.004460189353171092
0.004452632603686604
0.004452858001855655
0.004455395763989523
0.004452961378665069
0.004437692430864536
0.004439602525444239
0.004407394743559289
0.004405347285536612
0.004397789427399749
0.00439792372808284
0.004393709549543604
0.004389122262738905
0.004387034136067006
0.004383468810470858
0.004381198831102914
0.0043772854281266494
0.004369363356232483
0.004363789318437409
0.0043653474740992125
0.0043616194455589
0.004364265293173899
0.004363945195215316
0.0043579170931358924
0.004353467916978074
0.004329206724785273
0.004325118737301591
0.004317225669771442
0.00432091572922806
0.00431756636463659
0.004307032178768589
0.004302877267306913
0.004298041563076727
0.0042939793332968735
0.004288147282622256
0.004284856484373114
0.0042822200786334
0.004294592318869083
0.004303016849650462
0.004295398357558505
0.0042884054675100276
0.004285919080859194
0.004294429387746289
0.004290735096900663
0.004330956552015167
0.004387460648473579
0.004388081134981862
0.00438240565532427
0.00437609268967194
0.004376870642778436
0.004370058717209786
0.004387255248363321
0.004387705153839557
0.004384290646241914
0.004382778602880375
0.004373767602008412
0.004405320045413793
0.00439796236746966
0.004397446476711826
0.0043942234098512355
0.0043837903161407345
0.004380341448044223
0.004376089807446528
0.004370346802103
0.004367659448424255
0.004362605400577492
0.004354876635019139
0.004337025247873197
0.00424234782932984
0.004240812962875073
0.0042141602941107685
0.004202717499939531
0.004200081030891969
0.004190781759640169
0.004185617687533264
0.004190405255215878
0.004186837957719718
0.004187986201846987
0.0041820255982903684
0.00418065709740941
0.004176983510197914
0.004172494512518986
0.0041713378958219164
0.004179625850332938
0.004175101721792755
0.004172161843099748
0.004167495736451582
0.004309792473268293
0.004305123837830972
0.004290357477253681
0.004291886201339675
0.004287727223839439
0.0042882414359344916
0.00428473215233979
0.004280414475419639
0.0042720372006017325
0.00426265806080975
0.004261022328750321
0.004256449842424453
0.004255742033677798
0.004254168724388543
0.004251331480137578
0.004250403115499633
0.004245260179796603
0.004241129425856608
0.004237125013249691
0.004231630449806937
0.004230363911679198
0.004226608391939535
0.00422490512906224
0.004222528937251077
0.004218450656670355
0.004215265461081025
0.004196774072144244
0.004193424328796373
0.004185417014591514
0.004188741414633153
0.004182830787705772
0.00418155204100856
0.004163750651806389
0.0041551994738749515
0.004151765637539963
0.004151807414363255
0.004146126838286209
0.0041546568510130765
0.004152199392671637
0.004150301188708142
0.004146499502056339
0.004137147586098518
0.004134679361157615
0.0040736727909079255
0.004068793019166053
0.004065354403267346
0.004061150006110297
0.004055747379390108
0.004052664040905419
0.0040600157238602904
0.004051147863502646
0.004068284709706585
0.004064313103029305
0.004060719054590048
0.004055697247038953
0.004054912483211545
0.00407922460628109
0.004074062063968639
0.004070573846067592
0.004069233169276445
0.004066686863743237
0.004073747036098156
0.004069895094828295
0.004065533916077238
0.004063836723496064
0.004058727674034844
0.004055171681438263
0.004049711808454102
0.004046226763013175
0.004038374519759113
0.004033580901741747
0.004030641068141266
0.0040277159819417565
0.004021873391714305
0.004009940836351298
0.004003047755059706
0.003999188768247915
0.003996973865177759
0.0039971216299513985
0.003993436186228752
0.003999521540187157
0.0039978561165828945
0.003990688111062438
0.004003388562516065
0.004007331954234344
0.004006013227040816
0.004000260977588876
0.003996261343815789
0.004000577797004681
0.003998044221194808
0.0039933729026897175
0.0040051770766652275
0.003998644830383911
0.003991774724601128
0.003991625717886858
0.003984266798343386
0.003983716049238323
0.00398000767988854
0.003973532754911032
0.003972830709746773
0.003969111610657682
0.003968730497012391
0.003966043372047582
0.003958781138667826
0.003961446815120831
0.003958930523321097
0.003953943279947546
0.003951472238193002
0.003940451587225668
0.003939928774413076
0.00393311496187399
0.0039369460727500406
0.003935213810055949
0.003930148888990967
0.0039253410540094884
0.003923848791595127
0.00392084019489973
0.003917658382824454
0.003914401463263752
0.0039130203627794815
0.003908063926244374
0.00390361071118196
0.0039020763096575426
0.003898767086204704
0.003895267506597978
0.0038935239234710838
0.003892820126930578
0.0038878205945183184
0.003873365455336729
0.003871411875231624
0.003863133242497914
0.003861153287972375
0.0038591329174293984
0.0038619765760017676
0.003858183105749278
0.003855976785995601
0.003855044537145195
0.0038565278869936146
0.0038524759922594124
0.0038508263360213656
0.0038576461866946703
0.0038250420207953167
0.0038181725016035784
0.0038221197986236083
0.0038215251744921808
0.003813948105648454
0.0038045281259929398
0.003797002333922856
0.0037869683535284924
0.0037945662064727942
0.003790793604025467
0.0037878184860911305
0.0037399248784604844
0.0037488376614615176
0.003711310959813284
0.0037154927041814067
0.0037141834006851776
0.003710995735762615
0.0037082448879714363
0.0037083039313054937
0.0037032843407838545
0.003702652624052876
0.003700237134825929
0.0036970178596342036
0.003693416683022565
0.003690975050331617
0.0036918748066866354
0.003683061644894643
0.00368190399901595
0.003676649809087913
0.0036724625286617255
0.0036804528321618666
0.0036801979635331713
0.0036759734576304196
0.00367165854958653
0.003672645112659236
0.0036697478302488078
0.003665469970947223
0.0036620507338677223
0.0036609078865605473
0.0036636231586416107
0.0036637768967066327
0.003660582502374216
0.003658301339524566
0.0036562893788044484
0.003654317791234497
0.003656833408194211
0.003654482951448403
0.003652947463305771
0.0036504933235149482
0.00364830861360357
0.0036461342036666028
0.0036458527579912355
0.003644393810968914
0.0036345752749721645
0.0036307752628763914
0.00362983726622556
0.0036271390403856203
0.0036238217029913437
0.0036209383598776214
0.0036135010753733754
0.0035970542826429704
0.0035948298669990827
0.0035910937303776243
0.0035937731119687283
0.003557878316675156
0.003548058084045223
0.0035478467939443247
0.003545672967770069
0.0035428651273167176
0.003541005991209082
0.003549628602702138
0.003545314176218394
0.003541905234723171
0.003537589312760878
0.0035504619237396937
0.0035446393045951785
0.003566582616733267
0.0035651946450040235
0.003560374754885902
0.0035588474547361415
0.003555128410369964
0.003544095914806716
0.0035407087997933484
0.0035405245483040183
0.0035288660776672818
0.0035241615136545764
0.00351866277090767
0.0035479221766793294
0.0035438984131106544
0.0035367852337427476
0.003537451766219017
0.00353663940834408
0.0035364574939497464
0.003532441536041391
0.003532258764176105
0.003530115539435569
0.0035320503774281115
0.0035341895700979425
0.003531382359732867
0.003527856274642136
0.0035320272371259166
0.0035359960080212647
0.0035370054415560185
0.003534481637470249
0.003536108143331741
0.003532759009435731
0.0035310100772679505
0.0035262111197834813
0.0035269912319578945
0.003522654361892031
0.0035183907236305207
0.0035105629002911936
0.0035056604728327064
0.003504627719843084
0.0035010206461583357
0.00411796689631183
0.00411510149538854
0.004108647098126758
0.004114776408055699
0.004111302555308683
0.004101161011063086
0.004101137116191481
0.004097706529250725
0.0041035085844821715
0.004102110532902249
0.0040990170174397145
0.004095444496311174
0.0040920243896963426
0.004090187440939216
0.004088979241931626
0.0040877410060223855
0.004084909895612046
0.004081669980607803
0.004078678630016847
0.004068281233564515
0.0040646742005598455
0.004061113634629115
0.004058013646092391
0.0040549965919531895
0.004045683794056131
0.00404502181192903
0.0040323149906891995
0.004024776923568893
0.004023835109092209
0.00402076255447135
0.004019975192452348
0.004015506246926048
0.004009332103300412
0.004011160056316903
0.004006578399152336
0.004004804981215747
0.004004231829119871
0.0040024877491355625
0.003998967205518774
0.003982958031165985
0.0039828204418922
0.003981277381141575
0.003980468443674819
0.0039773775652681784
0.00397481168248293
0.0039678666572595216
0.003967153130875789
0.003959342236194048
0.003958468554621245
0.003955838708511065
0.003955675687660161
0.00395353909776878
0.003946266496575807
0.003943660227203216
0.003941939376602737
0.003939662482868332
0.003936434231054465
0.003933598704350826
0.003911238041084094
0.003909444616155034
0.003906393298393738
0.003909032051499401
0.003903821310464084
0.003994880303976376
0.00398926838201152
0.003989897006155336
0.003993284285136532
0.003991646364733735
0.003947520112700661
0.0039441176401465725
0.003950993913963864
0.003947869103902495
0.003943937530122502
0.003942070569922741
0.003939540836931571
0.003941670698083991
0.003937950331588509
0.003937424078660986
0.003932249296136361
0.003933070438894388
0.0039324801381812975
0.003930349749153237
0.0039312352839536175
0.003940801804531034
0.003902254767940644
0.0039024341216087974
0.0039051679150538436
0.0038951220040120767
0.0038982313787700737
0.0038937863215182324
0.0038902875314729213
0.0038884745516059947
0.0038878221029813114
0.0038848343269697726
0.0038816323701425354
0.0038794690999748235
0.0038750396448616786
0.0038718507229398877
0.0038673600706591307
0.003861230756681823
0.0038617493060273036
0.0038595520741908076
0.003854175078365636
0.0038560455167067397
0.003854326124375219
0.003849045519100555
0.0038493459035534375
0.0038451631132573666
0.0038478823986154635
0.003843804528952629
0.0038420807273881123
0.0038430644050128503
0.003845643300242077
0.0038427088656132775
0.0038407033307623272
0.0038210782561850535
0.0038192696546998925
0.003808783834052793
0.0038028447541736377
0.0038008646077050496
0.0037983410986387055
0.0037988894663209326
0.003811914139855678
0.0038110033242953127
0.0038058081019243695
0.003796577698467336
0.0037938613097652355
0.003789058887500346
0.0037864580995015367
0.0037837644302333253
0.003783138252723383
0.003796631236111701
0.003796728069543049
0.0037924673798907186
0.0037906623648145945
0.003788949703339629
0.003786524423592504
0.0037806428562633786
0.0037739311421193873
0.003769373250974398
0.003762864880487303
0.0037567163332441985
0.003753786557773151
0.003749489941662122
0.0037942106717670622
0.0037921250490497516
0.003789433178774196
0.003786701598874046
0.00378270649545973
0.0037780649501664943
0.0037713489537880155
0.003783472000654843
0.003781217079553656
0.0037846823399662268
0.0037820211184579466
0.003780237232679996
0.003779176888432624
0.0037808598765108115
0.003781725256328096
0.0037879556239460302
0.0037912947095018255
0.0037886770838909643
0.003785684931813688
0.003782088318436922
0.0037804675132086063
0.00377545949707344
0.0037496117657628563
0.0037506936286373148
0.0037388748098548872
0.0037401205718382152
0.0037367892810867553
0.0037325517725798176
0.003736003591713207
0.003732050883456546
0.0037494123608218725
0.0037437590434207615
0.0037231188940055264
0.0037173265182382418
0.0037275388555477445
0.0037326670117756233
0.003728739767774121
0.0037253103601189966
0.003744688000804868
0.0037396299807825667
0.003734481145668163
0.0037298921449683397
0.003726918637156923
0.0037341613644697623
0.0037310435043782435
0.003722785724827019
0.0037519735621383042
0.003738064628196556
0.0037353333974080687
0.003738392825504957
0.0037355652163882816
0.0037379736575904043
0.0037361355772953606
0.0037257209840072234
0.003721850395348522
0.003724912334904857
0.003723581989532118
0.0037205508437535948
0.0037149927123404976
0.003712241929416057
0.003710621867909168
0.0037029555089691155
0.0037018740086310277
0.0036994708699120923
0.0036946160552350222
0.0036911426209450537
0.003679656367770792
0.0036769612055302936
0.0036554972298096077
0.0036523689599210858
0.003654055268437367
0.003652635861477002
0.003650367820380769
0.003648962215546476
0.003646736884242626
0.003639127094617867
0.003636994493224645
0.0036351301528268765
0.003635918609784507
0.003631761711252631
0.003626877893769038
0.0036258219192825867
0.0036189175009801434
0.0036153526383780857
0.003614128716727699
0.0036118459061027183
0.003607396504511696
0.0036063008168240812
0.0035993577745525415
0.0035946551898768096
0.003594758601745021
0.0035900740155591334
0.00359486742737555
0.0036002862105039774
0.003598570231558993
0.0035933619539196045
0.003588927653629655
0.0035871819645386677
0.0035835054388531824
0.0035819955217797346
0.0035727406892210097
0.00357257276217953
0.0035671774276323175
0.0035676180851111155
0.0035640230585514015
0.0035574591956351012
0.0035558442811776795
0.003551209745140503
0.0035464018064572354
0.003544503370552329
0.003542447618300881
0.003532847773725668
0.003527045592312446
0.0035246951331313146
0.0035229710594560223
0.0035197629679722246
0.0035171554546697867
0.0035169967483126814
0.003520512685964362
0.0035195651682643726
0.003518468639946209
0.0035082519207862107
0.003505503353326745
0.0034983910951377393
0.003492472555594681
0.00348837605869312
0.00348646972330667
0.00348404440901307
0.0034813677915067733
0.0034796596496594824
0.0034613791825048677
0.0034605361153170634
0.0034769711995367466
0.0034755541847429953
0.0034631913036742854
0.003460985033784256
0.0034520334100018356
0.0034548705815530805
0.0034526182230168356
0.003448724117195656
0.003446957815690405
0.003446244775969913
0.0034383562823418336
0.0034368222948969896
0.003429545404120891
0.0034277261856226083
0.0034258303525239644
0.0034228803159971196
0.0034202117630811654
0.0034159455965350836
0.0034131749800479167
0.003407098803551378
0.003407231711075477
0.0034072070413308326
0.0034044921648060393
0.003402123219913701
0.003406733081273109
0.0034048386054171633
0.003407791369585913
0.0034054395367477852
0.0034047636953458233
0.003402448192792277
0.0034015353415330503
0.003390935978503122
0.0033886152519722193
0.0033871284397922986
0.0033835966944345667
0.003381513791417251
0.003380127170128406
0.0033887102705015453
0.0033882205803612607
0.00338551141759655
0.003385343091630471
0.003384643748532364
0.003377700653478952
0.0033734396783012305
0.0033724423780229036
0.0033706238012932723
0.0033696368255819375
0.0033665503374549167
0.003363748201163903
0.0033694364213353494
0.0033679815153316154
0.003365950118238059
0.003363539069335417
0.0033611028364113776
0.0033642102338473146
0.003362308139883398
0.0033605790134294085
0.003358701770418007
0.003356920723393595
0.0033548061342247534
0.0033526343648901044
0.0033482931595338675
0.0032866551040969913
0.003293344890893414
0.0032951036106754652
0.003291947829171846
0.003288569295583552
0.0032845066198705962
0.0032797329977355366
0.0032829620574731182
0.00328143263927872
0.003279889121971777
0.003277733560945157
0.0032765137176204986
0.00327488701342125
0.0032621345784565234
0.003265614249894249
0.0032653402434423503
0.0032630951531153665
0.0032738535723125213
0.003273963754943994
0.0032723990256313565
0.003270586104808533
0.0032673925695248358
0.0032653075863836676
0.0032648092589445295
0.003263901390924952
0.0032611392083768376
0.003257317652918225
0.0032554739136973314
0.0032488240022799466
0.0032495510972791806
0.003256367677576356
0.003253866788752251
0.003249810760562131
0.0032457496291307527
0.0032449700700940463
0.0032443140820358532
0.0032435802134892946
0.0032226560227748575
0.0032211201788316978
0.0032143464073771796
0.003216236316498308
0.003225418931596871
0.0032242052960784295
0.0032241422699322377
0.003218823836592803
0.003216762540154625
0.003211599013419234
0.0032093722524959667
0.003198069779402524
0.0031962788984962716
0.003191390867649514
0.0031914909873721805
0.0031783334774139883
0.003175883878497196
0.0031964098506622857
0.003198752683893596
0.0032070128411051156
0.0032004889793980635
0.0031992126219026534
0.003205693004246198
0.003205040870226114
0.003201678779617085
0.00320021759194318
0.003209662448326267
0.003213527475289729
0.003213258570798093
0.0032120721755563918
0.0032093059510014408
0.0032061060793968804
0.0032056604522527543
0.0032034882943360547
0.0032113443983962544
0.003209139210901199
0.003207682838223741
0.003205344563186667
0.0032039548281246
0.003199386371416505
0.0031984976377247153
0.003196176500238368
0.0031929234380056164
0.003191497477437379
0.0031890591986740275
0.00318755684751974
0.0031888709020062743
0.0031870808647761983
0.0031871330266076987
0.00318589457306354
0.0031900546268256516
0.003196300642201343
0.0032048332874729506
0.0032123419002292757
0.0032104210320690776
0.0032024094724772026
0.0032053318687775994
0.0032040779326627656
0.0032017549781689697
0.0032021926520061656
0.0032017250603379975
0.0031993884171432584
0.0031974476222152754
0.0031889867199012606
0.0031878279407897394
0.003185551849341065
0.0031843993660627622
0.0031835988926523476
0.0031835629522119777
0.003180240040315376
0.003176669613266853
0.00317438155396822
0.0031795131452609575
0.0031762988145803213
0.003176080348841751
0.003175217446344014
0.0031736699191402978
0.003173411159131773
0.003166899473983199
0.0031644279510392305
0.0031490914127621688
0.003147776589983657
0.0031455834908043056
0.0031450284790722773
0.0031444009411592555
0.0031444607234942055
0.003143115089160294
0.0031424465202097396
0.003139062209885599
0.003138386101056662
0.003157108468595138
0.0031610442032106397
0.0031545773904185603
0.003152490214431524
0.0031513247384974004
0.003149649747224837
0.003147071549813669
0.0032075721088525087
0.003208597503036208
0.0032078512537393293
0.0032068430642941967
0.0032041439713298026
0.00320099949644536
0.0032019573790238037
0.0032006808600635334
0.0031987901253600457
0.003203070375286461
0.003208949450260313
0.0032082947307442516
0.003207671576745803
0.003206280489243665
0.00320973591023381
0.0032075878442488254
0.0031851235374126137
0.0031835370491669767
0.0031835181494793427
0.0031780960956204305
0.0031772450468108737
0.003176391605034472
0.0031735659477881194
0.003174873967532474
0.003172894855399806
0.0031712507410932185
0.0031695269142682646
0.0031738093212362404
0.0031699325482086415
0.0031687584826139634
0.0031668633847166377
0.003164173426366419
0.003154189462128262
0.0031532774173226
0.003140611388427266
0.0031387663370216726
0.0031367216055445644
0.0031361186831996616
0.003134705723549238
0.003133258148661202
0.0031342349801701504
0.0031330697582534167
0.0031248614512598863
0.0031129673245670004
0.0031191220839899714
0.0031188957867508667
0.0031173019079275455
0.0031160367063315176
0.0031160566510976197
0.0031150488926176842
0.0031128154562479198
0.0031116807088891947
0.0031041892667100137
0.0031029143073135904
0.003102548667672218
0.003101214304448901
0.003098686543717982
0.003132466220236923
0.0031343374778348147
0.003130940701827693
0.0031305292557970896
0.0031327843181421103
0.0031314222117045684
0.0031292241876502975
0.0031275302435315095
0.0031250548409215433
0.0031232768494179218
0.0031223919506090944
0.003116550792326447
0.0031153927820848884
0.003111036035435288
0.0031101773015792186
0.003107791283183224
0.003107198548963641
0.0031071083452892012
0.003105269183336823
0.003101086404859949
0.003098498930937421
0.0031037844731964977
0.0031021514589906333
0.0031025109515214746
0.0030996889959029887
0.003096343428962637
0.003111136082305013
0.0031095715250229177
0.003106749762427698
0.0031055034013958674
0.003101955406227529
0.0031000130789094163
0.0030957396987803536
0.0031086485684707326
0.0031140324448020932
0.003113219294667947
0.0031121056569083524
0.0031106319715250305
0.003108231799772589
0.0031006888323154786
0.003099778118720507
0.00310362365800476
0.003102089160300158
0.0031011438303401506
0.003099658693816166
0.003097483613294675
0.003096057104339034
0.003100361927167756
0.003095922569852022
0.0030934100972924996
0.0030963699011443383
0.0030933898157354373
0.0030958589706180486
0.003092800523348697
0.003088100673250539
0.0030858861590826263
0.0030798052279208555
0.0030884971750344075
0.003085945127901158
0.0030625591024102685
0.003060771540446454
0.0030574381566142624
0.00305595496610984
0.003056262811911509
0.0030564455373277267
0.003048742042534989
0.0030476438525376334
0.003032036681431716
0.003029048124521058
0.0030333418778019736
0.003060481091176962
0.0030586130716912514
0.003058841945943459
0.003056877447128026
0.0030561378317268267
0.0030538551907763377
0.003053324009789741
0.0030557632202455635
0.003051395521115353
0.0030486640202009984
0.0030468707832595446
0.0030443550668496455
0.0030449777173256354
0.0030449964488440686
0.0030430262513366038
0.0030413602815646088
0.003041227478917743
0.0030601918002447245
0.0030585749493112105
0.003057796556449372
0.0030562519896049347
0.0030530496050121445
0.0030530127112243614
0.003055367667082811
0.003053491427375509
0.00305180531610373
0.0030466698479742218
0.003045543116187614
0.0030413956702024358
0.003039762894650769
0.0030376950805339454
0.0030519542071592663
0.003052494859887742
0.0030507306125331247
0.003048991498997121
0.0030445005841865467
0.003042753862199748
0.00304178095824999
0.0030382642573029174
0.0030363463230184207
0.0030437115119897407
0.0030405357513113127
0.003041947174134368
0.0030420874825904643
0.003017869890843702
0.0029896939019347715
0.00298424470017976
0.0029825947944701653
0.0029702543684000187
0.002985863015829003
0.0029856892897884967
0.002984011299231148
0.0029801780153082234
0.0029726979674030893
0.00297102184810296
0.002970008381708775
0.002983953941582482
0.0029829288364764824
0.0029808118218373394
0.0029793868530721868
0.0029843812387239164
0.002974127979871415
0.0029748832276099463
0.0029724515001498726
0.0029736673703979226
0.002970488874800359
0.002967459703477611
0.0029666234542547205
0.0029649295518248465
0.002963160624274483
0.0029620743612248117
0.002958776486831049
0.0029588879400483364
0.0029612492751179245
0.002958611896679852
0.002957317630917258
0.002957559790303994
0.0029501187663382358
0.0029466437137268776
0.00293243001422319
0.002931090520769725
0.0029296615668069096
0.002927571297625859
0.0029236244652312685
0.0029241550276180544
0.0029231718865909613
0.002921727718098917
0.0029200805393762783
0.002921894855744224
0.0029205376104725687
0.0029269961351419305
0.0029254817082452265
0.0029273573605259587
0.002925289065112668
0.0029262670594711383
0.0029232699553579885
0.0029241634218833195
0.002930351870681237
0.002916596611726802
0.0029114612743307623
0.0029105175344496695
0.0029282313906097363
0.0029260011188704427
0.002926062432180934
0.0029262002656608587
0.0029315303933346525
0.0029304158653872137
0.002929847029676225
0.0029300866369964826
0.002928948618904322
0.0029275702931299908
0.002926394339522955
0.002926304809203631
0.002925175705754123
0.0029236751537393213
0.002921868463758114
0.0029209266320079754
0.0029188707562840697
0.0029167381072185325
0.0029017525308343874
0.0028991203550377868
0.0028971619620851165
0.0028955348649095476
0.0028924298852387536
0.0028914147289558706
0.00288777667081997
0.0028874357058396556
0.0028868283040668825
0.002884945551515136
0.0028826740152430625
0.0028807493980331327
0.0028803030201604127
0.00287822659286284
0.002883495241586916
0.0028812720502003333
0.0028799164530569736
0.0028750167237204475
0.0028736220164688477
0.0028717126903442555
0.002870704574672996
0.0028645189329336842
0.002863568026060374
0.0028625369764934214
0.002875179026271384
0.0028730043116369608
0.0028757861448870303
0.0028724699649716394
0.0028715468379156036
0.0028715637754506674
0.0028739853266628156
0.0028722039573695892
0.0028706815628377967
0.0028692336222162986
0.002868754589581595
0.0028667929188228316
0.0028656669346555706
0.002864259314542232
0.0028611914411304554
0.0028597248110835733
0.0028512377114998455
0.002848525013761888
0.002856241384932929
0.0028553312935393925
0.0028550838230076295
0.002851134979426402
0.0028490424914842582
0.002849105665770131
0.0028472516053349847
0.0028430276893797787
0.0028414281579315416
0.002840638045211453
0.002844313369871213
0.002854120402969768
0.0028606518309385325
0.002859241008312588
0.002855679224523765
0.0028561223022138763
0.002856012497200703
0.002854710564363995
0.002849654642505317
0.0028480137509917605
0.0028478614590681257
0.0028455274491517753
0.002844165652877512
0.002843336419674136
0.0028457960135368113
0.0028457087544207127
0.002843121359167022
0.0028420803044662338
0.0028472609010599384
0.0028517193648101625
0.0028502651741873805
0.0028491376465656338
0.0028483617257684477
0.0028466330181211802
0.0028540033180639614
0.0028522905736988718
0.0028506324629661833
0.0028508638431594493
0.0028498696032104574
0.0028485651550838784
0.002844421143531757
0.0028429129997774713
0.0028394211835631434
0.002838832784206425
0.002836031241314169
0.0028351432978742214
0.002834072247243702
0.002834991891242209
0.0028345098254557023
0.0028370670765166116
0.002832570628368283
0.0028325283240485852
0.0028312125698166262
0.0028178330428881896
0.0028164114620740257
0.002814058754490381
0.002812042621398023
0.0028123641669046636
0.0028106635075303994
0.002809667785608722
0.0028085852849998702
0.0028081745025498876
0.002808908397332477
0.002806145585643106
0.002805161577893447
0.002803942967112098
0.0028032060132255343
0.002802617030196437
0.002801155241615296
0.0028086750632339667
0.0028076426843616194
0.0028064824635598323
0.002802189640452479
0.0028021936632513025
0.002801546105376851
0.0028045866400343983
0.002804078215494843
0.002803757064264432
0.0027987549967007567
0.002801995647711035
0.002800297061524091
0.0027988447601985543
0.0027980840077240143
0.002796659489235572
0.002795113994700486
0.002796810995637321
0.0027947630003423416
0.002796004368512906
0.0027951436086913976
0.0027907742287699724
0.0027891287242338054
0.002787788185724337
0.00278634532670525
0.00278467140110768
0.0027796005340761337
0.0027782937755800752
0.0027774003431620207
0.0027766455949029822
0.002774534472600172
0.0027782868026657295
0.00277245567525513
0.002771328402199496
0.0027703076858433414
0.0027635576327593326
0.002758502777227732
0.0027573134332619896
0.002756573439856704
0.0027574874098021036
0.0028009132658047917
0.0027996812874546127
0.0027982377226040945
0.0027963036089927273
0.002794728836823107
0.0027934853087172563
0.0027918977763851196
0.002794984134257753
0.0027966444174523856
0.0027966472224171196
0.002796403278743497
0.0027976714006768518
0.0027958968306616007
0.0027941870371529483
0.00279233147485012
0.0027915694661528653
0.0027880454865470924
0.002786525185895249
0.0027838575981623437
0.0027827492470434293
0.0027819140168046873
0.0027803849624803223
0.00277968051646319
0.0027876098320913784
0.002785697746642096
0.0027801946782967956
0.0027774833604623838
0.002767759693785708
0.0027663227085134878
0.002763167446996102
0.002765590521493018
0.002761426359101326
0.0027482249149961844
0.0027474307405460185
0.0027471119105274638
0.0027449563684859724
0.0027438602338191054
0.0027422770952530745
0.002740934654597148
0.002757026160470866
0.0027647890914670467
0.0027294835881422385
0.0027305857567953788
0.0027272608451985206
0.0027247115272517356
0.0027239105776330004
0.0027226139406786227
0.0027213414906234207
0.0027188522052702733
0.002717686214685359
0.0027155294889432977
0.0027271553484404178
0.0027259289736598974
0.0027257853626576197
0.0027267347321618934
0.002724130811650186
0.002735261034057132
0.002733310779008526
0.0027336103138415556
0.0027386616868841974
0.002738369928674474
0.0027354219830882163
0.0027334113496683115
0.002727061869641182
0.002726902414398829
0.002719752671656306
0.0027194821822473024
0.0027213850900653174
0.0027202632323502086
0.002718863841216495
0.0027095429055754546
0.002710492133824045
0.0027098157504127254
0.0027088152992726217
0.0027077763161934914
0.0027067424877969086
0.002706621458275303
0.0027094925787517995
0.002706633153401959
0.002704858607219331
0.0027048122772628425
0.0027056894544107315
0.0027044134409755986
0.0027052243009627976
0.00270391013718275
0.0027019016313820747
0.0027006933095801
0.002696869639009504
0.0026956196898925196
0.0026940218191188066
0.002690499200784713
0.002687014553664833
0.0028354216407274926
0.002832874646905619
0.002837031187996506
0.0028350849221870536
0.0028161488839401785
0.002813880595269699
0.002812855564490726
0.0028115115652541296
0.0028103807030396737
0.0028136563418855
0.0028158526793666486
0.0028132538914756827
0.002803033248395771
0.0027967869345099754
0.0027941919861087356
0.0027934581843826957
0.002794266105586308
0.002792657706751394
0.0027914026464333406
0.002804930120995313
0.002798859051982735
0.0027979506085255403
0.002797288625136586
0.0027930124552750023
0.0027921753745706857
0.002784354138712044
0.0027774438875791422
0.0027671635851745386
0.002769194585955371
0.0027674561976457237
0.002749837677125867
0.002749174019840187
0.002748178278810177
0.002749976714803829
0.0027455709121068923
0.0027461142520976926
0.0026588221901094984
0.0026555202407962386
0.0026528717985678236
0.0026515285833550828
0.0026559101118562123
0.002656131281106228
0.002656742277412481
0.002657262677978079
0.00265726859931513
0.002656210728259646
0.002652950982088078
0.002651122131610604
0.00264720688947319
0.0026428471832585718
0.0026427816228367677
0.002642662736207612
0.0026434353671975826
0.0026422666504889443
0.0026391701371309712
0.0026364330404172057
0.0026355578863645757
0.0026363327033623552
0.00263510414068725
0.0026333555587987425
0.0026313549774920823
0.0026310620228421973
0.0026263275374472277
0.0026256498332444165
0.0026369335049998303
0.0026350282254560694
0.0026381304268228824
0.0026371157722895593
0.0026359280851946153
0.0026347789760315533
0.0026332798729139977
0.0026303457860122757
0.0026298572463051445
0.0026280655766179268
0.0026267677429544067
0.0026258139514896937
0.0026204113288965567
0.0026195927323792714
0.0026168831583606306
0.002615712805029401
0.002622640918526979
0.002642902916028964
0.002641501384390271
0.0026391502458861034
0.0026385895363178033
0.002637944900191358
0.002637394772712005
0.0026378059820111543
0.002636458033420251
0.0026337277943462817
0.0026326269150154175
0.0026314312737294237
0.0026312157866202777
0.0026297615076018533
0.0026293313724924643
0.002626731245064582
0.0026372693629261165
0.0026357195781179592
0.002633716109371029
0.0026360026401497827
0.002635144993525493
0.0026331912940597804
0.0026366747255064113
0.0026346698387053834
0.002632516667083274
0.0026309265886939027
0.0026293374503188237
0.0026283592433365283
0.002626816456375197
0.0026270804999094567
0.00262609296247253
0.002622784524348186
0.002621112924996363
0.002618854195306088
0.0026170186947017658
0.002615695217112995
0.002613351907102294
0.002611482451753066
0.0026289359826325576
0.0026282866353153833
0.002631992042538593
0.002629423164050768
0.002628186307754381
0.0026264198325495485
0.002627531041625442
0.002626735832669278
0.0026246717064611616
0.002624451504295226
0.0026228065874013807
0.002620861031136931
0.0026193134220135208
0.002618209642639047
0.0026182668952007384
0.002617279938223094
0.002615089782623906
0.0026160056077846622
0.0026144265098277148
0.002614192867037481
0.0026076468359237845
0.0026034500933616077
0.002602617344564704
0.0025996886478287457
0.0025973363645090484
0.00259620812659126
0.002595370127173194
0.0025949157287139
0.0025931279379957186
0.0025859324166262877
0.0025926686799335
0.0025913106081765502
0.002593380665838256
0.002599951821093663
0.002598874518006338
0.0025978339764962384
0.002600960177733348
0.0025987294487053634
0.0025980193273973523
0.0025960188379103104
0.0025973857198446832
0.0025960825119660065
0.002596023470111876
0.0025969640550009415
0.0025967563516538067
0.002595493271671702
0.00259220099562876
0.0025917767656241913
0.002590846826050306
0.0025907751041454176
0.0025952797750757295
0.0025935971571403966
0.002616042165852716
0.0026187580870222584
0.0026211244637635925
0.002620047674152692
0.002619434030905032
0.002618085468868144
0.002616307505850164
0.0026155492048441807
0.0026126856893612903
0.0026109550032608953
0.0026105768852563937
0.0026056586953604496
0.002607713831265388
0.0026070609386240682
0.0026069076449695473
0.0026057063068490195
0.002604034375310455
0.002604424520354314
0.002602149021282304
0.0026000057404913022
0.0025989215380260817
0.0025977207376259
0.0025954914019269753
0.002596392839222963
0.002595975434810768
0.0026299785858284307
0.0026261911342049856
0.002615660649750842
0.00261565181482814
0.002612822688495463
0.002601873157328971
0.0026008756954942636
0.002593671457883001
0.002590827570027134
0.0025896092027846056
0.0025878432253431663
0.0025872565935352605
0.0025801421096386975
0.0025785781590842694
0.002577844273264197
0.0025794951497720626
0.002577434277523755
0.002579688831899042
0.0025789597508329583
0.002606794240680996
0.0026060591044751013
0.002604742883223574
0.002599697602953554
0.002598141347488938
0.002597732234911037
0.0025924962500688403
0.0025911350311104285
0.002589831217991193
0.0025883641391059604
0.0025876682518652153
0.0025875234209924627
0.0025854356391803047
0.002586944516818468
0.002586196717351262
0.0025827586415881464
0.0025800446894957427
0.002552503297385993
0.002552259203733996
0.002551279514713353
0.002546843939250645
0.0025458058746651666
0.002519332100505278
0.0025182658217356405
0.002517403279660841
0.0025162194282267974
0.002515050457824463
0.0025141136965473846
0.0025110157540636268
0.002509666790713979
0.002508635781867635
0.00250668082065013
0.0025048886756072475
0.002498683157060864
0.0024977121831097756
0.002504280618659606
0.0025036516762530067
0.002503425173537406
0.002502887800345224
0.0025016693542651717
0.0025001215175820624
0.0024986775295750656
0.002497219384128095
0.0024964895051302304
0.0024960283109507204
0.002518980929140588
0.0025207489704228646
0.0025147514863708208
0.0025158618897354753
0.0025146687002894135
0.002514950281448584
0.0025148994082001383
0.002512588149792398
0.0025117795226210983
0.0025088059838956882
0.0025028611817327195
0.0025029070863392786
0.00250372096768043
0.0025027400376721304
0.0024991751102203573
0.0024992147024342384
0.002499317625722234
0.002497758762498492
0.0024971444136926025
0.002495403241554184
0.002490422444589117
0.0024906866196328817
0.0024832139879683575
0.002485854656575062
0.002485143599844914
0.0024843470778798714
0.0024832666382071955
0.0024883366924711007
0.002486240138653393
0.0024857024862289497
0.0024845348475845885
0.0024848891801127525
0.0025205169661068213
0.0025180250371735205
0.0025165521704048396
0.0025242909256497255
0.002523034503787241
0.002521813354110715
0.0025209833706463813
0.0025196552672383963
0.0025288737817321153
0.002528029178883669
0.0025353879225929674
0.0025333275705729627
0.002533024281318538
0.0025326574518860986
0.0025316767789735103
0.0025277019021660917
0.0025267049244235185
0.0025258800080666627
0.0025245611290367165
0.0025218760372521646
0.002521483803200322
0.0025214279303327125
0.0025206526513601142
0.0025258436575524923
0.0025245055561165975
0.00252314933519024
0.002527006002796333
0.0025274218483009848
0.0025279322363218064
0.002526222688187234
0.002524855370945934
0.0025241977727262555
0.002522755366225101
0.0025224788183315808
0.0025122045795970176
0.002517401524725912
0.0025157595683862003
0.0025132127502546825
0.00251103759210322
0.002506073448740247
0.0025060458255965526
0.0025102977008093926
0.0025080926782394142
0.0025029681957681386
0.002508255033165255
0.002507003696185741
0.0025048676702728477
0.002497270578194038
0.002505525741576216
0.0024896699648272523
0.0024888168350681744
0.0024884331281952708
0.0024875525705713632
0.002486921123119811
0.0024891320209305453
0.002488196246909456
0.0024874352450835573
0.002489243119376456
0.0024864445704358695
0.0024862092120295294
0.0024846178915964245
0.002483704304781392
0.002482095717361417
0.0024802431805128807
0.0025073183475192713
0.002515863243932476
0.002517132360598591
0.00251576927535797
0.002565794726625838
0.0025656881755731875
0.0025660525102459866
0.0025541390510438206
0.002553298843727128
0.002552721942751889
0.0025555071222062857
0.0025498812994783114
0.0025592958851207307
0.00255893065567451
0.0025567529648008805
0.002555727313187538
0.0025537432209492596
0.0025535759150958817
0.002556068018822644
0.0025561468171897044
0.0025563952398345692
0.0025555467839343685
0.0025565713453365663
0.0025631332214479407
0.0025621475463035513
0.002561880032389052
0.002561571511086396
0.002560739587423703
0.002560441553450142
0.0025595995031526303
0.0025543273382364604
0.002551977083858713
0.002552091247571454
0.0025530289793410663
0.0025521705876895323
0.0025506992095564035
0.0025501424676362206
0.0025483506120033065
0.002546021177864108
0.0025454401962900167
0.0025457408250224344
0.002544399876585988
0.0025437425784690664
0.00254063269007314
0.0025348102671654224
0.002533182063497428
0.002529262222632502
0.0025283355821565183
0.0025267099556867843
0.0025247928738052657
0.002521082474505027
0.0025187795763091823
0.002517634997998955
0.0025163467035331567
0.002511084135404023
0.0025114346592731225
0.002510764625665386
0.0025075485753388313
0.002506488022415731
0.0025058883636903287
0.0025031439350383373
0.002502398779773471
0.002506898019824833
0.002505951143407878
0.0024925034719301296
0.002492359923689905
0.0024912102397702794
0.00249071226238324
0.002480842407956765
0.002481899804857212
0.0024835833859968223
0.0024829332588785376
0.00248592853405108
0.0024853062789727924
0.0024806536244550946
0.002479597603069589
0.0024789723904077307
0.0024802297747348987
0.002479554084612604
0.0024847335290845585
0.002489055068767337
0.0024870092439537995
0.0024861401594171084
0.002484668140607874
0.002483274796664571
0.002484167695119264
0.002482431328874086
0.002481653478932258
0.002481846915433216
0.002480550011892021
0.0024791357152577553
0.0024864737037281147
0.002485724773596228
0.0024851904154983427
0.002491595111275818
0.0024924928435383666
0.002477723022718867
0.00247007037429109
0.002462271835616475
0.002462339813485316
0.0024600791503020226
0.0024610783266561013
0.0024588184502251846
0.002458319973738222
0.002457328037381953
0.0024538712362345756
0.002453300709624162
0.0024523803509155645
0.0024513856465912085
0.002450473848826676
0.0024485006536591803
0.0024468904449726154
0.002446152127241745
0.002445488394196429
0.0024443999562640288
0.002439237472681272
0.0024383895368286085
0.0024391520785137315
0.002438823117761502
0.0024258414926961744
0.002424763084541115
0.0024244374260134842
0.0024220665637547083
0.002418342253567531
0.0024188542162112484
0.002421182188204346
0.0024216096454283344
0.0024186790076527074
0.0024175315780323044
0.002410318349338982
0.0024093951821689513
0.0024079846059898904
0.0024065014598288535
0.0024071976462327464
0.00238182629646229
0.0023799158690422178
0.0023818869133496188
0.0023810352233451775
0.0023801923384729764
0.002377121202350026
0.00238064794938654
0.002379864952059167
0.002390348613043633
0.002386392038897855
0.0023849931736990458
0.0023766192412823213
0.0023762176903747993
0.0023828171545093113
0.0024564232591851825
0.002455474423022688
0.002453265508183146
0.0024506674561958846
0.002449208424340258
0.002449401616675137
0.0024511406952424054
0.002445963444756781
0.0024452035424977867
0.002454131397227596
0.002452505284689489
0.00245108086768112
0.0024563213272452322
0.0024560398701142087
0.0024555748183969434
0.002456179901394105
0.00247407141493348
0.0024759271573918593
0.0024615124467293787
0.002460605669844585
0.0024598757615786914
0.0024583434556153375
0.0024550842385125337
0.002454080446834861
0.002453423766352062
0.0024521873464128717
0.0024513974037943392
0.002450792442023114
0.002449146652359609
0.0024485189637026093
0.002442338020434168
0.002473444158266163
0.0024822175285033055
0.0024808018042959115
0.0024854187593167532
0.0024838198874268073
0.0024828176053260484
0.0024806310549422357
0.002480301797595396
0.0024804212200708648
0.002476900177047777
0.002476331356887543
0.002467486122481211
0.0024627854384090694
0.0024621489261222626
0.0024611670852574645
0.00246259476373474
0.002460361852163291
0.0024535424598054354
0.0024528658913457245
0.0024519815594277287
0.002451283640146159
0.002448709889113357
0.002447487744083804
0.0024466534692717044
0.0024460771587373593
0.00244429339549463
0.0024446685056393113
0.002440685974483975
0.0024441975927623058
0.0024431927407843287
0.0024425238388942256
0.002441389439749779
0.002439089059015829
0.002438506207649576
0.0024437625820599314
0.00244509468062971
0.0024440626933779036
0.0024431922648529046
0.002440870433339358
0.0024345425415919003
0.002433720607133781
0.002432904271125397
0.0024359337528459604
0.0024347071882804884
0.002433448451294587
0.002430800779285649
0.00243037395824381
0.002426668179163749
0.002426046340241869
0.0024276280708972336
0.0024208432953077546
0.002420322705158208
0.0024194165727145387
0.002418220998483534
0.002416303773515425
0.002415014693076275
0.0024185251495916324
0.002418101253193885
0.0024150111321558725
0.0024145404751443112
0.0024130826428892574
0.0024118734176149423
0.002409389797209131
0.002416629732588989
0.0024159627956645492
0.002412844146850436
0.0024117786702370207
0.0024129783709355636
0.002411233804517094
0.002411160399802767
0.0024106824306997757
0.002410147113751929
0.002409521383943259
0.0024086811186788573
0.002407534535504262
0.002406612015773388
0.002406716399953341
0.0024056786625418244
0.002403989007885796
0.0024030454298177486
0.0023976746147302973
0.0024018898931265327
0.0024037022508787433
0.0024010970682914893
0.002386647832440541
0.0023846104471602915
0.00238445101043458
0.0023839104611402253
0.002383395544864313
0.0023823665782820806
0.002380328743659917
0.0023793456540897764
0.002378314448141158
0.002377500568631302
0.002379082680396943
0.0023680211522021303
0.0023655804769046095
0.0023658618043061745
0.0023633938294073237
0.002365373184631029
0.0023650496726301262
0.0023618516852602672
0.0023595472656060593
0.002344012469603805
0.0023546477338984386
0.002353434182113865
0.0023525486114317367
0.0023549012008217975
0.00235417388917243
0.0023488522580827893
0.0023483663504689904
0.0023516601547556733
0.002350593310164089
0.0023499890905181163
0.002348914934440517
0.00234893480668866
0.002350158347394422
0.0023493145345972943
0.00234942198550734
0.002347923161970232
0.002346307944009421
0.0023454322913237986
0.0023441921968715557
0.0023434918538929473
0.0023386939472026616
0.002338126742899855
0.0023362196405842524
0.0023249783021657903
0.00232177839804226
0.002319438677188202
0.0023174805726085663
0.0023153661931459
0.0023172856611112127
0.0023156275571345527
0.002314733083129763
0.002314044147361591
0.0023133146546553455
0.0023124484728390907
0.0023113921488570116
0.002312361128821291
0.002310670574081078
0.00230772297962904
0.002308541587446744
0.0023079299807417645
0.0023093102801336595
0.00230767205547223
0.0023052206224062816
0.002304682946831634
0.0023058966254687857
0.0023054638931232618
0.0023045909410154075
0.002312828040735107
0.0023129324496017597
0.002312221025285152
0.0023111758700319297
0.0023101167034063103
0.002311097175310275
0.0023107402926074955
0.0023098481367209655
0.002307472775012803
0.0023096906744753554
0.0023092166542854104
0.0023081082686865393
0.002307026047618411
0.002305938404525357
0.0023032131469315873
0.0023030955943166855
0.0023022507171849707
0.0023003813991370296
0.002298617028045177
0.0022979940996912464
0.0022967334999073833
0.0022959838875661444
0.0022956946564134583
0.002294803417520379
0.002290634300959946
0.0022894363447622627
0.0022998325842752097
0.0022983937475539655
0.002297694074270211
0.00229641996646606
0.00229594324722441
0.0022948093216728113
0.0022944191515271934
0.0022936394191038828
0.0022918360569052993
0.0022911590883633627
0.002289467191019623
0.002288203936346515
0.002287498467723918
0.002286842654322445
0.0022871088382263767
0.002286795162462179
0.0022870765862599987
0.002280802735265739
0.002280506125203644
0.002281640222626065
0.002281039507985054
0.002280691946254937
0.0022795445427933494
0.00227886227356407
0.0022778144151798705
0.0022771818030856467
0.0022762529809715972
0.0022749733626289976
0.0022742747607843138
0.002271730033821006
0.0022713173212749217
0.002270088902816234
0.0022690141667901405
0.0022768532214836605
0.0022754711750316912
0.0022772306738632667
0.0022744296685697136
0.0022734405224154194
0.002275375367457435
0.002273837174929801
0.0022729136022881934
0.0022706692717291196
0.0022699113357652722
0.0022696563614146474
0.002268950273493487
0.002267770878361569
0.00227057873280966
0.002269778352087113
0.0022690388766717783
0.0022683516108500746
0.002268395817818252
0.002267121278149996
0.002266318152921328
0.002264147670342027
0.002262641908628828
0.0022614785851255044
0.0022605145271527454
0.0022600547188704116
0.0022623515139909324
0.00226134335065158
0.0022568712314926047
0.002256144330757632
0.002255287528940658
0.0022571618595474334
0.002256017281326723
0.002257509135298593
0.002252175807136756
0.0022503865852950803
0.002249400796575582
0.002257735699303168
0.002254363847033234
0.0022543977541342325
0.0022545299424646843
0.002255385894173844
0.002254934899005244
0.002254877660697204
0.0022526829424457284
0.002251915858974491
0.0022516037438851267
0.002250926754026118
0.002249624857653215
0.002246806113413842
0.002247929171375951
0.0022478637716100273
0.0022479621544724054
0.0022458646751172093
0.0022451704143614734
0.0022457195147928375
0.00224366632258585
0.0022436262120802634
0.0022421692216974733
0.0022415955657337726
0.0022407521739373354
0.002239892835230857
0.0022390949573587856
0.00223626419051921
0.0022346709397112145
0.0022338384951489337
0.0022333085319187155
0.0022325590256338707
0.0023195523403586253
0.0023187628766319097
0.0023210177359438327
0.002319756082473669
0.002318109941066553
0.0023173047649703024
0.002318958427177955
0.002318454445479618
0.002318085243248404
0.0023177727348344
0.0023169513096694093
0.0023178577907786283
0.002328650172838928
0.002331091062035688
0.0023279603302105343
0.0023270224554147547
0.002326329735761037
0.0023273271778507265
0.0023263563162916096
0.0023252834381693637
0.0023261909737972977
0.0023252038089675853
0.0023242210434008584
0.002324392122334872
0.002330014603199448
0.0023333016943979743
0.002332903529879772
0.0023319875179845717
0.0023384941835102604
0.0023377159292715353
0.002335791160672638
0.0023338921352707375
0.002329296487831272
0.002328642178419851
0.002328777931313667
0.0023278252918888668
0.002326715769298521
0.00232601223387505
0.0023239197017751725
0.002355793069396636
0.0023554900218997837
0.0023547309284895107
0.0023545874744184316
0.002354355142062883
0.0023538447787145667
0.00236127373909158
0.002361044237674044
0.0023602037937365955
0.0023564589813542154
0.002355927418790134
0.0023536359760585332
0.002354400632499122
0.0023539362856679477
0.0023530641999231364
0.0023532690417856516
0.0023539486854974906
0.0023537462985330528
0.002355608707942137
0.002357078829559785
0.0023568900786262495
0.0023565047711387992
0.0023557960872407436
0.002354662032804556
0.002353707091411557
0.002352787277776317
0.002351811516633064
0.002356114414230677
0.0023551003732462817
0.002346006863280407
0.0023452539930496424
0.0023445352804834984
0.002343931841798848
0.0023438992534272323
0.00234301512945761
0.0023448115275966283
0.002344684510968426
0.0023443694917312584
0.0023458890703952208
0.0023604516931957807
0.0023627880486566635
0.002362181737213038
0.0023608657509969883
0.0023625492357411044
0.0023618002201536126
0.0023618294963769913
0.002360491945094807
0.0023591551159074403
0.0023585823068954562
0.0023496061210023325
0.0023474641303528228
0.002344977313494001
0.0023440451690684796
0.0023431814777832047
0.0023421962195434485
0.0023413646880427945
0.002340603288101237
0.002339428931128049
0.002337298917905831
0.002338276734140399
0.0023376220332144227
0.0023371984368874333
0.0023357941455663936
0.0023367986435241525
0.002335908753986664
0.0023356278643987443
0.0023340484728666066
0.0023354904559454858
0.0023349041464540738
0.0023342684741250327
0.0023264764389315127
0.0023285989193767335
0.0023283928327732777
0.0023269732424397315
0.0023261320300452856
0.002324637835778551
0.002327568706541883
0.002327347246563182
0.0023266025438206384
0.002326565998544828
0.002328249994015584
0.0023261552252262225
0.0023236879928346787
0.0023326330927107984
0.0023319779141448287
0.0023309082312276846
0.002330833200573657
0.0023288505076363123
0.002327700725678446
0.00232711744911421
0.0023265346224254093
0.0023252844891549634
0.0023271006405371974
0.002326522200400048
0.00232604489298561
0.002321599768974014
0.0023205779169984024
0.002319780359426215
0.0023183853310479257
0.002319614455602728
0.002319162435834992
0.0023222358658936326
0.0023213452626174346
0.002258404479530877
0.002257572464621476
0.0022552176401988426
0.0022541812064083315
0.0022532990471419365
0.002254347053854672
0.002255299423781893
0.0022546133536237665
0.0022515057191311943
0.0022505737278823456
0.002249221668184998
0.0022496536255391278
0.002248954555606862
0.0022469048280443593
0.002246323830680164
0.0022454070099115825
0.002244422661997476
0.0022448144266294656
0.002242941885092084
0.00224470994319074
0.002243430341302965
0.0022435548941188094
0.0022429373143269178
0.002239172934251933
0.0022386854776446645
0.002238075280330026
0.0022380993645676316
0.00223929793273365
0.002238755102438869
0.002234725684789717
0.0022333588818100047
0.002232628680783066
0.0022299075299968153
0.0022277124510820113
0.0022270499614669716
0.002225235192110083
0.002224251482683987
0.002221019367590373
0.0022201439846745107
0.0022191417560564744
0.0022184312515356255
0.0022182777426805965
0.00221767654412365
0.0022144819646096503
0.002216623980780226
0.002215229080582497
0.0022152131020114025
0.0022147929116330687
0.0022350426827964192
0.0022353002829376286
0.0022346197530912853
0.002234417988309593
0.0022330411492629074
0.00223162899106934
0.0022301725357988756
0.002229149901610868
0.0022298389956681075
0.002229716596532352
0.00223057338460352
0.002230356557514608
0.0022319528754097717
0.0022309491422908266
0.002235299918148783
0.0022343440873723746
0.002233484420527038
0.0022326098014907223
0.002231958648861978
0.0022442824775566624
0.0022438527311809038
0.0022534956438736735
0.002252955421110623
0.0022517411732586624
0.0022500747739188595
0.0022492462819483296
0.0022472050848698776
0.0022402457322773647
0.0022390530164531387
0.0022378350100161815
0.0022384917573347986
0.0022371371945378803
0.0022357909768688095
0.002235043167327582
0.0022364952124636532
0.0022344818411678194
0.0022354748284979923
0.002232572859854607
0.0022311341181781717
0.0022305886945502697
0.002227076401781107
0.0022268096950780604
0.0022263026078759834
0.002224879839616547
0.0022075016384217874
0.0022065606532154437
0.0022056359176080365
0.0022052451679159704
0.0022040120253214316
0.0022035664352179235
0.002203232096260057
0.002202936367607813
0.0022017244156996856
0.002203748283064639
0.002199318811892659
0.0021970407984842925
0.0021965868529097276
0.002194985832449654
0.0021945389881161464
0.002194195242362509
0.00219410452920408
0.002193461241065442
0.0021946026813828945
0.002194109249436665
0.002194462474138911
0.0021996669382254733
0.00219926703553703
0.002198657140247076
0.002195073781900305
0.002193322818814759
0.0021930461735136663
0.0021915423361392235
0.0021900304634556826
0.002190589151510775
0.0021891045377412793
0.0021885730939928696
0.0021889438437049736
0.0021866824133054564
0.00219172486474336
0.0021907843604307134
0.002189173946032792
0.0021882673982266767
0.002187981032317584
0.002187252788488714
0.002186957095111235
0.0021872888836928454
0.0021868884214832633
0.002186583900236769
0.0021886579271243314
0.0021882811085813573
0.0021887292967313083
0.0021891095440970416
0.0021881052374763048
0.0021866013904485305
0.002155222986567963
0.0021541015570160273
0.0021530069253631705
0.0021545561425019007
0.0021539682194918024
0.0021529808970757536
0.002151326848923501
0.002150709033968225
0.00214927410402067
0.0021494780579571107
0.002147191491048415
0.0021465158798009473
0.002145772052036218
0.0021447494806243997
0.0021439014174948153
0.0021425663759379572
0.0021418998560508297
0.002140839987186527
0.002140111575573007
0.002139395177061997
0.002139378453936168
0.002139002757416178
0.0021388513060074414
0.002138587646244863
0.0021374988474407307
0.0021373195378542177
0.0021365583199166433
0.0021361148568191475
0.002134874252299818
0.0021341319062066796
0.0021347717409198374
0.0021341417525281795
0.0021337931810022142
0.002134013354960819
0.0021324429542369785
0.002131985120188723
0.0021312520395719422
0.0021305522230671494
0.0021300652228699655
0.002128821061301229
0.002128513803970273
0.0021286592114532045
0.0021279115528283904
0.0021282318647131023
0.0021275593764973596
0.002125941451180374
0.0021106745469994144
0.002110623268115941
0.002110013679909178
0.0021060916946713856
0.0021042453257015515
0.002109993052053172
0.002109473193221198
0.002108721251297282
0.002107632311737162
0.0021096862926521685
0.00210876406861862
0.002118065896943122
0.002119065048212458
0.0021155803635864467
0.0021076982250728083
0.0020981159686491494
0.002097729325057352
0.002096470425845921
0.0020959681090747303
0.0020958586927503093
0.0020956951533358872
0.002096538354819364
0.0020956279930995415
0.0020950563444699344
0.00209112026440092
0.0020933122450880774
0.002095392360678458
0.0020929719759759176
0.0020939391651363408
0.0020933468552985484
0.002095161270622039
0.0020951537668798394
0.002094671992373093
0.0020943026300438614
0.002093722426679727
0.002092359881269396
0.0020914777576341824
0.002090889181895149
0.0020923671686912536
0.0020920056523727132
0.002093405594454394
0.0020921369268398203
0.00209146174197661
0.0020835832245786608
0.0020854576817613997
0.002084475178790287
0.0020846858991327905
0.0020842364049038563
0.00208399450958404
0.002087467935431127
0.0020924147274470483
0.0020918597587097285
0.002088274941682756
0.0020887370875625117
0.0020880823224693683
0.002087482879281662
0.0020866065546603584
0.0020843527941156355
0.0020836331761809146
0.00208291826485564
0.0020837699435518873
0.002082953770473673
0.002085288349474617
0.0020860106369151306
0.002084579444863456
0.0020842250360437234
0.0020825791283514074
0.0020815980800529266
0.0020807960589739427
0.0020792122633491016
0.0020780497501945426
0.002077433237723726
0.002076589818381538
0.002076360615954197
0.0020760341182069807
0.00207533553447458
0.002074716321255917
0.002074701680639543
0.0020751098572065613
0.0020738776210087995
0.0020732787264989712
0.002071930462281945
0.002070756214006452
0.0020693450260980697
0.0020693350714711908
0.002067049347517583
0.0020643029259289044
0.00206405553522932
0.0020627513325625975
0.0020617089051544945
0.0020595488924956096
0.0020595476475713504
0.0020610223386093862
0.002070618073851568
0.0020699564970373388
0.0020693778808512347
0.0020689830409658665
0.0020658624005018304
0.0020650828375355468
0.0020655069792805056
0.002065238731282693
0.0020649653523390063
0.0020640765619598057
0.0020784424935075393
0.0020839170005165324
0.0020834436156748717
0.002082838018901582
0.0020827761445175582
0.002033515431460554
0.0020322053392940924
0.0020319917666263166
0.0020282872612976013
0.002027649536718832
0.0020280748094242467
0.0020280559872109427
0.0020275019836699976
0.001768576445654361
0.0017689509785327147
0.0017687198728992212
0.0017682147441843384
0.0017677256954797842
0.0017634403370702014
0.0017709688545096262
0.0017710312151635824
0.0017704825466818347
0.0017699788656622367
0.0017698169944006146
0.0017702198933626108
0.0017697435208929781
0.001771104478840278
0.0017701555264360391
0.0017554208272966242
0.0017566752726327036
0.0017567196658346813
0.0017561873361589156
0.0017554403922174315
0.0017543638736981866
0.0017141652826216736
0.0018090689956706141
0.0018090074285394447
0.0018087608971961186
0.001807691813494873
0.0018071468401924665
0.0018109571892913838
0.00180932624242326
0.001808336300568229
0.001808666528590496
0.0018077527146704957
0.0018072578019590934
0.0018063056750993371
0.0018058147742366158
0.0018043786822543352
0.0018040782610257685
0.0018052992165723868
0.001816531994058913
0.0018159519719538925
0.001815783932777294
0.0018149861619420542
0.0018136173203106047
0.0018135664507826729
0.0018131698356263892
0.0018132215784636167
0.0018130166537488313
0.0018111127894335883
0.0018059050637482883
0.0018050817246382264
0.0018039883595502729
0.001800779798842106
0.001799711788806137
0.0017991978695471038
0.001798776073958091
0.00179828927810833
0.0017992821223398246
0.0017989148397960435
0.0017989445842965923
0.0017970021208184035
0.001796131720954241
0.0017937845649763247
0.0017896118415863924
0.001789703815801751
0.0017858513390871214
0.0017852888495945973
0.0017842087925041177
0.0017861910868132806
0.0017854343223658066
0.0017850821816524848
0.001784987594323962
0.0017847431330710816
0.0017841840258710018
0.0017838170701708676
0.0017847273633620913
0.0017846219237109642
0.0017811217700114301
0.0017804797380786483
0.0017819385280723546
0.0017814373436904334
0.001780971224961325
0.001778267836777363
0.0017880118486356012
0.001787703852195373
0.001788306050075241
0.0017869921725507274
0.0017868118116094829
0.0017847004352300254
0.0017846170968665955
0.0017843424542544656
0.0017826864002696739
0.0017818909854598291
0.0017795216708789302
0.0017793764815097167
0.0017812522717608138
0.0017809670806231933
0.0017779533729414328
0.0017771601418275292
0.0017768445540309232
0.001777279225162037
0.0017753267080009856
0.0017740321770589233
0.0017730746465439385
0.001772724232360536
0.0017701444070197668
0.0017826337227460954
0.0017820360912696826
0.0017798949500139431
0.0017789672516093898
0.0017843359734679611
0.0017847910909196273
0.0017840687775547211
0.001782906857623192
0.00178282253552976
0.0017835139486057409
0.001782956378375227
0.0017814732740768558
0.001780856835480794
0.0017807314891686821
0.001781144316300355
0.0017815199563841289
0.0017821856933223695
0.001781686863649775
0.001781676459559211
0.0017813096643103966
0.001780611320703916
0.001778781963537693
0.0017759199395248196
0.001775915759875548
0.0017740821660714977
0.0017734718584125563
0.001773099572850427
0.0017702929796070493
0.001769657719391635
0.001769284759911646
0.0017676123668396606
0.001767052430090382
0.0017662279811566128
0.0017655597459230283
0.0017650433558389772
0.0017647203098234865
0.0017665616821377161
0.0017658056905594964
0.0017653688362324657
0.001764895287935953
0.0017641320578593175
0.0017634944372006223
0.0017635274432507583
0.0017723601764535657
0.0017716927717690153
0.00177047435996229
0.0017708799042369765
0.001770052180665004
0.0017694085723578075
0.0017693616358869808
0.0017687194926193032
0.0017682200954873158
0.0017675918038458401
0.0017674622077711124
0.0017670479461354613
0.0017664810343996924
0.001766180401867131
0.0017650628466015857
0.0017639907283147217
0.0017638014572148376
0.0017628306789148071
0.001762347437822974
0.0017617350111455497
0.0017611003659957613
0.0017614549152965965
0.0017623875452088516
0.0017620675245640374
0.0017616650557427862
0.0017614784923599346
0.0017606626256462276
0.0017614633235180685
0.0017578479420800423
0.001757898234025036
0.0017531897846751025
0.0017545757453458599
0.0017581625738679611
0.0017574988252487163
0.0017563770495973088
0.001755845389440414
0.0017553935157393478
0.0017536637049856434
0.0017524007038870384
0.0017556256702001768
0.001754837765809161
0.0017558671923723283
0.0017548186736580118
0.0017554168783979484
0.001755025151325102
0.0017547253945645088
0.0017537964092589596
0.0017544521009841523
0.0017721673469089975
0.001771450787741098
0.0017704473644315534
0.0017699452500499115
0.0017693946993063475
0.0017677000905877926
0.001767845650246138
0.001767207855293645
0.001764853864912815
0.0017638710604313136
0.001764189549595412
0.0017625776169687953
0.0017623013575119948
0.0017607421831368117
0.0017610145025814554
0.0017628500229487662
0.001763441332872894
0.0017634729633469262
0.0017628250363560442
0.0017600620490181617
0.0017594549386118151
0.0017603027321207898
0.0017605432871445642
0.001759709411876002
0.001760445659940978
0.0017598209127043208
0.0017596452260293378
0.0017609754627621818
0.0017602388420560823
0.0017608003499847132
0.0017615387790957887
0.001756111213216546
0.001752894046740685
0.0017523357973533655
0.0017503721633976524
0.0017513574467443434
0.001753239540447743
0.0017534902979941696
0.0017556236985107343
0.001761096033853739
0.0017606721682711854
0.0017590908577925194
0.0017585643598462641
0.0017579079853187304
0.0017582322101145822
0.0017576797632270467
0.0017569076210251764
0.001756008683199634
0.0017571061343029887
0.0017583711524438864
0.0017582418145338753
0.0017569630550468241
0.001751961209294714
0.0017518410710838446
0.0017517650492250181
0.0017504304477600496
0.001749616609319755
0.00174751269390493
0.001745933156522216
0.0017451648656109696
0.0017476502360181181
0.0017467116488746792
0.001745027948820189
0.0017447274832922478
0.0017404585317917667
0.0017406723194879966
0.0017403205621102367
0.001743137884378666
0.0017421016780009785
0.0017414236845468074
0.0017419300537033751
0.0017422201142862053
0.0017405543422727714
0.0017422162017958435
0.0017402116860756524
0.0017399581926231238
0.001739150086900593
0.0017387954678583855
0.0017323199453045002
0.0017318308507181046
0.0017312929041744193
0.0017322289973334206
0.001731721512758067
0.0017307538483437852
0.001730051140466208
0.001726967887557122
0.001727307900337713
0.0017274088152745878
0.0017251675580151388
0.0017241355561168619
0.0017244750304778302
0.001724180687917365
0.0017217771773219218
0.0017211612154160291
0.0017211295276637595
0.0017219652362578655
0.0017217349541857828
0.001720443167211909
0.0017186417116013609
0.0017186273392336545
0.0017171770690100365
0.0017187284389455157
0.0017186872182092603
0.0017178150118998116
0.0017180524519192365
0.001755692669000596
0.001727739235959393
0.0017278250821836938
0.0017268064444258123
0.0017254257186558259
0.0017260540804648799
0.0017253764360174123
0.00172475273487784
0.0017235675913702285
0.001731924739227191
0.0017314916551513797
0.001732375997332088
0.0017307779723342938
0.0017307085152786744
0.0017306386154088479
0.0017302163940135572
0.0017299463617507335
0.0017297797133329748
0.0017466474568773517
0.0017464082573875256
0.0017507785636967617
0.001749771073921661
0.0017453352129877205
0.0017447880127938113
0.0017443427948494357
0.0017437726840592584
0.0017434393435089464
0.001742899499582425
0.0017382153922727561
0.0017406127475389063
0.0017399288778069317
0.0017391002077634997
0.001738698647838482
0.0017536510686458476
0.0017532470970082973
0.0017529144364701373
0.0017526665905637216
0.0017496990515547249
0.0017486637934628656
0.0017488709487775735
0.0017486888344480109
0.0017481714190146047
0.0017477694109874957
0.0017994429509864346
0.0017989747804617073
0.00179842337640747
0.0017984798406507165
0.0017978860111638878
0.001784332083184256
0.0017838844175537799
0.0017834743814306448
0.0017818543957463316
0.0017826997447791227
0.001781898734416288
0.0017814145957527052
0.0017812085831510522
0.0017804518694727193
0.0017783417489629536
0.0017792367076127076
0.0017783378529512932
0.001779963396209437
0.0017791932725115891
0.0017791624657720272
0.0017775508138914377
0.001777126303611714
0.0017794722631581392
0.0017814537175057882
0.0017866170031694167
0.0017865520676076613
0.0017885951753712514
0.0017883599399806027
0.001787570293601262
0.0017878784353107789
0.0017908407730858355
0.001786171156050001
0.0017857152998759316
0.0017852218725367883
0.0017901809347711458
0.001789895273895599
0.001789313526150165
0.0017896706773545448
