0.03332645446062088
0.016030795872211456
0.013040481368079782
0.012542130239307881
0.012529464128116768
0.010880074064646448
0.013434779131785035
0.011096746246847842
0.01010105547029525
0.009276769420301373
0.0019244055341308313
0.001259679547869242
0.0010648602037690578
0.003743529637965063
0.003524682579154614
0.003338427008951411
0.0032289974106889624
0.003112601686121993
0.002843162411591037
0.002667211209579059
0.002538262812198477
0.002163306312665909
0.00206909867968837
0.0020423083461355404
0.0017736200142490595
0.002513284543830969
0.0030213887709708473
0.0028897834558377095
0.0027570409787585947
0.002401209955531802
0.0022747421144231326
0.002184776283243218
0.002107138246441642
0.0020585890036142816
0.0017789640284415012
0.001784512393233189
0.0016514106728687972
0.0015659465623171754
0.0016895108950848218
0.0008398554402846471
0.0008586220688552454
0.0008398098713748126
0.0010338159843906222
0.0012597357703877294
0.0012305788966288033
0.0009019679079969167
0.0009157279265915948
0.0015173916298390016
0.001508521155192283
0.0013625382726233644
0.0013675049562712387
0.0011697160226967229
0.0011286618422740563
0.0011318284757594064
0.0005033025594717134
0.00043706419372730896
0.00045698842147650156
0.0004595825264883473
0.0004114371504935351
0.0004566666858841383
0.00045970210281196883
0.00041951536926688435
0.0006331297403221463
0.000640088344292822
0.00032737221386703377
0.00033887443182652806
0.0003204641854929773
0.0003425195281506861
0.0003161170814044968
0.00044964899546319145
0.0004475533503662311
0.0004343514238788792
0.0001282994783872016
0.00026532088939954163
0.0002895859612946969
0.00013458287838903843
0.00015381654604705212
0.0001879681211776873
7.539862335761376e-05
-0.000180245222711367
-0.00018011146196996182
0.0004600357938051522
0.0002980516159628414
0.0003320623414337576
0.00020620454335246782
0.0002541175631815617
0.00020012045231190026
0.00022179850047189976
0.000567837422244742
0.0005617206130649477
0.0005723454607267855
0.0005491797454196391
0.0006388835244774295
0.0006323193881191972
0.0002464406662738835
0.00023372363989672247
0.0002069510015755846
0.0002536457050706356
0.00034650911762582813
0.0003445159439225149
0.0002553109899571269
0.00026817598534285673
0.000260406583283139
0.0002511707033027916
0.00039852135863461527
0.0004202187066137785
0.00040661738155365484
0.00033589921246999393
-6.420459424341315e-05
-2.531186580633843e-05
-1.9041760197069444e-05
-3.716430696478508e-05
-0.00010630797524962033
-0.00012613779415361306
-0.00020386715302798814
-0.00020009565827437746
3.080876623413526e-05
-7.618989697863038e-06
-0.00011828998506947157
-0.00011933414465271538
-0.0001750616091038731
-0.00013498487950106748
-0.00018200089779120103
-0.00026749782278784556
-0.0006179464982403536
-0.0007159829317139716
-0.0007059036094290151
-0.0007016834729432776
-0.0006891520117698328
-0.0007831527500109878
-0.001020146519432742
-0.0009970785276686397
-0.0009736272020392734
-0.0010273582902704623
-0.001017423875777347
-0.0010207943971420512
-0.0010605111231901296
-0.001159616125536716
-0.000973692658720081
-0.0008915650043671655
-0.0002180910301626366
-0.0002838821351901434
-0.0003646902261051668
-0.00039053519092327644
-0.0004914069752025898
-0.0005314457128554996
-0.0005308413081710009
-0.0005114618963501405
-0.0005306724731781292
-0.0006487211298526329
-0.0006154133460002324
-0.0008537152781749678
-0.0008310223031192254
-0.0007425144383535471
-0.000735861599003749
-0.0007100300734781497
-0.0007111268959870595
-0.0007946840052922342
-0.0007976839701996149
-0.001219967545502023
-0.0012328639907166327
0.0007126009075620642
0.0009311341289769804
0.000921438716128856
0.0009024339665247456
0.0003422213477404255
0.0003415342440738246
0.0003486054699711934
0.00042569408394817405
0.0004447365858704759
0.00042825937091334274
0.0004261050278391896
0.0005204714547624289
0.00054626699077614
0.0005401540356408732
0.000693551187812433
0.0007413370408511157
0.0006367537894703418
0.0005752717475237047
0.0005525869687140247
0.0005458376644737949
0.0005394109007557326
0.0005957597731851459
0.0005984192192389284
0.0005900414973478295
0.0005645183196381901
0.0006634190458111753
0.0006796795423917167
0.0004618395043890854
0.00047828585581950826
0.0003647403388905931
0.00031814097228608933
0.0002835653203780475
0.00035877304772162765
0.00036325426664953506
0.0005134298838401706
0.0006114282211336723
0.0005831400862619703
0.0005713104145797837
0.000564314381317762
0.0005714829027902566
0.0005602558310855612
0.000517649224307473
0.0004293913291958892
0.00047522900349930087
0.00048131913268038194
0.0004897905324434332
0.00048571345836030466
0.0005319931794344607
0.0005254199076740459
0.0004947296775873899
0.0004881943359023047
0.0004841869917259464
0.00046946026259954665
0.0005112497192553908
0.00048559549385518056
0.00048707397483433893
0.0004658720498556662
0.0005056930142845052
0.0005606446756497472
0.0004178528317326604
0.0008324630328759726
0.0008318620465713263
0.0008386361389905985
0.0008410422110782499
0.0008087891063698826
0.0008745804506632556
0.0008594853197513945
0.0009034657271790222
0.0008783002021122523
0.0009142666248220028
0.0009599337142425267
0.0009520962759204409
0.0009068230147680332
0.0008878419837208757
0.0008816954425804042
0.0008321942418622691
0.0008278047565581948
0.0007512879201840401
0.0007549595965923402
0.0006202364907077314
0.0006144308996234235
0.0006220384008034279
0.0006265036206263617
0.0006237684967670902
0.0006221346965271491
0.0006313896215033306
0.0006079288804500376
0.0006052816717856327
0.0006131723737389363
0.0006155614339207649
0.0006314570357508379
0.0005969609325451685
0.0006043162153932201
0.0005717022734614828
0.0006381418379285265
0.0006285845507774456
0.0005994294723287956
0.0005981605473537526
0.000626376606173295
0.0006353998741992343
0.0006392520397764095
0.0006376502505135609
0.0006270960866630668
0.000630378144281926
0.0006230110116580926
0.0006194035816257221
0.00062873512558147
0.0006088453119041839
0.0006030519805629302
0.0006025218966335483
0.0004941990210105634
0.0004920342108582098
0.0004897758371424227
0.0004882543786099659
0.00011730507644856211
0.00011362730163572909
-0.0009838283404472782
-0.0007997525611764492
-0.0008823026881767212
-0.0008834285694939218
-0.0008837715184893795
-0.0008770402601571025
-0.0008616096525082338
-0.0008574824255669912
-0.0008617066313924942
-0.0008717024189258556
-0.0008829174139243862
-0.0008687615553283427
-0.0009668717875840065
-0.0009950028430740865
-0.0009086763980261441
-0.0008657285624994859
-0.0008615431894860979
-0.0008659098095720124
-0.0008786617947303529
-0.0009427587773332301
-0.0009359568663228208
-0.0008442223997675073
-0.0008205870590819565
-0.0008192695402745533
-0.0008143100373009132
-0.0008125356435979672
-0.0008504021095162538
-0.0012209652077633576
-0.0011979187754479028
-0.0011763050932178838
-0.0012408635664124135
-0.0012323344549874874
-0.0012297994782778524
-0.001296854485341707
-0.0012965394687522152
-0.0012875756397803507
-0.0013527088760816872
-0.0013435361220850795
-0.0014640453530770944
-0.0012792674435743569
-0.0013499308024905515
-0.0013446619820683737
-0.0013425783779276454
-0.0013317482104827395
-0.001347678720269618
-0.001314491115038065
-0.0013081875217008365
-0.0013077579712159708
-0.0012683970938349996
-0.0012691131697776163
-0.0012633304351854586
-0.0012591099007708674
-0.0012251994921056463
-0.0012133245831443989
-0.001245922111240918
-0.001182053775016743
-0.0011841390964009537
-0.0011688359526206542
-0.0011244138609760443
-0.0011201293660558038
-0.0010947633870801946
-0.0010993770838253754
-0.0010947379659417686
-0.0010838030708402468
-0.0010720357267901678
-0.001064035311628686
-0.0010583612790429945
-0.0010654269932232417
-0.0008699141780216607
-0.0009256204370020028
-0.0009242387889370884
-0.0009269947810701393
-0.0009232373068980943
-0.0009154389493915005
-0.0009056237807815462
-0.0008906700350361445
-0.0008805215692505876
-0.0008831835531678183
-0.0008690400486646503
-0.0008750754718701439
-0.0009070453654867201
-0.0008884105513768897
-0.0008985452421614674
-0.0008753832404503182
-0.0008740829316468314
-0.0008667519424596939
-0.000889813737819778
-0.0011691006288334599
-0.0010861449705964817
-0.0010309684931579122
-0.0010260497898259798
-0.0010318448531187322
-0.0010255118941915984
-0.001027238269544082
-0.001023695944167749
-0.0010308853207803659
-0.001029964422972019
-0.0011078932261045066
-0.0010632667698331863
-0.0010587061592535558
-0.001050967257325909
-0.0007249107055988705
-0.0007087822398327421
-0.0007049073547546789
-0.0010195042091266306
-0.0010077987975307676
-0.0010093578884424186
-0.0010200451726038544
-0.001021535654118882
-0.0010498795768258207
-0.0007445116423925291
-0.0007417481738976234
-0.0007111662891703091
-0.0007502200350505259
-0.0007534706011345952
-0.0007538466686640687
-0.0008900333587997563
-0.0008646711002247593
-0.0008683269230684212
-0.00046837356278239047
-0.0004732344999305005
-0.00048724694964221284
-0.000478846215224721
-0.00039795703812716917
-0.00038924017631965604
-0.0003864076317119842
-0.00038536252463085546
-0.0003867301023320789
-0.0003846159004671379
-0.00037761422493299597
-0.000379144464918537
-0.000361518294146929
-0.0003512380727440875
-0.0003373254041999971
-0.0003418278123911546
-0.0003291749239137598
-0.0002920243095838695
-0.0002849221696386359
-0.0002654430759135869
-0.0002934232939078008
-0.00028914114580897283
-0.0002804274491219465
-0.00027994569709529764
-0.0002690900060658148
-0.000275376785290799
-0.0002635506281344618
-0.0002713561257234473
-0.00026803725323618766
-0.00026729471229017596
-0.0002909612606676533
-0.00038930023811932046
-0.00041951936645789314
-0.00041728376499462267
-0.00041237256117778153
-0.00042062784606389497
-0.0004712834686342244
-0.0005021097496384086
-0.0004905227292218931
-0.0006952001035819655
-0.0006907591218078699
-0.000696069908260136
-0.0008436144514069548
-0.0008371681689076592
-0.000828581770420234
-0.0008612571348607383
-0.0008677325875658688
-0.000865382749743935
-0.0008624442696339433
-0.0008671616591531778
-0.0008160938585644673
-0.0008203676338527296
-0.000783248930230103
-0.0008043718360027711
-0.0008022132447007834
-0.0008131638446754791
-0.0005146123023648181
-0.0004796659563598353
-0.0004833494312981459
-0.00047897572217719844
-0.0004751839647986538
-0.00047092581058471705
-0.0004689428959033612
-0.0004639107512419116
-0.0004580036485720771
-0.0004443311338338951
-0.00047359921241595375
-0.0004927553715837137
-0.00016736765998402443
-0.0001302415890615049
-0.0001358910856449967
-0.00013199854859314555
-0.00012508693653217083
-0.0001158254316657851
-0.0001616397332589385
-0.00023135989714121276
-0.00022977896076684825
-0.00022683710165438277
-0.00022746081340454207
-0.00022704268878320238
-0.00015690825139587654
-0.0001453316834306718
-0.00017311214582302185
-0.00019399389319065964
-0.00023068111749657963
-0.00025089884069262586
-0.00022083675901003622
-0.00028510378958260165
-0.00025516265056987366
-0.0002615552251811073
-0.0002560808227558411
-0.0002451544926218632
-0.0002126089260780983
-0.00022972120431517646
-0.00019023376078222112
-0.00019253458456911087
-0.00019140868969380693
-0.00019441781548055334
-0.00013688403678755926
-0.0001379363950083933
-0.00014172487670980504
-0.00014214138333730765
-0.00014210713216016344
-0.0001348382187254955
-0.0001335362363802074
-0.00014277110430723327
-0.00013930850946775261
-0.0001380808426468928
-0.00014296601390381702
-0.00013968087416065347
-0.00013839697195488614
-0.0001338464514209325
-0.0001344403227253059
-0.0001316712780003217
-0.00012987968128896953
-0.00012415430995915534
0.00015421227774040775
0.0001548157547342302
0.00023182408194559137
0.0001619657751958524
0.00016834957400937102
0.00016727516263078898
0.0001606123034644738
0.00015380768150607512
0.00014983273343751975
0.00014923990610602936
0.00015280876508601748
0.00014737252938045546
0.00015792617401675353
0.00017012012904160615
0.00017341836763934542
0.00015976567595063962
0.00018979297935900033
0.00018979156937899783
0.00022776472582664478
0.00022016894188463796
0.00021974843713926407
0.00022044183362561462
0.0002174286778019663
0.00021431640931681486
0.0002201137114590489
0.00021956712999293606
0.00020028561481282164
0.00016054965256102804
0.00015932750635980317
0.0001579132098761922
0.00015657391127339913
0.0001605101393729576
0.00015077581348113162
0.00015072870946341741
0.0001569296204929306
0.00015569124027690296
0.00015533953436137006
0.000157928168816699
0.0001586724192154926
0.00010338581499013503
8.999987805397483e-06
1.841991599559997e-05
3.3103646476794045e-05
2.347559730067286e-05
3.852737450042291e-05
3.148414098030978e-05
5.076401531109e-05
5.2145332374363434e-05
4.5020662272111154e-05
6.0458618331132305e-05
0.00011233973077489869
0.00015935824513182913
3.74946572624826e-05
3.5719044340601084e-05
-1.1250050340070026e-05
-7.219505728796169e-06
5.07937743110953e-06
2.205101990019412e-06
-1.4241802021462676e-06
-6.2457189227708415e-06
-4.766791247206466e-05
-5.0768888404886894e-05
3.114789217938228e-05
2.7855834266704266e-05
2.7598679710167436e-05
3.318206091536629e-05
2.7192589004698232e-05
2.610478038123521e-05
4.8306923611615216e-05
5.0638109217882655e-05
5.16759682484489e-05
5.2090624960996654e-05
0.00010798940071974139
9.240652768577331e-05
8.736781239881552e-05
8.789416168635889e-05
9.140160357874528e-05
8.429171413559596e-05
6.407160525963514e-05
5.980976383019356e-05
5.1011308222514396e-05
6.969329788415071e-05
7.186654460652113e-05
6.713043178475132e-05
-0.0007112850246548109
-0.0006626821160293636
-0.000650147692291891
-0.0006559827470270701
-0.0005264991747310247
-0.0005262380214802369
-0.0006067465595193754
-0.0006071603535936691
-0.0006042484514386548
-0.0005748767148668531
-0.0006322579538690618
-0.0006781582683027089
-0.0006938520157015524
-0.0005870034803024099
-0.0006250807343521543
-0.0006754747609301457
-0.0007287138287981097
-0.0007294990987683995
-0.0007294589311275019
-0.0006696838912067013
-0.000657621092131427
-0.0006455777803622962
-0.0006538247794108639
-0.0006411803755174817
-0.0005769601466922244
-0.0005725341374503493
-0.0006131744041445371
-0.0007697737365320794
-0.0007692626072421616
-0.0007765041847418172
-0.0007743185194859238
-0.0007675213043479231
-0.0007964563174720667
-0.0009163863348941858
-0.0009066494453000368
-0.000922395909836306
-0.000916013814672016
-0.0009181561827850732
-0.0008951040707578838
-0.0008902716368621489
-0.0009350386023518962
-0.0009469017513338729
-0.0010095077518883502
-0.001014099474832194
-0.0010122364139046275
-0.0010114423432587025
-0.0009944070304317065
-0.000986452010991964
-0.0009838837582049713
-0.0009582916052643251
-0.0009568797202934362
-0.0009504686395120823
-0.0009489705571692102
-0.0009280141406321417
-0.0009545557404244898
-0.0009719891999001818
-0.0009726333652770481
-0.0009785701640322188
-0.000954995716783077
-0.0009815253647786476
-0.0009767692768382354
-0.0009897908566264624
-0.0009956323794430132
-0.0010055858956204058
-0.0009585785624795628
-0.0009407696241253818
-0.0009376584217501532
-0.0009335231351549304
-0.0009326793270693993
-0.0009309366304269697
-0.0009308997282051589
-0.0009292763509923441
-0.00092900572488551
-0.001073984073970723
-0.0010738728469353498
-0.0010844246165851224
-0.0010729387561234567
-0.001129861452354817
-0.0011309770142355854
-0.001150968386613026
-0.0011522074269646717
-0.0011625718562461292
-0.0011567294039998488
-0.00115649177777642
-0.001154082415468967
-0.001151241154495723
-0.0011963198197737415
-0.0011826487417882193
-0.0011928377007173717
-0.001169029038656902
-0.0011672135950173174
-0.0011050844388013773
-0.0011114391329602518
-0.001120492146125236
-0.0011102512486956054
-0.0011086051760920142
-0.0010920159300031112
-0.001113822989894635
-0.0011110472634765299
-0.0010758482542480969
-0.0010599830977798905
-0.0010539805263503458
-0.0011620682078864776
-0.0010687083500182438
-0.001241334146185736
-0.0012338793363638179
-0.0012242084187877565
-0.0012188584362175267
-0.0012519829956043026
-0.0012336052250157983
-0.0012517367778423637
-0.0012645957599430888
-0.0012635621680063608
-0.00125021457265914
-0.0012487498674693526
-0.0012464266354373645
-0.0012463886326383776
-0.0012590904806472339
-0.0012650373328447308
-0.0012413054625807747
-0.0010257228175527173
-0.0010185742354775719
-0.0010156756732663376
-0.0009886521210585352
-0.0009874786875995378
-0.0010171409751820997
-0.0010147682978741159
-0.0010119717127637505
-0.001011259973407109
-0.001011262625334197
-0.0010085777190487447
-0.0010086298602357633
-0.0011230552135514215
-0.0011241559183764354
-0.0011090254505181862
-0.0010838089261698653
-0.0010950341039047053
-0.001293221382658056
-0.0014193176079229292
-0.0014102200475759352
-0.0014541256120283715
-0.001453900557125458
-0.0014645267352141281
-0.0014646311249017516
-0.0014635625450440505
-0.0014616321168726258
-0.0014576409145325103
-0.001408548266401291
-0.001407843649482903
-0.0014112515375573314
-0.0014018671505488496
-0.0013920821491262463
-0.0013941247750626643
-0.001393270474456825
-0.0014146774454981456
-0.0014095077881797703
-0.0014040448272499872
-0.001404432741107322
-0.0013904288966817644
-0.0013544106990175614
-0.0013509212581264264
-0.001340715652763666
-0.0013396174120220837
-0.0013398271291076532
-0.0013134035565016877
-0.0013041190426732365
-0.0013013452006631098
-0.0012991796586492473
-0.0012593032472837835
-0.001258398014335109
-0.0012499721661024903
-0.0012492808268032864
-0.0012307913207636873
-0.001256059662730685
-0.0012453959308320148
-0.0012255753458497213
-0.0012244094658705954
-0.0012468093051809833
-0.001244829601293213
-0.0015402931988142577
-0.0015194346014629698
-0.001518547244151836
-0.00153530823540794
-0.001539624498574585
-0.0015387588017525245
-0.0015335893718844908
-0.0015289518614596946
-0.0015561015807341704
-0.0015533929872386168
-0.0015503344462949353
-0.0015526975473964975
-0.001548364898390014
-0.0015477738994745835
-0.0015492893437179486
-0.0015465002626262154
-0.0015536015537887247
-0.0015456533343854119
-0.0015476002365450664
-0.001546268097252268
-0.0015471036878973961
-0.0015464186282979952
-0.0015442656763383518
-0.001554649968861668
-0.0015569004451086966
-0.0015451129680318935
-0.0015431702700123536
-0.0015273365207798437
-0.0015246058168565432
-0.0015235262726266106
-0.001506846433174094
-0.0015055487203453326
-0.0014807760318508731
-0.0015094542465602797
-0.001503526091964236
-0.0015020696321972075
-0.0015012098520796654
-0.001497295452322056
-0.0014943674786355235
-0.0014919890137234154
-0.0014931875757143577
-0.0014893828025547755
-0.0014536555599089288
-0.001448179341973517
-0.0015009548504490945
-0.00148756395230782
-0.0014843207088519833
-0.0014823714996849765
-0.0014834001098775348
-0.00146025471805785
-0.0014592633092681416
-0.0014958607140777857
-0.0014828788950062004
-0.0014739194920706266
-0.0014549408134797081
-0.0014516670444252742
-0.0014502448597611623
-0.001454463415947969
-0.0014535365356134135
-0.0014254040579239767
-0.0014255938544512877
-0.0014240299916962959
-0.0014344118389869414
-0.0014295293149925352
-0.0014226676814033368
-0.0014023395622194531
-0.0013769992088946592
-0.0013758862599160071
-0.0013799199660919324
-0.0011487095707621337
-0.0011460157549777385
-0.0011396050761564801
-0.001136524236114819
-0.0011363933313516422
-0.0011290198808456113
-0.0011274701015418246
-0.0011399183612755828
-0.001150191239665206
-0.00115680431897159
-0.0011757177166290492
-0.001184170391312139
-0.0011855985484012235
-0.0011845905830089518
-0.001183515258928183
-0.001180546293196218
-0.0011900755836942848
-0.0011818167560118796
-0.0011076289039153749
-0.0011336158922070304
-0.0011275393890278309
-0.0011270813252700655
-0.0011293010040247565
-0.0011187600757233363
-0.0011311001303626138
-0.0011554331112166567
-0.0011531073905685723
-0.0011618686091214617
-0.0011577076751922131
-0.0011557556868439338
-0.0011546342253063915
-0.0011561748621613437
-0.001155548371191929
-0.0011542644649008653
-0.0011505260013812153
-0.001141599125568785
-0.0011393149557419882
-0.001137022440892976
-0.0011461329580126558
-0.0011451780158356502
-0.0011460763718179649
-0.0011371246649852645
-0.0013777267148528862
-0.0013699500165229616
-0.0013701844926728283
-0.001349588468078544
-0.00135547446007375
-0.0013524108838568884
-0.0013670315866026708
-0.0013660230129128302
-0.0013746745671880936
-0.0013673323293322875
-0.0013662498554600565
-0.0013643320488213
-0.0013532719326475563
-0.001355447227050637
-0.00135372664826194
-0.001353828283432108
-0.0012982838980233032
-0.0013245576072041416
-0.001324208735899502
-0.001323168325824209
-0.0013260527619238336
-0.0013191470666998224
-0.0013212755792395261
-0.001319349224616523
-0.0013175954365634785
-0.0013519486995303405
-0.00137082996468731
-0.0014012309030909272
-0.0014008853603265934
-0.0013874130275215923
-0.0013858222901193843
-0.0013857510694260744
-0.0013822914800110313
-0.0013829559825358428
-0.001381609595691553
-0.0014050871339257494
-0.0014064463888195393
-0.0014079799135711126
-0.001408761146703359
-0.001397960487525816
-0.0013659838133043157
-0.001363731206198962
-0.001371832844132015
-0.0013624075132566383
-0.001353005813936074
-0.0013496557450126782
-0.001347642700108309
-0.001346368491577257
-0.001342576389918724
-0.00134109894103199
-0.001333488989077643
-0.001312714541845039
-0.001309474949638125
-0.0013063172551487014
-0.0013037676778160697
-0.0013243983059745687
-0.0013164946000939627
-0.0013147481365113028
-0.001316820277985382
-0.0013323291227266174
-0.0013627532979384504
-0.0013646343127023998
-0.0013768779440119705
-0.0013805110339288266
-0.0013750140846997905
-0.0013721949060285718
-0.0013697476157515818
-0.0013707122152586803
-0.00138460978866826
-0.0013870882760374694
-0.0013879132191216446
-0.0013860628035875045
-0.0013869482458138314
-0.0013962007685755313
-0.0013929464140401515
-0.0013870585977298032
-0.0013859126631918213
-0.0013081034392664638
-0.0013058353770982148
-0.0013047765892596067
-0.00130482887181853
-0.0012986444426836888
-0.0012728351582951551
-0.0012573364895566022
-0.0012600135959148222
-0.0012590229342044495
-0.00125926757913218
-0.0012361003576668922
-0.001226543469258223
-0.0012230919077030552
-0.0012073471959107942
-0.0012124708911416318
-0.0012113966927969082
-0.0012083406716493009
-0.0012074283406181036
-0.0012070414852238143
-0.0012063353932406729
-0.001208483581640255
-0.0011914656032312176
-0.001191777595751106
-0.0011893895469750084
-0.0011946436411337592
-0.001196256394710743
-0.0011886236098991487
-0.0011894261814624706
-0.001185950223345318
-0.0011880814952278254
-0.001190918087768432
-0.0011904580914449017
-0.0011858943281233725
-0.0009475939426854757
-0.0009506751873001797
-0.0009133091661460635
-0.000864517072025498
