0.09164264798164368
0.0691033105055491
0.08188658207654953
0.06556870304048062
0.059934422684212535
0.08252186461218766
0.07118864613585174
0.06063603444231881
0.07243633940815926
0.06809392452917316
0.061969127311992146
0.05657279860371581
0.05323011597751507
0.05055582216009498
0.048088610026752576
0.04538247222080827
0.04405992511763341
0.04257058570357529
0.045488953054882576
0.05375824037141032
0.052410514284433274
0.04968100091766403
0.04891576868249103
0.04496537970378994
0.04307604475448337
0.041604973772471694
0.005342485765660446
0.009071788766646178
0.008365355168158808
0.007208036303880713
0.005169204770936629
0.0052071330419769775
0.004965433125000664
0.0044320359693041855
0.003854852829438943
-0.0006008975434343574
-0.0015710095850456718
-0.0009852278714951811
-0.0009185860282741502
-0.0013111854630817742
-0.000344757290024844
-0.00025365995459778503
0.0014641614292155599
-0.00034770179125997894
-0.000302320710666803
-0.0002873323293046127
0.0025876497626692663
0.0026185541765346198
0.0018547268537804468
0.002247877012682602
0.001723468979784787
0.0015484262653187178
0.002074176691369048
0.0027602997396818595
0.003024117027442634
0.003171113519847652
0.003398504545751571
0.0029902502270888957
0.0019241552683524764
0.0009519872980833519
0.0006716597952970071
0.000625088700048978
0.0012769066452165113
0.002575923223048447
0.002652546066339267
0.013246499182684206
0.014532616320887908
0.014123923064250013
0.013891927176155151
0.013604505305690037
0.013487769979595521
0.013370464533592948
0.013569634977249886
0.002851155266786618
0.001993946305255556
0.0019006884154899972
-0.0016236217149222859
0.001893431723377187
-0.001429397219908421
0.009560997491518475
0.00907634736731558
0.012867124254691855
0.012787837809550446
0.013538641972905576
0.014791329594350661
0.01491990292327072
0.014841212814313956
0.016686370206494515
0.016216159578309294
0.01615600949818535
0.015907506951961022
0.01584397849967323
0.015090299738036038
0.014446587946363975
0.02298162009052855
0.027955701063415904
0.02742157082729118
0.02587536185029706
0.025545933640096337
0.0254797521854133
0.024496070988129316
0.02407321155080301
0.02421550476216139
0.023202886416887253
0.027852413176453487
0.027531568015377244
0.027256206999515635
0.027369262165723187
0.027124619325199596
0.02756660221236851
0.02730174310480445
0.027181982814820607
0.026871406802041628
0.025517912097680187
0.0252796003799725
0.025290564608035825
0.024508851957191737
0.024396654725184343
0.023601624220221624
0.023373038617678553
0.02286680833031959
0.0227519656527727
0.02238563120162356
0.022515499079599988
0.022233288153074692
0.022111138642406263
0.02362680706391985
0.02283825907791251
0.0226482953858347
0.023576644738027053
0.023397088430074025
0.023688920974885508
0.023411044042988396
0.023385707425229534
0.02325680292971597
0.02313817825922947
0.023155714633226725
0.022805583393603248
0.02523426290302139
0.02510410745905594
0.025088175978760806
0.024729690382621825
0.024577378584783427
0.024426648374004618
0.024278470181081806
0.024241773430638172
0.023997085741595245
0.023709271246904903
0.023207777185986447
0.023154601263536134
0.023064641367742115
0.022732158781948442
0.022572899962225095
0.02353962503538859
0.023799529895395386
0.023785405239879293
0.023459706148221113
0.0233478902790801
0.02292506783778664
0.022060519100965143
0.02196083354036451
0.021826335407530702
0.021388736861564863
0.021098285881012233
0.0210841477425006
0.020982555946067512
0.021131128994359948
0.021059390048623176
0.021085364559172273
0.02113889307137688
0.022732591571903594
0.02319539580736417
0.024704599914933158
0.024630205228126475
0.024399305758627386
0.024160118848558957
0.023891410237084024
0.023763094695061233
0.02386707455993423
0.02366000619647479
0.023472045568089194
0.02342487378440329
0.023301479451575964
0.02446096040547599
0.024315490724734205
0.024323451095559504
0.024116945484568903
0.02403755428050226
0.023874520740202188
0.023853982427567047
0.02366206982636261
0.023637620427578183
0.023286363450191028
0.023049269248253828
0.023180067191750985
0.02304844088972957
0.023036700811571054
0.022918143732608972
0.02275889271579217
0.022664586347944812
0.022809722079863162
0.022732485282427533
0.022645558462838878
0.02250242651860434
0.022509798142511972
0.02238479721785077
0.02227529711336291
0.022134148688434337
0.02187112864173416
0.020456561932375567
0.020337860533783097
0.020206762559738158
0.020181372451648177
0.020295009384105014
0.020888840524195165
0.01988334955823551
0.01982061021188017
0.01975074093725072
0.019915197261566795
0.019850444664959513
0.019790102963688196
0.01967188837570492
0.019662792791288134
0.019486476817271763
0.019396746423985565
0.01936010998316797
0.019349263842103236
0.01930829036297625
0.01935683940334811
0.019283010519524916
0.019220907008275376
0.019186194498459656
0.019048132241154314
0.018958316462986315
0.018808184709534097
0.018846395505073502
0.01867946814608704
0.01859504890347592
0.01856778161115167
0.018482981255969706
0.01839006042025197
0.01822401807258295
0.018127935038226812
0.018092591312181723
0.018082034698880558
0.01798004088103242
0.01797579085095709
0.017888819339243776
0.01792570265801622
0.01785259048811129
0.0178648678583346
0.017947138598296417
0.017891122431674865
0.017854652809568067
0.01771243637642782
0.017682974266748076
0.01758174322441295
0.017493730364299933
0.017437284461406157
0.017413883480815195
0.01741019361983461
0.017361312290275557
0.017332717264886884
0.017288395326764683
0.0172387383795296
0.017176104047748143
0.01709988403732196
0.017107194148590018
0.017018560286615622
0.017032114274364227
0.01711119775866202
0.01704805831933622
0.016818009130932877
0.016894319725582706
0.01686400192736165
0.017558857328817408
0.017542857888741777
0.01744416980066596
0.017416487864621938
0.017374327559677834
0.01733428318846511
0.017268022623216698
0.017189585005812844
0.017114267101727844
0.017013828767242938
0.01699834099440601
0.016803371337320835
0.01678763588322052
0.01670860505777266
0.01628111094395194
0.016189355491393408
0.016348513840231237
0.016263749246619358
0.016197302497595822
0.015800240288061436
0.01575376725215103
0.01571006711696245
0.01691985757054719
0.016822930242730443
0.01725920278973879
0.017165104057258195
0.017115615471669614
0.017275239503808385
0.018083733726831017
0.018074370163292733
0.017984317018478302
0.017849458651122013
0.017667377485632192
0.017608852787112297
0.017553486667107033
0.017492320830803147
0.01780230346101948
0.01781297138208822
0.017357303131656295
0.017397999687321454
0.017278573972746653
0.017397695824774056
0.017258036706971024
0.017170551041363055
0.017080809428255753
0.01711351152624057
0.01731937089201491
0.017160836906609956
0.017737843050854265
0.017473598885470617
0.01756352488144117
0.01764423847697154
0.017690796801826753
0.017610592113289206
0.017580545286938472
0.01732282611691877
0.017606325242434148
0.017541945358883985
0.017623215290081828
0.01755339323054136
0.017534820335721645
0.01751229655007575
0.017477297639370556
0.017424193114086786
0.017439503388365318
0.017324260236271267
0.017261598740229863
0.017184613524752708
0.017133374563064012
0.01704220212361777
0.016968747066392256
0.01702657815872827
0.016986796395825798
0.01698000388843605
0.01692292480648261
0.01690218259078722
0.01685628969057082
0.0167283524056511
0.01665615296986569
0.016688500099610707
0.01661273395974926
0.01684010862631334
0.016834822833822757
0.01680507432021031
0.01678120090529112
0.016807218478688338
0.016665435198822087
0.016575495748519034
0.016469480868106793
0.016456891062699337
0.01643855469096742
0.016377350882580865
0.016338536546355458
0.016270109900584855
0.016232273001283402
0.016276521733020015
0.016286036653438533
0.01627466335535025
0.016314388210186718
0.016305005871006542
0.016258628716780625
0.016152262041162282
0.016154838847791966
0.01613248861785425
0.01601205638258746
0.01603137664836696
0.015976001344625426
0.015907790479332096
0.016472341184573865
0.016419030995204083
0.01623594023439808
0.016267240123289804
0.016205073038824156
0.0161484100273064
0.016118930012230033
0.01605386587062657
0.016068455801299782
0.01601156410026933
0.01811955230851374
0.017990159116802386
0.018352501564914286
0.018382527136776808
0.018350867992415806
0.01879419713652168
0.018784574787129533
0.018666984090817258
0.018628215108389752
0.018539243682831094
0.01855289504286994
0.01850580499618454
0.018403257958059534
0.018266157533242434
0.018299657881842277
0.018273125022930863
0.018158228675551016
0.018122197000761356
0.0180869755866068
0.01803385579567976
0.017937594902048062
0.017885765828325996
0.017856438851586432
0.017817906595799408
0.017765803508688907
0.017749112779537904
0.017647676056429563
0.017592587804471992
0.01754809687860546
0.01760892012920659
0.017585026500678128
0.017533485697264817
0.01749434549707987
0.017459796791040514
0.017422654697959717
0.01738346614286054
0.017345555759861027
0.017297600629953423
0.017254155078178533
0.01722116010594299
0.017073884488139613
0.017040487879274695
0.01705570936314089
0.017015655701047065
0.016957052240367216
0.01688787813929427
0.01689319298165752
0.01690305790889478
0.016856861893157517
0.016793690751443567
0.01622581913435485
0.01618366922527778
0.016152435628829044
0.016193289561864978
0.016129427332856796
0.016233362450536012
0.016184316619266812
0.01615849266657285
0.016097187633622553
0.016049069897664005
0.01600424099238946
0.015971320240440248
0.015948007300333567
0.015889705764040783
0.01589870253560834
0.015838256449269058
0.015794958009492138
0.015830111850440608
0.015764428649943003
0.015734865588393425
0.015698854059484145
0.015662868812047193
0.01560710581440559
0.015579784181604295
0.015410498884788983
0.015383463453543555
0.015442085879048587
0.015890781694228483
0.01582491254867408
0.016274940917616647
0.016235393172093215
0.016196631688584012
0.016142169899120234
0.015989900437131548
0.015881503439357198
0.0158593026456098
0.015833416424186796
0.015794680691558444
0.015828247945700275
0.01568895651703201
0.015674313255789746
0.015666987131881027
0.015623217737419306
0.015586262344648445
0.015591713031413452
0.015566708960591768
0.015522943375797653
0.015539428437418745
0.015496031746315963
0.01547569203665828
0.015438438583261825
0.015380401051691969
0.015632894145049824
0.01559749597373341
0.015588238080909825
0.015605176385084624
0.01558893626169375
0.015520306439122706
0.01547543902028116
0.015451847818656538
0.01536014308642346
0.015332869566084803
0.015287038961141149
0.01525678081300675
0.015219071161878798
0.015153032032756909
0.015122329378867356
0.015085417296688762
0.015047316084133419
0.015061073152473861
0.015042432963235507
0.015013746675900295
0.014979484605495271
0.014953425756449307
0.01492700926285022
0.014870669741615584
0.01486855116320885
0.01491339508515658
0.014863029676660911
0.014691365653978208
0.014665394991115164
0.01467109399834627
0.014653746771904055
0.014702187143594708
0.014669011873670616
0.01462310676156533
0.014588165875068693
0.014625799213109362
0.014684614102763687
0.014670361507754179
0.014660453257884244
0.014625146597853602
0.014612788464832827
0.014588445285951868
0.014528313858431521
0.014473345488820781
0.014455868870584976
0.014453609600567376
0.014418838371861024
0.014378282554228933
0.014334456003409875
0.01431418663376281
0.014311737706810242
0.014300009814257992
0.014332657561856709
0.014328380353082044
0.014452727775889337
0.01441254588992349
0.014381243501906482
0.014354427933267605
0.014284791320621083
0.01427049420019376
0.014279199647717167
0.014270990142910849
0.014255926881630252
0.014253330462504104
0.01423283345036958
0.013972347145494116
0.013938360962293846
0.013909170760546886
0.013884306887053437
0.013816742262784084
0.013795232773258306
0.01378033269029913
0.013745433027403473
0.013737659110675407
0.013688729488883718
0.013632734670972122
0.013607468516269223
0.01358221111852003
0.013555450102253603
0.013516852722407028
0.01347809168358818
0.013431409499257514
0.013410752274547187
0.013364280346512047
0.013358421114464916
0.013320811824649852
0.01333516317199656
0.013312052774593092
0.01329047059805458
0.013283262510745025
0.013252486070134913
0.013217203547052721
0.013188014685983506
0.01314987244421884
0.013162533886468288
0.013112363285865675
0.013081898234221567
0.013065311648418046
0.01308340539973808
0.013064610960814418
0.013059139198571334
0.013164537566239759
0.01312873692075661
0.013098019209282935
0.012998042020620543
0.013026923655847122
0.013010183976214859
0.012955957616502818
0.012979043524400598
0.012964644819623313
0.012943796462036477
0.012923732364996745
0.012895894214210415
0.01283898604909706
0.012824073770261062
0.012801883215966536
0.012790455636632937
0.012807454534935998
0.012785375541988457
0.012801585141164945
0.012761483311285588
0.012746573165590304
0.012724019669132496
0.012704771463928233
0.012644365557072752
0.012619289523982545
0.012591040394336945
0.012585778319286568
0.01255712535837665
0.012575798196448072
0.012552012015521032
0.012530292220177144
0.012502669647431505
0.012503973276831119
0.012486474437690036
0.01243518865227042
0.012371964160942193
0.012378952876985665
0.012336604403951533
0.012318826929696118
0.01229474707398771
0.012266469309650224
0.012250845146810718
0.012242595896987039
0.012214490296497108
0.012229254012046137
0.012209381492486914
0.01219336951067613
0.012115919878056573
0.01209667272074292
0.012106887813027042
0.012094199139679447
0.01207458098309232
0.012043663853815254
0.012021643212086559
0.011959998189375959
0.011941699946340555
0.011921019269693186
0.011900601181813039
0.011905428623921159
0.011868242040961199
0.01182726005889832
0.011807021973421443
0.011788470310928074
0.011793940704430027
0.011798270501293456
0.01183518775662219
0.011826467631750808
0.011789082996442187
0.011729812196577555
0.011748227476689691
0.01189318235456793
0.011881279423784169
0.011845959282528832
0.011833053954041406
0.011800651491371572
0.0117907835363326
0.011775759858658223
0.01180292463430238
0.011826043722761201
0.01180422089136229
0.01178590284786146
0.011737897203287415
0.011722772000768388
0.011696556080460944
0.011738148169002096
0.011722683423337847
0.01171192613294844
0.012148832528593605
0.01212588781385707
0.012089747288386342
0.01206006962609028
0.012067716304619672
0.012048973675743016
0.012013148313742698
0.0119980256757201
0.011971957138457308
0.011954083624235503
0.011932380502313215
0.011938544008486112
0.011917458124788827
0.011890311360347183
0.011868150359004983
0.011863140870118515
0.011861579789455911
0.011838814577166033
0.011821889493231572
0.01180304250688509
0.011797126314721683
0.011858582956533054
0.011843882883303496
0.011815483875389833
0.011788350175468481
0.011765023612935407
0.011778568493499668
0.011767186667394737
0.01174699570307688
0.011734891121493549
0.011716807386642512
0.011702887259629244
0.01166889879357646
0.011649514159348512
0.011624595649043024
0.011577331159626026
0.011558922185612924
0.011517301560095778
0.011490551997967996
0.011462196618645287
0.011535656476264877
0.01153697195551396
0.011502864857382318
0.011591880102219707
0.011584903397476
0.01157309493904754
0.011555153079631588
0.011534107922795198
0.011515584528779078
0.011505387482050627
0.011444128388032108
0.011434514104305132
0.011422683773916132
0.011413537672857134
0.011389137065184267
0.011374455508524294
0.011387729843231302
0.011380855246971674
0.01137400291857596
0.011351814803351911
0.011343207162798644
0.011322538553170313
0.011315365699699598
0.01133044600925024
0.011388268600278917
0.011301620627442988
0.011289622738818506
0.011271095516388
0.011281331591703891
0.011271498847224148
0.01126637398789556
0.011236641279461163
0.011221046306689903
0.011206974037204148
0.011193403672707311
0.011182464315865405
0.01116172043992446
0.011150680841487558
0.011166353566955948
0.011145223443245839
0.011120523712399953
0.011115856261759162
0.011103509730799667
0.011080776960701158
0.011063014644652877
0.011049633736301865
0.01101979787798777
0.011062630042726285
0.011076030629324964
0.011070525836279538
0.011114148838340394
0.011100725975375474
0.011092607702708118
0.011151076405884332
0.01111175343090912
0.011096023092156822
0.011083143452082837
0.010982018433433247
0.010956077710448821
0.010936961378691337
0.010928744628245397
0.010914052189869858
0.010893947704238965
0.010878718826936926
0.010867863715344773
0.010827179997054195
0.010859094088082933
0.010846938869773025
0.01083139974917819
0.010825146339855431
0.010812742729984663
0.010798317153634494
0.01078673403973339
0.010772363925869118
0.010760286737898377
0.010780547516260407
0.01076207868936535
0.010762911585541065
0.010739816039070541
0.010721591372573997
0.010706032309984863
0.010697913931630125
0.010679614757948756
0.010698499975309327
0.010698832969894403
0.010700744901062272
0.010684709493073707
0.010656282772597385
0.010656245381655546
0.010645622519747046
0.010641521990279222
0.010619174060254814
0.010598694735290444
0.010594353863179865
0.01058656068569076
0.010570153101168498
0.01057603050270894
0.010832753066506585
0.010815157275887385
0.010779958153135039
0.01070489248804126
0.010706724526068032
0.010728689279205108
0.010707406811137753
0.010676159840585503
0.010657673888259098
0.010972265080505665
0.010787893993717882
0.010783907891201384
0.010725409594072439
0.010722696436304188
0.01071529601886923
0.010696728335286778
0.010677236513313013
0.010675024086705488
0.010693875989402697
0.010648671644847764
0.010632417420870467
0.01062098903820958
0.010616845603780125
0.010605284324695603
0.010592434983730777
0.010580797215366733
0.010569658634438992
0.010553669058226887
0.010539033377118508
0.010530948471543332
0.010520488485115127
0.010507999531485806
0.0104942221191234
0.010475334633490315
0.010467644238237409
0.010457488160489107
0.010449406054274702
0.010452131247982742
0.010436686984436623
0.010406731581910314
0.010385336647709078
0.0103698473958987
0.010354791094464915
0.010350912095806582
0.010342826223104118
0.010321022780996662
0.010345390829910013
0.010345817465866694
0.010323870745648075
0.010314598340053535
0.010306810912379236
0.010287412721503686
0.010257859836605283
0.010249630410490285
0.010233387838226212
0.010221926585299636
0.010215524454247879
0.01020771902082625
0.010189086028020187
0.01017787160432345
0.010175310479469913
0.010163235572006678
0.010174685669885108
0.010167019166569298
0.01015823523088386
0.010148162221891186
0.010133328113862493
0.010127421254162482
0.01012015130591259
0.010101642713007406
0.010107631409221537
0.01011356940662591
0.01010538373024372
0.010089619584575382
0.010064011844958382
0.010054424509865257
0.010052286831975519
0.010039251014799778
0.010011066678400508
0.009999082991642743
0.009988521426476526
0.009974360921254359
0.009979980512924199
0.009780333880032792
0.010032117861652253
0.009995986114425759
0.009971004748099737
0.00996992460465979
0.009761279719468496
0.009757074286593078
0.009744479915433764
0.009741200052712031
0.009744550627397717
0.00974273590254597
0.009729605736105453
0.009718492329662718
0.009727901906024383
0.009742138128097077
0.009732067811083924
0.009716127351290177
0.00968419101503763
0.009648077605984129
0.009616027175275214
0.009605251726618887
0.009590349418360566
0.009570899085687245
0.009569524070559112
0.00957109986511695
0.009569359506400275
0.009584309989146314
0.009573138247882591
0.00957619999537877
0.009566286606849985
0.009546696095021418
0.009545775196216768
0.00953331651189563
0.009512354433790953
0.00950373750043258
0.009486869444972785
0.00947960630863015
0.009472771104102145
0.009430879989002158
0.009415275964599103
0.009404937748855136
0.00939573155640133
0.009395433978737922
0.009381529942855092
0.009358095563524934
0.009353311918645258
0.009349032920156281
0.00934258996414978
0.009235213735185564
0.009221922619134305
0.009212595079592741
0.009212112416169614
0.009190420845462406
0.009178495850728281
0.009167528401496277
0.009166526359846704
0.00917497726352221
0.009166415711835053
0.009219857805843971
0.00920358445682911
0.009195736965551782
0.009315723591894108
0.00930092483665625
0.009283987782186724
0.009274952121948052
0.009277318627963594
0.009289920900404747
0.00928447121882321
0.009278108406184286
0.009269980868537144
0.009260035913873409
0.009259485831579853
0.009251329706970571
0.009239474399943054
0.009164097391558136
0.009140696693882958
0.009112754656211017
0.009108513626778569
0.009096648942851832
0.009090528820980407
0.009079475193739474
0.009061044067552673
0.009056048752866702
0.009057116936210039
0.009049164767301037
0.009048507804188623
0.009040079208817588
0.009041699710905961
0.009034801559216295
0.008977557241597395
0.008969873289405675
0.008971212339480212
0.008961267841176748
0.008950585713018646
0.008943048931265091
0.00893333108208026
0.008924922902576887
