0.03332645446062088
0.020680411718785763
0.014763724291697145
0.00983617175370455
-0.0032323795991639273
0.01567579180534397
0.012120635481551291
0.012999670786990061
0.013661967404186726
0.004201634533026001
-0.01398535305634141
-0.01352989967339314
-0.01080004731193185
-0.009033083356916907
-0.00813591346377507
-0.007554648416664671
-0.007200880791060627
-0.006965393188262457
-0.00501092829508707
-0.004682184307880345
-0.0045260400511324414
-0.004234552140469137
0.004347115367030103
0.004233416896313427
0.0042149701890034155
0.006600863895275524
0.009013084104351164
0.008615847741221556
0.008106060558930036
0.007749889286295057
0.007378406400675883
0.00722066145108053
0.007073517512146601
0.006876976804674734
0.0018714705850773781
0.0018177793197635844
0.004534503304105446
0.0044711041861237606
0.004338404280133543
0.004396601432434667
0.00439208164988529
0.004303721712393208
0.004054614396988073
0.003941760844706244
0.0038079918759530785
0.0036535865857582903
0.0036014606921526103
0.003701452863146072
0.00362458893738221
0.0035573851551709878
0.0034843220629017365
0.0034242759511986143
0.0032733131700768783
0.003298286614484488
0.0031817314897385285
0.003163861910651205
0.003109519923123896
0.0030161907802181975
0.0029354092541325335
0.0028869359690570006
0.003119950685715825
0.0031389946130470203
0.0032094827108721767
0.0031780053590549696
0.003198053075528037
0.0030764496566835454
0.0029986700270348884
0.002966445824932777
0.002934537795330728
0.0028792881268702923
0.0030509308245301407
0.003022475317016892
0.003136424645679258
0.0033005541646465015
0.003171602958517674
0.0030640181198991305
0.003074485619622579
0.0031891919669173522
0.0032157426603589543
0.0032333958005449246
0.0031986082167571915
0.0031649937549204804
0.0030156908921656245
0.002978090027189702
0.002927600154497518
0.0029360423770789356
0.00288402567771713
0.003191741447787196
0.0033603884410695153
0.003261823148452573
0.003226913519503557
0.0031901793904922965
0.003159673003655698
0.003182701434094555
0.004255564632027621
0.0036256995982821704
0.003553207460921541
0.00353014690306442
0.0035601636031060463
0.0035057462135786263
0.00345122296215884
0.003416187169755925
0.0033778143582682
0.00329340661049909
0.0032881975263458186
0.003232958872104062
0.0031872179951514443
0.0031565133895545567
0.003086374902737918
0.0030603208496531057
0.003023215716244261
0.003063212574456521
0.0031325946728700945
0.0031028239558825426
0.003071191785520882
0.0030484427791238073
0.003107087344687898
0.0030552829637049365
0.0030189142197438444
0.0029752414719507584
0.0027961214286509953
0.002767498875997499
0.002728509335875354
0.002468694577342831
0.0022515067778710682
0.0022213082621011554
0.002190818845861032
0.0020579943074005513
0.002018841317868255
0.002081231425053313
0.0021226477475658734
0.002195415525899368
0.0021856528068953484
0.002164600814878079
0.0021490805557893037
0.002134160026393825
0.001914306439056933
0.001892624153959124
0.0019918696413307262
0.002010055902601445
0.0019959500443778983
0.0019785008340108485
0.001864807644576812
0.002072601473051253
0.0020103633613285797
0.001994066889026381
0.0019588877486868936
0.0019766728239619938
0.0022107678293832585
0.002255780414106874
0.0022380950796152903
0.002269884096926499
0.002126799074176234
0.0021432694441060576
0.0021228171172902564
0.0020910152155352822
0.0020769135857957336
0.002102910998696902
0.0020532530129457895
0.0020394053120167525
0.002041757946210932
0.002126304524257192
0.002078252466961249
0.0021048984152554177
0.0020185686362639405
0.001850434074343551
0.0018452031953139737
0.0018110506247058132
0.00167341557381031
0.0016649239270216708
0.0014130277108221029
0.0014058206953960234
0.002899883821524343
0.0029324140274132214
0.0029662303417022826
0.0029713369947549037
0.0029230550150785945
0.002845653241149712
0.0028393182218779756
0.0027875658112625685
0.002769740438072783
0.0027516638306497535
0.002767354264743398
0.0027559262334614534
0.002739619992636469
0.0027160774487634755
0.0026770018684669104
0.0026736481260125167
0.002636908848331873
0.0026634113104430056
0.002638521509121952
0.0025870372738642125
0.0025810009132159776
0.0026262146773754057
0.0025904616478347083
0.0025778794658209564
0.0025361859133217765
0.002531714767542895
0.0025521687997388637
0.002535294535493393
0.0025304757167543684
0.0025235344154021593
0.002515388741705785
0.0024801419525429962
0.0024801228688216027
0.0024840764123226556
0.0024567945690180813
0.0024537529515628316
0.0024435455722379533
0.0023676113245381975
0.002326132379305319
0.0023298467784910125
0.0023139036792574146
0.00230172136229961
0.002257750958960968
0.0023176651305845215
0.0020288883592536103
0.0020326733497209567
0.0020335144297198636
0.0022185987293008047
0.0019286765592688737
0.0019550466272591567
0.0018730925052555635
0.0018546944553963832
0.001847922593866169
0.0018403301035240694
0.001869572376706759
0.001987437779764038
0.001965524857666383
0.0019713270074024677
0.0019093562844098972
0.0018791765677332953
0.0018645468409000056
0.0016806830856404165
0.001646895560073879
0.0016626249336910662
0.001666663583009034
0.0016617845468930353
0.0016366575566886844
0.0016735521220279414
0.0017395156106386285
0.0017387311834479782
0.001751291849359404
0.0029989387548994273
0.002993029378410391
0.0030018220841083374
0.0029361914896599635
0.002884691795142532
0.0028770249482477084
0.0029622465813860847
0.0028985188716130024
0.002857289127586778
0.0028498736793389837
0.0028462803024369493
0.0028848112120840597
0.0028111670336800226
0.002799706566152019
0.002777503310854666
0.0027796752187826393
0.002771316236799398
0.0027603402865769787
0.0027410127392955863
0.0027502403644382757
0.002723700861789216
0.002754051895869924
0.002791546274034118
0.0032690031927012937
0.003255793791576756
0.003253216935964129
0.003211180577797788
0.0032162854276975854
0.003223648630513302
0.0032451176778183926
0.00323052528494207
0.003220345766011092
0.003311671466345559
0.003301528465147666
0.0032737429077882236
0.0032683235727225626
0.00324949633267549
0.0032379483237098047
0.003283147321781144
0.0033177649865663143
0.0034207988335350696
0.0034107827695234764
0.003408576663926679
0.0033485272824691496
0.003334017709251268
0.0033142644128208213
0.0031957821299432366
0.003182378970226114
0.0033134780978146664
0.003158671822106675
0.003139846138478557
0.0031374753982802493
0.0031428264812856403
0.0031124261865547033
0.0030546609002179517
0.003068154258168458
0.0030607289917561295
0.003047682145330593
0.0030724942453071885
0.0030533160944813927
0.0030179198755936124
0.0030100228932794203
0.002928718761749512
0.002928469237374814
0.0029160617177282746
0.0028856666222582734
0.0028823549666260814
0.0028459412596697443
0.002818345245938696
0.0028526341372242235
0.0028450374302106908
0.0028386066841437564
0.0028619010280340348
0.002915874413787916
0.002665418077849268
0.002635134119464057
0.002610164732477162
0.0025895441023116627
0.00256366151536025
0.0025594843475882523
0.0025630950153124753
0.002561438052277254
0.0025450590262239363
0.002540023034426425
0.002542926497049037
0.002473786219541747
0.0024516357342308837
0.0023757581186518704
0.0023607023736964025
0.0024633094138419823
0.002446827636041276
0.002451218914367409
0.002489798989969801
0.0024721360734916028
0.002476177696440133
0.002471139055919861
0.0024801724605894543
0.0025307007980014183
0.0026764863104669447
0.0026641239084372417
0.0026492972503099053
0.002606478647172123
0.0031593630947702716
0.0031489428355567285
0.0031342847225387022
0.003122127328866294
0.0031385208543740274
0.003121119547524193
0.003113416661445721
0.0030852294610688286
0.0030593342233849285
0.003050159246801709
0.0030421984890027154
0.00302879558388383
0.002979875859041752
0.002979021788147898
0.0029990652990798325
0.002937941883693227
0.0029328581152263168
0.0029429418378980354
0.0028475346636945655
0.0028397613746537743
0.002823788698775977
0.002813321711389858
0.00282459789080997
0.002816542522034708
0.0028195394829230633
0.0028222557065741816
0.00281647731568452
0.002766886516458623
0.0027535795118504504
0.00274076539999248
0.002742203856266871
0.0027435969757057823
0.002737275550911683
0.0027215069080978663
0.002718873254253877
0.0027316346227743587
0.002745669638551406
0.0027449507513210834
0.0027424795853197804
0.0027354492306307554
0.0027703638780394012
0.002762460680819504
0.00280813034197404
0.002805744689957906
0.0028957117716168442
0.0029115836350312586
0.00290077100749336
0.0028912141640064283
0.002880127221284009
0.002948429047660972
0.002944058934751527
0.002956272486872835
0.0029521475321838487
0.002922475107698118
0.002925102409899136
0.0029210478555502595
0.0029198594388312807
0.0028958307984164014
0.002927600900444235
0.002911203149680317
0.0028795726145806424
0.0028823571034687708
0.002883881615622259
0.00290956771414352
0.0029036609253844958
0.002898029506433125
0.002933609520705848
0.002930517535128602
0.0029277693957836543
0.002904471008360604
0.0029550798989556562
0.002939381418957454
0.002932313577033609
0.0029325852144947485
0.0029264845154768023
0.002918383273625992
0.002901491143627324
0.002864996566989607
0.00286369666991317
0.00285705148410205
0.0028568238048024674
0.0028969343422822836
0.0028832253943292937
0.0028295631253777796
0.0028192872358993844
0.002822294600196915
0.00288929302618015
0.00289788140772095
0.0028855883640815203
0.0028391304505196464
0.0027789293136500936
0.002673241380654215
0.0026640802077420793
0.002637062331698622
0.002630939534384874
0.0026308578596823326
0.0026122566387971795
0.0026144920736876393
0.0025460749795252254
0.002540114782975083
0.0025360597711904438
0.0025498867444184708
0.002543837054830172
0.002611880466768827
0.0025991510413096637
0.002582583708631438
0.002576930381628276
0.0025554393235881724
0.0025491561121780636
0.002562533326278768
0.002549785323864147
0.002551645497562958
0.0025458578124480285
0.0025424948708899554
0.0025369822989232313
0.0025632149163081477
0.002462505436363225
0.0024457092804525374
0.002434777679257919
0.002432659819993601
0.0024657089351104275
0.002476746218421909
0.002458451167836824
0.002443834154465992
0.002421238376614275
0.002409220904510065
0.002621345216597022
0.0026245363158001185
0.0026248868035403747
0.0026125612178727613
0.0026078552502775843
0.0025997021738358187
0.002751612526405088
0.0024977680451077787
0.002460940882361859
0.002483950978105995
0.0025026381197179393
0.002567561025830962
0.0025106838088363777
0.0024458799959758484
0.0024438253467768886
0.002406620136887375
0.002395150067198639
0.002350686517397381
0.002339859076035505
0.0023257542475997642
0.0023254383835828417
0.002324689005050633
0.0023080510310881574
0.0023052399922327735
0.0023022882615444896
0.002285003598656593
0.002266768513673485
0.0022603413803881237
0.0022843055723021435
0.002311008281679844
0.002305395534034898
0.0023017818965753445
0.002303371220693971
0.002315475633050972
0.0023020444992757224
0.002298636269388652
0.0022937598794362246
0.0022877548821413104
0.002285072903040955
0.0022834403939810924
0.002285024969985267
0.0022898327825725245
0.0022944862448109637
0.002038680512450525
0.0019428200589370617
0.001932262260081719
0.0019407145690801164
0.0019369749502122682
0.0019272337692013565
0.0019213242705441805
0.001921782417631143
0.0019264295161582296
0.0019227647446885877
0.0019410178085564748
0.0019782663147050556
0.0019793362049712743
0.0019819023163227395
0.0019670648401823275
0.001968600912879952
0.00196233584353779
0.0019648764944604396
0.0019617274593360092
0.0019721466318225983
0.0019682138665995043
0.0019652776936844875
0.0020051623812217608
0.001995415065051427
0.002009980876627429
0.001995379447173584
0.0020135556551193587
0.002007299430682983
0.0020009631872158792
0.001964666029907505
0.0019369847911245074
0.0020220794153887204
0.0020017875751802156
0.002004767367132023
0.002002468466876462
0.0020011596402277243
0.0019981664766261053
0.0019882237565338715
0.0019846821382981847
0.001982633252283354
0.001980742947616421
0.0018792468206230122
0.0018715604490802953
0.0018636146289903364
0.0018652639144225453
0.0018670006751767274
0.0018458580258841437
0.001968798668488583
0.001953361237268935
0.001989549317684863
0.0011981098300871639
0.0012008546493821502
0.0011971634367192764
0.0011939380727643337
0.0011997008448369094
0.001726046483200449
0.0017526720182097924
0.0016103868807226
0.0015943037645067535
0.0015707302333738955
0.0015671768239384474
0.0015854565743785133
0.001684242393248712
0.0017360216740829708
0.0017402737773064146
0.001742838832449611
0.0017772082344115656
0.0017771722499982908
0.001771487273133169
0.0017661984134617148
0.0017243516790663557
0.0017055677999203345
0.0017255807492152296
0.0017105738438203029
0.001710159499110636
0.00171183595612615
0.001746106471832591
0.0017142739894432837
0.0017169981892213287
0.0017171334782764452
0.0016841143926663847
0.0016794498899781983
0.0016659089089145888
0.0016591286892219518
0.0016580073456195009
0.0016587617872864417
0.001549854271485982
0.001547109329706229
0.0015441817014944254
0.0015415204608630574
0.001545449013095094
0.0015556118954082822
0.0015654056490551418
0.0015624228972303232
0.001561335270484137
0.001599764440006182
0.001531225499093122
0.0014922403803911903
0.0015077560553587402
0.0015005631641661285
0.0014893245387162517
0.001481426236419183
0.001476643265173988
0.0014614982168780785
0.0014706612251581118
0.001476645711359714
0.001475943905695414
0.0014803507115416158
0.0014579885767384065
0.0014495720293896714
0.001451478253123387
0.0014551723709902637
0.0014549286150120733
0.0014538618217155089
0.0015355702041103645
0.0014846313344213657
0.0014831697964111756
0.001479941502240924
0.001469918692294494
0.0014699204091138938
0.0014651364005069053
0.0014691618161118876
0.0014637388043337036
0.0014607947612571969
0.0014735007945148452
0.0014734299011351297
0.0014682382718256715
0.0014506146290271516
0.001413805464231155
0.001416076204380561
0.0014152213536120792
0.0014095743081748396
0.0014039854052745407
0.0014399682341747688
0.001437524714682902
0.0014375570205116873
0.0014335466832306118
0.0014878014245879956
0.0014876733412249184
0.0014817622338765082
0.0014806646264476971
0.0014821548817881343
0.0014661896934892082
0.001458082882096228
0.0014689324365077232
0.0014885056144616424
0.001554110527578311
0.001559526946597428
0.0015533988576500975
0.0015468934104093794
0.0015454035741908467
0.0015474948856278035
0.0015487582540046902
0.001542283316617782
0.0015331000894616047
0.001494983735684681
0.0014468451262137868
0.0014464912878110778
0.0014613994267475595
0.0014547973476766363
0.001251723974703655
0.0012446839218078166
0.0014885810441628115
0.0014172067483189678
0.0014162481869093673
0.0014272369892733775
0.001429103230941662
0.0014253628933613455
0.0014242946047525865
0.0014133004305587232
0.0014752314271035448
0.001464229823087634
0.0014687534249565746
0.001457338892200735
0.0014598650848157626
0.0014599064633713259
0.0014808320264519798
0.0014773866496135604
0.0016029029149062294
0.0016072847964646176
0.001603459335921335
0.0016293231534628035
0.0016300984649430016
0.001638283538752213
0.0015189356503677609
0.0015392287697222604
0.0015327791727622333
0.001533612290345824
0.0015288262741922703
0.0015294729522728672
0.0014969070223834887
0.0013498375517129817
0.0013585811052841744
0.001357562853659381
0.0014162861944217629
0.001046639326684976
0.0009984543442524097
0.0009973744905018922
0.0009906395475567354
0.0009882219264031788
0.000982721719703078
0.0008127228439348509
0.0007252291577103573
0.0008016063276679025
0.0008293076299954285
0.0008666691834647675
0.0008664042538600199
0.0008872226542050657
0.0008729288798922248
0.000871058558078745
0.0008758296331837852
0.0008752082372576236
0.0008806592399006313
0.0008820091879373503
0.0009018179876875338
0.000898868722955048
0.000902684577131812
0.0009286874970553386
0.000930243204349571
0.0008817102933561064
0.0008864138858618125
0.000887225682234834
0.0008937524611004213
0.0008956459600619611
0.0008788164734191037
0.0008773821232003098
0.0008539063003139856
0.0008520674564155914
0.0008568883132010247
0.0008576936128984051
0.0008558205877416743
0.0008541791828407568
0.0008750537325878103
0.000866218396194268
0.0008651885291571158
0.0008619117354934208
0.0009473065071949535
0.0009417275632561913
0.0009404824125844558
0.0009390797860627821
0.0009379817438216761
0.0009531819761575458
0.0009382639487442061
0.0009289926825234551
0.0009282789418121888
0.0009315660418725702
0.00095227181716316
0.0009483451075125404
0.0009534002242879006
0.0009400674374631408
0.0009513377832220592
0.0009212453943271439
0.0009155689902560931
0.0009084587532979451
0.0009084128113110094
0.0009018375183164282
0.0009025377956399724
0.0008903286957467282
0.0008988084020379208
0.0009137600166732495
0.0009124958699280818
0.0008740044337978751
0.0008712850836687172
0.0008730349754409876
0.0008669430987608299
0.0008797276760943739
0.0008837701408011243
0.0008698983242242596
0.0008725937493914985
0.000870763969365364
0.0008717405365412434
0.0008696650358587683
0.0008603626612948271
0.0008659708062378992
0.0008708079352754192
0.0008684844860943392
0.0008649142623377831
0.000892694968076969
0.0008917606338956887
0.0008897715980202041
0.0008826980650306542
0.0008825442564876802
0.0008774556375244963
0.0008764306516791957
0.0008724740214392998
0.0008695509654336996
0.0008729103104216953
0.0008655302252503074
0.0008522057757966337
0.0008500847712266506
0.0008703534222285137
0.0009156968215082053
0.0009149399960922792
0.0009474770760296961
0.0009478431928589881
0.0009443128875979013
0.0009406847966467636
0.0009408323368327714
0.000936133941980764
0.0009360075851717003
0.0009360436826334642
0.0009381926225534556
0.0009347781067618218
0.00093010521496215
0.0009288014871610951
0.0008833468232900299
0.0006781529499523537
0.0006783516747989924
0.0006776208456137511
0.0006779475195313931
0.0006782673723405759
0.0006750910921439858
0.0006777219405853073
0.0006838945085635291
0.000603059795531701
0.0006117580597640576
0.0005857227645658588
0.0005854924575720608
0.0005796223517758333
0.0005772632065594717
0.0005845050442929066
0.0005821140043100097
0.0005615530711877409
0.0005585140096453026
0.0005639806837323327
0.0005719794471663773
0.0005766334897717733
0.0005674257647604936
0.0005705444178231468
0.0005757748274576543
0.0006324357206333
0.000630730472438876
0.0006194964271730439
0.0006143275221919207
0.0006251240718077414
0.000631568995994721
0.0006282421608601721
0.0006049321395826292
0.0006030800970185934
0.0006006313851983081
0.0005927686301279564
0.0006090495207539095
0.0005998525264060506
0.0005964684273299289
0.0005952712770310801
0.000594497335977255
0.0005920447780319644
0.0007039055426302918
0.0005578418718843924
0.0005285805454681197
0.00043090627401170655
0.000420374937323189
0.0004200067683065687
0.00041846545480939075
0.00039341107500337404
0.00040636293215043454
0.00040274536647527746
0.00041581914951413924
0.0004153156944992298
0.00041451067760603095
0.00041200957247752824
0.0004426201385316906
0.000488620210085906
0.0004882507548847648
0.0004953393295967185
0.0004931386264513637
0.0004906677159251655
0.00048650193093429343
0.0004869988589847871
0.0004737513951503706
0.00044638427034216334
0.0004079255813315945
0.0003013027988484396
0.00030005418646680875
0.0002980730046422962
0.0002974074331791139
0.0002975186072145378
0.0003016082311419899
0.00030242628747117486
0.00030157686024269887
0.0003014285132110191
0.0002995232334208933
0.0003024638285781638
0.00029571775304147735
0.00020295672022054982
0.00019992817924725288
0.0002008988047724922
0.00020152203392811253
0.00020010085691599382
0.00022037083377372552
0.00021423909858025785
0.0002283991246869315
0.00022727307914705342
0.0002406541470988468
0.00023014385517124107
0.00022474747204184346
0.00022652512952765395
0.00022774021616471177
0.00022514734717679375
0.00021126065874370862
0.00021226701630050026
0.000240076820277628
0.000228916659594004
0.00021111272971041813
0.00021174156965333946
0.00020627100888152668
0.00020404814638353363
0.00019824894497167393
0.00018392484577552464
0.00018529193388137444
0.0001857360852891356
0.00018791737878723642
0.00017444035156664482
0.0001752206908359528
0.00017431959659202023
0.00015999615125530543
0.00015559718441638212
0.00015647414033236672
0.00015781257593370477
0.00015292552799464927
0.0001472588992367226
0.00014701066622943294
0.00015336281390377523
0.0001529563505464907
0.00014171167707551608
0.00013969310306227777
0.00014131130401263956
0.00014131039857073676
0.00013908458459285124
0.00013755194577723918
0.0001333977713154658
0.00012901299422643584
0.00013005453593187394
0.00011821903546480487
8.771556959943723e-05
8.838911608883304e-05
7.062012009325945e-05
7.262960732572835e-05
8.99983091970583e-05
0.00013645861340282333
0.0001228341373283293
0.00012057896535625013
0.00012163819283425264
0.00012236776290723022
0.00012281727640962707
0.0001322997944589942
0.00013635330256031464
0.00013128041195468846
0.00012999275305102984
0.0001396406819862036
0.00015851488259807395
0.00018154552092765466
0.00020254576451752561
0.0001976538424153816
0.0001986741131873952
0.0002974848288240428
0.0002974844314044457
0.0002964431563760347
0.000289247193141056
0.0002919005119959644
0.0002998877578863974
0.0002998335982823041
0.0002997875734017663
0.00029885705876054133
0.0002968707928240657
0.00029443774645532294
0.0002921229957669815
0.00028719595952508397
0.000283073595196544
0.00027896562118220685
0.00020821320665419696
0.0001827118760698133
0.0001803095526933452
0.0001828231585083547
0.00018252762363570138
0.00018706043541030489
0.000184930650789281
0.00020067994412253628
0.0002253346682000112
0.00022392281358982386
0.0002242958542951193
0.0002196397436639364
0.000230748177306004
0.00023143655989469523
0.00022441122852978642
0.0002236808823226715
