0.01507788710296154
0.017950412506858505
0.028919590171426535
0.03290883861482144
0.027876657744248714
0.044206361685480394
0.04553596209734678
0.03909580937276284
0.034876275714486836
0.027451189996843987
0.024127410181487598
0.021298810409811828
0.020463074291391034
0.01929287494470676
0.021345170971471816
0.020573995240470943
0.019302479392434988
0.01662580520649882
0.015172775078099223
0.014559779061181914
0.013259903580712324
0.009816311269431659
0.011130650809112316
0.012388099702075123
0.010367639909068553
0.014281068385268252
0.014033738631821637
0.01326630547931739
0.012950800281638902
0.011988517422709736
0.01197578168648761
0.014246573657587623
0.013715130235890256
0.013287746184505523
0.013050457847485734
0.012895970350458617
0.01706835512059594
0.02484177895642531
0.023308140246081167
0.022728047364891122
0.022608531780341376
0.0221099223140194
0.01794110681988638
0.02901976277223892
0.02793951894399589
0.023578743777297278
0.02303979476952615
0.022504844826323037
0.023846020689234138
0.02489245039246538
0.024343085502131052
0.024639019874399
0.023848624787879764
0.023551106292077087
0.022730525657867214
0.022329107302714854
0.021129474156247125
0.020608368329703804
0.019625039848809436
0.019792363704105864
0.0201884729096726
0.020556857705944107
0.020479549260926426
0.021562057461303005
0.02124640309237733
0.02077779507806607
0.021278911766678305
0.021319558523406362
0.0207679648517764
0.02097067085068515
0.020597575947047312
0.02052225265970887
0.020373018839195168
0.020649508067096273
0.01977363442328121
0.01954349592122455
0.009477160557603035
0.009341943004062473
0.009188537727459338
0.008579331516276727
0.00815478006729902
0.007825218082169995
0.008229050682746765
0.008115372568478484
0.009836365471507406
0.009305013432006902
0.009108895057579506
0.010832176577781195
0.010717058215393793
0.010193872779791995
0.00999832844473017
0.01630772164301767
0.016120221413810688
0.015238835571921978
0.015062399436525698
0.014229440883992575
0.014585386728867897
0.014501205386800907
0.01417542008217425
0.013693609316418378
0.013309060445274508
0.013077068852387304
0.01328751841971938
0.0126031821637991
0.012578798172433146
0.01343049495002238
0.012596721480669527
0.012652183477040556
0.012426838147538635
0.012565518758754746
0.012417888954847259
0.012454263886552212
0.012917887243818042
0.012669571979052356
0.013040640812913158
0.012978866135176185
0.013317430214325007
0.013058483048866537
0.013384632684756082
0.013458471048684912
0.013345745199390502
0.01318420225761953
0.013076225401751046
0.014932892010547231
0.0148243993383995
0.014734236519842412
0.014621896127209776
0.014491493600716667
0.014432174185864064
0.014636878055726535
0.014609684860757137
0.014741603484643364
0.014649881654655318
0.014761904164872794
0.014668598480056977
0.014603455465993965
0.01440535091956997
0.014158053501180828
0.013988554201621036
0.013935198607781894
0.013781146903876482
0.01422449249214122
0.013942423687290612
0.013592792530383533
0.013272970605462996
0.013235345238908418
0.010385714732488066
0.009979805599698086
0.013996637174859643
0.013826122862095667
0.014900733395111993
0.014813443715836294
0.014925032838961329
0.014713498814812593
0.01468009635125502
0.014530188786637064
0.014526845289017017
0.014140903730086
0.014137397301965395
0.013959702431160657
0.013887590179679755
0.01386965103047483
0.013799446451807078
0.014058145811555513
0.014087379448598319
0.014541220453896834
0.014586739285039672
0.01438229074619005
0.014210869748528827
0.014219688135880038
0.014212774647518902
0.014115903954522281
0.014454068784634096
0.013804142366030382
0.013486512849340208
0.013413283908160892
0.013643277952907956
0.013688319594229894
0.014626707423788802
0.014638133612024025
0.014610211659161433
0.014564280904564861
0.014508234901333468
0.014427258031493102
0.014477526826623786
0.014495726253956873
0.014501094577853825
0.014511811391760904
0.014387003824997103
0.014253981755217486
0.01415944917486437
0.014078929122788299
0.014022791393331645
0.014285324895993256
0.014193926941441865
0.014179642835802156
0.013884847126477818
0.013816102143451943
0.013507931756321338
0.013361463955700838
0.013319349027063583
0.013768242479398328
0.013708749922978524
0.013813544419117087
0.013777342688256094
0.013694499949992132
0.0136059849576738
0.013608217729549656
0.013757624698891522
0.013720277160565007
0.013600552065807549
0.013650848287564346
0.013585193424320248
0.013576392281453969
0.013548973835659799
0.013704382252239961
0.013763490320960862
0.01642495119034155
0.01711859822442586
0.017063542136425212
0.016975490491719803
0.01689314262966538
0.016883906047691462
0.01681359764964631
0.016849442281599566
0.017938678242606712
0.01790799735994242
0.01888508319917774
0.02080705644836164
0.020634091805436884
0.02059630182087984
0.020536312988815364
0.0202291676029364
0.02023741558857976
0.020223589262321314
0.020331173784979763
0.020247359744942277
0.02022603204109508
0.02014916467402752
0.020158177863852864
0.0199723490205986
0.01989854052816154
0.019905393966091957
0.019804631686788438
0.019758712504119657
0.018517680409617036
0.01847864533849662
0.018302935774037882
0.018009319376200445
0.017785100210680676
0.01773717048917972
0.01752606359689604
0.01735872071324372
0.017293963842459178
0.017359603805743983
0.01733445079547829
0.017340356619422185
0.017240293710546504
0.017043753525313864
0.017067608653685496
0.017119760523756394
0.01718766870288739
0.017210580286866235
0.017214857700790447
0.016989572224018167
0.016875423485768988
0.016757858366316276
0.016639503260873628
0.01655758913020018
0.016686849569303865
0.01662129988322063
0.016549692493471102
0.016488703469113616
0.016397155294702825
0.016335716247313968
0.01621702186900297
0.016143784719886166
0.016029702114587242
0.016765044452248353
0.01665403602667174
0.016404570696887024
0.01641791996643995
0.01635747679413304
0.01637255281205862
0.016194822068669734
0.016155536347174322
0.016007828984382095
0.016100704688280766
0.016053863616202615
0.01602305151995023
0.015931790593927037
0.015834851729017677
0.0157094495923363
0.0156658531346169
0.015618105451033672
0.015553515759392364
0.015492541115260659
0.015612337750540026
0.01564142572984566
0.01564681029973701
0.015541945670273422
0.015578336656983433
0.01548968181975254
0.015462590239323745
0.015242036783366223
0.015176910844651219
0.015167789223608447
0.01515667456783156
0.01516407442620896
0.015153860318260364
0.015123873887671679
0.015106504817066286
0.015037962557135489
0.015024948272196257
0.014928340026040427
0.014927041206959854
0.014844052374777364
0.014793571178344463
0.014794481671015098
0.014791241603449422
0.014692934904058083
0.014609093518513938
0.014562245686344498
0.01451870685210452
0.014526456807835741
0.014171859046368827
0.014074628601076439
0.013983151931167052
0.013978249386877223
0.013923512385374509
0.013856413136537933
0.013754901911625672
0.01373677478296666
0.013723247523815724
0.013718742883308252
0.013669229743868196
0.013640755116381584
0.01359213438969529
0.013607065256869917
0.01350575584226597
0.013479414049294995
0.013663681540821492
0.013623470667584502
0.013584516260543494
0.013557405160898834
0.013526058473667238
0.01341715260728627
0.01339249323918765
0.013335473405396838
0.01322142705102412
0.013181302751697585
0.013342665621506915
0.013532713910309593
0.013416295306770217
0.013471560016093951
0.013471318622438
0.013392438019128972
0.013309633343423465
0.013228283884301275
0.013327757128478243
0.013283411342874488
0.013244736486514808
0.013190633450714102
0.013174025698769081
0.013166704186800713
0.013126326466996829
0.013116495345615405
0.013087988113997093
0.013042740178659466
0.01299121820354067
0.013101735223342563
0.013037344591564758
0.012994927360693668
0.01289158098058155
0.012861518150609133
0.012762218670220435
0.012697651377132553
0.012554196720404708
0.012519010146589661
0.012462101541850672
0.01242338192493153
0.01248989759411848
0.01241785068244402
0.012270020506066553
0.012139712027249948
0.01207258821481921
0.01211037568522368
0.012076064947259957
0.012027055991646381
0.012037254757393161
0.012154862505017914
0.01182814491450616
0.011511312761618214
0.011607500318367084
0.011569038298065692
0.011531680369613606
0.01158417640347502
0.011522301444713785
0.011491478820244087
0.011408908468145101
0.0113945035624436
0.011369841831196657
0.011336738277557493
0.011317468389012153
0.011396849932111206
0.011389163719045107
0.011326749245698943
0.011288981507150894
0.011262020766706687
0.01119594479706524
0.011147778517836753
0.011108183071268703
0.011077610220043622
0.01105135390857594
0.011031396510029134
0.01104130923993131
0.011116278346524351
0.011086883643660965
0.011065790479187858
0.011028042765065475
0.011015191573403579
0.010978036189818404
0.010947051128171575
0.010653602292021632
0.010608978418249667
0.010647400421503743
0.010641315601201445
0.01058622626091152
0.010573451302886056
0.010557686309994629
0.010548738952045963
0.0105442128830598
0.01043144034069946
0.010455155419319571
0.010406745781020878
0.010433509796287746
0.010382883341745879
0.010295922252331524
0.010281634890204509
0.0095307435213415
0.00941790133038835
0.00939981127670245
0.009365205954931266
0.009341470528462003
0.009291326071291269
0.009299608938822052
0.00928198796009383
0.009171668294519559
0.009138199605901414
0.009123495041300849
0.009070414215953714
0.009064738387493805
0.00903182677960019
0.009002097221833375
0.009080498381910983
0.009059275682486748
0.009123004810893745
0.009105820846535906
0.009089921536455539
0.009053582895406746
0.009033102244005168
0.008993833338060834
0.009033711436633644
0.008988572943702802
0.009006693397832
0.00899342236095866
0.008953823249985596
0.008943895381110322
0.008740919256431766
0.008731228850805153
0.008751283873006274
0.008823651544457838
0.008814057492135775
0.008847864850264927
0.008810677494892378
0.008786989472290518
0.008753184093419117
0.008714309155380564
0.008720886054106815
0.008661912110081844
0.008522214416955037
0.008509477392872066
0.00847271401385829
0.008453839554237782
0.008403397814565679
0.008362597821926266
0.008346222462545278
0.008245135803484592
0.00824845445143981
0.008241303283410611
0.008310889714784123
0.00836980860033564
0.008365217167688517
0.008350330217085271
0.008349666862305904
0.008319504049635199
0.008318839239690127
0.008349231457655487
0.008340655882202553
0.00837207353979901
0.008385362999944619
0.008384412895458994
0.00836574563499963
0.008353852105873293
0.00832888786548706
0.008293227288521606
0.00827391989448696
0.00823800123306055
0.008205177160676145
0.008230790642189012
0.008420328086288006
0.008397698130598832
0.008391835113975094
0.008374736676483132
0.008354676931217948
0.00834025269063735
0.008316911902005824
0.008330396661251826
0.008306730475305809
0.008315816780227372
0.00831332956325892
0.008305354746618173
0.008342131333639362
0.008268865035857912
0.008247267105450633
0.008193420830584325
0.008219917919797638
0.008179009998833846
0.008131032886328434
0.008124289209237528
0.008073645426212942
0.008058756130343861
0.008018920395160542
0.00797720293505726
0.007961541428161197
0.007935373887794306
0.007896763691505531
0.007930141336289758
0.007917896000219988
0.007913985495350547
0.007938824244345296
0.00795583529603662
0.007942266815970305
0.007935355370223449
0.007918923384733425
0.007891432840378791
0.007874365025633318
0.007858497537744613
0.007826518801739436
0.007851433420588451
0.007848634797193114
0.007849441503682365
0.007841907158037578
0.007843430114276538
0.007826309312464124
0.00784330447866954
0.007820868080729737
0.0077811845905007525
0.007734901854356782
0.007717858811856183
0.007718041308329427
0.007682826983197349
0.007670462610887803
0.007655511785348034
0.0077495586818952895
0.007675277514751124
0.007678793750221275
0.0076721808983598976
0.007627038445666822
0.007719890180658775
0.007711282146889454
0.00774108322400658
0.007706523740271473
0.007701058967200956
0.007741617248636124
0.007731512877718903
0.00774341835648427
0.007722539598418201
0.007711048592443993
0.007668207411970076
0.007638195588387855
0.007630369078454211
0.007645370799502714
0.007623464802407428
0.007613881056851773
0.0075915836006422
0.007582535483750838
0.0076898740796634765
0.007670302691837867
0.007649307394110284
0.007619727964157465
0.007597597417599109
0.007583305937875383
0.007571188841375108
0.007577485313104628
0.007577588158882717
0.007592037558029204
0.007555644835993797
0.007559523425297812
0.007550166096009885
0.007565330501074944
0.007534338246874982
0.00751685231537805
0.00749608194205356
0.007480634761191969
0.007478813078259068
0.0074290559314249575
0.007420542496042436
0.007406310850685679
0.007377542159596306
0.007364577838802543
0.007369609083030771
0.007354507045683845
0.007344433388150323
0.007327788994366354
0.007297185219060542
0.0072537014019015515
0.007223532117996518
0.007239970645581886
0.007217080539674314
0.007201671607079664
0.007198689494246133
0.0071660800671312416
0.0071505157191306375
0.007139631508724594
0.00712995546939746
0.007240039121454501
0.0072321313876060524
0.007253172876875081
0.00727935547891727
0.007254978002320175
0.007320547264546016
0.007303781022261889
0.0072865660969666625
0.0072844004853037
0.007247647608292628
0.0072417331554381
0.007215686998707543
0.007205421120852408
0.007188826773058503
0.007185337869008002
0.00721521663546858
0.007205472800389704
0.0072011091592071915
0.007202681444960883
0.007165205824441514
0.007157448064165773
0.008296876623512655
0.008300440017796626
0.008288802532282463
0.008278150210621987
0.008266667325451123
0.008258452224498903
0.008239186247224205
0.008214302604401164
0.008182683879423811
0.00816056755996638
0.008150686708201935
0.00814567245869319
0.0081559021844678
0.008143695381282215
0.00812174686166454
0.008120256585243627
0.008085830002424445
0.008071471102253956
0.008049697611104658
0.008033340014423206
0.008024930828776474
0.008019939748963015
0.007967164506875514
0.007944239220402483
0.007942374153661218
0.007929678321059506
0.00790536996537682
0.007899076341787088
0.007922360296701628
0.0077758881767042804
0.007766913414218869
0.007759777383334418
0.00772567258242767
0.00770708653863173
0.007692247350399534
0.007634223830339512
0.0075909110555173786
0.007579532199072227
0.007575711097467958
0.0075690162014134975
0.007565473150583566
0.007552796339386723
0.007539110448765373
0.007496815749997208
0.0074961128136315095
0.0074882760255796125
0.0074815845591009395
0.007468388819814145
0.0074591186367592615
0.007445125473846005
0.007443877916485976
0.007402968392208484
0.007341735183391533
0.007315689195219448
0.007299036854198453
0.007296092993618168
0.007281100330709195
0.007276929576753272
0.00726984468498827
0.00726960304454311
0.007312875290464331
0.0073146467682459505
0.007299471451539374
0.007289000726017181
0.007284423500315129
0.007139140457640134
0.007114710921252316
0.007102541713949356
0.007100864205732839
0.007098534796257248
0.007098251894784779
0.007044176933898903
0.0070112883152075945
0.006995065700794234
0.007044493014000636
0.007040697360894959
0.007017118536449714
0.00700709137983156
0.006987571066736722
0.006972759316280707
0.006974863799576955
0.006969167213896547
0.006965957766971471
0.006937955858811224
0.006943637438072085
0.006931410538021868
0.006923881396065234
0.00692720549633795
0.006913319652697284
0.006908338308018233
0.006939111651045542
0.0069282270064168466
0.006921882537779918
0.006916595060196947
0.006904390354062311
0.006893839606447573
0.006886669456249343
0.006877946148732
0.006871567677579937
0.0068587360345356355
0.006851953784832596
0.0068427150172647114
0.00681872423541374
0.006809580384798851
0.006796684471477855
0.006802414334332821
0.006784830067618228
0.006675255152648786
0.00667296566201074
0.006674997291437385
0.0066638559006229415
0.006614654537330164
0.006611963167787214
0.006996338751079675
0.007043323072291754
0.007091173009001606
0.007071821152132156
0.007063178056118499
0.0070070804276921375
0.0069867880822585045
0.007012433910082973
0.006972057888716731
0.0069645224932560704
0.006963712376421153
0.006947638822600784
0.006937826386438108
0.006943534494512868
0.006936448542734242
0.006922821636492104
0.007057081918686435
0.007079508147140865
0.007065660279253142
0.006907195656184138
0.007062555542867752
0.007075540476022492
0.007060956339603078
0.0070455684809304885
0.007046769624537466
0.0070252273851689655
0.0070209368367692435
0.007009825614710069
0.007161788402870888
0.007183607772252301
0.007183435775537745
0.007146710584314204
0.007133270993371909
0.007129609897665374
0.007129863133942403
0.007118426379674654
0.007142391108997039
0.007133889862205669
0.007127677309472346
0.007110726693034701
0.007106884097723414
0.007104470836002132
0.007103006391518455
0.007117028936009088
0.0071016108357490814
0.007130899953729757
0.0071214720096262184
0.007111601765667305
0.00710059879078202
0.007101354329496835
0.007091619220186366
0.007099536696781414
0.007089100662724421
0.007077073235174731
0.007080461319906044
0.0070898887079572145
0.007087285229818118
0.00706446378012654
0.007029682134523727
0.007022546013159537
0.007016070505074189
0.007005001601225834
0.006985853139817708
0.00695405830562143
0.006937496655753963
0.006929878443779376
0.0069166340882136895
0.006922226458619686
0.006917607074453362
0.006904514230095428
0.0068985201280786276
0.006849065175821384
0.006844352492377246
0.0068497310781887675
0.006827842138277905
0.006800663833743688
0.006778216488924166
0.006761791726139445
0.006747255688207502
0.006790239799012764
0.006761387681745872
0.006756430268537615
0.006762795973359774
0.0067627774500880495
0.006777944189038661
0.006742537505887595
0.006739805223435915
0.0067309775550230535
0.006718209554092031
0.006721384283276957
0.00670124085332697
0.0067109725982126035
0.006723458611002072
0.006705543405971391
0.006701964317913722
0.006688842668135295
0.006647805925134393
0.006651795249980118
0.006572004579593766
0.006548305495073439
0.006548898552012042
0.006524480240742453
0.006535081865776096
0.006498020353647643
0.006501720995916753
0.006487178856609264
0.006479310357068994
0.006479490840716734
0.006439730958329337
0.006429537706031393
0.006417056783018351
0.00640704829056048
0.006398818631358375
0.006389333846213833
0.006384158311003758
0.00638816881561286
0.0063707176868070346
0.006366094376101715
0.006344614967350609
0.006341353537855467
0.006341109310110239
0.0063358874563910934
0.006331563787804805
0.006324518179240784
0.00631824469288552
0.006316113383662782
0.006291212814290822
0.006280120538949136
0.006289830824047636
0.00630007465383719
0.006283040832178183
0.00627610245601573
0.0062668529006491645
0.006241234297722365
0.006242678873832125
0.006229190208782773
0.00622699298438402
0.006213578854440702
0.006204660277548511
0.00618574814544707
0.006167596061872747
0.006158182724524173
0.0061546669855641264
0.006163539536887764
0.0061592995038471455
0.006136796121297372
0.006125580908012396
0.006105824553824473
0.006102199981514892
0.006108406675680731
0.006090237496704382
0.006146083010694932
0.0061306603237539815
0.00612000949140715
0.006116338279173262
0.006111927238167823
0.006120924072025385
0.006114423313978468
0.006106811446743851
0.006105215323806558
0.006105157949449349
0.006096437803961753
0.00608466583395703
0.006074975323706015
0.006067438272023368
0.0060811910610065875
0.005973349256770428
0.0059017697175319656
0.005950127457555198
0.0059449708783035305
0.005937438417515122
0.00592760510654948
0.005892026257369429
0.005930208424037768
0.005925583118244736
0.005914566510044126
0.005931792957893171
0.005927269130949428
0.005920240333696408
0.005916450755017709
0.005911940002262515
0.005904994565038776
0.00590337341939523
0.0059070048748118935
0.005901036895330397
0.005896266311739745
0.005899385563772077
0.005897811352349166
0.005891034277921891
0.0058754562470608096
0.005895667669575857
0.005896712485037541
0.005902748363390542
0.005892759792937011
0.005883371940928188
0.005869001970786263
0.005864216313345727
0.005869798617816475
0.005844040837018843
0.0058380603747218065
0.005835084726879322
0.005830926073577042
0.005804740610809982
0.005789197898871595
0.005809521085205957
0.0058011607919285675
0.005785102294095315
0.005770319555719102
0.005768956568544574
0.005759551730583621
0.005757540848889201
0.005753625456880515
0.005751791094398483
0.005746759744390899
0.005744811622923309
0.005743552287002677
0.005738245993372914
0.005733789521417195
0.005732768165970427
0.005725147480091226
0.005729779403149574
0.005721245878400943
0.005739324654499123
0.005735446930169206
0.005729823836233355
0.005863429203006969
0.005860569133138837
0.005870341207871893
0.005854549266855392
0.005846473982462041
0.005851393280276942
0.005839407123858119
0.005829055114445226
0.005825713642752369
0.0058182052996846095
0.005808723063065484
0.005788736115495557
0.005782112131624523
0.005774368519108985
0.005754789089246502
