-0.0019140795338898897
-0.0123686872733136
0.04306764656212181
0.03409865002613515
0.03674822818720713
0.03063202474731952
0.026210119991446845
0.023671106500033703
0.02597132824594155
0.023827989426949484
0.02178505703341216
0.020029386389069263
0.048214118154386865
0.04494982901960612
0.04217536975193071
0.039768686744055766
0.03817541639242942
0.03145212043493397
0.03013226360199041
0.028979096744608655
0.032003597784999074
0.030407254204518442
0.02978360399235195
0.028929371931590137
0.027839611785916183
0.02683784847613424
0.02699647079238535
0.02603414856652119
0.02590277427419399
0.025393782029559293
0.02433246714281267
0.023643105100332334
0.024751126334783345
0.023732255938063773
0.022960358849053994
0.02237628390886695
0.021631825390565945
0.021151052674469654
0.020388760702917348
0.019896794780634518
0.01960477980208538
0.01911358047969812
0.01859131722647527
0.01817371100316651
0.0177559668119774
0.015570386943278551
0.015346965186229978
0.015252364092572983
0.01491075916332192
0.014575398213220936
0.014428601372995979
0.014159795249930909
0.01387095825770369
0.01363600572539408
0.013338824917549823
0.013101538101501197
0.012912651886742005
0.01266441572905454
0.012433630830976948
0.013040170666559391
0.012969872776715586
0.012960174296047558
0.012835802020617838
0.012383968302030823
0.01229800491824844
0.012051347835569758
0.011401016728675176
0.011258287138923103
0.01112161138319476
0.01102198773796643
0.010497290310821772
0.010525258378785938
0.010353325318302825
0.010288143443176514
0.01016601318559351
0.00999599124430436
0.00998904919124936
0.009861020754088488
0.00971893851346976
0.009332687482970795
0.009231461957026062
0.009132902732284464
0.009013254847169649
0.008807006453999369
0.008588169839809817
0.008504702482471538
0.008411149744047587
0.008417411253125704
0.00837146187194674
0.007871043864205207
0.00768588004101057
0.007540670389707585
0.007455023267848828
0.007346984532992595
0.007239646624839219
0.007262986361891622
0.007269365064103665
0.007230211700479769
0.007100747863005377
0.0070381770414729
0.006979865994128651
0.006929470015660341
0.006869949190821407
0.006975735445407084
0.00794880662002504
0.00798378190733971
0.0077500056043694095
0.0075776400778831375
0.0075309505016775795
0.007468478930096754
0.007409894591286761
0.007256785228145844
0.007193265966443026
0.007314116760465802
0.007183601663890495
0.0070433143271843735
0.007204111185644051
0.006034497791503072
0.006390708275163586
0.0063406104662827
0.006304539691062347
0.006353718710034457
0.006281306582804386
0.0062274017544696105
0.006182682062134272
0.006146491468653969
0.006097386623764577
0.005959941092188209
0.005903229373395263
0.005856344431797788
0.005810085524320707
0.005732308641575885
0.005748233280849203
0.005701597206859365
0.0056441482407963645
0.005642549367090448
0.005578420689625603
0.005720736885509493
0.005842241177015239
0.005781914069006014
0.005742040447932569
0.005627185358544583
0.0050213059018157456
0.004955619600790167
0.004897732072257061
0.004858044459113098
0.004816921589785175
0.004776231977278399
0.0047306489089775534
0.004742678651021061
0.004722800486361898
0.0046931975145460565
0.004690193527778038
0.004654824282061461
0.004600683775396859
0.004575469992794603
0.004539335279631919
0.004559244837999235
0.004573680946941752
0.004565464023674945
0.004556878483268567
0.004528932235981455
0.0044374338819868275
0.0043908328041046265
0.0043700231890178715
0.004403349163842356
0.004383902691621363
0.004366645658097353
0.004317937591130272
0.004309936551590267
0.004268338795237619
0.004226315689607622
0.004200233662304947
0.0042040027750356685
0.0041707402097017655
0.004194966497575199
0.004179051423787399
0.004111750478587668
0.004086332176343101
0.004056958519536568
0.004191490930839634
0.004094926850877252
0.00406576634968983
0.00402427829315924
0.003996310505176703
0.003993209187401448
0.00398184959533652
0.003576652260750373
0.00344206094795434
0.003382128044638021
0.003380507690887198
0.003397470269484299
0.0033650257961180085
0.0033348255951214283
0.003326023223721402
0.003313183649381045
0.003714760800343213
0.003693020242034115
0.003669822757874503
0.003612100157642912
0.0035928382968621153
0.003438975252460559
0.0034210515522692555
0.0033801344395104106
0.0033608645558734778
0.0033369096386041707
0.003318040544260073
0.003487016936473365
0.003472283762779889
0.003468530635201592
0.0033998861236229816
0.0033829238352107854
0.0033346383987978207
0.0033150605340271705
0.003195716154651668
0.003245631400506501
0.0030940310015458517
0.0032046112238820765
0.0031950116038470654
0.0031091643302971162
0.003113589898488061
0.0030499107771837135
0.0030237398405006436
0.003013726970336094
0.0032446267404202087
0.003238354507774234
0.003783954950529482
0.003769488618851493
0.0038263365828796617
0.0038108285333814137
0.00383421949074295
0.003806649187510806
0.003781948414602338
0.0026325846773304806
0.0026241347875191594
0.0025497683998588366
0.0025314543563275875
0.0025390545645422864
0.0015690158508126287
0.0014602568741313995
0.0014810323625493245
0.001415956947342172
0.0014201880500176744
0.0014040000060791845
0.0013999834757750691
0.0013864560933879847
0.0014269975193113421
0.0015508585335288513
0.0015699288527248475
0.0016517344530833286
0.0016804890399235199
0.001629744739094091
0.0015763254948721248
0.0014906131076927837
0.0014688787922523309
0.0016394285085395476
0.0015959901474154594
0.0015925880215664776
0.0015888033747055185
0.0015748900510112076
0.0016045353413365812
0.0017687061626929833
0.00177781495508636
0.0017758851535925862
0.001767168757553861
0.0018612199373785729
0.001925605784822781
0.0019191886315885697
0.0018936764324920432
0.001843504987101202
0.0017998693559039768
0.0017976990271736687
0.0017924048258272129
0.0018117019310805308
0.0018014816304312829
0.001784677228605419
0.0017723568595599142
0.0016968316336180788
0.0016872459138020182
0.0016695426896527728
0.0016648030192971085
0.001654512810647531
0.0018462727334543866
0.0018419982587689933
0.0018392243321620333
0.0017442949009144181
0.0017287732868377782
0.001718267350486616
0.001708912223994993
0.001702906009005035
0.001682114295026751
0.0016523493178118914
0.0016820616707313519
0.00168152631189422
0.0016803643681939631
0.0015886133420673124
0.0015837646819238634
0.0015853263802178567
0.0015824879583669865
0.0015795570421125468
0.0015564035211415345
0.0015537034070485065
0.0015490375092332778
0.0015656530051721205
0.0016005748165375743
0.0020688096480747475
0.0020594464869362447
0.002053043352399314
0.0021379662161287436
0.0021488186777898796
0.0021327317750920245
0.0021524855812353983
0.002130047040198085
0.0020743589066634254
0.0020735828558504734
0.0019489734682213396
0.0019341317393872686
0.0019258255307594797
0.001904541026669907
0.0018929668126999206
0.0018769303862416215
0.001897516177070472
0.0018725184372333087
0.0018687296040857675
0.0018682893913059297
0.0018418903623861425
0.0018343858620671523
0.0018580358284016071
0.0019235668942035973
0.0018997214693404498
0.0018741137469790528
0.0018713557117341771
0.0018617567344161594
0.0018692860101808392
0.0018763077012928498
0.0018906060133671047
0.00188594061596121
0.0017098670411212153
0.0017090895213186773
0.0016982377495867972
0.0016875973077523636
0.0016820693889031432
0.0015775317429912819
0.0015768657817228637
0.0015489953002963798
0.0015980057319879876
0.0016012032752643886
0.001609533438195523
0.0015972812022248847
0.00160386988190348
0.0015987500389449238
0.0016011324569829655
0.0016916250755930205
0.0016880432429926791
0.0016872773733901762
0.0019222164366959108
0.001980444180402601
0.0019732438872437333
0.0023185136783771096
0.0023161759388012656
0.0023086236159346814
0.002304868695256239
0.0023141431600299366
0.0023558378177344166
0.0023540281343160615
0.0023303600734738
0.0023243476004174025
0.0020883583214019175
0.0020739510137040354
0.00207808416569292
0.0020889971059933586
0.002116735905784013
0.0021196140726078283
0.0021067314095950408
0.0020912531240839557
0.0020858390672553605
0.002113932100689491
0.002100804162787346
0.002100674269527911
0.002093067342061626
0.002085979496807239
0.0020746926619159456
0.002074176208907378
0.0020690259036862074
0.0020547095897916375
0.001980820695691546
0.0019787973193235767
0.0019727597766673196
0.0021135837959054033
0.002114591437935013
0.0020998781603376168
0.002109609344919659
0.0020994783741384213
0.0020955678874249547
0.002085614911835607
0.0020817303197266063
0.002081088577256771
0.0020738986646406444
0.002098580380552452
0.0020940513915453196
0.002076542664846914
0.0019990224318281913
0.001981388909686337
0.0019523821618080309
0.0019183210930941894
0.001914938678750451
0.0019067458480433363
0.0019063933088283671
0.0019000377367597058
0.001893634448542292
0.0019008786202373365
0.001907342064578301
0.001883853580715511
0.00189116685658256
0.0019434077196889988
0.0019391042494289919
0.0019351353160184772
0.0019422867259667519
0.0019705752400720213
0.0019796229126744862
0.0019824643989984126
0.0019764673309791508
0.0019510435126474776
0.0019123711315778055
0.0019064926700978107
0.0019039275963431952
0.0019011197039268926
0.0019068869857507237
0.0018912051254098305
0.00189303364538536
0.0018871382152509718
0.0018991907269023942
0.0018941372360584611
0.0019184942986821543
0.0019159204226575702
0.001889542974273248
0.0018799896229065968
0.0018745060607176806
0.0018668124259751185
0.0018600486768668332
0.0018689295012167808
0.0018254032056451784
0.00182831838475551
0.0018283613931957992
0.0018248262134826488
0.0018161013914492023
0.0018133053205409487
0.0017991452374809835
0.0017951911659393899
0.0017811991689941496
0.0017894531151514724
0.0017550786513584398
0.0017430578224619441
0.0017390403826209322
0.0017720660198073486
0.0017670152210365576
0.001759327332337703
0.0017498074020035916
0.0017393482356767563
0.0017411246992508282
0.0017359395666668841
0.0017318001936479515
0.002036596054902729
0.0020302069511124394
0.0020180292037323693
0.0020156219246153144
0.0020244552444917394
0.0020259799466017655
0.0020227669017448893
0.0020232605344997533
0.0020212037350698328
0.0020229235561229873
0.0020145515755078305
0.001948941797508224
0.001958973114398319
0.0019525003114781632
0.0019444791416473968
0.0019379844208537694
0.001933454492488336
0.001925131582689868
0.0019112753300711206
0.0019100585783201286
0.0019060091047224522
0.0018992802305819174
0.0019267161281917415
0.001921529889066594
0.0019154932631893482
0.0019024292638921546
0.0018805115148710233
0.0018721108233305808
0.001864520295776763
0.0018664103244104536
0.0018378987739631856
0.00183419430148647
0.0018309110133897454
0.0019281013380132751
0.001924202376507912
0.0019354753371853997
0.001866715953889073
0.0018694022469798377
0.0018643456159808435
0.001861376137023463
0.0018594300931692427
0.0018621029532549119
0.0018595904463581424
0.0019136935647168815
0.0019379676611327287
0.0019179871069962252
0.0019149200035791013
0.0019107735718369469
0.0019038992288926717
0.0019011485708805302
0.0019065366511458303
0.0019582890058038056
0.001933809869108018
0.0019308901592610403
0.0019173535375245042
0.0019238640409627384
0.0019206628614483656
0.0019192392483405921
0.0019158691130643213
0.0018875558351589045
0.001885915489918208
0.0018777748993653383
0.001870678634872572
0.001868383856023049
0.0018669008808997638
0.0018552450293119196
0.0018507661706743835
0.0018475006648048641
0.0018454369238135337
0.0018421577451163992
0.001844154818015993
0.001817205559411175
0.0018238776540498826
0.0018139259698785584
0.001809805335919937
0.0018056989141775775
0.0017865548259309182
0.0017878759153737735
0.0017841557591259617
0.0017799373351808905
0.001890987839808934
0.0018886714510207396
0.001885040172255487
0.001877128147759342
0.0019035802972052658
0.0018982981096907368
0.0018865936013488962
0.0018757027617195966
0.0018687403907002291
0.0018707660952486977
0.001906365258825124
0.0019206295697110813
0.0019141113976638097
0.0019572267781807666
0.0019557127990053927
0.0019546234827157137
0.0019470598761732378
0.0019531619961044825
0.001954097030754783
0.0019369970058623661
0.001939770465998265
0.00194555501818278
0.0019377910371831976
0.0019277598076693837
0.001898524194523779
0.0019022130546723108
0.0018983483209331913
0.0018966798592096247
0.0018748528973510429
0.001873415053385697
0.0018961598634442418
0.001891098133308572
0.0018802183047025936
0.0018766213294588358
0.0018987476592682076
0.0018886907221403616
0.0018787281076897532
0.0018651162945623762
0.0018638936402492205
0.0018574445344480555
0.0018392980491626096
0.0018284082133123974
0.0018442596630519118
0.0018426292305978851
0.001841279135468152
0.0018309430741619637
0.0018284054006394654
0.0018092341627098342
0.001800472963254467
0.001799036491827957
0.0017965444110734539
0.0017930884759955353
0.0017864694166948088
0.0017842124329358862
0.0017954643241855587
0.0017962538896094356
0.0018011626667187885
0.001801415841279557
0.001789834561132739
0.0017878290008642363
0.0017694578724234882
0.0017671045641345579
0.0017685184438510063
0.0017722735154216977
0.0018399723395352942
0.0017895765921058183
0.0017311752783363621
0.0017261293089114852
0.0017257579478657426
0.0017222837308728657
0.0017146242460909448
0.001723806380589564
0.001747886313869343
0.0017443213129198782
0.0017601110782959563
0.0017446448948604473
0.0017431340305202282
0.0017396003478799113
0.0017368090039544392
0.0017293485753794337
0.0017203803738364267
0.001720275220461193
0.0017174990095842376
0.0017148371389658597
0.0017376620662443156
0.0017244207462894098
0.0017244355490667745
0.0017220350741571151
0.0017151313102059982
0.0017694579774850795
0.0017758078383074733
0.0017908004170291037
0.0017843180618493453
0.0017832753306446301
0.0017658332787011852
0.0017641333370150354
0.0017632006589337861
0.0017630605896289799
0.0017375889986048472
0.001733134043349382
0.0017306039856560813
0.0017280795413580244
0.0017299220022835929
0.0017285264967615106
0.0017878326250663863
0.0017822920718545683
0.0017893166919552325
0.0017869983323498915
0.0017962990297378499
0.0017945743413493396
0.0017938447324906232
0.0017923055175569239
0.0017925915533452109
0.0017864715594426608
0.0017760047778382143
0.0017632842284501158
0.0017631573286604266
0.0017583815675887905
0.0017479016551573147
0.0017081281197421367
0.0017077988926845515
0.0017147263947697524
0.001690738107434892
0.0016889008067468363
0.0016965878408980474
0.001723359907855998
0.0017215126589133515
0.0017171231827456824
0.001715872645490893
0.001716098697442823
0.0017223667388756715
0.0017655536523563124
0.0017616612016429709
0.0017604549948091368
0.001758329034641293
0.0017514490473023484
0.0017458379960932234
0.0016914419044127505
0.001680492074634231
0.0016828176411341608
0.0016789731816332525
0.0016751677694987106
0.0016692536665625965
0.001665568203383854
0.0016570036070207139
0.0016566440082688772
0.0016506786189721984
0.0016468931918425702
0.001640608219857662
0.0016328547841627076
0.0016288441149891987
0.0016244378115725555
0.001621797632139336
0.0016237833829702885
0.0016179788651469885
0.0018020731245666543
0.001797293953589232
0.0017954920999889814
0.001797135880403023
0.0017941807453261617
0.0017850817305109326
0.0017910066027283446
0.0017947452874552796
0.0017936080110887056
0.0017825392877540334
0.00177770918372287
0.0017776878974908768
0.0017150942104460578
0.0017109637065209186
0.001714500955488537
0.0017138396168283542
0.001712485256652069
0.0017067834715161865
0.0017048534613691745
0.0017033112040395967
0.0016748768812021504
0.001695490809530991
0.0016942516011822122
0.0016937732984427338
0.0016894606468193683
0.0016856774555835034
0.001685972007368853
0.0016846418092184463
0.0016795449864655423
0.001676244846908799
0.0016803468518238273
0.0016764901859497613
0.001676103128090046
0.001672870894015165
0.0016718578435868765
0.0016701481703079474
0.0016692543623661698
0.001635942499888189
0.0016367989010572462
0.0016468674843852626
0.0016428957685323494
0.0016348554884520927
0.0015720891873946103
0.0015697658609227366
0.0015709105889096088
0.0015513791066784706
0.0015516989526882681
0.0015522256954236036
0.0015606741904663846
0.0015594718625605926
0.0015565292958390274
0.001559341496865577
0.001563632074937588
0.001554701104280268
0.0015664327167534838
0.0015609241841856249
0.0015576298021717594
0.0015467317804457668
0.0015458316212185383
0.001542112193995533
0.001507337283489096
0.0015069516216355738
0.0015163788102009158
0.0013234320346002053
0.0013208591751815333
0.0013228401041002133
0.0013211190145465813
0.0013436508192404195
0.0013514790024727996
0.0013432930959803968
0.0013362093765717938
0.0013339503417653352
0.0013353331428611291
0.0013315491544561107
0.0013326303018717882
0.0013285603847499662
0.0013344730791680893
0.0013363429753019218
0.0013315980242127197
0.001328849103243408
0.00133010283425906
0.0013490794044814854
0.0013699351310048498
0.0013435212261465699
0.0013444566615487884
0.0013497131871079153
0.0013473178008289513
0.001350994569964237
0.0013487793888977782
0.0013460829760716785
0.0013401785091758473
0.0013436015526236556
0.0013419168430389957
0.0013366564944406487
0.0013308423812193446
0.0013300711817608958
0.001327810273578966
0.001321243783198743
0.0013196084105659177
0.001317830419789051
0.001316712585574213
0.0013160173517462693
0.0013273222638702801
0.0013319401636512432
0.0013253272568402826
0.001324502509097461
0.0013053831603502437
0.001307261453688125
0.001325338386433994
0.0013276670772641665
0.0013277156690261666
0.0013221769961226674
0.0013923929296488485
0.0013922711752519697
0.0013882527260672824
0.0013872353059078946
0.0013854435498364126
0.0013839989879920287
0.0013820154720654745
0.0013801329249825964
0.0013805320790701758
0.0013778456843904622
0.0013764046059840428
0.0013741594738992753
0.0013630411147190476
0.0013568575826583885
0.00135534494246575
0.0013414346582600017
0.001342132561220386
0.0013397939869785182
0.0013348578084374685
0.0012921477000264838
0.0012889441408613562
0.001276237820154446
0.0012788093430187875
0.0012751420097376317
0.0012706665005615065
0.0012706852556647308
0.0012679443906810062
0.0012642550529371863
0.0012501797311840375
0.0012536666635891646
0.0012512807066324086
0.001245873494022524
0.0012429941510822395
0.0012402725172108706
0.0012373526556435956
0.0012598005424021238
0.0012566754425990072
0.0012658835892597276
0.0012658541339574515
0.0012674104029857156
0.0012660245339791922
0.0012675270472456194
0.0012668166475927095
0.0012471277042464103
0.0012462775625815433
0.0012445892066735337
0.0012395635830563677
0.0012405706398898157
0.001254743367422843
0.0012524385925898138
0.0012520574989089645
0.0012506176701879519
0.0012442563652315358
0.0012493530058169148
0.0012452864941886529
0.0012402649408529795
0.001234281551725428
0.0012347589369211735
0.001235212342648434
0.001232423588962044
0.0012297522208708736
0.0012274119166283263
0.0012186636862990205
0.0012209891498367767
0.001224762571293729
0.0012218745641263385
0.0012205192351684854
0.0012185727802161215
0.0012191220896234601
0.0012182981340546671
0.0012187925580814736
0.0012155566747133239
0.0012462715328625431
0.0012457939490855827
0.001253439278107027
0.0012524321015668532
0.0012467879164099582
0.001244386865519201
0.0012305574636157094
0.0012329150112103835
0.0012392892286370387
0.0012663199844520346
0.0013067068945592246
0.001298941645853434
0.0012969348175605956
0.0012919614004951146
0.0012937993136925819
0.0012916379820269999
0.001290624227396937
0.0012898439374435448
0.0012890079881463339
0.0012892335968704117
0.0012923317455478048
0.0012912662404498448
0.0012863810045370657
0.0012882012767334598
0.001287183630534463
0.0012819554080212518
0.0012806784782309723
0.0012782438194435509
0.0012582856892765551
0.001239452122701966
0.0012392313289099053
0.0012367785245580585
0.0012449547175770947
0.0012356307394787325
0.0012360459292991013
0.001318241527579494
0.0013176974050890175
0.0013198336788184902
0.0013288702000105446
0.0013308071698907588
0.0013299957168125072
0.001327906281171262
0.0013246551051584858
0.0013301698668240363
0.0013191593423367211
0.0013160156777303205
0.0013138301512908167
0.0013128808345608117
0.001313259986822697
0.0013132779181062033
0.0013104082434375788
0.0013107719808546194
0.0013056166926062706
0.001305408739519921
0.0013111607214645168
0.0013095124258761808
0.001308653573440493
0.001284202475932383
0.001281317386772622
0.001278979933818565
0.0012759034664804434
0.0012795103501479922
0.0012785040604217954
0.001278048254779997
0.0012885582350852635
0.0012870512816069888
0.0012814063173322533
0.0012782571088112166
0.0012751250226447491
0.0012711763271198379
0.001271061222355424
0.0012874341000973912
0.0012633754187464697
0.0015457013028920552
0.0015440928085582817
0.0015422153535415916
0.00153796659889415
0.0015285924568312727
0.0015271834347986564
0.0015151016089999662
0.0015148611469606532
0.0014968778550798999
0.0015001715605003634
0.0014839184525579187
0.0014714634440018976
0.0014642548496400312
0.0014653144062284566
0.001461141972251108
0.0014605673909458044
0.0014597286029395212
0.001478731201881834
0.0014840330706639906
0.0014729723032378865
0.0014754131611358608
0.0014704265003932647
0.0014689138854255316
0.0014696134967751816
0.0014784804569992094
0.001476090437813096
0.0014759302795748473
0.0014749459218196409
0.0014729890816504753
0.0014718315457431183
0.001469059724828964
0.0014885675595597237
0.0014865797750125383
0.0014834826358905236
0.0014853386932483065
0.0014857044948326523
0.0014760688708843055
0.001473787994716507
0.0014717164672210814
0.0014681530550377333
0.001467233411548146
0.001466100881491072
0.001450453941969954
0.0014490263768878716
0.0014466271166165834
0.0014446117470892702
0.0014433318930257499
0.0014499903500490069
0.0014457419488624963
0.0014416984348171009
0.0014396546267990912
0.0014392373424849754
0.0014385206866877754
0.001431541472697185
0.0014318964935984418
0.0014258487117313262
0.001424770405590342
0.0014257910992085544
0.001409779481388422
0.0014075607761311738
0.00140239637921767
0.0014078703122234102
0.001407849787230594
0.001402438159921675
0.0014010482746551363
0.0014022226038906693
0.0014016631865271254
0.0014015628955703547
0.001400498867049295
0.0014043255777328246
0.0014034967557448282
0.0014037234612272777
0.0014086090221891584
0.001407944194608959
0.0014117636777264493
0.0014180923879572166
0.0014172272843964951
0.0014167462839902887
0.0014959874061300283
0.0014957046224063635
0.0014972533353379764
0.0014966433822304107
0.0014967233632843858
0.001494846034897737
0.0014937108236573798
0.0014904252206909485
0.001481398629671111
0.0014788706138847145
0.0014719454560189014
0.0014739965481427957
0.0014798470598026828
0.0014771865559130883
0.0015954119378333957
0.0015946409750126206
0.0015880363757259203
0.0015863910872346008
0.0015872873152732246
0.0015870334617452508
0.0015917048284786069
0.0015875321572579749
0.001613540333499425
0.0016131982400906218
0.0015796572311295777
0.0015736827787527548
0.0015802439699981277
0.0015809441173811139
0.0015809981369885571
0.0015797292113127058
0.0015840114313512028
0.0015834908868979226
0.0015786785305117626
0.0015778104701921617
0.0015796716807800685
0.0015823556299900605
0.0015972908815762325
0.0015975858777629178
0.0015925178646325347
0.0015921235490888807
0.0015815658295533933
0.001588793113322788
0.001589895897822922
0.0015787398815476608
0.0015741875452347039
0.0015751023329442144
0.0015735703820071115
0.001571844836343914
0.0015585684865583908
0.0015659756078691717
0.0016564664923144246
0.0016367694324304672
0.0016359434807438878
0.0016463274310581052
0.0016522982508336906
0.001655651273593019
0.001647468682835381
0.0016461678051859152
0.0016448675108558714
0.0016452534771396027
0.001645233379241445
0.0016398384887711826
0.0016404716698626498
0.001635754523957104
0.001631261332074589
0.0016300698325746727
0.0016289633992114848
0.001630053209345972
0.0016251043998834383
0.0016227948382662644
0.0016175213446608131
0.0016038299788079834
0.0016223138930417822
0.001621434295652996
0.0016158333125961624
0.0016290205145767318
0.0016247255854748574
0.0016203245780527452
0.001624899974682822
0.0016242494031368851
0.0016187457009531618
0.0016102438877352865
0.0016102272222276197
0.001610113536410779
0.0016096278976124555
0.0016099550227569174
0.0016077319618684022
0.0016026184563059259
0.0016002276709785007
0.0015990339971954717
0.001591543743681373
0.0016279744973807183
0.0016271174601415158
0.0016235342442012888
0.001623933552577297
0.0016238195406288165
0.001618972752546939
0.00161122045616279
0.0016059248685550795
0.0015765536731443064
0.0016003917781557586
0.0016043094956274516
0.0016001567895868839
0.0015781425705073395
0.0015769513219085817
0.001569764384841397
0.0015705211904947134
0.0015669457665780792
0.0015703227836574973
0.0015727562686382692
0.0015767623916191718
0.001578392557118354
0.0016009162424270276
0.0016181399916180847
0.001618425243260906
0.0016164689652904522
0.0016212600333370647
0.001621171618818815
0.0016183238895324489
0.0016123596040112668
0.0016061456330106736
0.0016068114066993895
0.001605105917714445
0.001601330722084656
0.0015993557124583519
0.0016035836846227678
0.0015878287199139487
0.0015863124005358422
0.001584509565585271
0.0015836346499849185
0.0015821353447250193
0.001581664609215911
0.0015752366851498768
0.0015756107312606678
0.0015735459541159889
0.0015584793599956093
0.0015491859017934494
0.0015444661735665472
0.0015430766756557622
0.0015439473543119508
0.0015353657024006887
0.001535467396191806
0.0015315362101021909
0.0015378166891356223
0.00154711779021868
0.0015520020604494098
0.0015515868991237988
0.0015508339426662683
0.0015596685054315171
0.0015577413624597626
0.0015587522234024632
0.0016723394105768407
0.0016677553570227318
0.0016622165128048368
0.0017093763240935526
0.0016833797657534394
0.0016821746983623586
0.0016802316233597348
0.0016808932214250586
0.0016754235667909866
0.0016739889395031176
0.0016727842893887392
0.0016503203945143594
0.0016491109782268414
0.0016605808349852058
0.0016595822084790536
0.0016600558309619365
0.0016867221666181157
0.0016819195180761675
0.0016772603517448456
0.0017107413390585492
0.0017067886454657515
0.001705949344634567
0.0017087984481509964
0.0017078451976807536
0.0017089515501100118
0.0017077066753699902
0.00170654256294575
0.00170637561693931
0.0017068893535375823
0.0017087566146499619
0.0017024938409911836
0.0017031450860378367
0.001698912152533938
0.001691093788191831
0.0016909413180201593
0.0016888935391762053
0.0016875928466748493
0.0016877780682941757
0.0016596821528210817
0.0016580372773080617
0.001659520548609161
0.0016575015739232583
0.0016463021605569498
0.0016471528782360805
0.0016443782804032368
0.0016296152549921683
0.0016280819777313995
0.0016200521116867066
0.0016202263471211391
0.001618999167803672
0.001617909268570803
0.0016144649725725521
0.0016134758798341338
0.001614524975382088
0.0016162654583012945
0.0016170202005601052
0.0016158161336539373
0.0016157750458033462
0.001618749113746975
0.0016226244348521864
0.0016243358287491814
0.001619935173691824
0.0016198636598450194
0.0016204517636628538
0.0016189108369009798
0.0016206778558786013
0.0016206585905129572
0.0016184502196331392
0.0016156251026321741
0.0016133656388736674
0.0016104790582335488
0.0016115949558390547
0.001609126483386121
0.0015751145604514986
0.0015734250743046198
0.0015722774983996269
0.0015721927856313551
0.0015705505173435467
0.0015694924424516146
0.001568967965323292
0.0015802197934707187
0.001578504631760081
0.0015772871007348399
0.0015732950055208786
0.0015658839128184368
0.0015672612098053883
0.0015567030630373572
0.0015546161432681137
0.0015505488623411528
0.001564910064663483
0.001564863855258889
0.0015590397209545976
0.0015565480507995747
0.001554060530474321
0.001554034073312184
0.0015533737105783965
0.00155157448364624
0.0015507835670914257
0.0016694232173807885
0.0016882430071380541
0.0016832195857113049
0.001679373749416022
0.0016911572986431638
0.0016910623638842397
0.0016887862879994772
0.0016848139752396506
0.0016862840432296563
0.0016851912456985014
0.001684703192191844
0.0016823981239963656
0.0016569665673258065
0.0016525488219463376
0.0016511384611120846
0.0016521575535402345
0.0016490981813483073
0.0016480993551914026
0.0016490144218864163
0.00164849269866166
0.001640268543839052
0.001638350502092463
0.001745206011462352
0.0017507998324365688
0.0017499295005309553
0.0017526650128152528
0.0017498939775027042
0.0017491126695949074
0.0017485449036854477
0.0017424190167309066
0.0017621305489820224
0.0017593903924990391
0.0017583834430439196
0.0017575455778879047
0.001754994937672629
0.0017592413224079716
0.001754815277900426
0.0017481551431873482
0.0017464430342116581
0.001737980456152664
0.0017362043782955133
0.0017349752390772488
0.001735987133019216
0.0017334079860738918
0.0017274398157949781
0.001728660886197231
0.0017270819909611852
0.0017274170007037608
0.0017280101850446036
0.0017547287328137098
0.0017523577967070872
0.0017498201330350678
0.0017529691069291837
0.0017545565514884352
0.0017526656863757306
0.0017265063927136314
0.0017254145776214277
0.0017250752460394813
0.0017265688570900887
0.0017251246679384606
0.001724017624210094
0.0017227999573086485
0.0017209259575154082
0.0017253374636010113
0.0017281473184329545
0.0017374693993061872
0.0017365199107638933
0.001731226275280479
0.0017299132243478327
0.0017282731256466834
0.001726659227550047
0.0017256490347274643
0.0017275867001149217
0.0017313996397533508
0.001729434822902117
0.0016560106524327156
0.0016538724194775406
0.0016697007259983139
0.001664862110041964
0.0016690945471396757
0.0016740655400601504
0.0016876108606926823
0.0016810746639502145
0.0016704846977843076
0.0016689257831230097
0.001823416897183816
0.0018214340481652518
0.0018207688349274479
0.001814150233011482
0.001812793061209067
0.001830631148665569
0.0018298080169474268
0.0018277713503498066
0.0018178331567025106
0.0018101583806622514
0.001809449050355758
0.001816720398886421
0.0018155720479283613
0.0018145585116152402
0.0018122997890317853
0.001810634756900689
0.0018103263689169047
0.0018098672989138908
0.0018456857970018344
0.0018354286022778737
0.001828624004963953
0.001823650827518878
0.0018211628306404146
0.0018191797365084638
0.0018166421595688217
0.0018294052951840507
0.001830492192570159
0.0018270823859407712
0.0018175914518564825
0.0018154696513938337
0.001813694306447581
0.0018100500038118995
0.00180887140689135
0.0017937825287688593
0.001790404503333207
0.0018293509688266539
0.0018423480671215897
0.0018414564633508317
0.0018469422621078524
0.0018451907592764367
0.001843259169680261
0.0018417402161716573
0.001841370580847547
0.001837732915656475
0.0017968922951458243
0.0017977102956612994
0.0017954279119525927
0.0017954498403763251
0.0017971391867924193
0.001797755570178024
0.0017971022602599922
0.001881537548018754
0.0018754646748355204
0.0018741643271899876
0.0018716365719998703
0.0018712919986219748
0.0018696405042462863
0.0018684508395585514
0.0018699267240681037
0.0018679895424181252
0.0018670833093436708
0.0018729927326268092
0.0018677244764969238
0.001866951190195698
0.0018696780486642738
0.0018731247776391708
0.0018759139546920905
0.0018766734740357745
0.0018720643366935076
0.001869923651637899
0.0018679810564967282
0.0018663066910371729
0.0018625434766363473
0.0018560545820373486
0.0018556633455449223
0.0018592924589773015
0.0018596982201788683
0.0018534080666984566
0.0018547369163545537
0.001852089379250047
0.0018482441875515366
0.001847070789805326
0.0018451545413599572
0.0018445032641200474
0.0018423219380891281
0.0018424561942837162
0.001844759492867817
0.0018554057200244048
0.0018518152095826476
0.001847485155388125
0.0018329570252436822
0.0018355525184117608
0.0018483120602817106
0.001843163297954031
0.0018431595419138593
0.0018177204425602646
0.0018165724456092065
0.0018151084967346937
0.0018128571599427448
0.001788837102280063
0.0017863030458220948
0.0017836594817549085
0.0017775525520500228
0.0017778398859449782
0.0017711139944960599
0.0017708239647000574
0.0017699210097884691
0.0017742604311058378
0.0017736997592162269
0.0016930685320482232
0.0016927341750392257
0.0016917206979126223
0.0016911747949937268
0.001692646281134366
0.001692689785206885
0.00170197187801534
0.001700130707954276
0.0016945609301940118
0.0016894219712304717
0.0016848337000048635
0.0016836314949536212
0.001679499215093647
0.0016791592293493938
0.0016771589764528149
0.0016761587818845908
0.001673724712143596
0.001673041628972502
0.0016724461279899014
0.0016725101324608681
0.001652590111812153
0.0016545997264894312
0.0016552959960894496
0.0016547986422180338
0.0016562343608080886
0.0016576195460447022
0.0016580086561267327
0.0016583314202452634
0.0016569296140869617
0.0016583539109461698
0.0016577144153860324
0.001657412178020114
0.0016621642932554224
0.001623907790082545
0.0016177096110881852
0.001622008050684664
0.0016201036789860606
0.0016197287773108613
0.0016188131877672208
0.001616457416191815
0.001613965379204289
0.0016097455574591423
0.001609673740544509
0.0016082170395173671
0.0016379649068450383
0.0016374288189986552
0.0016351139918623233
0.0016408953470711271
0.0016449670283196355
0.0016410295820689248
0.0016408422687660413
0.0016397183201456618
0.0016387678906402976
0.0016356283422080888
0.0016333632916086603
0.001631555366004234
0.0016299127116877557
0.0016285139839042713
0.0016269770585412313
0.0016259008989389166
0.0016265150151066948
0.001627532090388728
0.001626856383961774
0.0016276997683731165
0.0016257970417121973
0.0016329255155901827
0.001628552288289413
0.0016275503464474625
0.0016280337348857248
0.0016280037254633231
0.0016271313824112541
0.0016160529785032903
0.0016159692620295993
0.0016147058874494452
0.0016130598172473583
0.0016119903872217037
0.0016138498108232142
0.0016133082496814582
0.0016130588972449531
0.0016137062015668705
0.0016288005707189336
0.001627199558517229
0.0016320123873277868
0.0016269350841330594
0.0016376927319811092
0.0016360933616138109
0.001634576220533063
0.0015843860888763957
0.0015833909326289114
0.0015855355689511038
0.0015846714638492647
0.0015829073684852438
0.0015819080378261818
0.0016046507305502325
0.0016280387381915644
0.0015875232811294329
0.0015861076854217233
0.0015847697772860098
0.0015790898144006755
0.0015816877536275237
0.001581781592323821
0.0015808012032147234
0.0015560699113855278
0.001550344871199589
0.0015628583156293491
0.0015589874953827515
0.0015712391055809813
0.001571041107140581
0.0015704585920935932
0.0015685483607072506
0.001557535244166509
0.0015595970669970139
0.0015589723952161524
0.0015170331438902655
0.0015107216287917136
0.0015102294066410224
0.001519555636715121
0.0015184730999106349
0.0015189087518381714
0.0015134556157901974
0.001514339065297501
0.0015137106361926048
0.0015167044521587313
0.0015151155565445132
0.0015104221849678503
0.0015068509181153395
0.0015058937531311517
0.0015057505894410003
0.0015067356189314297
0.00150734590542211
0.0015045707538962193
0.001503520734254763
0.0015068583946136816
0.001505137401455267
0.0015059254710503038
0.0015026717811490165
0.0015012160428918106
0.0015171128015057035
0.0015286959749590602
0.0015423462369194595
0.0015473373514520094
0.0015506222868631838
0.001550139068001041
0.0015534153742110984
0.001550656983292656
0.0014458094381498807
0.0014442494190764594
0.0014408125199211282
0.0014281239928006031
0.0014251734606673143
0.0014261047312371673
0.0014178353943620661
0.0014153064537078808
0.0014192024107347152
0.001419491217242574
0.0014185681945143756
0.0014146548962510749
0.001412712917905212
0.0014096035301962647
0.0014087747568450664
0.001410403659441326
0.0014104842867755033
0.0014077126986531154
0.0014028656311649399
0.0014088157543287586
0.001408937382449225
0.001433835998993603
0.0014325047302391708
0.0014325203376107033
0.0014301755004812438
0.001430921376487271
0.0014295185500292418
0.0014270235164602595
0.0014258024404063508
0.001421469220292629
0.0014204301574428032
0.0014142526467641671
0.0014156400501003296
0.0014157379381919582
0.0014137468714566683
0.0014210203781555835
0.0014037361607713195
0.0014041422316022447
0.0014008001447821804
0.0013986293458496347
0.001393047419828147
0.0013920695859394152
0.001391453589537131
0.0013946997225289806
0.001393641507680383
0.0013920316657424837
0.0013909722480525309
0.0014042855566658704
0.0014036918767547696
0.001402956896168347
0.0014099286552568375
0.0014091827778936626
0.0014079206762805812
0.0014190728447022972
0.0014181644780401762
0.001417849820329742
0.0014136372648063445
0.001411500849118564
0.0014051566922153992
0.0014473885955433522
0.001445476663291532
0.001444793847863583
0.0014443193021894515
0.0014436506309872268
0.001440932922584188
0.0014381776739231145
0.0014350039475468522
0.0014336585882938305
0.0014398480786660531
0.0014376870851549228
0.0014303046915972633
0.0016174638912233182
0.0016146513415091124
0.0016139891853473257
0.001613569783875441
0.0016229117333424357
0.0016224616147937755
0.0016222324423492143
0.001617457783615783
0.00161527535149294
0.0016142476969842109
0.0016133367785953496
0.0016166502526030267
0.0016186742522609346
0.0016477123277168278
0.0016479073378307422
0.0016512991241157916
0.0015852678124746872
0.0015832081527868875
0.0015824265721090258
0.0015836404227867124
0.0015822049925337612
0.0015835298606087017
0.0015824476828564104
0.001580816595645687
0.001580494654113643
0.001577606076260706
0.001599154127505897
0.0015939841933623221
0.0014694061871435172
0.0014673852028895293
0.0014519422093218267
0.0014369591819153814
0.0014343875083790572
0.0014372331788805538
0.0014397755248290946
0.0014403542721765897
0.0014377289291183652
0.0014310294178200426
0.0014226953595905794
0.0014219415570845108
0.0014225461495475191
0.0014199908105157323
0.001419121081229084
0.0014177700322468261
0.0014208900143543363
0.0014318942844914104
0.0014330746643422265
0.001429474337887714
0.0014236132952335214
0.0014227884538825467
0.0014212726676999957
0.0014304932781653069
0.0014312557880029485
0.0014327838303403776
0.0014348469774992949
0.0014349802309730167
0.0014316275302533562
0.0014292290552569134
0.0014312833959450404
0.0014264159908883769
0.001422548466165154
0.00142393060990904
0.0014230293212402088
0.0014220762012694366
0.0014089568861302072
0.0014095045708524987
0.001408137750731858
0.0014086845499811944
0.001397730414500135
0.001399592265961296
0.0014000402335710756
0.0013998068871077256
0.0013996044583021706
0.001397375044983977
0.0013897341952221576
0.001389040270792537
0.0013508131408848986
0.0013501255427132667
0.0013489169540031088
0.0013497162761609337
0.001348262934379072
0.0013444147384786519
0.0013437390119627646
0.0013437829298250535
0.0013463168219547486
0.0013704689681146682
0.0013702137333262
0.0013702438728379592
0.0013922502481340552
0.0013919173473130716
0.001391360383948993
0.0013888561529038332
0.001390198469988632
0.001391815658846661
0.0013953149798085786
0.0013941331328669833
0.0014101096811217442
0.001410497217196852
0.0014107691303790837
0.0014097253287396966
0.0014218606036651793
0.0014209724425847845
0.0014244606134641898
0.0014129560038818512
0.0014110550001331878
0.0014140863635509772
0.0014176824160580636
0.0014168553685481615
0.001482337883881163
0.0014809602538102904
0.0014855011373458573
0.0014830333173675458
0.0014812041001721365
0.0014913266695798497
0.0010985066185407832
0.0010971123191851364
0.0010990441939931865
0.0011020882865487966
0.0011004794443954784
0.0010997203868506305
0.0010974224655070513
0.0010987895427477963
0.00110017601226632
0.0010985672675887393
0.0011228748310603213
0.0011087046055979592
0.0011073363095661043
0.00112134754326889
0.001119845616329142
0.0011181705123915486
0.0011166709579102188
0.001116689752634874
0.0011153366845914415
0.0011134957721829067
0.0011077937097135088
0.001101294900825298
0.0010993286673518182
0.0010984747370407914
0.0010979030987315586
0.0011013561515580451
0.0010977746539780821
0.0010969623093874253
0.001096594637161188
0.001098430757357878
0.0010961970219657417
0.0010937206406413942
0.001094857128745016
0.0010935695965362461
0.001092114824999797
0.0010916733430444056
0.0010903849179789637
0.0010896830636638111
0.0010892068431050147
0.0010918025917633154
0.0010888086558685439
0.0010898063178442546
0.0010892341582283613
0.0010881461806412824
0.0010769696536113917
0.0010769665728243443
0.0010757000143676169
0.0010764131588832952
0.0010805686369552102
0.0010795858255074424
0.0010776293606656066
0.0010772458375793738
0.0010761892044135958
0.0010760878209776974
0.0010766362652568158
0.001077043665108464
0.0010765520627859077
0.0010767886283500918
0.0010760363437305256
0.0010754630911618906
0.001075281618187556
0.001076874032540458
0.0010795504806161863
0.0010783002246326856
0.0010783767580687595
0.001078416265099647
0.0010793113880918793
0.0010792244717710076
0.0010793996277420456
0.001079742085986778
0.0010798563098912764
0.001079107011423898
0.0010775041501540844
0.0010771821677174522
0.001077547979356441
0.0010775191383782707
0.0010763015287082016
0.001075870121286433
0.0010748423208897567
0.0010743399796648058
0.0010731997988009702
0.001072654533191332
0.0010722302459013945
0.0010713346440944975
0.0010773725453526554
0.001085260169268373
0.0010850199525633435
0.0010821628369386774
0.0010823653958520368
0.0010827196109616276
0.0010880243947279508
0.001088091841681361
0.001089208897530199
0.0010934202420666169
0.0010957446125286258
0.0010896232354788388
0.0010879204979799416
0.0010876946359355056
0.0010902464266816327
0.0010864209103956762
0.001085947784300337
0.0010864308619764587
0.0010855377030127367
0.0010859844932016906
0.001085705199182761
0.0010878754542451529
0.0010872532349191569
0.0010858191256896733
0.0010906493762847243
0.0010898063090827457
0.0010884533141248733
0.0010866607367494441
0.001085276702126398
0.0010854523140399876
0.0010876171825530477
0.0010890763766273055
0.0010904419233372796
0.0010937004718885234
0.0010929852595716084
0.0010867181670558728
0.0010859984283786907
0.0010853622219150548
0.00108451724293739
0.0010849685496617458
0.0010847752983359315
0.001085615620351414
0.001084285773189275
0.001087916289625514
0.0010870881016845678
0.0010897829956587324
0.001091993815016117
0.0010882901011114254
0.0010923471696264273
0.0010902646799783634
0.001087319699193361
0.001090721550255682
0.001089801993191386
0.0010957125557477915
0.0010958845411492553
0.001096495227061294
0.0010945663436698735
0.0010935932801486232
0.001088381864300669
0.0010875289895324004
0.0010873358198831198
0.0010864500099100418
0.0010687351335130102
0.001054641301441327
0.0010528145181780309
0.0010659300240406263
0.0010654162678667813
0.0010643714745969559
0.0010722792532032676
0.001071982261018259
0.001071364800488181
0.0010706568224256245
0.0010704034771205056
0.0010724287390714961
0.001071122181434456
0.0010680225493853819
0.0010643681847316007
0.0010641010359342643
0.0010703369993521955
0.0010696996047192832
0.0010696972841125816
0.0010691315338178956
0.0010681624208150726
0.0010684710608138543
0.001067740349776901
0.0010603482608232352
0.0010615568239132071
0.0010607318202689514
0.001063503581846293
0.001063664548476508
0.0010639703556660656
0.0010628608451236604
0.0010624116414498514
0.001061215394539401
0.0010568736091148224
0.0010557924937161405
0.0010556712804974302
0.0010547830428205745
0.0010539904589024483
0.001054839814729969
0.0010542404648285614
0.0010574020311925046
0.0010577901081056818
0.001057211121036544
0.0010557205736623102
0.0010542752610133179
0.0010532895620174521
0.001054760295600798
0.0010542974059066757
0.0010528986738499943
0.0010519572377312165
0.001053260905707331
0.0010533604888563718
0.0010530748672073716
0.0010553435167295385
0.0010523718723097334
0.0010528289815343675
0.0010524114374178834
0.0010511681801094667
0.001048442520847281
0.001044906634243849
0.0010428151111536814
0.0010422307229169987
0.0010437055461012372
0.001043736904669753
0.0010392528581236074
0.0010387344885684781
0.0010360989692905095
0.0010354238763273858
0.001034636587147441
0.0010325019087910046
0.0010311022393241802
0.0010289751194647997
0.0010271531052775502
0.001028527983911277
0.0010301676508473515
0.0010196111006918964
0.0010194576324819129
0.0010199857929967839
0.0010191419175261133
0.0010139037575352043
0.0010146259551685763
0.0010143324033071682
0.0010165621978278272
0.0010193448902107195
0.0010181060360974102
0.001018107701387568
0.0010187970150978538
0.0010100278795258646
0.0010055269558577877
0.001005072704610635
0.00100918222904958
0.0010050087329618485
0.001010741408918712
0.001009731886296163
0.0010143587690597013
0.0010142322982590098
0.0010155097676332037
0.0010159053640845645
0.0010209573574276151
0.0010187749149664785
0.0010175452917521163
0.0010168617995213948
0.0010160881873820863
0.0010153748539099099
0.0010073214111568697
0.0010065579924124722
0.0010045477503227204
0.001002877687242624
0.0010021581051368775
0.0010014840507039234
0.000999710409049019
0.000999502831302486
0.000998839315551487
0.0010039253797329679
0.001003808995157681
0.0009941482731333422
0.000998391584782062
0.0009969940555624368
0.0010361667202179908
0.0010350940288376721
0.001034244788784709
0.0010320559871531598
0.0010350518144746062
0.0010341133941343633
0.0010339104440728866
0.0010347421462346628
0.0010356054941742523
0.0010345679868575197
0.001033659642689599
0.0010335800170865204
0.0010310076837408116
0.001033998797399231
0.0010334499773328415
0.0010322755364780992
0.0010315014955047796
0.001029974585986686
0.0010306365145677568
0.0010328007372445145
0.0010316427379529632
0.001031921906257282
0.0010285417240786469
0.0010260484003342533
0.0010259227257609653
0.0010101492331029294
0.001007220745706237
0.0010055502156871242
0.0010050683068281887
0.001004621213589699
0.0010047466665924901
0.0010028502459203741
0.0010071444093799912
0.0010086747499213709
0.0010043304938463448
0.0010063226308135512
0.0010067722651727056
0.0010074434909497388
0.001010224048727918
0.0010072232248045081
0.0010107749131752592
0.001017413113443748
0.001016101859318731
0.00101554383035154
0.0010160704966223812
0.0010147288215914126
0.0010139267526375858
0.0010129042002921806
0.0010097837287686288
0.0010093562373715784
0.0010006603959001681
0.0009988535346377376
0.0009949366122918822
0.0010046079848446963
0.0010043148575247058
0.0010059445730396825
0.0010061629018669111
0.0010054380844463106
0.0010084610947543348
0.0010088363517061674
0.0010105033702380464
0.0010096567205337729
0.0010105391139894405
0.0010108569771626337
0.0010098017776487402
0.0010052814068416118
0.0010034450707086325
0.0010016039137727534
0.001001358518844514
0.0010045811968934263
0.0010027386230091835
0.001001848849819572
0.0009995878124119911
0.0010006034401091903
0.0009966964156054893
0.0009964283272645188
0.0009962358688600937
0.0009973819141575386
0.0009982365660019398
0.0009974851407007878
0.0009961268511738872
0.0009969974071967177
0.0009977476007021519
0.0009975310196676456
0.0009970904766330808
0.0009967811521567605
0.0009948705794837072
0.0009945937537140066
0.000997859792834917
0.000997930582498145
0.0009992629552942642
0.00099726951096267
0.0010001859801351506
0.0009966786640903825
0.000995377389033841
0.0010032313865939904
0.0010036102618717346
0.0010032215507626754
0.0010029222258403224
0.0010013892705828006
0.0009995841888759418
0.0010036230142813503
0.0010036694709599705
0.0010037174124766619
0.0010052478777545053
0.0010054589464662382
0.0010045717900197826
0.0010043718250220314
0.000999214971326794
0.0009986792924610544
0.0010059268414364646
0.0010049678279337672
0.001026693792665114
0.0010259614828550864
0.0010258641216654531
0.0010256174973935996
0.0010246461848128986
0.0010231830718471495
0.0010212489012059764
0.0010235430549681778
0.0010270314163840163
0.0010275410605227746
0.0010283593551586802
0.0010288128920743365
0.0010256807963427137
0.0010253366271882744
0.0010282053561022234
0.0010406051997411856
0.0010395630099192313
0.0010399659855389778
0.0010392929399974749
0.0010386692773401234
0.0010369151030839964
0.0010381799621129015
0.0010346693276193863
0.0010346767862857743
0.001034846029628994
0.001032982401268379
0.001032262845347246
0.0010315966383086753
0.0010316665380898443
0.001036941634445621
0.001037055596055837
0.0010349766608265612
0.0010182580872613266
0.0010172099768165474
0.0010178173595126853
0.0010186889344808965
0.0010193153331367224
0.0010195384513093455
0.0010165127650432154
0.0010106055204425978
0.0010100980191208896
0.001008367696668715
0.0010075834638294079
0.001006951749032453
0.0010074214124933126
0.0010083658287837638
0.0010055904128700613
0.0010067052559281004
0.0010088539734957045
0.0010079173826636177
0.0010079100029966829
0.0010106454185056953
0.0010100563927100499
0.0010079901553233371
0.0010065123149026857
0.001002886685125317
0.001003714771392129
0.0010032649878504256
0.001001871368774638
0.0010011424004174913
0.0009965141544722772
0.0010000137861305963
0.0010006468165944195
0.0009928019690532955
0.0009916411780931634
0.0009908035860244243
0.0009898568417858993
0.0009898120806626858
0.0009900130573304426
0.0009893372475928241
0.0009834121585758516
0.0009836836103193105
0.001000410782616238
0.0009940879795956635
0.0009962151107206832
0.0009954087145966819
0.0009952978174667653
0.0009950606458739857
0.0009946703456852957
0.000991907585031636
0.001003080706977508
0.001002553339928225
0.0010027175304930496
0.0009956682114608778
0.000994193359886395
0.0009908976323719952
0.000990713392018243
0.0009866178973414303
0.0009862254954042945
0.0009847030638833636
0.0009816493867495248
0.0009841457516340585
0.0009828042419953776
0.0009830039201059976
0.000982090532376767
0.0009839898066107298
0.0009844019671836294
0.0009836309423257488
0.0009801527724751704
0.00098170597905368
0.0009810202275528602
0.0009809357876349356
0.0009814009359478764
0.0009809564359551579
0.000981387308228393
0.0009838072132746247
0.0009819008620273767
0.000982466645161259
0.0009820725475446844
0.0009830598168052277
0.0009832850209487653
0.000977448843864373
0.0009774165798382144
0.0009768110485857795
0.0009721730289525614
0.0009728858996845149
0.0009721095457493902
0.0009707554621025622
0.0009729232543885831
0.0009767248563158383
0.0009759381215643508
0.0009770401889381021
0.0009781315679617832
0.000980619050245082
0.0009802008805213584
0.0009784703549316016
0.0009766631645160432
0.0009763337776884733
0.0009767377701366496
0.0009745154925406708
0.0009741480822683655
0.0009728831734105492
0.0009703298121682564
0.0009686739227618105
0.0009425905959193165
0.0009418393303873585
0.0009421618153810256
0.0009410055762776788
0.0009421158942163402
0.0009450497865407902
0.000943075840229285
0.0009469223151300842
0.0009453196028151965
0.0009465018382342297
0.0009490954642541098
0.0009475608874894273
0.0009523330868729753
0.0009540407842322539
0.0009531181771214518
0.0009541995919178774
0.0009541840417820852
0.0009522079801403948
0.0009513683561158121
0.0009507470755650662
0.0009508419339092833
0.0009525058025605668
0.0009526436844822188
0.0009526254297266237
0.000950979045234671
0.0009493802167085217
0.0009486660338380979
0.0009494176614792137
0.0009490779622722601
0.0009569906215621559
0.000954771558209412
0.0009556383945707423
0.0009547746857322872
0.000955576392107048
0.0009550943959812755
0.0009549121355200633
0.0009565282117908877
0.000955963915691405
0.0009512693668774668
0.0009513217293700136
0.0009497942666900731
0.0009499519223433113
0.0009536375030260312
0.0009559498705924957
0.0009559181122528848
0.0009559302158932684
0.0009556516216187641
0.000953649953768981
0.0009534545312622074
0.0009530975363650729
0.0009503839959082512
0.0009500021572374768
0.0009534035576734837
0.0009524858792694234
0.0009512611903587442
0.0009510801736214027
0.0009558284736469743
0.0009552980471963696
0.000954862151294286
0.0009567690393918109
0.0009534145082052003
0.000945766272108074
0.0009448873012091344
0.0009433127645488159
0.0009426771803543097
0.0009363329460787352
0.0009351124861237823
0.0009356768152785624
0.0009384686541918653
0.0009409392270655191
0.0009407849308314944
0.0009405248600988474
0.0009423036640335697
0.0009464935042482213
0.0009500292303980973
0.0009494492766182368
0.0009465234339300548
0.0009457079654519278
0.0009454154429338788
0.0009458303426778581
0.0009456411132513252
0.0009458140522521793
0.0009429318521594814
0.0009481832515872714
0.0009324672762674423
0.0009317055701421735
0.0009299407353867097
0.0009241564337865337
0.0009211924836484736
0.0009326137625352155
0.0009307016830072754
0.0009304386162124663
0.0009315379124217805
0.0009300914395445403
0.0009294739674543254
0.0009316615560818497
0.0009284407738872535
0.0009397765490901364
0.0009382158453993575
0.0009383881490058898
0.0009364825877134208
0.0009357380350188053
0.0009333567623784168
0.0009309202644053323
0.0009297047348839511
0.0009292761484090686
0.0009291242639374662
0.0009284686983832897
0.0009276444463808963
0.0009264987278231628
0.0009271475633182178
0.0009264666800596403
0.0009250888313581123
0.0009258318545914154
0.0009206871480572985
0.0009166328295392665
0.0009158299640417743
0.0009220147754627304
0.000921155602952369
0.0009198990051456057
0.0009194035987621916
0.0009193996529526585
0.0009185714385460266
0.0009108692188768481
0.0009112417138880371
0.0011219331425935777
0.0011127511965127168
0.0011091752006923037
0.0011084786996145796
0.001108329035432802
0.0011102419416397567
0.0011098606543355762
0.0011085284638545632
0.0011051611663576537
0.0011051337791004525
0.001104246953022982
0.0011035057899816255
0.0011108691875779053
0.0011100110172955822
0.0011085284171942988
0.0011086398636960793
0.0011075261964002027
0.001105639500471321
0.001105300098359091
0.0011126085731601482
0.00111435572584885
0.0011155369120757486
0.0011175428042645122
0.0011176323674950363
0.001120510947814191
0.0011200922774935818
0.0011191060191844918
0.0011253782914644335
0.001125951526642724
0.0011293320223786422
0.0011289632448829579
0.0011286129647575859
0.0011288829181644658
0.0011522723803730412
0.0011540618617436865
0.0011542044503467675
0.001152923833269694
0.0011567798682012005
0.001156076717219867
0.001161024042463515
0.0011584757787038904
0.0011486275063016076
0.0011482795435466475
0.0011429252981645498
0.0011425627698992788
0.0011422115779828237
0.0011465442702200653
0.0011469168157067695
0.0011465603564730499
0.0011401391899790378
0.0011435087030400993
0.0011608083318788577
0.0011611363262976323
0.0011629002874250771
0.0011636070317602993
0.0011616090427785323
0.0011609082846557742
0.0011591073984297813
0.0011602941442918722
0.0011596750874101433
0.0011301105402614902
0.0011498275894900292
0.0011495149382583815
0.001148781992151418
0.0011485430135391903
0.0011487463739942802
0.001148482213386385
0.0011499354266335299
0.0011487739108278169
0.0011470408619626625
0.0011471253477756
0.0011471220903383566
0.0011461358770025697
0.0011461290616487521
0.0011463878281599911
0.001147603172820015
0.0011505536295534505
0.001151641292985024
0.0011513758724806661
0.0011575001749189982
0.0011793857410527092
0.001178865422408323
0.0011783444454501147
0.0011773698364065364
0.0011770022183796181
0.0011764070444328775
0.0011752778320933963
0.0011740485527131097
0.0011738850664152118
0.0011737228745670337
0.0011732059198611585
0.0011736476196331433
0.0011732159310799868
0.0011725956700449763
0.0011739537626427085
0.0011729462461465344
0.0011733229965265293
0.0011728530366369267
0.0011728181531745227
0.0011747950052733217
0.0011763289303771348
0.001175938713611311
0.0011757055365309438
0.0011758927361364606
0.0011754286045926536
0.0011768484680968242
0.0011761832897395571
0.0011758413651680667
0.0011757014904043332
0.0011740524235025176
0.0011753434860544362
0.001174713279559625
0.0011749866036639656
0.001174218877500338
0.0011735023393102317
0.0011722289312990325
0.001171310930978487
0.0011710653841324925
0.0011713861082507451
0.0011709770040710082
0.001172156150279309
0.0011725483464707976
0.0011717007665469944
0.0011723572891677548
0.0011718222687694226
0.0011626471006774032
0.0011625101917443425
0.0011622656229179663
0.0011623116748218046
0.0011555193063973136
0.0011592782697818018
0.001156300589061303
0.001156546542312013
0.0011561183536807833
0.0011569500775884594
0.0011487646597319492
0.001146293413833986
0.0011462452399523982
0.001145857851498098
0.0011451219578061315
0.0011440310734092114
0.0011436263815146424
0.001139497857214114
0.0011395302112999321
0.0012002886407199147
0.001198525631558934
0.0011982408742915438
0.001193883771828484
0.0011696056682733082
0.001171354344522004
0.001170830059911169
0.0011676064471761688
0.0011664347923749803
0.0011601644808184573
0.0011695023670081318
0.0011689643635161321
0.0011727629260115979
0.0011682516885046018
0.0011674489821691919
0.00116461456198382
0.0011641618678220208
0.0011625868226405771
0.0011617673973389343
0.0011602892478583164
0.0011606049956725934
0.0011607523973044109
0.001160414097441599
0.0011599286763855062
0.0011601015066230894
0.0011614835896778832
0.0011596705819501673
0.0011636445828671197
0.0011619184039703301
0.001160013360526056
0.0011601838782596878
0.001161930217220718
0.001153624672154752
0.0011527138894371698
0.001142733729650673
0.0011413698027638924
0.0011404823533997148
0.0011398460161809842
0.0011397122752268812
0.001139321916434157
0.0011385514051182254
0.0011484836850715707
0.0011486841232855472
0.0011477899423599444
0.00114668950483124
0.0011465479443379836
0.0011461387173259986
0.0011445644428978712
0.0011444541097261095
0.0011428975576743537
0.0011427749575724782
0.0011416645387634947
0.0011408895934995915
0.0011408009851121958
0.0011422770831397322
0.001141863569801266
0.0011385694883179697
0.0011381682123956314
0.001129023262927021
0.0011280614085858157
0.0011292857093220922
0.0011294943510802397
0.0011265530536051056
0.0011269466860314673
0.0011286276843275635
0.001128316194663058
0.0011286001108042135
0.0011288772880854623
0.0011291065137126932
0.0011320001294823647
0.0011309751360673904
0.0011307629660776406
0.0011314511702627196
0.001131599231738763
0.001131665330975654
0.0011313448673779638
0.001129802608988538
0.0011291428375933446
0.0011312144214859078
0.0011361960200579116
0.0011357885789032027
0.0011275647428660375
0.0011315221516366813
0.0011314311493794006
0.0011310337511507014
0.0011300934466350462
0.0011300200151193667
0.0011288551355244935
0.0011316758534345851
0.0011328749877782991
0.0011305081737624859
0.0011304916927606153
0.0011289501239522904
0.0011294688116048098
0.0011283043756170094
0.001129354445260812
0.001129037193282009
0.001128428216198048
0.001129988058431855
0.0011289231311663688
0.0011281975999296113
0.0011285726315165626
0.0011289065658956624
0.0011283990227265615
0.0011278316333974431
0.0011273930799496257
0.0011260468969128286
0.0011252213024916706
0.0011274457269763339
0.001126861709828759
0.0011274136151121256
0.0011350278434727218
0.001135082416621582
0.001134140058896422
0.0011336514891776186
0.0011337736247110629
0.001135789955787544
0.0011359578070594557
0.0011350981107338385
0.0011349030897319361
0.0011347900600599304
0.0011336151208979248
0.001133407747311725
0.0011343004034736997
0.0011343504466658036
0.0011327174103279083
0.0011320394457562282
0.0011321872608575582
0.0011321424738485939
0.0011314384298719395
0.0011308418602688451
0.0011324143400735333
0.0011300591433210283
0.0011293992846101533
0.001129210037461768
0.0011293242428457569
0.0011292368879765573
0.0011287624039087406
0.001127390790411846
0.001126691834736379
0.0011302315310223702
0.001128939263172676
0.001128638281073073
0.001130301279535165
0.0010853625539873153
0.0010849877688627592
0.001085057371798972
0.0010868093138240017
0.0010579570833759706
0.0010562773561568215
0.001120095076392193
0.001121272034128177
0.0011217822856979048
0.0011214878093163641
0.0011349253257249797
0.001129800262087155
0.001129989601548508
0.0011335096866709755
0.0011320626044931251
0.0011322902609455154
0.0011317786155305674
0.0011308136119904549
0.0011305553996086015
0.0011340727471928305
0.0011344946970159814
0.001133912113841773
0.0011284140153535285
0.0011103760645239688
0.0011186270029632309
0.0011031233374082974
0.0011034708108473882
0.0011025464322993268
0.0011030895960531222
0.0011033541171811666
0.0011030659659386729
0.0011029497726707175
0.0011019267403990665
0.001103559279806082
0.0011041032190409498
0.0011038882043456746
0.0011120702261790427
0.0011118226437652472
0.0011182421743817419
0.0011170888537969154
0.0011170356755306817
0.0012014154159115764
0.0012006747526945288
0.0012008065845802687
0.001205742681127095
0.0012047117577844376
0.0012151978487596731
0.0012165226746628458
0.0012161884283229886
0.001215603206287484
0.0012161365483164936
0.0012088252866502309
0.001209911264776103
0.001209036970451053
0.0012169057983576767
0.0011978141931717559
0.001194445054939573
0.0011948567731903308
0.0011951225608349651
0.0011943441098616699
0.0011766921025405989
0.00117533514985227
0.001175109989353227
0.001175133503832783
0.0011745500614408105
0.0011734415665294548
0.0011732903321219296
0.001173197802375782
0.0011695149275280114
0.001167749276365804
0.0011669462646500446
0.0011683397151370787
0.001165917429502524
0.0011656712757252665
0.0011646116580661936
0.0011643872839964306
0.0011685541794616086
0.0011691436470758704
0.00116775559606986
0.0011667818376150678
0.0011662927564093616
0.0011692490041713978
0.0011700990284945804
0.0011695750403419162
0.001166911712497683
0.0011680869530845195
0.0011656750149343176
0.001165004804810433
0.0011729339045717907
0.0011693665940159684
0.0011684490005386754
0.001168115090310774
0.0011677021830238871
0.0011686179711505355
0.0011541072535051272
0.0011421964090759559
0.0011434392333190416
0.001142891168532716
0.001142480311955782
0.0011426992257753848
0.00114073711381114
0.0011399038245710421
0.00114027123135575
0.0011414954249831114
0.0011416258167579172
0.0011430562111149956
0.0011429507457490055
0.001141479854571303
0.001141803446437051
0.0011390565902086745
0.0011361348885262237
0.0011373525701497478
0.0011357195732079987
0.0011365095077419541
0.0011356797057021635
0.0011349950719473291
0.0011343808259616753
0.001136787313382004
0.0011364201731643715
0.0011361126715154998
0.0011370024488354107
0.0011324472831058746
0.0011311324299843786
0.0011430166036348886
0.0011455058510562962
0.0011431012298349062
0.0011419746198934283
0.0011387979552522653
0.0011385364929305387
0.0011382914497267591
0.001137703103482727
0.001137718026248161
0.0011323362514942881
0.0011318801160742815
0.0011310319094380134
0.0011312596075592379
0.0011313578714351499
0.0011311149591833657
0.001144455372701981
0.0011470704824584623
0.001148350718737433
0.0011481749459176128
0.001148053127007483
0.0011480962356469947
0.001145525134761768
0.0011451409071979086
0.0011455857103624737
0.0011451097092180118
0.0011553262744231775
0.0011522821620825888
0.001151495026883378
0.0011510590726402398
0.0011506301167171795
0.001150451278770994
0.0011510527404397326
0.0011471887649497426
0.001146960215103041
0.0011487552354055458
0.0011480836358036834
0.0011412343640729815
0.0011395542744867548
0.0011390648097029284
0.0011383552605226306
0.0011378602085839863
0.0011342251126449366
0.0011235117978962803
0.0011222030422568872
0.0011227919125710779
0.0011235920880379479
0.0011228070078309663
0.0011223763470568624
0.0010913504702756648
0.0011023438017394942
0.0011047157087566274
0.0011041128009156853
0.0011056408703244583
0.001105790129283557
0.0011065745779102415
0.0011089253609038402
0.0010964885395991428
0.0010924578166023
0.0010918258476790982
0.0010890174644264151
0.001086374155048054
0.0010915077817630922
0.0010923869463403371
0.0010912328422037429
0.001089940406696979
0.0010974343138758559
0.0010973393835053454
0.0010981706402101005
0.0010986312974736953
0.0010962284460546607
0.001098583791975627
0.0010983359343396005
0.0010982887743957413
0.0010978479671931815
0.0010974128731793703
0.0010965353715199362
0.001096556767402907
0.0010977328825475454
0.0010906805997836996
0.001083250680066005
0.0010829507103799917
0.0010824029009455722
0.0010819781678276252
0.0010814388164471233
0.001080902361610921
0.0010752407616001953
0.0010748007818156872
0.0010737502390817907
0.001075245063594243
0.0010728123082397744
0.0010686883449442363
0.0010682906208017492
0.001067361960098347
0.0010673438823435649
0.0010671635922883866
0.0010664083024217986
0.0010667864690821329
0.0010685448808712094
0.0010654615429111667
0.001065207900643469
0.001064828622524331
0.001064145302718058
0.001066925043238458
0.0010662813026019965
0.0010655459476315412
0.0010571664793002401
0.0010573707163687178
0.0010571602512351361
0.001057069233059807
0.0010629535972396938
0.0010627100162532276
0.0010621735481249896
0.0010612890446859008
0.0010618178308965007
0.0010592582876105153
0.0010585402478556574
0.0010646659075775188
0.0010658330206030615
0.0010654811349031872
0.001068024186690418
0.001066560530539559
0.0010779356491286648
0.0010772561173657954
0.0010767243533422648
0.0010734411956144238
0.0010735510112918772
0.001071915772842115
0.001071541911664713
0.0010714438400991541
0.001071550039986041
0.0010711270902191248
0.0010705576079430542
0.0010696499918104703
0.001069509280280804
0.001067290953232623
0.0010674452007871993
0.0010727507907241467
0.0010725715686691786
0.00107252130050907
0.0010715985412984074
0.001076171324191646
0.0010759268640041144
0.0010766169847873904
0.001076381961280212
0.0010761051826812887
0.0010771806563578898
0.0010770975958748251
0.0010761105737937112
0.0010710698506057595
0.001068813302714792
0.001068680253870903
0.0010674721539081658
0.0010680803634325867
0.0010648629310643155
0.0010643875257960865
0.0010640139968649607
0.0010633020751944337
0.0010656451466346994
0.0010597253714351568
0.0010588739856819103
0.0010578200296814308
0.0010576339118017067
0.0010578866534003135
0.0010593335903950035
0.0010589545451274256
0.001058639854046137
0.0010565287210828295
0.0010554842806587196
0.001055457005669265
0.0010553374357410252
0.0010577514815017588
0.0010535233897683222
0.0010558662058883811
0.0010558968350617916
0.001054893934809353
0.0010551155203597418
0.0010451231286522991
0.001044127455680423
0.0010440995279309521
0.001043406979916191
0.0010423125515773343
0.0010418823773632473
0.0010426505261190776
0.0010424760720316984
0.001041587467005996
0.0010408726257864535
0.0010403275079275973
0.0010407995695964746
0.001038973713671593
0.0010386516390223871
0.0010368634077698381
0.0010343299910464785
0.001031913506544574
0.001031455520734456
0.0010309794825764309
0.0010300367659593218
0.0010295613776353664
0.00102906063941153
0.001028662231805895
0.0010616961776966267
0.0010607647340255503
0.0010602238861835635
0.0010600988214840637
0.001060769449587319
0.0010604131491213594
0.0010595994337226399
0.0010605797490333452
0.0010565690441894946
0.001056036499542294
0.0010557725010653038
0.001055220368943329
0.0010533643010526674
0.0010497972610295637
0.0010493542288371092
0.0010520386135127566
0.001051946511366601
0.0010516905767599524
0.001052027254146999
0.0010503260578120933
0.0010509832189248098
0.0010519454483611454
0.0010616141326809589
0.001060924577009689
0.0010559373736706665
0.00105594651401538
0.001055152477813173
0.0010554603001674523
0.001056213647763969
0.001057516567511046
0.0010558307014218774
0.001078435073501315
0.0010812550403672407
0.0010919019016918453
0.0010918779973464012
0.0010911805277056992
0.0010915678889088364
0.0010924002367161537
0.0010900381756935446
0.0010896091298644305
0.0010901358746154741
0.0010904200518761472
0.0010902972723314177
0.0010896571239386256
0.0010888838850800857
0.0010929282023423588
0.0010922134594499985
0.0010919165263448627
0.0010912545302400908
0.0010923218788969217
0.0010917568387374945
0.0010903678640457376
0.0010899358334066156
0.0010884519924811897
0.0010883030102853243
0.0010902953395665724
0.0010900500350266987
0.0010898310611960626
0.0010897476229187616
0.0010895917670103849
0.001089201103524647
0.0010895309781512777
0.0010892675843219817
0.0010886748864109544
0.001089333023519374
0.0010898197598123377
0.0010892378879121382
0.001088637892520304
0.0010885887528518708
0.0010883015993514212
0.001086681736078477
0.0010867840504905897
0.0010864578805950048
0.0010845604054224667
0.0010857007549691508
0.0010859988761192552
0.0010774786212372563
0.0010782628721495936
0.0010778004740334352
0.0010776675086900953
0.0010733974840173596
0.001072145487626496
0.0010727942978376915
0.0010716776741332642
0.0010717640505468948
0.0010713899756649686
0.0010675927828619526
0.0010673983128781535
0.0010668520894922596
0.0010677130223334123
0.0010683790016989732
0.0010679485063886747
0.0010683698080743904
0.0010684387203251538
0.0010686055345337073
0.0010681518421588826
0.0010685355323196589
0.0010683427194121205
0.0010668282504909137
0.0010629295715487068
0.0010617075547987016
0.001064261014729721
0.001063617264491414
0.0010629302104679563
0.0010626153908614166
0.0010624520488515096
0.0010619359048874924
0.0010610402773236162
0.001061360725234716
0.001058218064621015
0.0010576805620443064
0.001057515458320813
0.0010529799696233234
0.001053112199140022
0.0010526304747118056
0.001052198923631252
0.0010524494602501967
0.0010501531492116468
0.0010486174046463973
0.0010499873130617827
0.0010496851168078317
0.0010506351275467007
0.001050370543806738
0.0010471345564855763
0.0010478707818911655
0.001049323607812242
0.001047680412647677
0.0010477018650016906
0.0010472768158441986
0.001046539072827363
0.0010459113524756661
0.0010463678303389654
0.0010469063489934145
0.001046758781967585
0.0010465174087339625
0.0010458767236206608
0.001044652940456472
0.0010466050468940567
0.0010475351205174793
0.001047201715605684
0.0010523979251974608
0.0010523058879682574
0.0010479894811812832
0.0010486900372755799
0.0010485279052259168
0.0010480821504623911
0.0010477669737441887
0.0010476576828991025
0.0010468229422102664
0.0010453055765890457
0.0010452266735668325
0.0010447022591623012
0.0010444971044141654
0.0010447498635584242
0.001038981938581687
0.0010393005242919826
0.001043099347999047
0.0010423847700989433
0.0010445673963464224
0.001043704942007639
0.0010435956540630622
0.0010435317017877376
0.001042506496974931
0.0010494183306940426
0.001049745176801078
0.0010498533352356358
0.0010491355137118442
0.00104911727650135
0.0010481068101406913
0.0010472116374178144
0.0010535612481563253
0.0010537373833021829
0.0010536085766583811
0.001052127296954483
0.0010526090241098239
0.0010524610945119727
0.0010531308416362305
0.0010531169601532893
0.0010512598212502927
0.0010539569868911172
0.0010535970148776292
0.0010543438191151322
0.0010522970520818655
0.0010516459768656731
0.0010512204720934065
0.0010507319651231254
0.0010516934625040548
0.0010517962095218667
0.001051551010868276
0.0010603080495367298
0.0010601099770188426
0.0010527471394125713
0.001052482762915489
0.0010517527740335599
0.0010538868611281271
0.0010540974762709037
0.001054004124578457
0.0010551352461502348
0.0010557242546933993
0.0010559021365423617
0.0010556336938290964
0.0010551637642884565
0.0010546771676319688
0.0010548970287041508
0.0010555591904539935
0.0010550561075256995
0.0010544515136500386
0.0010537892317604345
0.0010552043079502596
0.0010548767072717418
0.001054960238927252
0.0010545817152417432
0.0010623410227090877
0.0010618829516223158
0.0010619667122110865
0.0010616876244161665
0.0010621615422739576
0.0010619720932077794
0.0010618677138264372
0.0010589508491812424
0.0010597297888141895
0.0010595839221567939
0.0010592567896040837
0.001058743985337011
0.0010580191396224383
0.0010542285301223173
0.0010540172654039312
0.0010514764134496326
0.0010503946713578134
0.0010502564880026514
0.0010483398039135292
0.0010490707428610097
0.0010489366465211084
0.0010456032056164134
0.0010504907553324403
0.0010523386219399705
0.001052295357553375
0.0010531918318566677
0.0010528335744834545
0.0010522668065407635
0.0010522148645059396
0.0010529722971443437
0.0010521544562410124
0.0010516086054555684
0.0010495622414133795
0.0010492893009406514
0.001048035947299263
0.0010493810583491762
0.0010505408244617484
0.0010517262191382512
0.001051240871955446
0.0010533555847516295
0.0010488244317307111
0.0010484994816735654
0.0010439593168817866
0.0010416521838692969
0.0010385078443932196
0.0010394381019697618
0.0010378427638034005
0.0010344841537214692
0.0010328667727232698
0.0010322310079118355
0.001031404644174103
0.0010312167006322804
0.0010297486136627864
0.001031098778721453
0.0010310421081300043
0.0010304505909936555
0.0010306340408050754
0.0010305075271028218
0.0010271097378791304
0.0010313155870703037
0.0010307608031650158
0.0010334182640518612
0.0010335021484409106
0.0010330672051491467
0.0010328325686956065
0.0010322398491021793
0.0010310053294561386
0.0010303926271451238
0.0010304222836156002
0.0010298307013034836
0.0010287728278914657
0.0010212172876279118
0.0010205041299947354
0.0010210550562322735
0.0010217736843456994
0.0010212676239383434
0.001019774788669066
0.0010194901856489694
0.0010214366284350058
0.00102074795928794
0.00102241057379459
0.0010296497093554462
0.0010296023675541743
0.0010250085292951476
0.0010243838427226803
0.001023811938607942
0.0010233977954774267
0.0010241571045752195
0.001024261845898495
0.0010238498267819542
0.0010250983926339745
0.0010248956130005805
0.0010243854922584372
0.0010269614759561409
0.0010262605966993661
0.0010146191735338323
0.0010140779661424108
0.001015396364693649
0.0010150985166150763
0.0010145921898885705
0.0010141354445143342
0.0010144593114850761
0.0010229353932635727
0.0010222807228086157
0.0010220524915022023
0.0010218520539385402
0.0010213323964223617
0.0010201805611720985
0.0010188939325327068
0.0010184227376082173
0.0010174604113967942
0.0010174533770550107
0.0010177921671668299
0.0010174634868112637
0.0010170366621837438
0.0010168976619308687
0.0010171503234059896
0.001016191787174216
0.0010159402160573121
0.001015507834750389
0.0010153887081223178
0.001015023932469416
0.0010093072666031325
0.001006040565639551
0.0010057574063045197
0.0010032577334102243
0.0010030639322807615
0.0010028907745318289
0.0009840922703891195
0.0009834947350733086
0.0009830526680307565
0.0009813317041657485
0.0009809173401960824
0.000981422672993789
0.0009829218675011444
0.0009824555437445035
0.0009820606531136871
0.0009838067455444541
0.0009818954850146883
0.0009812877384509325
0.0009820521873592412
0.000977967328706873
0.00097985613323753
0.0009802217560260227
0.0009798543470315572
0.0009795149313758314
0.000979497719266603
0.0009806073082704791
0.0009792967404596703
0.0009789071466838448
0.0009784033909857003
0.0009776923383689234
0.0009778395600062238
0.000977584148598957
0.0009751973356478502
0.000967312771219832
0.0009667384333035603
0.0009671449579932253
0.0009671103816751758
0.000966226476166037
0.0009669232559710679
0.0009660121501028554
0.0009654793465528306
0.0009639557934644334
0.0009636611142608097
0.0009641664021302963
0.0009636809224218366
0.0009602871581125243
0.0009608241578038607
0.0009606415105874057
0.000958829295764037
0.0009543327442311305
0.0009560070572530021
0.0009454299615150797
0.0009442659568040553
0.0009429838004779444
0.0009427847874809945
0.0009404399504864033
0.000940421559008382
0.0009408094993812569
0.0009413369315896919
0.0009446997289585927
0.0009449256807617666
0.0009438303154926263
0.0009423250001767997
0.0009419431764532597
0.0009402302789323431
0.0009358175854952403
0.0009362390395281495
0.0009363672361644498
0.0009344379213018062
0.0009342621677144829
0.0009343621288538696
0.0009302034111895142
0.0009301945502741889
0.0009249037727679182
0.0009252298262396837
0.0009247033898561799
0.0009254638683669042
0.0009246226566956473
0.0009273994448345246
0.000927632495350836
0.0009278186829792186
0.0009274121725050218
0.0009259755741946471
0.0009258893966577926
0.0009255412959567592
0.0009246492367745671
0.0009237990237006222
0.0009243690007211801
0.0009256222642786608
0.0009249382137887731
0.0009248171518789201
0.0009246973149867266
0.0009249850494849572
0.0009244380925107565
0.0009247994757607082
0.0009227587035607516
0.0009226549154919169
0.0009226146929826822
0.0009227510939753634
0.0009225391274687325
0.0009221329413742492
0.0009233570406136526
0.0009227262364440897
0.0009229877151689908
0.0009229215189244469
0.0009226678493832164
0.000922387119987991
0.0009207867619916479
0.0009212729083076037
0.0009237711573237109
0.0009237893149888761
0.0009196607475704974
0.0009126904475995077
0.0009122895510295859
0.0009156297817784198
0.0009151785863276553
0.0009148986482640411
0.0009147207021658188
0.0009152223043490682
0.0009192053813695916
0.0009193267730859682
0.0009177139476185227
0.0009161933262770302
0.0009163044270885421
0.0009161642940742538
0.000915882426548795
0.0009156889031642757
0.0009154584101404564
0.0009163544190777782
0.00090796807660231
0.0009083272997619615
0.0009078536237931824
0.0009080551830289707
0.0009077776887994421
0.0009073341342004712
0.0009069802556702861
0.0009039074533442577
0.0009069374848349158
0.0009112330547142964
0.0009102629017384545
0.0009042777717840075
0.0009037787158763812
0.0009018014010722175
0.0009017536141648335
0.0009041922509031095
0.0009034395286161733
0.0009023256979250247
0.0009047593350882425
0.0009059827070471844
0.000905698631823512
0.0009032954855165376
0.0009028960663535701
0.0009025468234604614
0.000902241676726784
0.0009030986142532423
0.0009044740426664568
0.0009032132199906783
0.0009029028490318208
0.0009022112601576206
0.00090182899864056
0.0009017590663767908
0.00090109341126858
0.000900632003917122
0.0009001811333636235
0.0008997271561512119
0.0009006023123199595
0.0009001863421159226
0.0009011911447241571
0.0009038891973306659
0.0009035608309532267
0.0009034979972834799
0.0009030708132668362
0.0009005247187606118
0.0009001193454795315
0.0008993660780199473
0.0008997945087133554
0.0008997332231249592
0.0008974508961801176
0.0008907618246831886
0.0008896780475621262
0.0008869358330211055
0.0008877500984293794
0.000884660490641362
0.0008812582327704933
0.0008807001680013556
0.0008806376865664214
0.0008790284073152366
0.0008790741801275411
0.0008788998088335923
0.0008783331921117443
0.0008776269223129107
0.0008770777581363996
0.0008762205260682325
0.0008751025945804247
0.0008773417778817157
0.0008801202420605425
0.0008809208869145753
0.0008798623115771951
0.0008798399597149791
0.0008763864295612444
0.0008756993255456876
0.0008743647087437283
0.0008740550195116422
0.000872562519037508
0.0008727779223831928
0.0008735333361770279
0.000867907985142448
0.0008660430576817143
0.0008643969978693379
0.0008647472960533374
0.0008638013700845505
0.0008625316227542748
0.0008622385258258857
0.0008615417011597163
0.0008623458724271652
0.0008620502955252777
0.0008617780679605158
0.0008623395461926794
0.0008622245765049491
0.0008620793222034729
0.0008620766889247108
0.0008643126493310592
0.000864377282132555
0.000863374603795821
0.0008660323030993271
0.0008661441356936937
0.0008660797176099105
0.0008593037507779387
0.0008585933554201507
0.0008583259138630568
0.0008578766340806577
0.0008603294989821365
0.0008593517166804045
0.0008585099216378524
0.0008582997790802983
0.0008578436599111136
0.0008578256392652545
0.0008580685848919055
0.0008575134752504006
0.000860120787560054
0.0008620711692914
0.0008613040058705249
0.0008601050450463895
0.0008596855966603918
0.0008590223551206242
0.0008602492338814214
0.0008638305296594718
0.0008645826214948192
0.0008647581247168469
0.0008638648033282678
0.000862413043410236
0.0008627575794335425
0.0008757710890964963
0.00087601366783143
0.000881997309031717
0.000881419613150495
0.000880311799166389
0.0008799387070541258
0.0008792714787266357
0.0008787037818859404
0.000877648022670022
0.0008771097927740129
0.0008770642734016148
0.0008767103572050457
0.0008774637795373365
0.0008752736927102628
0.0008752861904492222
0.0008750619085815849
0.0008731617410322439
0.0008756352106130814
0.0008751957961654359
0.0008753763925137306
0.0008740975424141957
0.0008740822786018864
0.0008737875849834397
0.0008742412682091503
0.0008758388087589095
0.000876022273295226
0.0008762872705433522
0.0008779390104533538
0.0008779213222116631
0.0008797142560264434
0.0008795761915050411
0.0008793616196682243
0.0008791177185970935
0.000878421855251096
0.0008784681690690153
0.0008787705177272087
0.0008783779596118033
0.0008780773144775449
0.0008771913132684157
0.0008767590619115327
0.0008765732114278517
0.0008763997817598846
0.0008776613375229691
0.0008763133156207932
0.0008762741444563294
0.0008757993596924868
0.0008762397859685236
0.0008759756863515747
0.0008717959819754429
0.0008760327887396546
0.0008770434584960775
0.0008767039648882315
0.0008747786409687238
0.0008744657555210006
0.0008742007737822336
0.0008734568462796893
0.0008737149295855817
0.0008755048781850187
0.0008752788001021953
0.0008743449435527315
0.0008739966665117549
0.0008737534262626092
0.0008736521742557751
0.0008738822974241041
0.0008758388207011534
0.0008755624288974408
0.0008732543628193595
0.0008758115365657306
0.0008664831121688771
0.0008666356854344392
0.0008670773448829629
0.0008660436298939888
0.0008673335217623017
0.0008773678059934785
0.0008767618725544191
0.000876593803558662
0.0008757783060009829
0.000876517897669668
0.000875259786995454
0.000875022710628582
0.0008764282876184004
0.0008764687993154741
0.0008759572669900593
0.000875670602322171
0.0009024588824957824
0.0009093811990509503
0.0009102436023473337
0.0009095759796393264
0.0009089985427613882
0.0009093194655593594
0.0009090391437316056
0.0009086469366780902
0.0009084273286912269
0.0009088415878594887
0.0009091916991301593
0.0009081397332479867
0.0009024750297727156
0.0009023490086442987
0.0009017482504472742
0.0009027093280275007
0.0009017095957947954
0.0009004074438151384
0.0009002058522205824
0.00090687202347208
0.0009073984812106123
0.0009075063477340449
0.0009072406153875328
0.0009054499121228814
0.0009067095844850688
0.0009058769004316227
0.0008952580539122617
0.0008944151083296897
0.0008938575274332823
0.0008933347762057886
0.0008934332399406052
0.0008933834152969563
0.0008926854211290325
0.0008921227080912915
0.0008909598599117051
0.0008906135529783883
0.0008904776510682223
0.0009173093153774509
0.0009174506773655443
0.0009179101141079587
0.0009169082900974361
0.0009147515853461016
0.0009150736752556039
0.0009146329946267003
0.0009141899712619069
0.0009147753251800407
0.000917559155771348
0.0009179756959370167
0.0009166350657645514
0.0009160733427452521
0.0009162724958935565
0.0009153905140084746
0.0009139009401740142
0.0009289780829211201
0.0009286341004247874
0.000926941474359658
0.0009260787016809605
0.0009262862316368333
0.000926434470417903
0.0009263033142598872
0.0009260760036335522
0.0009255136497161344
0.0009255522824094853
0.0009254833743663559
0.0009249097500431652
0.0009273515978172953
0.0009271022686580801
0.0009258572182898319
0.0009253031691703404
0.0009250440641813486
0.0009235338266053989
0.0009150438259387608
0.0009166958661453306
0.0009096964583895137
0.0009098302514949703
0.0009094079079517601
0.0009090771057988795
0.0009089344767955705
0.0009086453459960693
0.0009050689066536618
0.0009052225664035418
0.0009048870289657229
0.0009052947758377528
0.000905642586292421
0.0009052283790604437
0.0009040376437961689
0.0009073113319304422
0.0009111221412362714
0.0009122550881921457
0.0009116583315333554
0.0009114897866022617
0.0009111735645623856
0.0009071981060319764
0.00090667009233224
0.0009065285491357974
0.0009067088738779419
0.0009120849164237961
0.0009056274038388261
0.0009056932048281487
0.0009053651026693307
0.0009047481225770242
0.0009033224362404724
0.0009034529094160544
0.0009029809618109995
0.0009025526502751003
0.0009023689139981627
0.0009018728746102374
0.0009009952750607449
0.0009003353878222965
0.0009003794519002775
0.0009034705239053857
0.0009032936565454843
0.0009027689029736304
0.0009025857825202113
0.0009023142955895845
0.0009019587183033672
0.0009046558680917645
0.0009038986314747608
0.0009035143256470989
0.000905160247759797
0.0009047403148163247
0.000902871017566917
0.0008999077947794254
0.0008996760462138865
0.0009009570839761267
0.0009027328126342149
0.0009027523892364377
0.000902926511041043
0.0008986878986876614
0.0008986925560030072
0.0009153530167897193
0.0009189133692272821
0.0009213657156684139
0.0009209445040033805
0.0009197055627119316
0.0009188737216602367
0.0009182016971113443
0.0009179950651196796
0.000918258335471972
0.0009187380955281616
0.0009185816644626963
0.0009173168037191338
0.0009165445943594168
0.0009151099277822655
0.0009119215971640569
0.00091163266010568
0.0009112838898136786
0.0009064407216579988
0.0009063743231152216
0.0009102823364917495
0.0009080869216266878
0.0009081323890178511
0.0009064367664060243
0.0009108818779257113
0.0009100640602672723
0.0009099737845927521
0.000913445865431988
0.000913108304399649
0.0009124912464535704
0.0009124156628120592
0.0009122144205746673
0.0009118198741085311
0.0009112278171392558
0.0009110387331578576
0.0009071726469290685
0.0009072176898414794
0.0009080336835389428
0.0009077237788649498
0.0009070021476783752
0.0009069899230783066
0.0009070249507128908
0.0009062027969652577
0.000908393844242457
0.0009139103987504738
0.0009138480997994066
0.0009141518157383684
0.0009116180892146519
0.0009121380544638768
0.0009137568336023059
0.0009135153167806454
0.0009127828324763567
0.000912508420575453
0.0009123014967360123
0.0009122094417918687
0.0009115092836628363
0.0009110895286646393
0.0009112115926635171
0.0009092535231743663
0.0009087411599764397
0.0009076587069975253
0.0009070048941739208
0.0009065659376533418
0.00090400404400423
0.0009040258156441027
0.0009008557248349444
0.0009018049921431196
0.0009015621559890034
0.0009013321407700745
0.0008947175356543522
0.0008946965499332268
0.0008944404005719059
0.0009003851954480655
0.0009038054142786135
0.0009042705650060405
0.0009038746087049258
0.0009039669896960598
0.0009036516024001944
0.0009036156971747203
0.0009008970577867947
0.0009013412225613142
0.0009007826689799777
0.0009004698882278424
0.0008981172418592762
0.0008971478837782394
0.0008971148989940455
0.0008975914826678272
0.0008971750764865445
0.0008968957487201077
0.0008980274189066501
0.0009163822263909071
0.0009147358922118725
0.000913275480915329
0.0009121802523982188
0.0009115873982302544
0.0009116180888170198
0.000911431593005391
0.0009106812521685512
0.0009103266356944585
0.0009104908176096158
0.0009104882557631424
0.0009103126734717788
0.000908421666394583
0.0009137934340892175
0.0009134197416619568
0.0009115459404269627
0.0009123107290590249
0.0009121054415228685
0.0009122355958502707
0.0009129505500045288
0.0009130797902229227
0.0009134080566933123
0.0009173496831103943
0.0009162836082945059
0.0009159504337736562
0.0009152125153550899
0.0009162670954066561
0.0009159622207751943
0.0009197524959497812
0.000919796517490621
0.0009198760446113018
0.000919720626065388
0.000919323965709679
0.000919189082473215
0.0009188815001908119
0.0009184767912135025
0.0009136660358004518
0.0009135200127505375
0.000913291845614306
0.000913331898593462
0.0009129598876624092
0.0009127823635601321
0.0009123672123491887
0.0009117867385572541
0.0009059224659665917
0.0009052358360199268
0.0009061775045281157
0.000906584599200183
0.0009060906989826011
0.0009092918198581931
0.0009087614740091064
0.0009086647553190259
0.0009083849802241339
0.0009080261929088919
0.0009076172142212353
0.0009072908474433218
0.0009070188324967074
0.0009073743806627258
0.0009073514130646542
0.0009076982996536984
0.0009092002316656362
0.0009090360843736478
