0.006079448387026787
0.0008854903280735012
-0.0027992315590381627
-0.0027681956067681316
-0.003074667183682323
-0.0051326033925371516
-0.002263929520267993
-0.0017040723469108343
-0.00244958836119622
-0.0024041550614955754
-0.002137319941539318
-0.0019772862299130517
-0.0029707868982638635
-0.0031173648933569592
-0.003088656667387113
-0.008329893161049661
-0.0077226411602977245
-0.008138147403339022
-0.0077321337397734165
-0.0070589243613150224
-0.006778490788499104
-0.007125604913554802
-0.006974399667645533
-0.006929641324677504
-0.004614930990031168
-0.004192187860974593
-0.004523236633498786
-0.004625609558545341
-0.004995311265520285
-0.004692354987304087
-0.0031763486299496435
-0.002869967128252469
-0.0021065050459583286
-0.0020220880633652475
0.002273976327059144
0.0021500238496652887
0.0020346602415022646
0.001959596493039639
0.0019187563742889332
0.0019239277934524942
0.0018831547765460405
0.0018713841063165396
0.0018114692634712405
-0.005185374168730858
-0.004067743405871822
-0.0041275392942863726
-0.004079070649216494
-0.0038587795938745282
-0.0038540624163579183
-0.003777003497816621
-0.0036861609909325252
-0.0035913513428619437
-0.0035006948207780986
-0.0035348997599529944
-0.0035384566602130814
-0.0034865307827937624
-0.0035939949719187123
-0.0036341673230862836
-0.0035462538740830486
-0.0034639920770251718
-0.0022680773765915213
-0.0023298981545921697
-0.0022883370857016403
-0.0022483938104974526
-0.0022076673983864366
-0.0021525547994342416
-0.0021203432289065155
-0.00210957387247143
-0.0021145682800644337
-0.0023130877093087325
-0.0022173931633410067
-0.0021702176733787667
-0.0021372667698243103
-0.0020476961044672256
-0.0017833285629948428
-0.0017402666885868415
-0.0014950851896756853
-0.0015519517578871309
-0.0015631187316103026
-0.002029647161202494
-0.0020021939774046696
-0.0018313822537416543
-0.0016771083619027017
-0.0015237617239643652
-0.00015520071492362538
-0.00015719804859950313
-0.0001415708910909332
-0.00021416762614167505
-0.00025817420375662747
0.000551305387449287
0.0005510972467005637
0.0005994183160001612
0.0005675895346088354
0.0006786191295280954
0.0011840236594859257
0.001138344190903152
0.0009092668554572178
0.00020964652040592296
0.000321880015399074
0.00023506733454593286
0.0002803973003014391
0.00027840074083374487
0.00030396201257714805
0.00030951319204177693
0.0005105550614798457
0.00048554299176761985
0.0005955633024751914
0.0005717544639942346
0.0005720468961623158
0.0005043942384528801
0.00018611247690257315
0.00020355501547517598
-0.0004283538668492008
-0.0003407872055464869
-0.00036198760802829473
-0.0005988573003013053
-0.0005183342970775487
-0.0005190412357631492
-0.0004891647895419737
-0.00020806897156929583
-0.00024230423401067888
-0.00020604458889768768
-0.00019492971912240457
-6.752072484232462e-06
-1.5793406678962366e-05
-1.1110616555459423e-05
3.900037279436221e-05
3.374432149982125e-05
6.145498336991298e-05
-0.0003409850192727265
-0.0003417259613343049
-0.00036038842835179984
-0.0003491738493382277
0.0011187787972933923
0.0012042065614771083
0.0012060247201695152
0.0012701414191236622
0.0012299105387454073
0.0012132934888151273
0.001142202532525729
0.0011121840604612092
0.0011425585174807704
0.0017370918450170492
0.0017906405797412873
0.0018236679147589272
0.00181707110425036
0.0017994821260996297
0.001693264466312701
0.0016285010589247874
0.001602144735238502
0.0015924268218919962
0.0015593905486371914
0.00156199631147773
0.0022609993716844567
0.0016875560178073686
0.0021962409468840776
0.0026384025149576405
0.0026520645741406985
0.0026398497945592687
0.0025478962725512862
0.0026205568824985274
0.002634225760931521
0.003773255358083123
0.0037500881620816835
0.0037309263715575207
0.0037207126004508463
0.003685717197142714
0.003657824693839397
0.0036704892353394405
0.0034101580095862736
0.0033967900738833463
0.0033644601551114685
0.0033624984507800893
0.0032951993827009573
0.0031799869200933076
0.0033420981841107912
0.003320558008321252
0.0033146394038665256
0.0030617501262491307
0.002902866993276325
0.0029247494574839625
0.002987182957340983
0.002971107950266425
0.0029571336137942618
0.002944773009002474
0.0027900940952928395
0.0027747428704311995
0.0027582093406679276
0.0027403980382491432
0.0027221632625082383
0.002704889326423653
0.0026859915485802225
0.0026678262981580146
0.002648464307556143
0.0025893418365294744
0.0025630670183469408
0.0025523623965023256
0.0027449042583849673
0.0024573949096520654
0.0025178208109252007
0.0025056530481054828
0.002537732374020123
0.002530018181709701
0.0025178760413127298
0.002482590894924744
0.002450494562275848
0.002382281875323035
0.004686934805314895
0.004729488996287857
0.004711507488088599
0.0046890318913629355
0.004662861272697735
0.0046293975756440805
0.004768235100109027
0.004758965893567316
0.004781259830187698
0.004743010297123531
0.004675209786058919
0.004564644100124
0.004546504858997782
0.004510560528541572
0.004547419262864765
0.004534907529253879
0.004510240289269454
0.004618116818663722
0.004590211553994123
0.004566158556212539
0.004382089703734865
0.004355745159393887
0.004338707200250131
0.004320971947404827
0.004301512974770682
0.004292445774847449
0.004275489650543484
0.00425792424975644
0.004226331275614307
0.004208122132832849
0.004188286434050096
0.0041636282270246724
0.0041565297713124765
0.004164161271486486
0.00397581541495469
0.00400477806875851
0.003991257856443776
0.003977060612358888
0.0039578260821513
0.003983486116824002
0.004214324748829538
0.004221835229327551
0.004208495093948893
0.004191990275854001
0.004198194112644917
0.004162980842383556
0.004142606104784028
0.004125840168413219
0.0040947306844282836
0.004042455827733956
0.004026311188572715
0.004053913989530252
0.00410894812059366
0.003985684337943657
0.003982451106541715
0.003969061895504361
0.004043143075456478
0.004028820263474495
0.004010403025773819
0.004080783484674449
0.004060586897231017
0.004045987378547715
0.004008342193326732
0.003977278429922937
0.003952964785673094
0.004079848663987321
0.004300385063463844
0.004274880015106211
0.004397508389996184
0.004382664440258884
0.004371027349850424
0.004364414606568192
0.004280953406550681
0.00436025223865701
0.004345722120846462
0.004345293043167057
0.00406953912472665
0.003943798012887083
0.003924503471720692
0.003858564923082971
0.0041632391998926415
0.004208581076028199
0.004191451935334906
0.0041780456529348356
0.004164276866802215
0.0043095123070632894
0.004292943943955371
0.0042668133695942
0.004262336142242495
0.004248718462639583
0.00423206163664556
0.004218741451052968
0.0042056355312621516
0.004547584791709101
0.004531505998703223
0.00452265763115783
0.00449677486179948
0.0044618945236412355
0.0044878463769838384
0.00447296732186437
0.004444425866804346
0.004444381967151722
0.004410126703154312
0.0050410291355780295
0.004965681450245936
0.0049566011749465465
0.0049321526114201545
0.004892730737612764
0.0048901721326530916
0.004879026708111944
0.0048385822151074676
0.0048246461547591935
0.004429984512698356
0.004426486340302324
0.004421041877499234
0.004402124353009078
0.004377047998277703
0.0043715856685304045
0.004347722347851488
0.004326706642742223
0.0042951067492259165
0.004292582060004477
0.0042697221624758705
0.004209383003607324
0.004199484611640551
0.004244570566910201
0.004232025045522319
0.004235266655682392
0.004226380943079138
0.004224717407442127
0.004216187964436913
0.004113454079785751
0.004044789081951723
0.003708477141372625
0.0036385941029550566
0.00362755207614227
0.0036703462340338397
0.0036570270111809747
0.003715389124419314
0.0037044933723514445
0.003707754264997547
0.003753388691101073
0.0037425355812049786
0.003672771019451333
0.003662682144195909
0.003648467505185293
0.003689585275772604
0.003680994140196478
0.0036464856247595667
0.003663514938354088
0.0036631479143430304
0.003689843070080516
0.0036810494337693347
0.003670891371865316
0.0036731788833011775
0.0034848895149959805
0.003475471148833516
0.0034611331754350696
0.0034555932409773946
0.0034512570749069215
0.003441112349085889
0.003464552287816232
0.0034568905357740213
0.003560797124029253
0.0035860483955898388
0.0035822998492571977
0.0034501611172454414
0.003440209895803064
0.003432146693474552
0.003426635900237312
0.0032687074022774874
0.0032798873186708818
0.0032753471738161993
0.0032678717391608695
0.00326014822398345
0.0032580526238916697
0.0032512828776107886
0.003261165536158665
0.0034264901225248725
0.0034134813523854315
0.003427558308199422
0.003441342422686432
0.0034327753526439972
0.0034211719922885597
0.003451852083939177
0.0034492436149826805
0.003440198065514845
0.003430558420211925
0.0034365774875045477
0.0034662714816801566
0.003404665789604133
0.0033460494269638716
0.0033379309024350262
0.003309715989222303
0.00330014707878155
0.003292648516183154
0.003348756515127059
0.0033854568778963574
0.0033776521324590508
0.003427132674576068
0.003411182193059221
0.0034154611887238485
0.0034082904684468083
0.003395992299259692
0.0034176859771656637
0.0034079649041181556
0.0033715047710680345
0.00336973540888371
0.003363437193754487
0.003334990335203251
0.003242537799620692
0.0032370712887876867
0.003217845883329244
0.0032084208820008283
0.0032072554717392726
0.00319829446968624
0.0031781826309195487
0.0031710913958512463
0.003229120431582533
0.003354803671482781
0.0033419432122368054
0.0033556884630660372
0.00329207513571391
0.0031452229358095514
0.0031421481011206587
0.0031268839299506317
0.0031229260096081587
0.00312011952132081
0.0031078213330357454
0.003742007937043246
0.003717187873424207
0.003697920963912275
0.0036927446621648854
0.003693072910411245
0.0036853681753278365
0.003673399696593945
0.003666540958118765
0.0036565685749839357
0.0036522231652966267
0.003650857140087281
0.0036618050319182295
0.0036520026939979274
0.0036391253447003425
0.0036593775555602954
0.0036450895413127505
0.003581974128203384
0.0035683763684394017
0.003556446066109504
0.003548825139082897
0.00347620918187422
0.0035664891915400667
0.0035680807001209234
0.0035542505609401634
0.0035678391792332434
0.003547344654272376
0.003541307371098559
0.003542383414519805
0.003705896995558833
0.003710720628074083
0.003704705096292582
0.003695867381101202
0.0036866534616955436
0.0036909298596313187
0.003681781688101181
0.0036770747373210118
0.0036711816798976876
0.0036522197830460117
0.003633929523093377
0.003639655967656813
0.0036757859005123916
0.0036515955431385594
0.0036435155610433844
0.0036311597590584707
0.0035604984911224596
0.0035429513361648437
0.0035364743131546
0.0035293772891817894
0.003520423812993993
0.0035151581566818316
0.003519342473871383
0.003590357787186371
0.0035844677666764056
0.003562891541636057
0.003617218578884654
0.0036073218292489865
0.003599841351226006
0.0036009242447273032
0.003592762472312788
0.0035922936154268266
0.003622467258932132
0.003616640545670544
0.003657223988164332
0.0036474336913031396
0.0036408792946755965
0.003630633329004386
0.0035136175131969677
0.0037322250315441168
0.0037989132014995203
0.0037913083399654466
0.0038364845241437603
0.003839400942689049
0.004040950620686748
0.004032086612957546
0.004037120365936174
0.004016896058126423
0.004007880970682691
0.003972162808773662
0.003955646924940843
0.003952397521033208
0.003943182243680706
0.003931927330918569
0.003930461136671787
0.003923834924344905
0.003917757718080863
0.003928104134361202
0.003907635550458227
0.003905182378546753
0.003862218772588023
0.0038459731927752306
0.0038339958848127623
0.003822390569925999
0.0038123733914959125
0.0038064374619150593
0.003801040644795193
0.0037913273588832167
0.0037956737039885604
0.0037916035201671383
0.003779925745410719
0.003768622608306562
0.003761828223723834
0.003762731900707453
0.0037631246556244368
0.0038037857889481113
0.0037986880524035166
0.0037761086490011426
0.0037861015368622097
0.00394697348954884
0.003945586261096523
0.003941669856444259
0.003932744561761794
0.0038538806473791512
0.003828623121860961
0.0038096033002085255
0.004146256295720425
0.004127910608852763
0.0041242870894734095
0.004127614992748845
0.00411960065728164
0.004111481089152987
0.0041110219930989775
0.004103598032400865
0.004123042300138223
0.004130502028016509
0.004153591157246341
0.004145515131432543
0.004140876836669466
0.004132683517319142
0.004121038981970143
0.004031217614182318
0.004080744524030637
0.004066073247999286
0.004057465337909724
0.004047457005275794
0.004024338754286461
0.004007447184733233
0.004002134066677136
0.003998196050183054
0.004293265651906743
0.00436887787088303
0.004372346190440929
0.004366174266219319
0.004274266132854567
0.0042632486011213565
0.004253481823154997
0.0042463681358147305
0.0042751348194181174
0.00428876349936054
0.004282360726799284
0.004295995092844754
0.0042848538977071585
0.004285378102912324
0.004280543353561983
0.00427280910341051
0.004279698106185259
0.004273145650300955
0.004267367907385366
0.004260956432253115
0.0042610981368400936
0.004253932874443742
0.004248570840952063
0.004229202289858698
0.004220893587080351
0.0042139346102905255
0.004264030553939998
0.0042554440920477745
0.004174684139972715
0.004163748625018161
0.004171484456128981
0.004167463084723048
0.004156265910721325
0.004121282461101188
0.004129514500199859
0.0041106885720151335
0.004106639022823584
0.0041057786667634665
0.00410853518474067
0.004094385854421679
0.004086550939660666
0.00408322213404668
0.004080082047548663
0.0040671217073230785
0.0040691505865212176
0.004069913783365953
0.004071629883486718
0.004061749469514596
0.004055941275994017
0.004156293882493625
0.004151710111655234
0.004141538682497656
0.004131612190773519
0.004150672148775397
0.004156522115105567
0.004151217231410323
0.004145862006231552
0.0041288737887648546
0.004116602159610516
0.0041097360474915004
0.004096190665754787
0.0040855166414105895
0.004085436489146891
0.004027749605121186
0.0040208319126293175
0.00391564267554262
0.003908491136900007
0.003893017538354583
0.0038887539436043826
0.00394787775772121
0.003942452976010455
0.003934197776576953
0.003926918453145597
0.003922823405782582
0.003916047325714875
0.0039036731955980402
0.003900312455341337
0.0038929782711902452
0.0038947444175222194
0.0038908363989265966
0.0038979339574824533
0.0038750478382249547
0.0038723258138481658
0.003865777890238165
0.003860340538498844
0.0038550292034379395
0.003847002549058209
0.0038340516714034586
0.0038233239249703134
0.003817673936085573
0.0038121416117818455
0.003806186917372023
0.003794201180518753
0.0037889393609792264
0.0037830720440001965
0.0037754533351437593
0.0037678762126157972
0.0037521154188525827
0.0037447892074678815
0.003738953492208598
0.003729552134907689
0.003763749353238595
0.003761764482515741
0.003762015580445561
0.003729063909320435
0.0037220546019290646
0.003716683303859861
0.0037183548924646526
0.0037039859587512914
0.0036996375221980426
0.0036981897761087876
0.0036931017405866322
0.0036834116506270203
0.0036868161494406117
0.0036827029474174496
0.0036499636781573506
0.0036427767141251504
0.0036372925191622534
0.003629807353681511
0.0036228003044474085
0.0036158018353552464
0.0036139590243598548
0.0036073752496270854
0.0036009941688568956
0.0036760044934895358
0.0036699539318300195
0.003686491076508344
0.0036844171315518434
0.0036774733661879737
0.0036866043658453558
0.0036799626431308578
0.0036735875050696084
0.003669338262147516
0.0036655412172100716
0.003662018743832471
0.003656068289355983
0.003644438551178567
0.003638676649273535
0.0036455513486403942
0.003778832288011394
0.0037745028604510146
0.003770565756178251
0.0037710837399557275
0.003763909593989927
0.0037599707137966703
0.003758773265392804
0.003756312875213093
0.003742354485242896
0.003643754270181674
0.0036370119564124804
0.0036308439964056597
0.003625157263190678
0.0036203176100071265
0.0036154086452103397
0.003601344052845912
0.003659643019386032
0.0035741967434998125
0.0035706945670177237
0.0035747902374557976
0.003582333305619575
0.0035721622241008714
0.00357995843027992
0.003572518304384921
0.00356834998643247
0.0035650555231276897
0.003559985120710893
0.0035559158230838105
0.0035327719750958366
0.0035289706073541234
0.0035400450474243916
0.0035290278865968334
0.003484163416565031
0.0037353451340912574
0.00372930942197009
0.0037445668221189406
0.003704044793349154
0.0036438187832640748
0.003635133236000918
0.0036388700262911505
0.0036472571609799656
0.0036259245810580697
0.0036214709972772117
0.0036061871474371726
0.0035998095621492384
0.003592060726925028
0.003589512072948921
0.0035752368910075675
0.0035709487010380713
0.0035882426627912925
0.003581989167591601
0.003714273861850019
0.003698667318891557
0.0036867522509709256
0.0036804710073753905
0.0036768066051294014
0.0036808489823408363
0.0036665603708235833
0.0035809621211600456
0.0035845892696726887
0.003581626311910616
0.003577005611026196
0.0035620836904133465
0.0035707324818583575
0.003566545094656484
0.003569922942369885
0.0035693836471881006
0.0035647784072557497
0.003559166710392197
0.0035549316005750475
0.0035597597965927995
0.0035591081063144703
0.0035243282100413035
0.003518466072662169
0.00353044951569658
0.0035296216438411325
0.003527764021909265
0.003521993419179474
0.0035063458650247325
0.0034996890639656425
0.0034957103477397397
0.003485103943854829
0.0034628160860419917
0.003457710867720712
0.003450494913070659
0.0034431912646732594
0.0034377127468745326
0.0034385076980964764
0.0034417488774942393
0.0034388178736259947
0.0034201104322678665
0.0034304661758661234
0.0034272422842568373
0.0033798453358184185
0.003373198040172105
0.003365925519464337
0.003359575042119153
0.0033829167061340897
0.0033610201380512342
0.0033584697479146527
0.0033531926148844247
0.003342053140720642
0.003336568179700389
0.00333868278027843
0.003348528572049349
0.0033432452118199204
0.0033270583170324393
0.0033204922111439886
0.0033329212525366153
0.0033421487684119826
0.0034428673459853698
0.003450038315962158
0.0034540476957565856
0.003479284371784106
0.0034779830342477783
0.003472545573208935
0.003465250594740252
0.0034632426543208332
0.003460590682281376
0.003451106340025179
0.00344647638148835
0.003515755767998531
0.003515599565607085
0.00351156107213522
0.003507982665930876
0.0034986079560353337
0.0034950258875199322
0.003516865402479349
0.0035259494417023366
0.0035274690959918235
0.003554360647263044
0.0035355454976146493
0.003552455281820528
0.003536955352900512
0.0035306341243150964
0.003529251266398418
0.0035223600761236113
0.0035117075119583
0.003508714948179684
0.003506534426235785
0.003500337228904871
0.0034243609837465326
0.003424454387566874
0.003427956472624681
0.0034234525297205773
0.003426513027709936
0.003422732654655315
0.0034013223944141975
0.0034227937394799286
0.00339170203678215
0.003385738135071374
0.0033787051723782593
0.0035221990052218335
0.0034692212480449537
0.0034653183863875294
0.0034585045785624742
0.003486661540506114
0.0035090387032141717
0.0035041901702896386
0.0034996173248524843
0.003494136509872206
0.0034905237481952533
0.003487425938381143
0.003479970774268349
0.0034904751052560576
0.0035062153107198583
0.0034950609204751327
0.0036573837706595108
0.003646907043598765
0.0036520940387562307
0.003654067847394484
0.0036475122496851297
0.0036443635898523383
0.003641934263644517
0.003640649069250195
0.0036347942743877133
0.003640023954150765
0.0036293123256749024
0.003625787894664966
0.003620935576455386
0.003615372213386238
0.003611856477314338
0.0036078031853757566
0.0036195652686858487
0.0036343012671103854
0.003622444549461456
0.0036170899258567233
0.003612138193899173
0.0036093353656127224
0.003606878264461362
0.0036174859966365902
0.0036626036679314033
0.003642226948406254
0.0036734165317640925
0.00371158906818291
0.0037069267428575707
0.003705193014034757
0.003698961540095025
0.003685408884300695
0.0036964378439940954
0.003691599959703358
0.0036889891249484988
0.003689206244818393
0.0036825349851188215
0.003678661355300433
0.00367774176733608
0.0036762704352614564
0.0036856186933601257
0.0036810556691345697
0.003677124774079052
0.0036740343181402217
0.003654166252424301
0.0036453097493412794
0.003639119296822014
0.003636867192956391
0.0036334331904346122
0.003628648237303085
0.0036250451306599537
0.0036185568288111297
0.0035935936487396414
0.0035909725944497563
0.003592160840700949
0.003568903504163237
0.003579916547546115
0.0035748749266412217
0.0035687139699880463
0.0035645903570476465
0.0035626708286762895
0.0035587042667108875
0.0035551926877036783
0.003527557550896068
0.0035286590410899435
0.0035271264091164467
0.003439770293696224
0.0034578643238439757
0.003513309778519259
0.003502742079235545
0.003499439633983186
0.0035055056333397143
0.0034953997627451172
0.0034913431841437246
0.0034976674312084555
0.0034950387512895117
0.003493799219968173
0.0034905799506830273
0.003488563288976817
0.0034818631849644083
0.0034744735923194834
0.0034779329125456965
0.003471736201741704
0.003467579196394059
0.003468345530439683
0.0034494391422042565
0.0034459899258522907
0.0034425797967358334
0.003438278219236397
0.003431098463478077
0.003415483964839079
0.0034153284562402197
0.003409888068003785
0.0033883382575787897
0.003385296889045553
0.0033767282639372673
0.0033735331789287028
0.0033662344251550445
0.0033538756769990016
0.003353815510487706
0.0033483302118772046
0.0033446748047001613
0.0033400157012249253
0.0033474654520926476
0.00331934330962502
0.0033170042551270186
0.0033182583491270234
0.0033126404340644874
0.003307680260872017
0.003301078394362055
0.0032956454249011965
0.0032993797026690352
0.0032853519318692234
0.00328221315815714
0.0032816623960603567
0.0032761233140239606
0.003270773240626815
0.003270766639772927
0.003268202860588641
0.003265499905595146
