0.06258636713027954
0.04181353679935758
0.025927300986950286
0.026883887837175283
0.02151212264046384
0.01849712415631595
0.019767949219385635
0.01753724968875759
0.01610724401834887
0.014324552482734862
0.014756961897849885
0.010303028086827213
0.014141344745959425
0.012106459849746901
0.010781569302707798
0.01033119339434266
0.009759110491156917
0.00939139627160713
0.00894161944925145
0.008360246575085469
0.007953025640414458
0.007747257003401226
0.007380267218650262
0.006871453953499442
0.00662492740201952
0.006378685873911579
0.006161201564931877
0.00595684216110887
0.005833663518327135
0.004161856443745147
0.003925396339127476
0.0037748067711204825
0.003998552009494128
0.003796404984729766
0.00387548366698967
0.003923934241332041
0.0038944567775041333
0.003818082553409162
0.0036704489863041115
0.0037197498508825606
0.0044936555166800885
0.004240792777002141
0.004142229520518663
0.0025192533837980606
0.0024415601546934353
0.0022183599164449386
0.0019525651136973478
0.0019168339321349417
0.0019363212281314202
0.0009199782323455175
0.0028898099574759667
0.0028476967103724412
0.0029758813442539484
0.002908831860060508
0.002753756632565845
0.0024340579758771992
0.0023525414730227504
0.0023055552529374344
0.002193690907127651
0.002129309605420606
0.002064129832316183
0.0016879329802274399
0.0018217623718328473
0.0015973451035768873
0.0015945294773811126
0.0015594699895035466
0.001522515492016443
0.0014804885730078192
0.0014310141666750763
0.0014464668674405972
0.0014201387876811276
0.001430541984095041
0.001425191416225013
0.0013893686319352136
0.0013703944659937415
0.0013012183185133112
0.0012836892922514856
0.0011904140251144904
0.0011178175081113305
0.0011256115709935945
0.0011060386760374712
0.0011316850866122372
0.0011906441628698747
0.0012628931065110556
0.0010783758052850835
0.0009079501092207801
0.0009831743987392255
0.0012008810599479743
0.0011647798902736733
0.0011194143552239744
0.001105364972397145
0.0010904694776087062
0.0010707841631417683
0.0010833700859190078
0.0010997451812878975
0.001216746771665527
0.0012137626387013795
0.001218411279269002
0.0011900186321145173
0.001204270557491779
0.0012067914076575195
0.001234511537740158
0.0007640067401902919
0.0007321662982576543
0.0007004182907793345
0.0006311320437680921
0.0006810579887786422
0.0006137953865167769
0.0006080398481572062
0.0006003438816028285
0.000579167447410459
0.0006902616345364847
0.0007973159571472376
0.000786545083088721
0.000771346483941609
0.0007771041431328951
0.0007453658795615643
0.002113334468698929
0.0021176132839173098
0.002298946469283303
0.0022847754618374374
0.002151136146952983
0.002173920770855472
0.002142199576366695
0.0020942103735814336
0.0022110690543332753
0.0022300306231954913
0.002235966108742988
0.0022097054004776673
0.002185739126706939
-0.0008732690568484173
0.0018479720478408283
0.0018592550859737938
0.001770543037586054
0.0017356338310706009
0.0016738755427076614
0.0016510141469315521
0.0016454634584968913
0.001626360779794467
0.0016043292769686674
0.0015918858456720525
0.0016059405638484655
0.0015809250758643954
0.0015496470287024737
0.0015839572022318196
0.0015862847493841098
0.0016001919138943794
0.0016156511280479415
0.0015973010259525246
0.0015888426538451979
0.0015809475333203185
0.0015380057316803043
0.0015292233356967125
0.0015329074371801404
0.0013926622402952785
0.0011153330295687782
0.0011129108575523457
0.0012469092512476924
0.0011078552668550418
0.001079688528921422
0.0012022279593504313
0.0012932973633523175
0.0013113399552644198
0.0013152195654005164
0.001271634394021044
0.0012205560267470723
0.001224728407015349
0.0012221311089188733
0.001190139974214083
0.0011911082681614307
0.0011671051356960426
0.001056974542272047
0.0010198356579365648
0.001150855042672318
0.001103276702865102
0.0010903833779614262
0.0010871126728846565
0.0010858222365173827
0.0010680067548592997
0.001021826108666755
0.0009924304087270202
0.000995748949426741
0.0009983435183644567
0.0015684686552393384
0.0018756649338312315
0.0018068300113443013
0.0018708692032885941
0.0018588888356351255
0.0019208974362730888
0.0019120324239395663
0.001912101247550406
0.0018969026031973896
0.0018992410369935095
0.001905636502973115
0.001895923679976663
0.0018733527745813997
0.0018909715316370087
0.0019975406434076925
0.0019844268474116696
0.0019807456595103833
0.001957454581126585
0.0018080120886592292
0.0018025458522578112
0.0017598448718029146
0.0017374891219677597
0.0016325204801191197
0.0016156113146140487
0.0016427654126167756
0.0016092569544395835
0.0016015926985303494
0.0015994331050641674
0.001717808706916272
0.001707894279028313
0.0016935861059992445
0.001641198020142501
0.001632888507239321
0.0011074450057586805
0.00016855179915203574
0.00017298855696439694
0.00013410789576412816
0.0001311975590995332
1.4990802133620773e-05
4.166166981381782e-05
4.3197295647890555e-05
2.2591838315160126e-05
4.4507621437473176e-05
4.533646046056349e-05
6.409372148021651e-05
5.257025524928309e-05
2.9097586582682847e-05
2.6210830395123935e-05
2.436283205774738e-05
0.0001023369493959451
0.0007297331121430652
0.0007290628870840132
0.0011767456353136596
0.0012514055203663539
0.0012428929672659778
0.0012543337211961137
0.001233475521989157
0.0014495556354308632
0.0014456705456547371
0.0013837656603501553
0.0013904123297091855
0.0014350789432483438
0.0014456491517635937
0.0015053286104434404
0.001556484781977782
0.0015964780501963101
0.001488350782225945
0.0014616456562743262
0.001451418987329701
0.0014352158755996703
0.0013941641578247637
0.0013915709401715042
0.0013985472314495947
0.0013933190133712744
0.0014103660859744254
0.001456095671920383
0.0014079011566310285
0.0017649938263483822
0.0017385793892264328
0.001630559279295663
0.001646177872728758
0.0014717572389633996
0.001476042626301578
0.0014984704804232728
0.0014718455799063754
0.0014597999458837202
0.0013531825215608567
0.0012328988532584954
0.0012092486889501985
0.0012330264236255853
0.0014083475120820698
0.0013987697034083437
0.001385128780410815
0.0013756320457484676
0.0013739026217472299
0.001360809358214153
0.0013313059144008331
0.0013418764311022289
0.0013234301663508606
0.0013147951584113816
0.001309636401256604
0.0013033548523205861
0.0012670347139469309
0.0012396709928958046
0.0012231770192446584
0.001373163538614634
0.001293720356027694
0.0012854129458091481
0.001277805646696111
0.0013143217519904116
0.001296825117162248
0.0012983023886861068
0.0014956059748993218
0.0014903008378563602
0.0015309873111941236
0.001588343429393718
0.0016058293610733503
0.0015922872627310892
0.0015969781365033121
0.0015901566919781455
0.0015598174445779589
0.0015422407496753657
0.0015080824119851517
0.0014758780237441123
0.0014830128725421845
0.001482434520632172
0.0014717077012269292
0.0014683209159417096
0.0014399887752686129
0.0014353719691530538
0.0014430209956203949
0.0014684359988378576
0.0014682053675320907
0.0014233767191479325
0.00118550704488787
0.002302988614133029
0.001696423712911664
0.0016664631088054243
0.0017287835157604324
0.0017123323566606207
0.001712702145114936
0.0017094415417853454
0.0017565331219178237
0.001770072134183089
0.0017624619082463875
0.001758362792117459
0.0017603218342974905
0.0017593210028631397
0.00175646428576326
0.0017549081826064969
0.0017492713810443377
0.0017620591375340341
0.001745848798393225
0.0017617255988620034
0.0017553637670942011
0.0017447710962348068
0.0017457444943810956
0.0017372380394026668
0.0017365338953451873
0.0017218299455719747
0.0017291932293185231
0.0017687365638098564
0.001769934824572425
0.0017663869084467542
0.0017632887084569119
0.0017983965019188232
0.001796914213379293
0.0017005541772257208
0.001702955789977347
0.001698849397894137
0.0016925998500008869
0.0016886173165035433
0.0011744767003156274
0.0011855495579476678
0.0011929670781632286
0.001190763908440811
0.0011830280138554715
0.0012479219002575555
0.0006127186235931671
0.0006207439367514521
0.0006206454543918319
0.0004976841639509484
0.0004584214939982945
0.0004573303772699359
0.00046219244834933617
0.0004426204719591732
0.0004221363328835018
0.00041616668176986944
0.00042592131803246137
0.0004272759521595164
0.0004354741201386796
0.00043272580201796497
0.00041002236912752755
0.000410753232269104
0.0003519619222492968
-2.7548096324224436e-05
-5.1807544749196334e-05
-4.6576039975475325e-05
-5.888322185662278e-05
-4.832168097360935e-05
-5.068545989078305e-05
-7.682592301388732e-05
-7.332990151539351e-05
-6.419699498438366e-05
-2.298696941991107e-05
-1.3614134084677303e-05
1.8028834386749737e-05
-2.4307410243703093e-06
-3.17502774919587e-06
-5.555020141926272e-06
7.141309847791884e-07
1.3975669876667226e-05
7.915654144472322e-06
6.455166762474362e-06
-4.788789569407759e-05
-6.046819233233614e-05
-7.733656871878579e-05
-7.721012500847326e-05
-7.685206298760775e-05
-7.165792017571648e-05
-6.654680899508152e-05
-7.6973910092661e-05
-7.797298013391036e-05
-5.703749270740407e-05
-2.7082020034449247e-05
-1.8943949384619773e-05
-1.1203813776877318e-05
-1.954248842788286e-05
-9.840382317325038e-06
-1.174853673875553e-06
5.586015822159907e-07
7.1354016969200325e-06
-5.61663534908061e-07
-8.87374902888637e-07
-5.624077704399953e-05
-5.546018352712589e-05
-5.498561374425503e-05
-5.7191219583171783e-05
-5.920080127963401e-05
-8.266021865532545e-05
-8.177434363032566e-05
-8.168825934689636e-05
-3.108284698237008e-05
-1.950147224790847e-05
-1.425499776348354e-05
-1.325450594290523e-05
-1.2533336026585783e-05
-1.199397109774911e-05
-1.622920475244629e-05
-1.8051920570931368e-05
-1.5296879235852413e-05
-1.629819086426479e-05
-1.600449941095931e-05
-1.756606447644841e-05
-7.973912418705867e-05
-8.379610452803566e-05
-8.07580925254176e-05
-7.382358823193282e-05
-6.83456697848379e-05
-6.735502761698927e-05
-5.694755872651302e-05
-5.59568361985029e-05
-7.490130581580956e-05
-7.561599888309175e-05
-7.132578379371321e-05
-7.046057171666824e-05
-6.726651377689352e-05
-6.533807775675792e-05
-6.468675990609969e-05
-0.00011353498818170693
-0.00011686497960549169
-0.00011526178616150563
-0.00011961454098202992
-0.00011572464219333566
-0.0001138966968989405
-0.00011315324431368711
-0.00010627205358929725
-9.982341834511724e-05
-9.785893163052835e-05
-0.00012025052915462166
-0.00011589754041426959
-0.00013215880822092967
-0.0001332625883739341
-0.00011734742661363389
-0.00012518387839959087
-0.00013869312417537323
-0.0001456031410104881
-0.0001453526059992583
-0.00014462290756218758
-0.00014640647298270744
-0.0001509888231674644
-0.00014503989160486862
-0.00013866665715679165
-0.00016463166908602068
-0.00016430169057315066
-0.00016854265690350621
-0.0001486264508554107
-0.00015245121647851316
-0.00016181096642025724
-0.00015854205818966306
-0.00016746591287094935
-0.00017260785996603647
-0.00017118107038077902
-0.00017253402821090037
-0.00017475220527275357
-0.0001734671628174523
-0.00017503166273612016
-0.0001741331590996028
-0.00017750503811433819
-0.00017708547510469872
-9.051212163276281e-05
-9.141189114768196e-05
-6.70783628077288e-05
-6.375558999766504e-05
-6.530806685421969e-05
-6.775009568809705e-05
-6.96979949863444e-05
-7.044549563008372e-05
-6.37081687510027e-05
-6.505514668802613e-05
-7.780469282752644e-05
-7.743230000536933e-05
-0.00010114342502633526
-0.00010256283272381521
-8.45396037976602e-05
-5.519548717083799e-05
-6.305099041466525e-05
-5.7919930561922114e-05
-5.638583953843801e-05
-5.756846198555911e-05
-6.629447227381158e-05
-7.536157410459351e-05
-7.359850076073318e-05
-8.041973691236964e-05
-7.385172974301385e-05
-0.00028851193739263544
-0.00028623823987056565
-0.00029998362445080875
-0.00030527876318552755
-0.00034699504280389265
-0.0003406263165067809
-0.0003083674719682982
-0.00030784636851033604
-0.00024719467106396243
-0.00025812555701562693
-0.00017103639482503986
-0.0001571630718642616
-0.00015830665479985896
-0.00014650407811439111
-0.00015504529228598936
-0.00017262020640789957
-0.00017072171222840056
-0.00016394207619801075
-0.00017033519114084786
-0.00023406973832438237
-0.00023757868804952662
-0.0002318737693215424
-0.0002179870305124194
-0.00021252008545853207
-0.0002148026420359998
-0.00021161970943709085
-0.0002131651174053719
-0.00021303347372170014
-0.0002255157455460466
-0.00022782820348827347
-0.00022178275172667392
-0.00022036197195371456
-0.00022339843934642443
-0.00020254263023461179
-9.023770480484948e-05
-9.311457156850726e-05
-8.81322600153581e-05
-0.00011269512998268884
-0.00010654723604517805
-0.0001093525791935694
-0.00010958132641332736
-0.0001109231702044684
-0.00011000809755642941
-0.00010402644541534058
-0.0001004099577514334
-0.00010085745949109554
-9.537549140270084e-05
-4.4859170858927116e-05
-4.3710456332480226e-05
-4.369812306804935e-05
-4.233382566318291e-05
-0.0001277777239692619
-0.00013025379537832024
-0.0001281924771040247
-0.00011869595421808476
-0.00011631470401999075
-0.00011127937155050696
-0.0001084260149591857
-0.00011108928304480749
-0.00010238263748823574
-0.00012876243850016498
-0.00012465117411895695
-0.00012850008840150344
-0.00011618093211279833
-0.00011220225457554305
-0.00010886966160913415
-0.00010890303679477442
-0.00011063333914927115
-0.00011872571243669463
-0.00011155737671513462
-6.03186734717716e-05
-6.0871315331565235e-05
-6.243466620273061e-05
-0.00023455375959825938
-0.00023254341555639503
-0.00023671226021897246
-0.0002322453826718318
-0.00023180543012953837
-0.0002325210554596209
-0.00023729784379990904
-0.00024425791135702885
-0.00024301445945352918
-0.0002703878294641825
-0.0002454957922623363
-0.00024545733876888076
-0.000243524175666682
-0.0002368117614306613
-0.00023468823500325252
-0.00023063422754962342
-0.00022794091684671264
-0.00022713405450020647
-0.00022220065768865428
-0.00022313151676748913
-0.0002388314403015542
-0.00025096028276472813
-0.00024674293075567933
-0.00024387283333866884
-0.00024377387096374958
-0.0002435331018299216
-0.00037400270468162844
-0.00036077186099235713
-0.0003600730535236536
-0.00036128300307375604
-0.0003665178855384503
-0.00036975105792454296
-0.00036953100956161456
-0.00036129324655975547
-0.0003626358681136052
-0.0003687600469414402
-0.00036744919918639063
-0.0003631924894660991
-0.00036921484192849673
-0.0003693796382529256
-0.0003690222401928617
-0.00036261454644273767
-0.000358978853365965
-0.00036207898297650374
-0.00036143473973462056
-0.0003598237179512489
-0.00035821695163859986
-0.0003573073646805364
-0.0003815069610826239
-0.00037940556155554813
-0.0003994730897184871
-0.00039485168096310913
-0.00039377059741148697
-0.00039423809833551566
-0.00037687632397603995
-0.0003630487163201991
-0.000362678994042793
-0.00036164117144765463
-0.00035476927084909213
-0.0003544475380322792
-0.00034783479669381773
-0.0003539105162289454
-0.00039742813963387013
-0.0004317427976729955
-0.0004315562949420988
-0.0004417913672067082
-0.00044123177943251765
-0.0004402899578494583
-0.00044054477109804275
-0.00042460657750999995
-0.0004251006200401192
-0.0004086180516336397
-0.0002817968143856137
-0.0002831325221507593
-0.00023187152897741632
-0.00023277465024222128
-0.00022415280430000787
-0.00022737368231195274
-0.00022783200456588144
-0.00020262550858011
-0.00018728614214830706
-0.00012022143640426369
-0.00012497850685677856
-0.00012051247564729389
-0.00012213840919218812
-0.0001323189392257398
-0.00015290827528301431
-0.00015429807442213833
-0.00015374463237227963
-0.0001608769477605272
-0.0001208224460603354
-0.0001254219682964206
-0.00013906810935403945
-0.0001316796215735157
-0.00011609578477727906
-0.00012142969197601191
-0.00012730998615316044
-5.089908554509694e-05
-5.6052987976816275e-05
-4.6499717285705675e-05
-5.035603890340073e-05
-5.836710206023062e-05
-5.6620182184939135e-05
-5.7283249625679035e-05
-4.79874765960821e-05
-8.693364122302856e-05
-8.770410175681178e-05
-9.531155557591979e-05
-9.35646941782466e-05
-8.626910937145499e-05
1.620147947219898e-05
-2.1350627037008397e-05
-1.7277709608244748e-05
-1.4257062059866492e-05
-1.7159462137987983e-05
-1.2540907430204486e-05
-3.1636350513187404e-05
2.8076707126210925e-05
2.244580360554423e-05
3.8703691199076794e-05
1.3315292120136834e-05
1.2533728483761956e-05
2.1192132876136316e-05
2.0638396360060978e-05
2.0908914398098256e-05
3.973748393350856e-05
-3.829490516979607e-06
-5.2682653656822135e-06
-7.039235296941832e-06
-1.611234709399361e-05
3.1881743246736036e-05
3.998678086082941e-05
3.6289123572401665e-05
2.2312888653156343e-05
2.077022450635849e-05
1.5126349118653555e-05
6.078240093538005e-05
6.335309525925483e-05
7.326315179232034e-05
0.00010014884197228747
0.00010253859187537853
8.584854275961898e-05
7.136572258001356e-05
6.681188594741497e-05
5.686901826132744e-05
5.8105129060305405e-05
4.648275148949492e-05
4.673830144138073e-05
3.0418268584434108e-05
-6.627611391883707e-06
-4.8728560612883954e-05
-2.7521286718241688e-05
5.161778375036886e-05
4.8626402265449885e-05
8.018894650900342e-05
8.444439968383608e-05
9.763352950898645e-05
3.391151358664554e-05
2.3839696199897537e-05
3.218148354461259e-05
-5.14620026528467e-05
-0.00025711910305094613
-0.00013811434484692082
-0.0003342535853801766
-0.0002929211302097624
-0.000314644617925646
-0.00027582819601822237
-0.0002759493007081461
-0.0002807521583874134
-0.00027622757260792254
-0.0002766706322676904
-0.00027278227295808924
-0.0002729426117226236
-0.00027220811623601617
-0.0002676404826269062
-0.0002652863104278438
-0.0002618047069098207
-0.00025988038442291823
-0.00028380825204084493
-0.0002777628335844882
-0.000278716902241219
-0.00028000677062682924
-0.0003854293724749186
-0.0003868432051894689
-0.0003874678962744189
-0.0003903617112522721
-0.00035645770831847236
-0.00036013902132626924
-0.00032307464101015014
-0.00032089730439925076
-0.0003239239512847645
-0.0003234584404829226
-0.0003301829331049135
-0.0003304492768761711
-0.0003430077355292373
-0.0003428638073721576
-0.0004847275796826259
-0.00047887519781224957
-0.0005074308097350222
-0.0005029858532245925
-0.0005058454722050446
-0.0005056778199899823
-0.00048566632381066995
-0.0005045162444648248
-0.0005027035728140846
-0.0005025903771768615
-0.0005002701783657152
-0.0005105196009799321
-0.0005083058294917542
-0.0007463875563847236
-0.0007555889624902281
-0.0007497099812424677
-0.0007493307993370203
-0.0007491677901469624
-0.0007487948968950054
-0.0007478338451808588
-0.00072176674051025
-0.0007295436069398412
-0.0007321361793342149
-0.0007329572639262123
-0.0007469079813709534
-0.0007484776244999124
-0.0007377263090219355
-0.0007334563746705187
-0.0007350687080284422
-0.000676995770080724
-0.0007001183732829301
-0.000704827760481992
-0.0007020554516286724
-0.000701821993743025
-0.0007009053755662823
-0.000702221480684245
-0.0007028375603620197
-0.0007034261032824298
-0.0007062849127614661
-0.000706122904081283
-0.0007059622667971736
-0.0007032215181699209
-0.0006951263179396601
-0.0006907288058904172
-0.0006904765474073716
-0.0007086113526545387
-0.000706946774000548
-0.0007077870612488687
-0.0007115404235567734
-0.0007083893256192268
-0.0007089922232303942
-0.0007079012574043484
-0.0007057434680612317
-0.0006978439587047616
-0.0007084243341627252
-0.0007268744271055257
-0.0007300647026482071
-0.0007295520650892003
-0.0007286415714737904
-0.0007294253537668919
-0.0007291924840331115
-0.0007465044477045432
-0.0007461376860376987
-0.0007478172421431669
-0.0007684898817746121
-0.0007625340251328726
-0.0007531514799309824
-0.0007516586498181433
-0.0007548195001383752
-0.0007559468886198803
-0.0007552118033209792
-0.0007589789278723013
-0.0007587108561274863
-0.000761096598719752
-0.0007595000307032574
-0.0007427245074293542
-0.0007222301454589133
-0.0007070146782600164
-0.0007388039153474286
-0.0007290076715259095
-0.0007183368014260732
-0.0007072397779404705
-0.0007079796592696457
-0.0007094264345834253
-0.0007120865451337408
-0.0007107333590939392
-0.0006925221219301282
-0.0006864700992298307
-0.0006855216779056974
-0.0006854808380219567
-0.0006884731626787638
-0.0006854044106851433
-0.0006982562030208958
-0.0006970140582866614
-0.0006970874411830818
-0.000698029891228703
-0.0007009281279983867
-0.0006979881298969584
-0.000697829461013043
-0.000702634870834174
-0.0007000102924343876
-0.0006998969566737872
-0.0006951811644339137
-0.0007092587763994401
-0.0007086245821957916
-0.0007027131977393213
-0.0006886329369883853
-0.0006959638021117233
-0.0006829690245444318
-0.0006791312693641112
-0.0006769034857860719
-0.0006584028791702513
-0.0006404890303259213
-0.0006208591728626154
-0.0006115799739503114
-0.0006114754460012367
-0.0006168952949503649
-0.0006306690847408702
-0.0006301633835540241
-0.0006233945800265405
-0.0006257558399820666
-0.0006291526886623329
-0.0006350752617488137
-0.0006312988644910079
-0.0006293557140085729
-0.0006241748464604616
-0.00063058516911827
-0.0006325063150818416
-0.0006517663619936082
-0.0007149541183984603
-0.0007149031194791426
-0.0007170509438211682
-0.0007132788825350447
-0.0007122738282851844
-0.0007107046143749216
-0.0007286661002699353
-0.0007727727004542402
-0.0007723805457684542
-0.000771912796556867
-0.0007752194482714783
-0.0007702621364573112
-0.0007627616182724772
-0.0007619524837334804
-0.0007614079969076052
-0.0007601249811950068
-0.0006895780879079633
-0.000686936031138794
-0.0006845166690682235
-0.0006861663848271833
-0.0006864689077434151
-0.0006492275829361293
-0.0006473955061626331
-0.0006383073391864732
-0.0006352590746377582
-0.0006324876040945971
-0.0006383777607286405
-0.0006386165102956402
-0.0006330142198231703
-0.0006326748868935173
-0.0006269505908027818
-0.0006311179476687879
-0.0006292687216658741
-0.0006271854036036968
-0.0006268347092525856
-0.0006289703798292999
-0.0006264534071805665
-0.0006329161849024356
-0.0006291525700187344
-0.0006440221641184778
-0.0006420632988785443
-0.000649316935130445
-0.0006557549529626757
-0.000653727684779128
-0.000659188740831111
-0.0006585298871334312
-0.0006506554575923968
-0.0006491905693581544
-0.0006470151901703118
-0.0006445518702319698
-0.0006434849712326656
-0.0006461579879046682
-0.0006450945516898514
-0.0006568873456206484
-0.0006539414200510255
-0.0006537260415925597
-0.0006532436212573114
-0.0006522254386464524
-0.0006558284482640579
-0.0006551288205420629
-0.0006535950089532058
-0.0006556035679993888
-0.0006601764583267915
-0.0007249681928759509
-0.000719243628357148
-0.0007150568597025879
-0.0007150515556886821
-0.0007168881552328464
-0.0007180260018514088
-0.0007143538525653163
-0.0007124592078288391
-0.000710178829192475
-0.0007032383281263965
-0.0007003598939511402
-0.0007035223490652973
-0.000703412045141939
-0.0007059033602637799
-0.0007129906455323099
-0.0007151146303376624
-0.0007080931470538437
-0.0007031377665266052
-0.0006952857677882186
-0.000658883175903611
-0.0006587698909578312
