0.03332645446062088
0.019489490427076817
0.02098480169661343
0.01080016437917948
0.03012181026861072
0.05120655428618193
0.04487479632371105
0.039842779495908566
0.03567882845527492
0.03233716960213231
0.028276143920569048
0.025638534091950313
0.0271295965441303
0.025334311346523457
0.02277040301851229
0.021914405097691884
0.020810847992025722
0.01957651746679881
0.018252081418177104
0.0172412075667775
0.01599003674610602
0.015413508553098396
0.01463255125660604
0.014158716765232381
0.013084673792876015
0.013121800742939938
0.01264740542891169
0.012458787648938593
0.012039400467377464
0.011797697719885035
0.011416301021199613
0.01098691265603217
0.010630883707028046
0.010309172540603737
0.009991733993552366
0.009711794241337812
0.008616500473611892
0.007978001311690047
0.007842479844839547
0.0074953135541674315
0.0078123372742473825
0.00790998351632964
0.0065756525152458134
0.006735745000575359
0.006599022853744986
0.006491345973893445
0.006401702908381896
0.0061730044734740275
0.006027659695828332
0.005912083784328297
0.005799927607138388
0.005698393496030166
0.005585602540156319
0.005480581508758899
0.005307888898512046
0.005218125251734529
0.0051094767755973285
0.0050590139551293396
0.004979533104536431
0.004550617424862792
0.004779917961587345
0.00471959925729722
0.002518652825528986
0.0029080441687256075
0.0028424058973817415
0.002869936882573831
0.0029754502346109137
0.002968962734524644
0.0029403468311232092
0.0032041199541401463
0.003306382476390958
0.003313288362122661
0.0030580888316664515
0.0031091229136412314
0.003475239379392738
0.003447699997053999
0.0035163301046197398
0.003498127060659416
0.00398431021167198
0.00391638569999486
0.003866034060171463
0.0038150266873235067
0.003729206595813765
0.003983331447028937
0.005315831426509416
0.005241851711742065
0.005143769486246375
0.0050760639531883195
0.0031076772028528557
0.003070740345520079
0.0030910900946448383
0.003318102468588759
0.003296826885916549
0.003267053261056149
0.003365006124416443
0.003337275578890034
0.00327649002547889
0.003245452554153297
0.006997332986211404
0.006939308491931989
0.006823709325901434
0.0067609840109989555
0.00667224985003346
0.0068107239486250495
0.006751392736815725
0.006674028764953228
0.0065782409224926525
0.006381062738951979
0.006305976482425733
0.006241744155534082
0.006148592496174388
0.005813885045410917
0.00586746973108108
0.005842832271414606
0.005826903938653012
0.0057843942991179275
0.005766494321968343
0.005608050587015742
0.005565494716574903
0.005503739805195542
0.005338574581699384
0.005316529112084337
0.0052685357330765036
0.0051548675061203544
0.005002779810826132
0.004987211757262538
0.004958657264523936
0.004668534647171609
0.0046045961937544715
0.004568481949808516
0.004519182460640104
0.004427731757076749
0.004903141178499989
0.0048923355652260815
0.004853824478820622
0.004819840825006473
0.004782820228433261
0.0047396368157828755
0.00516715345688031
0.0051218576643431
0.005142749047798798
0.005075422978562699
0.004983914340199487
0.0048938480976583616
0.004411350020322283
0.004381201538054562
0.004338265265294072
0.004354150863458095
0.004498015018956114
0.004447273337220562
0.0043816934868166416
0.004334731588255784
0.004300990965906772
0.004355250841246977
0.0043324826856872105
0.004303597940697785
0.004327175567642036
0.004284181793819989
0.004376493619110987
0.0043645286505068605
0.004455274900038478
0.004964259033790571
0.0053305036093572586
0.005313829971022309
0.005028611952940376
0.004888744372926778
0.004819365817595443
0.004777304255648117
0.00499076028140467
0.00495072970449671
0.004900651221041062
0.0048462508219890435
0.0048585667805284526
0.004872518677314342
0.004823060168415724
0.004806470288944397
0.004773346719569446
0.0047047305922901924
0.004853233091529949
0.004843120053407313
0.004827644979721318
0.004817932031719812
0.004908459981616823
0.0049139556467904365
0.004892053998495395
0.004882519091912145
0.004842454414833905
0.007505675754001701
0.00650242336276661
0.0063704100655512476
0.006315410652177887
0.006275655953512149
0.006268862237269897
0.006233230612512366
0.006187569355572529
0.006232270243714165
0.006381166516435731
0.006351911988979247
0.006302604586453525
0.00628251998083821
0.006238398319303337
0.006211782011861241
0.006176018084706988
0.006199192148335164
0.006160113788071399
0.006142582512021419
0.00712703018108676
0.007097469289543698
0.0069765591050825245
0.00697422492028472
0.0069376005579575755
0.00692381386249162
0.006887155164957423
0.006850291556762638
0.006833777868518221
0.006809115594331805
0.006764330100115931
0.006751408883342285
0.006729256968603956
0.006859730690445359
0.006657721421737455
0.00662879445066732
0.006532142118820567
0.006514206989344934
0.006498411514338382
0.006451724093222255
0.0064200765920855015
0.006218779047401559
0.00619316423310564
0.0061587115078312795
0.006505193973774519
0.006485351898131367
0.006461561677077462
0.006354287920328986
0.006346507510651293
0.006330081905846932
0.006193920065726627
0.006161396382130569
0.006038508364569375
0.006010533607247501
0.005987309561818663
0.005941487035947398
0.005917781905438578
0.005871694480551272
0.005834942639744327
0.005880791167641407
0.005862001609139334
0.00583948778851382
0.0058278392610955024
0.005775531084335636
0.005757841037848262
0.005732425588554434
0.005684640415012375
0.00567501956002339
0.005620344890019165
0.005614638869124751
0.005585718101020014
0.00550486067817663
0.005513340355369456
0.005494389410424613
0.005478715304076892
0.00546155845034405
0.0054398184587846465
0.005402933236349916
0.005390027355386511
0.005371700914710502
0.005317372695571973
0.005301782291338838
0.005300272867909233
0.005271538881087979
0.005229833527664593
0.005438438871218274
0.00547187388775807
0.005449967385555444
0.005432641917940451
0.005470474020042956
0.0054514517448277155
0.0053939761043259975
0.0053596467900726
0.00534735648882255
0.005306227885920249
0.005245714675721069
0.005257107793203054
0.0052277834990507
0.005206278588639491
0.005161753159435379
0.005132820662412181
0.005123698153256297
0.005108393291021481
0.005297377768632328
0.005334946664047423
0.005341278230813133
0.005315466687175497
0.005272191552833993
0.0052281540496108775
0.005195765062919277
0.00511502590165793
0.005104794959550525
0.005001563366046556
0.0049631964317944435
0.004946724433574851
0.00493204811922767
0.00491007681093354
0.004873240803564952
0.004817891616731481
0.0048881250737270515
0.00485842367183445
0.004846021096313644
0.004824340178193742
0.004814277753753092
0.004781925331721693
0.004766860419239755
0.004725833454903039
0.004704385457351605
0.004694470155369292
0.004564868783817344
0.004636411465374591
0.004623607552030445
0.004618909958617217
0.004625402957393572
0.00466491798330669
0.004681226492442412
0.004650751112219741
0.004658831868705762
0.004647397902889521
0.004639380278565275
0.004622972767653501
0.0046110922777384735
0.004576215426619228
0.004564749907476756
0.004640928461664863
0.004626815802794903
0.004716875215406415
0.0046681849951004375
0.004679746094076275
0.0046953529017844005
0.004682122252648345
0.004686253300171193
0.004646433918242103
0.004622282469506871
0.004425200337858262
0.0044180295621801735
0.004379680484076779
0.004380167744998085
0.004340473871644125
0.005156478022924022
0.005130937657124642
0.005554072934769576
0.005584233171331491
0.005613772758039603
0.00559785646369577
0.005576527938751298
0.005532049800293635
0.005501891552014795
0.005484576110830761
0.005426265950284043
0.005410616776067629
0.005401718534881369
0.005354683575488803
0.0053383445178082425
0.005307551773019948
0.005293299552136911
0.005288370626898296
0.005248273807388011
0.005098049625949331
0.005052503246957702
0.005038379581096898
0.005025205542734089
0.0050186047892910495
0.005041453508754954
0.005033277277693882
0.005017343949356132
0.004994336900629351
0.004982378168574839
0.0049264289356212
0.004933907794849496
0.004924954249564842
0.004914551498697042
0.004906749341707351
0.004895260624066257
0.004893008016670941
0.004909246145275247
0.004901698657628603
0.004883317083843022
0.004871989232189392
0.005119654245073576
0.005086895931507912
0.005221517348155054
0.005221144158694626
0.005217052724398787
0.005316849707460088
0.005320564112415694
0.0053020421966471845
0.005228824396927165
0.005219677742820516
0.005217207618945061
0.005186572144215749
0.005175529993830693
0.005171381015752555
0.005226118717196874
0.0052177292311162094
0.005196225498158772
0.005180844417349592
0.005169872010635484
0.005141388349710464
0.005140154305642412
0.005117814990251855
0.00510985502401938
0.005143712059006932
0.005115810532529026
0.005125583400477955
0.005112434645985604
0.005097660103546799
0.005082899348526988
0.005101224518022296
0.005108289495074216
0.005081313211817858
0.005064072820004007
0.005186709538975263
0.005174488657863901
0.005165196884504804
0.005152292471372091
0.005146931281306366
0.005148589713969746
0.00517495734469511
0.0051630218794720805
0.005049032381975847
0.004952472029801655
0.00495769108602808
0.004873582829451907
0.004865049541161134
0.004845599436118009
0.00481760003346989
0.00477969103268496
0.004754547153416591
0.00476109135333837
0.004719539357090595
0.004705633614683966
0.004676513182088949
0.004675924484232263
0.004667091377535334
0.004627579310493376
0.004617532143407791
0.004600124953507922
0.004591720890584428
0.004629427256480039
0.004654712195255274
0.004645530865138446
0.0047044468925176025
0.004692982882317738
0.004671678935085609
0.004671863839497658
0.004681372102241975
0.004642764597695898
0.004635548397593016
0.004628553775936671
0.004619163477606954
0.004614750742369208
0.004607763646337208
0.004577009030369977
0.0045734629803081996
0.005176131146689097
0.0051603373930965
0.005054124010911756
0.005045648158658499
0.005037866979323578
0.004938648225401978
0.004948561176908561
0.004973114773120537
0.004974805979130007
0.004961433727002857
0.0051330455432221506
0.005084544810557522
0.005059231232758301
0.005049291842288083
0.005037976079429747
0.005025936126281008
0.005036523479424569
0.0050279327562066075
0.005064127987144857
0.00501201761006811
0.005012061953111433
0.005014063922302256
0.005028791891789895
0.0050587606024704995
0.0050265814208812695
0.005016042077326733
0.005024816880220389
0.005064996880559636
0.005085003453495286
0.005067244179009889
0.0050531592656020315
0.005034746325566035
0.005024079852577266
0.00501505460164803
0.005004923831765108
0.0049907664456422815
0.004982326901178064
0.0049854471786747985
0.004977149450246129
0.004968544911993863
0.004957775303999465
0.004948710330443149
0.004935373282162316
0.004932206571517123
0.004924084713000967
0.004914376706258865
0.00491823148459541
0.004896237383738972
0.004886617738997715
0.004873296117089858
0.00486859268009235
0.004863268731861286
0.004858701521364311
0.00496358122362193
0.004950149369240465
0.004963730094073328
0.004952276694469866
0.004943903442773046
0.004933097019878238
0.004932388530338435
0.004921976101806372
0.004951672513627045
0.004943107501125524
0.004983277243975412
0.0049894377303917065
0.005049823465586799
0.0050286025348583625
0.005025997178216915
0.005016474431455879
0.005006891789253812
0.004990058652458433
0.004980860442557372
0.004924606466313622
0.004902475595786399
0.004908418167270882
0.004906437411419032
0.004899730212102929
0.004880632388496312
0.004857956433480495
0.004845564966249231
0.0048333908830391235
0.004821094803239297
0.004821381013827883
0.004766553080843123
0.004741278761300866
0.0047489994402210986
0.004754184439854078
0.004747873153491206
0.00473789737025765
0.004726904367900079
0.0047908569200414974
0.004785016020911496
0.004777260494439675
0.004776382291762637
0.004743256141917613
0.004706174931918965
0.004700238453820171
0.004692669844013962
0.00469059374690606
0.004644078577950097
0.004641377687641405
0.004633651067687169
0.0047295231658069535
0.004669681628059698
0.004660252547355841
0.004650950049739878
0.004644582909364373
0.00467218390065107
0.0047567108300624675
0.004748624842803462
0.00467141515693415
0.004644909030411282
0.0046349343664642976
0.004626785743975382
0.004615948402599085
0.0046166417668463255
0.004611342957433375
0.004604712893925694
0.004611312816630681
0.0046545834853388346
0.004653471851267173
0.004646162871903131
0.0046348744014869546
0.004627676672545195
0.00457926280935973
0.004563462916335421
0.004541154407525951
0.004533564257767232
0.004525049666944479
0.004513265940394791
0.004552682617622157
0.004542233133473228
0.0045473839105031055
0.00454085668382156
0.004513672206639219
0.004513755717885807
0.004503046876035145
0.0044852983019821584
0.004483553643269665
0.00428587446283601
0.004273682192874044
0.004537493091833167
0.00453144922455766
0.0045237262936155005
0.004527614330429143
0.004515595333253641
0.004496437325089993
0.004484320428971721
0.00446195421982889
0.004341672651023496
0.00432577935476005
0.00428933861327297
0.004233638060212227
0.00422261014146933
0.004221936409035291
0.004211363990409542
0.00417866626640174
0.0041736004095641425
0.004215697078792808
0.004212927479272637
0.004209137553900427
0.004193934356087479
0.004180569344089597
0.0034481151135852296
0.0034437758550453085
0.0034416068293600327
0.003338217845025616
0.0033142418365767075
0.003309272662475646
0.0032800687200517714
0.0032746284262187143
0.0032669322324299466
0.0032608033316294683
0.00325936359491126
0.003253560238741923
0.0032987083519161985
0.003293297737047298
0.003292898334967729
0.0032843681289709513
0.0032701376702820428
0.003255302136787511
0.0032478227791125944
0.00324133545602604
0.003236163722012804
0.0032186896744817273
0.0032127531671679276
0.0032080471828858015
0.003202214757089117
0.0032019501371383275
0.0031576700999621206
0.0031606403815216044
0.003154942757360017
0.003148699658532948
0.003149083142649787
0.0031513413457605077
0.0031923670747036853
0.003185611623177936
0.0031852388705815283
0.0031786771110057246
0.0031788540864796347
0.003172698289263815
0.0031665632121853754
0.003152252948052762
0.0031484957738278593
0.0031428103370119784
0.0031448081021436675
0.0031345672798263387
0.003129801975261053
0.003131587216148478
0.0031310889396265686
0.00306296132170419
0.003059080458320313
0.003056607089243631
0.0030517175886437754
0.0030416841739570695
0.0030363965450354133
0.0029944970309997094
0.002989184077764281
0.0029813953676323317
0.002979607116277584
0.0029744472423138242
0.0029583032904991454
0.0029481325104433686
0.002932017809896922
0.0029279586989029685
0.0029225428948097404
0.0029186114888085824
0.0029174722721253973
0.0029030509051414383
0.002904969271947402
0.0028934925563041196
0.0029271747256282015
0.0029536271491517195
0.002945669506897993
0.002936671728526859
0.0029391416837121465
0.0029370624013372094
0.002942251535491128
0.00293172576225509
0.0029324979599203494
0.002930143519706805
0.0029250058474407183
0.0029227792350040717
0.002916185999751559
0.002917276794028336
0.0029376810112643576
0.002934161416209659
0.002928710257837221
0.0029212848351392426
0.0029263922412222218
0.0029207931766097486
0.0029289009020767236
0.0021228471333154877
0.002135234850311207
0.0021536004133295593
0.0021889958585071976
0.00217750082646665
0.002176257076750212
0.0021376959326181396
0.002135197773084684
0.0021159498342567667
0.002111870211467137
0.0021100949939061343
0.0020841754820129575
0.002084187663015865
0.002083801250706867
0.0020777388906534073
0.002068733727091592
0.002085278403902307
0.0020737672866048304
0.0020715371287109946
0.0020773452660491133
0.002013702167747073
0.0020100531737872844
0.001994855688798015
0.0019878128987871773
0.001984465491436888
0.0019910541133621984
0.0019877760258293744
0.0019855301438654197
0.001978974135881541
0.001977859791930958
0.001984294429258325
0.0019781817388952144
0.0019729063292233825
0.0019374106525945635
0.0019328806236211349
0.0019247938500338917
0.0019087575670182037
0.001914243283829605
0.001914739963755044
0.0019169632760698315
0.0019259794103530985
0.0019141829027123284
0.0019185739665568157
0.0019209071020970842
0.0019124918096056224
0.001913805886832912
0.0019482990014807753
0.0019600679951511314
0.001964232767193077
0.001962253762035502
0.00197051801307228
0.00196529962410534
0.001961863040204065
0.0019925448434842483
0.0019928131182975132
0.0019940850620738955
0.002024429961962931
0.002044029202660911
0.0020414522707241
0.0020418578332064216
0.0020576540769252456
0.0020506652094059294
0.002010491775912168
0.002005574158413234
0.0019953618287665135
0.001967249279611375
0.0019351929445356674
0.0019334227517878776
0.0018894501805441447
0.0017633626583871346
0.001768390624881255
0.0017676456979293814
0.0017751502998320347
0.0017600549080995693
0.001754363119776937
0.0017546056393510736
0.001751015218973253
0.0017487770164964353
0.0017555910316266925
0.0017533403541403424
0.0017480866558735957
0.0017484830988869179
0.0017589287107166297
0.0017570753005152133
0.0017553495007164755
0.0017475511035308956
0.0017446304663917887
0.0017443448069115
0.0017397192727544527
0.0017352010958329722
0.0017378203564199478
0.0017403874989716634
0.0017420036380985694
0.0017397415412017266
0.0017327032207815497
0.0017311865892281027
0.0017280427284981081
0.0017259718710676698
0.0017323195581818915
0.0017327910099591227
0.0017408746268742711
0.0017366676060967569
0.0017800415524445359
0.0017795662927984027
0.0017859382389496172
0.0017866727894393193
0.001784321677170536
0.001816878338699554
0.00181758120743767
0.0018128516968600413
0.001816671983542619
0.0018133470403192522
0.0018126927168866066
0.0018091892984623394
0.0018125187500218978
0.0017534216814483333
0.0017485765209253057
0.0017538744034088546
0.0017549437302111833
0.0017061382369283119
0.001704405231900969
0.0017025030731202563
0.001701021870973417
0.0016976399618905769
0.0016991162052673533
0.0016927288085147056
0.001691872791600003
0.00171021561159261
0.0017295219815600409
0.0017042353487194172
0.001713898527165068
0.0018601712355179026
0.0018576243575288175
0.0017967675484909836
0.0017975343569204547
0.0018024171493486974
0.0018063177683146283
0.0017972630387622114
0.0017904193332922876
0.0017965022485628727
0.0017936530648735797
0.001794987116121026
0.001795902338616794
0.0018138012128517055
0.0018028272728319347
0.0017827056576205122
0.0017805414113106109
0.0017729929145885075
0.0018430935230742084
0.0018620519020268384
0.0018546812041372268
0.0019313905916094264
0.0019262497942737124
0.0019217021161339832
0.0019200734119970897
0.001892084945094452
0.0018202311836175923
0.001814180007198573
0.0018115156619214628
0.0018049005505270117
0.0018154680344617065
0.0018137327973544084
0.0018302875512355304
0.0018282479174262574
0.0018258625536050719
0.0018286031502074453
0.0018439063904381815
0.0018316694597094688
0.0018152141530657182
0.0018070833789660694
0.0018034680006444514
0.0018060292575346286
0.0018497577260215621
0.0018511673475168704
0.001847301286287771
0.0018433915408535176
0.0018801332150639063
0.0018666768873864049
0.001861959783604176
0.0018026882188529898
0.0017992571799363226
0.002194936126528546
0.0021914769975718545
0.0021430400922412027
0.002142247604038671
0.002147518050741281
0.002144108825704098
0.002145009632677464
0.0021414675213794455
0.002137795985606067
0.0021330473213130147
0.0021305001870979647
0.0021015130408278486
0.0020989328267233607
0.0020943146096860407
0.0020823740050688213
0.0020850854637847896
0.0020846322589684924
0.002072915290836338
0.0020696229636700046
0.0020646926862528977
0.002062363069682967
0.002049994058297185
0.0020431855953372893
0.002038828805929652
0.002053564753777724
0.0020157516553455297
0.002010430076023709
0.002011490508505879
0.002011250024701267
0.002009280826648654
0.002009171275320303
0.002000273571920236
0.0020424896440505934
0.0020412236474196834
0.0020462231169824352
0.002026998198862174
0.002027705366988954
0.0020251772671890603
0.002022273262835223
0.0020222647856763154
0.0020213521616614565
0.002019088703500171
0.0020167232263962184
0.0019759622067508443
0.0019780392946058983
0.001977420835034047
0.001972062354478097
0.001969897384075988
0.001956081958334866
0.0019530221899066223
0.0019432100995413798
0.0019420152886918736
0.0019465482871212766
0.0019409320687040555
0.0019434860307381695
0.001941666446158597
0.0019301143576564502
0.0019318240836349982
0.0019373762785390017
0.0019468509439930272
0.0019422049290217396
0.0019406624370706916
0.0019385894685458997
0.0019366126939715591
0.0019360264346119035
0.0019361242946589173
0.001954742624058361
0.0019492493160996503
0.0019452078007122068
0.0019526460454137235
0.0019520990443058317
0.0019510481416332597
0.0019594950517070973
0.0019729630393326013
0.0019710994097585704
0.0019684506423332158
0.0019646785247781655
0.001962867503121352
0.0019632016462349496
0.0019554216136524563
0.0019492576743053431
0.001947280003700043
0.0019600106205181246
0.0019585145915908334
0.0019364899407134676
0.0019425735835275945
0.0019367687860118216
0.0019363989703955465
0.001936922307370738
0.0019470109537190368
0.0019324649852660333
0.0019370866244965913
0.0019623712811882455
0.001954397892805764
0.0019345484315580867
0.0019362439740260708
0.0019391082578845127
0.0019564522738418836
0.0019903069207002026
0.001976361741271922
0.001974759670713
0.0019724999176740396
0.0019722169093116183
0.0019708659416352164
0.001973031430356059
0.001977111624923951
