-0.0009376498637720942
0.08741850041163464
0.1149887322098948
0.13134290208108723
0.10797986919836451
0.11483537754975258
0.10012198807089588
0.08965847928387422
0.08106830527540294
0.06950083880854599
0.06811183068202807
0.07370997848920523
0.07264092669356614
0.06997203105129302
0.060518570462591015
0.060247156097937155
0.05885647277399483
0.0633591762376263
0.060177981253946196
0.05133210207402173
0.04912095697363838
0.04707498176772471
0.045393845129486486
0.04378954824525863
0.047596555458417594
0.046625589438783074
0.045669596014444584
0.04526301849521055
0.04631637474910046
0.044667654088698334
0.043088022273877875
0.0438420882088725
0.041558965496198454
0.040416196258073425
0.038607906087741485
0.037675391973902475
0.036533709888125945
0.035883654270154
0.03521846439980439
0.034553005703634086
0.03360707313099524
0.03258327362506631
0.03487138604925185
0.03373431702299666
0.032458563196047674
0.03107409795716486
0.03051680148200832
0.02990754048710652
0.029667262446600957
0.02899028071631478
0.02773776252154047
0.02843275865900138
0.027343121488768343
0.02723486223046415
0.02606009095948789
0.025665347135560432
0.025089630550014442
0.0239083637005918
0.0236174670183876
0.02487845008727164
0.023825133022206336
0.023478423376449408
0.023331141301241597
0.02331501110635986
0.02146045030906064
0.0215680413208763
0.021945549200823106
0.021456215056536762
0.021009425444728048
0.019972034689025895
0.019512477756102795
0.01874675061904559
0.026132015572747583
0.025957276434637622
0.0256480325525014
0.02515155674932018
0.024822770694020006
0.02341733986505934
0.023073919901798964
0.02303731348796715
0.022821124772280016
0.022409910654525727
0.022066697992462064
0.021810476776376826
0.025199443652825233
0.025110834234008776
0.025283284473434024
0.024922998149858364
0.02485549877164887
0.021281259041023712
0.021692992561324717
0.02179956661352028
0.02059451237870778
0.02045867054747713
0.02021699935115371
0.019663779783907567
0.019370534560614643
0.018981397574099567
0.018479856856865824
0.017891462162681088
0.019007278979509427
0.01899136996091101
0.018567578391342158
0.018286644293749283
0.01851001091824214
0.01860077005362784
0.018405826851785958
0.01824869513148529
0.018143239857586625
0.017742567606530427
0.017616462015472036
0.017525185986454986
0.01762570388382302
0.017602932395454025
0.017703018848712025
0.017707106258330132
0.01770464271618749
0.017447820104494263
0.017228506093185096
0.016807718917319546
0.01654817962343424
0.01635275060231458
0.01629856332381738
0.016307398005388694
0.016329392715955966
0.016034829202034768
0.016552645814044822
0.017777013208883172
0.017265716323163375
0.018322191747680378
0.018612408882649065
0.018473176851945668
0.01831557392750854
0.01922629279239725
0.018785647742333832
0.018826008301031153
0.01870208849330717
0.018591281516551178
0.018407147618043913
0.018460148774543196
0.018289789210670496
0.018128313138019436
0.018519416672158225
0.019070947492206163
0.018963330617487086
0.018792462760905692
0.018328591014692776
0.01720674840136489
0.017260743718749548
0.017006849873940542
0.016867837039171732
0.017174364114028045
0.01720177108049999
0.016670212742211612
0.016360606942236292
0.016369408795129593
0.01630486189343532
0.016435318536406292
0.01637207162639244
0.016340123154714673
0.016082590377607894
0.01586566793523799
0.015783671183914823
0.015626823187410616
0.01487065049053833
0.015360213154620184
0.015135981050358786
0.014819124963591933
0.01571572795167895
0.0156960465764213
0.01564357591844381
0.015100791723994984
0.015065400622351548
0.015116189895862983
0.014484018560324333
0.014523893665117188
0.014475333699930377
0.01397255872306024
0.013446192916146378
0.01429774860905494
0.011977377149997956
0.012180320589670841
0.012150768961873839
0.0133559785600802
0.013272535559716286
0.013083300222692525
0.01310891269005221
0.014656447774050611
0.014406681112871557
0.013670920519309404
0.01399177686653275
0.014490060173481745
0.014478816970649956
0.014354410035034217
0.014232590493427748
0.014282777965149191
0.014170413816258354
0.013439879343779436
0.01331243957218249
0.012922322931838464
0.01276465412056406
0.012824282754932907
0.012827308819396427
0.013014936000222299
0.013054821367298701
0.012746662385694255
0.012801175577176489
0.012771291906152228
0.014162820034904322
0.013765132282551613
0.013097722248617952
0.013066455269857653
0.013076718290070967
0.012995957479768895
0.013024274044760717
0.012944698450155565
0.012874333519561208
0.013132921745894342
0.013383061377945451
0.013432249501115774
0.012931943382870684
0.012809902110613157
0.012629374103458508
0.012523242738615317
0.011687311556589988
0.011752413411928342
0.011680237518464176
0.011592781454361335
0.011508530376823225
0.0115422553879721
0.011089415641216542
0.011129592643758941
0.01100596646891717
0.011135260426399726
0.011017096282665678
0.011137689159739037
0.011384770311826086
0.011336952500984428
0.011294225908932289
0.011272075621766743
0.01110660999124363
0.011059588102581676
0.011024132364746352
0.010925799153498103
0.010913208196587058
0.01086012814014865
0.010877210275559221
0.010603112782478857
0.010597846221644449
0.01051165284152957
0.010450057626705605
0.010780885727733775
0.01082515998195316
0.010926493170086825
0.010782791236579234
0.010772777040460048
0.010768768360004455
0.010727609166584239
0.010675053674136667
0.010637728038415246
0.010496935712525513
0.010439256186235871
0.010404352929926442
0.010215197221094869
0.010100617562333155
0.010115454115116577
0.010100087118352464
0.010072097085766016
0.010057730957676023
0.010050110118996333
0.00993476786714063
0.0099011463400543
0.009839042613748482
0.009799511609599014
0.009735306408560004
0.00969913978354893
0.009781527432626495
0.009691856259907412
0.009848543142600537
0.010028336773000121
0.009922938446963478
0.009938841039815101
0.009933691218488831
0.009866530502933965
0.010107629798137818
0.009935475693600279
0.009842661321777612
0.009732958363614043
0.009694358925656276
0.009769101183112616
0.009838461034695243
0.009716182808096163
0.009718632117249599
0.00951957799320632
0.009471702934525976
0.009431002488334742
0.009370293045547753
0.009340715889716198
0.009385530643630792
0.009367904638982957
0.009421241374852906
0.009469734441040241
0.009429947189729383
0.009399478190929692
0.009229468393255212
0.009630028247918209
0.009615758858778372
0.010288728444767727
0.010260412457489213
0.010103847112782147
0.010025886191914876
0.009984190870350176
0.010015555188819115
0.009757631745130311
0.009782641088660773
0.009797810212553314
0.009802699024619185
0.009738882016799306
0.009790739137679352
0.010143843697053264
0.010110563783680816
0.010093326224792684
0.010012676217880713
0.009947451077974775
0.009868730933754006
0.009807975945669591
0.009779968204739144
0.009670618952126018
0.00960021671701478
0.009723428639075438
0.009538693097735633
0.009424163489539592
0.009357130915675225
0.009362424484196951
0.009339644818066442
0.009270767286628531
0.00934298642957171
0.00928379984893274
0.009200205046320619
0.009596820806509544
0.00957821323573781
0.009568561966640955
0.009551125499900429
0.009514168463478656
0.00947281109512989
0.009452746291168481
0.00977645129960261
0.009764680905597166
0.00947886868762518
0.009486052284429804
0.009426949270412236
0.009414165936213878
0.009397684687079003
0.009398975722904938
0.009385089044494485
0.009310775407601717
0.009296393751488045
0.009057962038446596
0.009062697837847133
0.009031751317422263
0.008974110299061462
0.008946503260328127
0.008967200915072023
0.008866555811933002
0.008830041093261956
0.009042017824652198
0.009138998224206383
0.009114195103536244
0.009341367322013943
0.009280378380984904
0.009260042493703519
0.009220605947847554
0.009298688993088278
0.009269265433307741
0.009166077047027899
0.009255330812152657
0.009211445912360292
0.0089965857085305
0.008980817775591279
0.009719451968992019
0.009753868662958225
0.009704559906622926
0.00932319316916619
0.009045456912422966
0.009064958707237657
0.009164381330834045
0.007907576562708353
0.007925376278236944
0.00825337013125253
0.008288159729618718
0.008464473329528422
0.008454657116052927
0.008566457864640498
0.008551861864037209
0.008483418168981025
0.008477101374155988
0.008317417923352886
0.008283414968545035
0.008211726480658411
0.008128595256979388
0.008340420089783715
0.008488843415802583
0.008427023873370531
0.008264444505847589
0.008909167927888284
0.009002364837394064
0.008982655921107507
0.007091853922616683
0.007070378515239044
0.007124876364563668
0.007092059934788701
0.007093804621348533
0.007059165136129403
0.007096488189361775
0.007069521405775549
0.007023239297355699
0.006977034907740146
0.006969374261806487
0.006933725148112345
0.006928928266804799
0.006909786857762803
0.006959952147216293
0.006712627084953237
0.006921910553321471
0.006925010176603976
0.006875490029947732
0.006887401312303512
0.006864503124920933
0.007484940798048934
0.007448700670581838
0.007401612463447111
0.007375136196455233
0.007593609364880344
0.007616003926163655
0.007618708920653345
0.007582748138417181
0.007574562485288352
0.007541952650609025
0.00762714702987896
0.0075722080603919896
0.007549267726959836
0.007471926334922673
0.007460312972496572
0.007418774939116013
0.007438019594734106
0.0073420883926471345
0.007329316498596335
0.007330125246123357
0.007300292074085323
0.007347201596673981
0.007265080222514861
0.007269489524035905
0.007470319507718462
0.007411399787256072
0.007366794484831899
0.007422414447942093
0.0073808866791177105
0.007366858084543062
0.007480368652487303
0.007452276803643012
0.007432959687183478
0.007412357927278923
0.007038571229149347
0.007005813070547885
0.006985777873239116
0.006964117279739926
0.006940196171869595
0.006926993660351788
0.006913821806665517
0.006911222393142023
0.006822040828657186
0.006861333039502599
0.006869027622187526
0.00687234288106036
0.006843580094708075
0.0068240917087151924
0.0068095135478162625
0.006330376548793695
0.006694964769121733
0.00671576864179031
0.006575314033896326
0.0065409095652254985
0.006307728928687013
0.0062894805358511665
0.006124002316203973
0.006130466089933904
0.006053875827852675
0.006165025456273338
0.0062698818985562925
0.006225249797860718
0.005525921904425166
0.0055431574181621516
0.005520533761367782
0.006412573661561121
0.006519596173612017
0.006478179411557875
0.006505653322449925
0.006368121464936469
0.006394212581682957
0.006366356641719656
0.006296286440595427
0.00627751642084546
0.00626911448604901
0.006273238092089208
0.006199940439523481
0.006186870414455092
0.006162170969741793
0.006192607618502416
0.006218147402008382
0.00616297515477337
0.006174015727083322
0.00615772039295478
0.006135381786750658
0.00611198096427597
0.006060497832119963
0.006132109862134387
0.006060113810797491
0.006050134990597599
0.006059505573312687
0.006179643381519282
0.006174273156004311
0.006151609924527508
0.006194686677523732
0.005893575780182375
0.005816867890654444
0.0057062227778186285
0.005805592141272931
0.0057840099868968564
0.005844099078555862
0.005799990880922219
0.005841205632261574
0.00583650346139471
0.005921622309205913
0.00591982878379037
0.005915966030008708
0.005909345724951184
0.005714266786012515
0.005702665611731797
0.005680613946255855
0.005679865731373987
0.005679069764351967
0.005620207065119523
0.005647451648067498
0.0055846325134636405
0.005591415914863819
0.0055744518684240395
0.005599873935817375
0.005566110454486158
0.0055792255394838145
0.007288749399045641
0.007253509244301187
0.007242248573375847
0.007229144350013664
0.00725584881724203
0.007258369736021671
0.007281465798238535
0.007283948640185531
0.007267871562329881
0.0072551032982378985
0.0072409462140213855
0.007248616113138015
0.00724155547335481
0.007218874951606067
0.00718904551379002
0.007170786925512039
0.0071685922657819465
0.007163335091128938
0.007141376438685998
0.007126745303953378
0.007075026853265627
0.0070791272512531105
0.0070589920409249544
0.007065067565942636
0.007002897740470798
0.006934467811523372
0.006904691945288018
0.0068970028429519185
0.006897403225744537
0.006894270081064521
0.006995838508257875
0.0073608251751869245
0.007341413326667987
0.007322496602682809
0.007325654192397309
0.007371908341901071
0.00737255202968805
0.007365299508040029
0.0073254725525897105
0.007363059335884988
0.0073176353225990216
0.007273904260765038
0.007255011582581714
0.007272591513842928
0.0072578647198275935
0.007232435733702916
0.007225131165240435
0.006740266907372559
0.007639573537246569
0.007518502655523972
0.007452906574363871
0.007527142195456008
0.007555437913777179
0.007587830528442192
0.007572346480939956
0.007579303769288241
0.007589947845091298
0.007546738226748961
0.007814620951907346
0.007783537524545737
0.007789735153473982
0.00771009012018101
0.007838581024857036
0.007823908584258668
0.007817646586494736
0.007800127489101765
0.007774863428989718
0.007639562687655283
0.00764391445717239
0.007671214059460446
0.007620192523460356
0.007596044359365887
0.007601255697375646
0.007580786953778265
0.007529204229905744
0.007495533612365869
0.0074849208461953915
0.007483208223970769
0.007420816573962434
0.007434071220227965
0.007447985003572005
0.007423433326073776
0.007424414107556433
0.007216670661760271
0.006712784667718909
0.006709907587284778
0.006726883064956484
0.006707693146239095
0.006749110371872321
0.006738161459259123
0.006720051199078181
0.0066941577361346715
0.006638644060994375
0.006627519770354305
0.00672269408010595
0.006707901458641872
0.0066992124083477735
0.006687912162339713
0.006660821935949328
0.0066570595781601
0.006642471900296612
0.0067070047786109265
0.006721910233380745
0.006709786448548951
0.006699977792123651
0.006664104268199999
0.006669499810445829
0.006655175489801933
0.006628008746323966
0.0066134342963337315
0.006711843366911782
0.00674435734479389
0.006718021380366274
0.00674094056335364
0.006712988179771823
0.0067057382611919935
0.006665739523758893
0.006649956317739357
0.0066179230570529955
0.006619136362176296
0.006611938691279813
0.006558498882083907
0.00640113990955887
0.006407742017094806
0.006381667126907924
0.00638318866634556
0.006367895859052479
0.006428788063997824
0.006407657508821588
0.006437504077439381
0.006414992942224098
0.00639811799410809
0.006729276918561638
0.006658479500104043
0.00664108000026743
0.007434699438218664
0.007405503447854467
0.0069481972736020765
0.0069410824935733145
0.006936356340831513
0.006547031977271458
0.006523662649748723
0.006537452355486398
0.006531516334849401
0.006514811791090565
0.006467831274801881
0.006495564731633897
0.006740530066093003
0.006748956498144602
0.006736608417611159
0.006724192851465769
0.0067094210099870565
0.0066956600715212715
0.006684178512996787
0.0066448109898883875
0.006648615691302566
0.006635231850543239
0.006607581349030142
0.006620061407213408
0.006600267104351568
0.0065948155230567355
0.006591135132776202
0.006618873668555944
0.006608994062396059
0.006586869036641639
0.0065794984289498214
0.006573049159566869
0.0065490939750132374
0.006517544841064424
0.006497517696607254
0.00647319472533057
0.0064541521159427575
0.006397647684205181
0.006382401432759295
0.006372817272133731
0.006371259158637145
0.006165663206102664
0.006147372664040289
0.00613547127895064
0.006122991082660003
0.006132840702288155
0.006111620607043741
0.006119009592458165
0.006141274289185761
0.006119250666837573
0.006134555109215603
0.00606170640488115
0.006052361254278324
0.00604113458860526
0.006034898853652749
0.0060419883006581545
0.0060441711544170825
0.006042693007159166
0.0060546069484267795
0.006068211992733395
0.006045682868931117
0.006034562284496778
0.006014738904310624
0.006006346397587674
0.00599516290153649
0.005972427170674931
0.005928409627416692
0.00590717347851418
0.005900170242272071
0.00588997948793533
0.005866862425266721
0.005840849076742431
0.005855396576246881
0.005852683044976406
0.005841080807476834
0.005846014177648442
0.005859753666796622
0.005842558021445018
0.005831232564898286
0.005827348961278397
0.005820670438520893
0.005840715332793589
0.005839883837770311
0.005823199938632955
0.005769955581982018
0.005762133615966224
0.005714676141731885
0.005712759894590193
0.005701003214744095
0.005687667553213566
0.005716255792772109
0.00553854616619238
0.0055318172252015055
0.005527222383562562
0.005522635107543191
0.0055700651598403735
0.005553797087542432
0.005548839636555819
0.005529256581128874
0.005509939681429786
0.005501739002112763
0.00547271638574028
0.005519595513936017
0.005517636668057665
0.005514786195566608
0.005508715781349296
0.005514298727952468
0.005460797681042403
0.0054432083688284475
0.0054453350521485745
0.005478274288938496
0.005601845575321497
0.005595081397611988
0.005480593238736565
0.005475717885046837
0.005467785038286169
0.005429365813471668
0.005428153764813371
0.005411891562873093
0.005408448089260875
0.005419281299408196
0.005447449642319748
0.005446279932845876
0.005454532002801887
0.0051167112461023255
0.005091135742282543
0.005159312255515047
0.005195955318223153
0.0051891086974088455
0.005179443613951387
0.005164525988853787
0.005142661011236
0.0051163300967254875
0.005177388967461396
0.005174745628303248
0.00519080716886281
0.005183605630655136
0.005173545826898306
0.00514879019287814
0.005176937453030741
0.0051680370458662105
0.005150745683546398
0.005132860744715848
0.005138760859424979
0.0051310433124536455
0.005140061879610897
0.005126445178007094
0.005098892313138308
0.0050955309240898914
0.005096007137018062
0.005060739359243219
0.005055336840428166
0.005060437266738977
0.005055328251697065
0.005044853197293945
0.00503724843062599
0.0050421303524212
0.005053916041582066
0.005041267621662718
0.005031174530208696
0.005053027690201877
0.005000905003821645
0.004987303815339133
0.004996019179495843
0.00498541870297392
0.005037894371582555
0.005023176126851813
0.005011568499181699
0.004995945720356145
0.004978668107302273
0.0049549378991117134
0.004954396660445856
0.004949120717618871
0.0049652005798463015
0.004965999295052111
0.004975711298694028
0.004973655993398379
0.004971468125163167
0.005054023816455816
0.0050492510501604256
0.005083275447049714
0.005079390731727913
0.005094671518169228
0.005077394397807878
0.005069249101983719
0.0050565266274457815
0.0050374639259569
0.005024155225867948
0.005026229830448844
0.00501161319289324
0.005009125406565416
0.005003573408029053
0.00498233991518456
0.004993838799529808
0.0049887106944962395
0.004979399457910789
0.004959921012616388
0.004946364821883763
0.00494497858137977
0.004945205275479404
0.004925632079159962
0.004917168117573179
0.004912945641228517
0.004909420993626091
0.00488900392206898
0.004890470475007228
0.00493839511240074
0.00493137797850704
0.004926608872976694
0.004951431497847915
0.004952962742785472
0.00495205745233841
0.004941988606938986
0.004932919516309662
0.004926986803984625
0.004915819200982677
0.004915080597984469
0.00488144151577751
0.004876919320190011
0.0048713039890049435
0.004862595201549565
0.0048554401147772215
0.0048455806784695335
0.004832957947611796
0.0048184046148470345
0.004811964772203543
0.004805514356655955
0.0048242371579563246
0.004828677464328971
0.004817701873133828
0.004803845039735019
0.004807409640494474
0.00480443861744714
0.004798817236285998
0.0047897993197456535
0.004806834364578327
0.004803439222225145
0.004810397631037151
0.004840866783284528
0.004831449661578526
0.004822646600386823
0.004810312836471602
0.004788282453075925
0.004791099099221259
0.00478419424712963
0.004800148023451924
0.004853858711679069
0.004654248730459627
0.004646484045349147
0.004631125539773772
0.004617547733049973
0.004602525666778955
0.00457924666498119
0.004575781064494275
0.004568707529339944
0.004570064463009796
0.004541351933019862
0.004536811716449102
0.004528560934925173
0.00447034685106095
0.004399852892928791
0.004385883477121565
0.004379461912774693
0.0043779404705828456
0.004368360172612537
0.004376474404255545
0.00437146052402515
0.004371947069222821
0.004339016353845663
0.004326175325646143
0.004328345158793441
0.004324409435963925
0.004315215907260305
0.004302056035903307
0.004286815650652903
0.004285779777906962
0.004272989120493586
0.0042886878079927615
0.004279214321852499
0.004270423585064943
0.004267702265168672
0.004239839420198757
0.00422806487108762
0.004226092467231043
0.004203636046478316
0.004198298021314091
0.0041979252487461685
0.00419441464082701
0.004189731649674318
0.004221441853598948
0.004218378876378328
0.00421295019594314
0.0042159748399579165
0.004201035342792296
0.004183350019036661
0.004181360484386105
0.004173066745659607
0.004170341388792756
0.004163899150892291
0.004153045736332157
0.004151864764614459
0.004148673513886703
0.004151110381837634
0.004148654718844201
0.004136347872311797
0.0041086466721922
0.004105134009646907
0.004109348465564202
0.004134114407857834
0.003948302742644585
0.003936413213296881
0.003895198929737713
0.003889903598482235
0.0038725917808812597
0.003873404313017094
0.0039875851191852356
