-0.0066396016627550125
-0.009309878883262474
-0.01588926720432937
-0.01135558905079961
-0.009400399168953301
-0.00800891424712193
-0.0031872437502897828
-0.0027247318422370086
-7.612806221004697e-05
0.0004529062875504171
0.0003804256921284822
0.0003743849161904869
0.00039866926090326073
-0.0006087706094452497
-0.0007189944135461708
-0.0003740548084298264
0.00028585730696148703
-0.005504594771130207
-0.00927857863571262
-0.009220011575269468
-0.006539684168687512
-0.006855889546188889
-0.006471106955965902
-0.006059159989235921
-0.005526293444115882
-0.007932692299450367
-0.008901901359162625
-0.008481899564403334
-0.00827087989600841
-0.008037799127182112
-0.008086592889412714
-0.00788359487849062
-0.007655163310974946
-0.0074810801789031494
-0.007248076603799644
-0.00705845513093172
-0.007183324080343531
-0.006850040709161057
-0.005334502761616023
-0.005215450786636212
-0.005094531056307633
-0.005139115827258265
-0.004881349305254514
-0.004815396571130906
-0.004695506749039456
-0.00512154576984145
-0.004979488030282179
-0.0046768507386239395
-0.003827993830491323
-0.003774324156099693
-0.0036756875323100337
-0.003508544476748936
-0.0033881074117811365
-0.003250270669443787
-0.0031706041380467854
-0.003135277834780138
-0.0030830666678255125
-0.0042493461803395005
-0.004759064726385985
-0.00483774137897913
-0.00515623418299759
-0.005891653138355143
-0.005771025406147598
-0.005803178152508243
-0.0054683695623569985
-0.005408992455905621
-0.005307748475709503
-0.005278448608199443
-0.005143970830041714
-0.00534462398200945
-0.00505453823542565
-0.005009277712765837
-0.004945549063622081
-0.004872599256341344
-0.004755103856280726
-0.004692956908604479
-0.004140726512093513
-0.00411083748548651
-0.0034613647620062686
-0.0033509296335978425
-0.00333650766289083
-0.0032844822354129426
-0.003253252681177053
-0.0015335140344070483
-0.0015226472153932087
-0.0015401420082787217
-0.0015370206130517704
-0.0015714704305956426
-0.0015898948365550794
-0.001639951658684627
-0.0015524365449179993
-0.0014795265847413986
-0.0014891522858190306
-0.0011124967216011622
-0.0012185876995924139
-0.0033284742923719883
-0.0032704795949215692
-0.0029598919195863837
-0.002923168944398639
-0.0028036325139230997
-0.0027811689918356324
-0.0027633458075002827
-0.002836395705834058
-0.0028190478054706805
-0.0029170268981548396
-0.003022054566487139
-0.0029017755030643594
-0.00287484833551464
-0.002866557774806015
-0.0027670147544274384
-0.002790774918139506
-0.0022156112630330287
-0.0021981246749770414
-0.0021864651518863757
-0.00228837411235998
-0.0022646245638925483
-0.001893043161791127
-0.0019409478466689773
-0.0019783936895692036
-0.001962813412725411
-0.0019418419689201517
-0.0016809535522545826
-0.0016474203769194589
-0.0015633749804692353
-0.0019639084580592775
-0.0019015666111381587
-0.0019220695859303314
-0.0019278909620520299
-0.0017931201953055847
-0.0015285848276662996
-0.0015621968558469132
-0.0016405407324673166
-0.0014662898812180655
-0.0015011530844882756
-0.001477699484680403
-0.0014361192509030629
-0.0015503058280244108
-0.0014216391372422377
-0.00142669430528518
0.0016137612231219422
0.001491662584516567
0.0014390575094433446
0.0013919621616069987
0.0013177527731950873
0.001355040149363746
0.0013311125002888526
0.0007617844439172998
0.0007311275857617922
0.0013388974583358497
0.00158114239042671
0.0015231249477725014
0.0015094897817642255
0.0015539418003187725
0.0014155204177856617
0.0014945541142645726
0.0014666871661372224
0.0012039683336101733
0.0009283184584738301
0.0008443019610240288
0.0008505454907151831
0.0009017175081995144
0.0008859581265282847
0.0008778406422274324
0.0008981507374714541
0.0007992376036365529
0.0008922079512689108
0.0008865876197454598
0.0009589440533037139
0.0009931871307986395
0.0007654460693698648
0.00074208536839145
0.000739892965554113
0.0007215152372841593
0.0007340152648144522
0.000722654233951205
0.0007144946645745354
0.0007475924729160282
0.0007394130069205742
0.0007365663817229977
0.0007213402808983461
0.0008648968334335329
0.0008872254656836418
0.0008628358403296682
0.0008535694422175138
0.0008555524284645942
0.0008049767497394041
0.0008099500447179752
0.0008323997762374487
0.0007877474715075393
0.0007857331821417024
0.0007869346794298799
0.0007782347631216075
0.0008251661660999393
0.0007757620327771652
0.0007901307737706596
0.0015448547871948826
0.0014325949740290364
0.0013819259568585546
0.001377853389130904
0.0013098980112473898
0.0014932929817126073
0.001532321549227157
0.001717382148319087
0.002181974617855213
0.00255202786043033
0.0025539734864220513
0.0025658079987176895
0.0026116372135124694
0.0026165587938435006
0.00337715507198072
0.003301661744942219
0.0033295781115515954
0.0033432768100750765
0.0033764601230274784
0.003526168595137142
0.0037043791581889435
0.0036159937885171215
0.0035764771964418
0.0036346475149250826
0.0036002041106175495
0.0035743049297666343
0.0035090013187913196
0.0034971549076934527
0.003478546068589719
0.0035152372835096845
0.0035397045294823935
0.0035394080041442045
0.0035496645787015013
0.003592001355718819
0.0036647480824817096
0.0036325375313653817
0.0036514302392893897
0.0036690603851133735
0.003668274336613396
0.0036939244536817123
0.0036593744524396976
0.003633399559047949
0.0033295262691654475
0.003193138782808091
0.0033074684109716548
0.0033274687742929866
0.0033379754903362173
0.0033224942937939896
0.0035137876576021763
0.0034771742144451903
0.0034777930033249916
0.003463551323406018
0.0034443052318092076
0.0033964397382806044
0.0033375569783309763
0.003268457350165431
0.003130165138270378
0.003160367008217511
0.003222441439249772
0.0032086676660014746
0.0032332143732160877
0.0032809713476697573
0.003339750897604523
0.0033782695459824313
0.003391601630944627
0.0034295555549288953
0.003440172256078101
0.003392378895252037
0.0032622077523726313
0.0031980398443988813
0.003258055564718521
0.003237113482942163
0.0031479600012336165
0.0031460833006551397
0.00316308037504834
0.0031413985154679683
0.0031558696001801386
0.0031391224924480913
0.003116609600997023
0.0030797987756554716
0.0030787314833305777
0.003481247965210845
0.003461450954603356
0.0033967773649887295
0.003330163222195307
0.003321530950222255
0.0033712134333619493
0.003340118219262289
0.003374145574318328
0.0033575658980244945
0.0033015807591543385
0.0031711609931335274
0.0031594863784508336
0.0031517888043489286
0.003123951604727039
0.003147806113652411
0.0032051853835483412
0.0032138603251505825
0.00320460123312857
0.0032006426406312413
0.003193843014166309
0.0032235008289692967
0.0032250997208874144
0.003204552611520438
0.002531302411701343
0.002538410560811936
0.00253742996317207
0.0030814497397985093
0.0029959912155659452
0.0029807581784172467
0.002975167228007184
0.003012186923930226
0.0030094839618477268
0.0030977041452593607
0.00313349234884855
0.003110357756435034
0.0031046234658445447
0.0030874016109960034
0.003006755384673839
0.002983741531444382
0.00308952530935423
0.0030128129701838115
0.0030724148843623562
0.003074456506101343
0.003056848541326819
0.002928118583677925
0.002886056459547402
0.002846623903791131
0.002837463475745889
0.0028284819770077302
0.0028031801288507445
0.0027691913986395453
0.0026142076576959445
0.0026042563543535045
0.002592050189660931
0.0025649992643023787
0.0025632753757607518
0.002554289644676775
0.002512230523323308
0.002535936530139659
0.0025305549776663836
0.0025280416091888903
0.002534313373021085
0.0025219174171284345
0.0025109922571573415
0.0025136850500099466
0.0025055091592222564
0.0024995217125167056
0.002472131449452507
0.0024658586664025733
0.0024379830287772123
0.002432052775830748
0.002425436033062733
0.002517110211608399
0.002515959100196791
0.002498876964058251
0.0024768641611321095
0.0024551504749033897
0.0024524706814267583
0.0024466207678517423
0.0024428946188297545
0.002428130574401484
0.0024811376124058795
0.0024728503517205055
0.0024641632284469897
0.0024559039480885167
0.0024016849986391695
0.002395623158148598
0.0023827112451265888
0.0024000848369142348
0.002520306127787281
0.0025247662161627495
0.002496822013347448
0.002516196837343553
0.0025383480340512247
0.0025737841709195237
0.0025734065808873906
0.0025513935559472807
0.0025062544618267564
0.0025005767986821157
0.0024890448472404537
0.0024495685974933036
0.002436796408979035
0.002434268929477854
0.002435515071201233
0.0024346103183943433
0.0024306945146065125
0.0023036950164320538
0.0025928522485108778
0.002635443521681039
0.002624787310892187
0.0026181735451358433
0.0026035765279473497
0.0025190544646764654
0.0024943189833776507
0.002497245347123161
0.0023949876622120325
0.002272872725601526
0.0022508432414482904
0.002241482054582454
0.002286850687738635
0.002293602808629603
0.0022498282871908164
0.0022266367177508077
0.0021689463868543295
0.0022093010980164434
0.002236045266761013
0.002234402181892449
0.0022849585769703783
0.002290144286378233
0.0022712835415777894
0.0022670118037329354
0.0022859251404022886
0.0022872563418165643
0.0022765047233716047
0.0022833215280292462
0.0022760084413750836
0.002285633613043332
0.002283768012280948
0.0022683264596008294
0.002257054159990056
0.002270704170738563
0.0022713357496140923
0.0022449801829116925
0.002241405662640847
0.0022402090245722127
0.0022234316763493425
0.0022273190319675416
0.002270826838486008
0.0022477649353546255
0.0023110738508452396
0.0023069010950787076
0.0023075621421117846
0.002316028831410224
0.0023130274412471808
0.0023084945891982756
0.002304010047707989
0.002303652342155145
0.002297582589665259
0.002297546982019181
0.0023039327555435182
0.0022981753802728613
0.002289291008631224
0.002283271582167471
0.0022675590876061196
0.0023168828687367233
0.0023065503991764004
0.0024791715761304746
0.0024739437027941637
0.0024653918273559576
0.0025363425014582764
0.002522728752312886
0.0024826951807000296
0.0023664115982764003
0.002372073668640929
0.002360296806824587
0.0023563213466327947
0.002350229415602805
0.002358275669873796
0.0023683216223983916
0.002373874025997357
0.002250149928972047
0.0022438882316793947
0.002240616611980723
0.002230058818528533
0.0022497844233268834
0.002230999675901461
0.0026228506350952537
0.002612275560542952
0.0026140964610060955
0.002378652991465996
0.002383650043133785
0.0023784262367644855
0.0024560882677410823
0.0025838428735720687
0.002638723340862919
0.0026177484549207417
0.0026135803187717415
0.0026123059758806216
0.0026044278466932683
0.0026074060354764
0.002556485262723537
0.0025474073188581138
0.0025325459081007775
0.002489604973862299
0.0024923934918310003
0.0025111422779732226
0.0025119710906227376
0.002509341139758016
0.0025011212387447508
0.0025017751185440994
0.0024967395778223932
0.0024689123207255192
0.002469288841292633
0.002516817660330578
0.0025108659056872333
0.0025053913448547607
0.0025070120761892566
0.0024815210215030047
0.0024845444346107293
0.0024960711849907266
0.0024931724235566464
0.0024821030668378194
0.0024672239670471747
0.0024654522988452154
0.0024614396173842294
0.0024557632376950417
0.0024576942108805733
0.002459661165421763
0.0025335957926066245
0.002504484748959869
0.002504012411625048
0.0024982577868568477
0.00249366347370418
0.002478054350128336
0.0024650584555558895
0.0024599870131305655
0.002458615602919983
0.0024635496352645512
0.0024611595399901547
0.0024531715445047526
0.002464733655568082
0.0024278964784520316
0.0024151026942910475
0.0024019141704730695
0.0023979052250724907
0.0023938629253817288
0.0023981005093127216
0.0023622887955224584
0.002353897669371182
0.002345149665191748
0.0023227340761602104
0.002318295024039174
0.002450478427224124
0.0024489995695386605
0.0024339558227452498
0.0024239201367658855
0.0024830069933465954
0.0024859726091163554
0.0024625139682681405
0.0024566721347064366
0.0024431121548474143
0.002447213807973943
0.0024705206093063596
0.00245895703096595
0.002452543966686506
0.002449206577330521
0.0024541162008651593
0.002450734440508562
0.002450238764846795
0.002452512881180127
0.002449961242308061
0.0024476562242743754
0.0024426590389339236
0.0023928142775263375
0.002375851918496544
0.002383681660937817
0.0023837150096080485
0.0023828282495562034
0.002383815883895424
0.0023749994153856604
0.0023581851520479598
0.0023499913101833404
0.0023646217559352
0.0023995598238281085
0.0023849469272844855
0.0023835868671140247
0.002396123527587598
0.0023741743972924717
0.0023711370778835266
0.002368816918177312
0.0023652405104424437
0.0023691754176212634
0.0023647977593211898
0.002364930050741576
0.0024180221646617904
0.0024202351780290526
0.002372464174674482
0.0024136453930227804
0.002406212859215075
0.0024032231139933503
0.002399250206621734
0.00240183420567162
0.002402962584716894
0.002400509421258809
0.002397630349250872
0.0023931690320158124
0.002395616263989001
0.0024190728864821607
0.0024144297317232636
0.0024287605709886165
0.0024284308862729483
0.0024240829067291693
0.002416448521016411
0.002407941708195279
0.0023918800211872996
0.0023859455560137324
0.0023799165581368303
0.0023812772420248682
0.002407399651135636
0.002586031680078624
0.00257234464990451
0.002570319465781914
0.002573156403159374
0.0025699682579600116
0.0025789023079339692
0.002603663139872116
0.002612146082277748
0.0026064738326019056
0.002637527047278224
0.002636899109395672
0.002636470836023365
0.0026394654785224427
0.0025874529715930886
0.0025790989852756954
0.0024674258507920207
0.00249107700128691
0.0025567282934273843
0.0026540239442592287
0.002650731998262739
0.002653163262921978
0.002522176154093286
0.0025212149616428295
0.0025189991539762923
0.0025036623539062284
0.002511437013822982
0.002504926933984522
0.0025077745269113517
0.002522958827461117
0.002581680759324689
0.002575130722936848
0.0025710165211224596
0.0025673116053095894
0.002563059501629877
0.002561013315184958
0.0025490290067691716
0.0025448719715016506
0.0025733654691508312
0.0025669274807451144
0.002562957457771031
0.0025517435494166675
0.00254646183257878
0.002544819689238282
0.002496422432864165
0.0026793951261416295
0.0026759039027414375
0.0026761785267573786
0.002674142939687716
0.0026721361178729695
0.002661703348958298
0.002641666097485696
0.0026251477300342856
0.002639333596871914
0.0026372577549773264
0.002626336780415179
0.002620578871605499
0.002618743738427488
0.00262162785621382
0.002612818749012774
0.0025404335464173063
0.002536124214093212
0.0025540977481094125
0.0025541633765673553
0.0025534628190860423
0.002553113877702661
0.002547362896755691
0.0025432090625333
0.0025414740896641053
0.0025412608412684365
0.002542335893344392
0.0025409723107252375
0.0025119879736342325
0.0025173960440356756
0.002511594570333089
0.0025611196453282302
0.0025545235237023874
0.002545622771801835
0.0025464500593049494
0.0025419900568710917
0.002536745228147315
0.002532037166823383
0.0024779504376893197
0.002506057589738534
0.0025048592977648648
0.002534020716790623
0.0025143287721514375
0.0025057343556741693
0.0024811593552175517
0.0024760302858738174
0.002468043131411514
0.0025601860001204357
0.002546415007960012
0.0025430829271615696
0.0025450419081818735
0.0025474446787229
0.0025498601965257307
0.0025483614807398484
0.0025505857940007377
0.0025485535631946245
0.0025394640401252963
0.0025395169631647176
0.0025213736818559974
0.0025215116323453863
0.002515754588343303
0.0025133016600747517
0.002517228976914101
0.002531175234348906
0.0025290315461254736
0.002520798770227827
0.0024990931459134996
0.0026446322013208745
0.0026193185811814674
0.0026190238288688788
0.0026167003342571914
0.0025852552288087127
0.002588365446386848
0.0026050185112452126
0.002626631206405482
0.002657159137473625
0.002653447591143436
0.0026689512951088806
0.002662884006107293
0.002657874488777427
0.002618993622288852
0.002645910073125163
0.0026351312503153836
0.0026258523751268898
0.002636868017994978
0.0026439910460512384
0.0026420907323438225
0.0026350046001479455
0.0026300712712267406
0.0026101191791113977
0.0026071706100818325
0.002612489399514684
0.0026111966518860487
0.002609028396117095
0.0026030009889799785
0.0026024406818399015
0.0025996494828968548
0.00259639417394532
0.0025759996090486256
0.002572506546184323
0.002575554182427319
0.0025727959352029512
0.002566946214047698
0.0025680309353401944
0.002570363346079518
0.0025641058679848243
0.0025465320435682838
0.0025472801989159482
0.0025529339603340773
0.002551393922754391
0.002553976076849116
0.002604709779938247
0.002599162094214835
0.0025945877227551897
0.0025976224838640542
0.002609288355139769
0.0026080080486415823
0.0026083657831520147
0.002585680702294833
0.002651176442723778
0.002650186983220537
0.0026457009616515357
0.002643380255789467
0.0026391861428336403
0.0026433915201149742
0.0026468337382253844
0.0026177645149302133
0.002666995771655162
0.002664685016460074
0.0026067987432802082
0.002607180245255435
0.0025969204159097775
0.0025869666018093203
0.0025778438920865407
0.002564689117381217
0.002559018717860923
0.002554004244977721
0.0024659476869459715
0.002409681592788727
0.002308543452259873
0.0022023016168625474
0.0021139345550000373
0.002076460390321641
0.002057001626231716
0.002046433005359306
0.0020439660960028336
0.002039254185989198
0.0020453426256563435
0.0020403193249996523
0.0020380247736875557
0.002034555325731104
0.0020238632796842635
0.002020268183064263
0.0022218970559941993
0.0021764059130337564
0.0023383461636324178
0.0022571761221124725
0.0022710010946077994
0.0022349545824703844
0.002318521706920375
0.002303714805202616
0.0022973084773827038
0.002512120035631718
0.0025062352995684533
0.0025013574148630784
0.0024918479981227704
0.002515233032587076
0.0026520353230480975
0.0026585110345417927
0.0026591922762980434
0.0026560181973539396
0.00265419873947699
0.002651738457625738
0.002643538830791248
0.002645374477647315
0.0026567807277890223
0.0026528855490623214
0.002625967508557821
0.002623711823060833
0.002618614077289169
0.0026138517550950893
0.002602554690374978
0.002600919439392493
0.0025972074474774434
0.0025912077654335645
0.0025929599544245075
0.0025875779865160205
0.0025842216984183616
0.002646743183724126
0.0026478736508096746
0.002644827797011675
0.0027406617481652074
0.0027361392783229986
0.0027175109337980105
0.0027184235853686314
0.002710240275193352
0.0026923739407381437
0.0026913753722439967
0.0026842708379401985
0.00268416104498164
0.002698467478018887
0.0026922359611403304
0.002686698851790866
0.0026841532116331063
0.0026801444036084433
0.002673832631977165
0.002670133602874239
0.0027655081133085495
0.0027404273660410912
0.002748921347710165
0.002746888093499686
0.0027336907605465493
0.0027439791279185804
0.002718146924316504
0.002720563310491297
0.0027141784759625058
0.002616946346185793
0.002613206494334964
0.0026699387263381825
0.0026670340329187203
0.002666128236177069
0.0026595810683368156
0.0026582560068035012
0.002649371250249151
0.0027178258128852002
0.00271213429499178
0.0027170979813450798
0.0027045766621952416
0.002692992229229628
0.0026967061476526628
0.0026971998739413563
0.002766007533703661
0.002762126538807333
0.002754179487761109
0.0027515602146601145
0.0027275929323098227
0.0027200355732298646
0.002712939378970458
0.0027105248044291355
0.002709126965692018
0.0027059584743834753
0.0027027002329341235
0.0026969020437303893
0.0026833618954936115
0.0026791642598814522
0.0026787133595631927
0.002676894877006551
0.002662100468281792
0.002685229072994843
0.002684917998408437
0.002684261706901983
0.0026798096436553933
0.002674825940328593
0.002671607121161859
0.0026685963417605887
0.0026885529742273757
0.0026778584757250552
0.0026729619888668076
0.002669001325889672
0.0026664271327061285
0.002611808720353615
0.0026073036200095446
0.0026208997030360824
0.002627445997643929
0.0027015189954941346
0.0026968247786107046
0.002694930299337803
0.0026891101900237985
0.0027074200984296094
0.0027042230865903377
0.002700300511283926
0.0026752234338062644
0.0026196407512272127
0.0026175415097611
0.002612796074116802
0.0026100730613084606
0.0026240705360002564
0.002600854898288717
0.0025977079674937248
0.002588860412975164
0.002587626999648702
0.0025458360142218005
0.002539103510243799
0.0025336755363757884
0.002531545927190388
0.0025339445759262275
0.0025360751792043138
0.0025256985543843174
0.0025209343173800947
0.0025198551933493544
0.002531872699542601
0.0025303632046005885
0.0025274840793909014
0.0025221580268945817
0.002516914428963277
0.0025283355651131378
0.0025261522926243794
0.0025240637094431357
0.002514783034541659
0.0025271755006236606
0.0025254535300460873
0.002521132005793482
0.002518821251929298
0.00251084441064766
0.0025083930446749437
0.002479852465769492
0.0024768405483838606
0.00247246073103315
0.00247263505389512
0.0024721106199973456
0.002434394255052261
0.002437112657428874
0.0024439900698398423
0.0024481878129900144
0.002442672465401896
0.0024403099557832853
0.002439960518523516
0.002447499000928583
0.0024455692073084706
0.0025103048413051272
0.002496889635062872
0.0024966577904183946
0.0024973052622916316
0.002496544360039021
0.0024926103866103966
0.0024816257234556013
0.002486192667770948
0.0024798887818983733
0.0024676077242580243
0.0024649738067934915
0.0024609783187207954
0.002458497258356262
0.0024534418378929263
0.002451523998132323
0.0024493451343916665
0.0024522743928985
0.002448562320792083
0.002443605107569704
0.0024376722930353908
0.002435636493049993
0.0024321693623204172
0.0024293955270020063
0.002425211803992691
0.0024225930656335292
0.002419602758917296
0.0023422913699962513
0.0023384209354519966
0.0023364251330677418
0.0023331236071399597
0.0023362708838087247
0.002330187902896227
0.0023235127519919017
0.002250846273539303
0.002241848011349519
0.0022366134861414315
0.0022318037578053064
0.0022293229514696905
0.002235884705365377
0.002232902066388632
0.0022248577132649027
0.002227657789739169
0.0022284728185584866
