-0.003886610269546509
-0.0016276407986879349
0.014241489116102457
0.026749362424016
0.022484849051882826
0.01690211772386517
0.015183137380518021
0.013240215446179112
0.011961818533018231
0.010618527652695773
0.010323546496996032
0.009534687470967092
0.009040952980285509
0.008379163635739434
0.007721272657363441
0.007330809695892691
0.006707866459489902
0.006820720905364538
0.006549063840066081
0.00632117090225663
0.00596609457914548
0.00575875536204599
0.005736966547071157
0.005623122423421591
0.005361142995892665
0.005232950071028123
0.00526188987714704
0.005237442266661673
0.005071589518532467
0.005196158065378004
0.0051401173159320015
0.006327917239325347
0.006070222935865304
0.00582963380979241
0.005728072458522446
0.007041542285052758
0.006805336342566941
0.006569714023498819
0.006280507380870405
0.005611793752106635
0.005300133279108976
0.0048767490817374715
0.004775564317903695
0.0041902035933971005
0.004979617290740389
0.005094756931438052
0.004864570970312344
0.004651725077787795
0.004983071362948978
0.004842004194905909
0.0045438675571439
0.004502505559873996
0.004148337476416836
0.0041740722737317396
0.004490941808139074
0.005016303289857317
0.004956665075010748
0.004792886387095076
0.004772300695670613
0.0046811779921866765
0.004807859273803901
0.004711266793218249
0.004697416728504322
0.0048570335712821155
0.004884195282515562
0.004792615355586689
0.00469007276757004
0.004621477987856834
0.004532292845708851
0.004470100180773905
0.004432818820431649
0.00635643351276099
0.006250056042099951
0.0062210916172868265
0.006528100875393169
0.0064213318775208405
0.008997302626644691
0.008859387926441984
0.008787709995885963
0.008661831081284349
0.008398768170126261
0.008373944483296274
0.008142938916751606
0.008652358492904837
0.00856577718615543
0.008372951265833954
0.009232049648165812
0.009147523456642909
0.00887253007547568
0.008659328757798056
0.008569594598236072
0.008479617702554393
0.008361404369079927
0.008287210864210994
0.007852294544136386
0.00781928487098056
0.00767283251732398
0.00758318468396825
0.009052601166768003
0.008928711515722228
0.008812554339266513
0.008740303042181995
0.008528566174880747
0.008457455031263333
0.008399336345115995
0.008388880214862806
0.008343636490516712
0.00835811078586881
0.00819272421914238
0.008898865625572707
0.008803457268056399
0.008781533339060848
0.00899314777129085
0.009052889321363819
0.008962005731079668
0.0088634273230345
0.008792958452693839
0.008715793364945445
0.008619668322838461
0.009767634920874032
0.009743607152381262
0.009652088524733971
0.009762757803048689
0.009719672877108683
0.009645083639447374
0.009401999752442393
0.009351142290370266
0.009287041629341528
0.009224971608805043
0.009147431088019634
0.009108065184563838
0.009389463820647016
0.00938474395422703
0.009352842881991012
0.009197243329895976
0.009147065655748108
0.00907172966960217
0.009076750774243043
0.009178257611139478
0.009141222141800343
0.009083941298279531
0.009196132663889769
0.009137815022768336
0.009060792273095135
0.009084581551963324
0.009060717787915132
0.009088237912864488
0.009054791877450947
0.008976971005516437
0.008860646871755836
0.008759891955713483
0.008705861541766708
0.008642112515154657
0.008808546674986099
0.008777749088319698
0.008957689600754944
0.008877626495897073
0.008812442920705208
0.008842749964424001
0.00875689462496124
0.00869894837029997
0.008755111048588005
0.008700747771377438
0.008515760168666021
0.00846065673573891
0.008424748018457873
0.008330957774368082
0.008263618803959196
0.008229742604752947
0.008164753110933645
0.008155269369782154
0.008154110041093027
0.00812056014229324
0.008066248497426775
0.00789007584485675
0.007761774192818066
0.007722728312299376
0.007651510577702206
0.007608487486464177
0.007698166074465382
0.007652615978328795
0.007608056540443188
0.007555349226332388
0.0075203422545077805
0.007514129561792696
0.007471132698844877
0.007646495252513284
0.007619149143075833
0.007597115793032568
0.007514945441352308
0.007461869576521467
0.007576124956457356
0.00754517321528857
0.007535310673754276
0.007484472305953442
0.008863641607733487
0.008781084900479666
0.008713554157161773
0.008595056921767532
0.008555092568803501
0.00852959862671617
0.008504232057092682
0.008400634433629043
0.008407617151657706
0.008247143073850624
0.008158491870696576
0.00808004574663265
0.008012487805107577
0.00804598434589847
0.00809406110673692
0.008064751810655605
0.007980326923788758
0.007917206502404215
0.00788296763460303
0.007870623913024443
0.007847710600560567
0.007745019696362379
0.007764679879443416
0.007703929371200496
0.007700527898073865
0.008129483753781726
0.008111800417938835
0.008096289398963558
0.007895838727967602
0.007781886679029697
0.007701295401310206
0.007695651216955294
0.007630215937426251
0.00756950783948211
0.007533500233092602
0.007501684208771867
0.007506576353981846
0.0075231705203704065
0.007678926893896318
0.007586885424443294
0.007555725094950693
0.007565186224719348
0.007531552204728769
0.00748467845296545
0.00746077424022987
0.00742707041384217
0.007416139691066828
0.0074230762145846485
0.007392512793576684
0.00739475576220292
0.007355419607354166
0.007301483789154685
0.0072524404301902755
0.007194920544978227
0.007225377928090845
0.00717864363105036
0.007155879796390592
0.007145815149433615
0.007148582026289371
0.007115089820217688
0.007074603291793727
0.007007331099151811
0.006974527908535851
0.006947092033918192
0.006924124194065577
0.006903464286405953
0.007381446644404419
0.0073697831732825935
0.007428516639849028
0.00739511661964584
0.00765167971345254
0.007504457267632866
0.007492923001532847
0.00746554550833362
0.00741222480986855
0.007390928041572539
0.007362465135690896
0.007300375407050962
0.007290464109973982
0.007260626042662425
0.007192721475140168
0.007238835698431659
0.007211130938061269
0.007157706783099066
0.007134621477875613
0.0071062351580492905
0.007045798730652273
0.007032684528151639
0.007010404202421277
0.007238784413056128
0.007205086566028363
0.007238261198431751
0.007205957538471638
0.007154886103094684
0.0071166664378155865
0.007097694780920752
0.007076840455673233
0.007042214982104676
0.0070249305186611665
0.00703877360708272
0.0070211449482200676
0.006935647451385211
0.006893328462753064
0.006871401787987754
0.006774353930216894
0.0067591305386733
0.006721725087346225
0.0066939246570607205
0.006670099589305731
0.0066259684539711995
0.0065730011526909295
0.006472282558501932
0.006433729129910474
0.006410764531146042
0.0063970814006278805
0.006377838765332946
0.0063569887183991935
0.006322208124900288
0.006316593345827496
0.006291355802423373
0.006160367732960877
0.006138528402401983
0.0061108445383566004
0.006086205602605332
0.0060791122001585636
0.006131702808714588
0.006117367388117603
0.006103401801266483
0.006096311407432389
0.0060076321387896306
0.005977859564922288
0.005954634094317642
0.005927269113385245
0.005928755819596435
0.0059156983529303365
0.005892271373308045
0.005622561177355587
0.0055824389919453205
0.005565464167543791
0.005546953240354924
0.005422101872379841
0.005387095939258655
0.005421744281300556
0.005404545316795359
0.005426201083830693
0.005408564355784832
0.0053964964149639605
0.005391330511714799
0.005376034436546657
0.005377912074315692
0.005365427543239074
0.005352352467546541
0.005336300134990713
0.005326775473367887
0.0052435810125397745
0.005229799581229599
0.00515538490097541
0.005138756936811645
0.005110641562955415
0.005095916385348727
0.005095063666778836
0.005080334891998613
0.00506408806618019
0.005059011503383065
0.005043225411792967
0.005026599086182081
0.005019677124352107
0.005006135189302898
0.004879142480467013
0.004876361578367995
0.0048619266042320254
0.004857216303168136
0.00484541639745416
0.004835096039499371
0.004691060840940127
0.004656624334470949
0.004662339836625876
0.004650856513723939
0.004636825912127583
0.0046155423504852175
0.004602972987601696
0.004592195112082959
0.004567374984694138
0.004535300572101017
0.004540152787382159
0.00452688861502236
0.004529140896749607
0.004529815141533317
0.004518539054650368
0.004499008558885681
0.004496882345462136
0.00446618919586493
0.004508363331509768
0.004492435908319658
0.004482657148535818
0.004478491886810827
0.004467354377206778
0.004427054800775122
0.004416494681927248
0.004410329968401003
0.004395979863983847
0.004283490428486351
0.004254066412536112
0.004254232618623066
0.0042469146107108665
0.004267952699212485
0.004259224516491549
0.004233611383320337
0.004222951077979728
0.004204904575636636
0.004186560549639988
0.0041775367578392305
0.0041650027808167464
0.004168406868901493
0.004124051591660717
0.00411465301810486
0.004197343893376797
0.004148222976558223
0.0039132257029330045
0.003902890499025841
0.003895900381198022
0.00389573528492906
0.0038911657792550535
0.003889720750365609
0.003891001639994431
0.0038814060603101857
0.003879178901399483
0.003889773375223469
0.003932908721172309
0.003924521482115103
0.003912327909611487
0.003920467196494261
0.003910663771393683
0.003933681239344204
0.0039137094058101845
0.0039021028335776468
0.0039008614934758295
0.003890845045264415
0.003881770869865535
0.003873297398033611
0.00386177602076735
0.003843136074818296
0.0037274677035264107
0.0038097667702955275
0.0038024113003915327
0.0038020996970405873
0.0038105447378622417
0.003742286820016566
0.0037440101814252267
0.003743188571528903
0.003722833740299413
0.003881201563737188
0.0038621421365501946
0.0038137851582400327
0.003810788303891927
0.0038714271972540067
0.0038117994250453195
0.0037995717338350993
0.0037936305769867614
0.003789860908319389
0.0038107467317394336
0.0038015300366192827
0.003796144528301794
0.003773036473316813
0.003582660880214044
0.0035713212274179284
0.0035665060202294467
0.0036016603911587616
0.0035912018601647468
0.0035846667773816814
0.0035923824505855583
0.0035854160213424128
0.0035569249849785388
0.003547193072525728
0.003892301937904817
0.003882586828818236
0.003868898012132405
0.0038565796322139203
0.003882951615439535
0.003873640340774914
0.003877974601535216
0.00384841198458436
0.0038215630262577846
0.005279793245002417
0.005271008799761139
0.005253222103472668
0.005238145719560476
0.005230377809289357
0.005221836057974068
0.005189617965746495
0.005177524458634665
0.005150225854702545
0.0051386514893453986
0.005129906146760977
0.005059380523678841
0.005044621000233455
0.005029034255174962
0.005026186624391533
0.005017410543796639
0.005008851272871275
0.005003759600992752
0.004988823817768438
0.004986167238254892
0.0049730532919638835
0.00510632260169271
0.005095419510180947
0.005092919189966645
0.005086935876505103
0.005079931338688843
0.005119668754940883
0.005116253636450892
0.0051157848979277755
0.0051073689940124845
0.005095802309783638
0.005087419186179749
0.005069434605559315
0.005058789064735089
0.0050423241080331275
0.005036174090640191
0.005021831681020112
0.005036160898990699
0.005025849064363038
0.005020728209004374
0.005010323220687081
0.005004331664659977
0.004994282137304396
0.004989821762624504
0.004981745625502844
0.004972932062061907
0.004954107738795611
0.004943746083633195
0.004956551873213112
0.004983306948542519
0.00496914444020664
0.004959735626526041
0.004951155583245754
0.004952895080070731
0.004942447849670786
0.004933638760855938
0.004930691137883177
0.0049192692798155245
0.00490984715719653
0.004889518428181995
0.004900696728388237
0.00493522582607634
0.004923482093045264
0.0049165077747883885
0.004909033974426541
0.004905879197651821
0.004898055557669236
0.004876863253559328
0.004856096259021945
0.004848785796937473
0.0048445754825529146
0.00483070668598452
0.004822548253524356
0.004823254106342533
0.00481541552245201
0.004804737735796628
0.004798064807689751
0.004781811470020591
0.00476017392000645
0.004756377304264608
0.0047493222278977305
0.004740832634435684
0.004710590616298912
0.004697411267638854
0.004675977162699234
0.004667315880479024
0.004659222321629146
0.004649610707810543
0.004652187447852196
0.00465120943846017
0.004643626196609642
0.004638693153557157
0.0049425511347785086
0.004911109904291244
0.004901578710760774
0.004889760698310768
0.004889064027679523
0.00488381090507537
0.004913869821286746
0.004923233361703134
0.0049272109254976885
0.0048999459851386306
0.004880580279647186
0.004869739941996143
0.004860165728730439
0.0048500275888463335
0.004838582701857799
0.004843914820897426
0.004831396374963031
0.004758743903516569
0.00472149844423195
0.004727346941435458
0.004711875285183114
0.004742185328260099
0.004710483671122789
0.004705866623291759
0.004702275915650223
0.004694131673861142
0.004686771226942405
0.004688163777637527
0.004681204007683846
0.004669719600885663
0.004671973049962346
0.0046617261963257635
0.004650827568690414
0.004640152997446484
0.004632634986781271
0.00462199009354777
0.004611445884034097
0.004604440861190339
0.004598726989588318
0.004593129923435997
0.004683618156561914
0.004677163059976572
0.004673828882544365
0.004665350301010913
0.004680495844057719
0.004673230389028477
0.004669170848230596
0.004661659269919679
0.004658768046166162
0.004643419724761159
0.0046393004221795126
0.004637754853652928
0.004630966857978194
0.004630545183725193
0.004619721412597233
0.004610795130814593
0.004599695871843182
0.004596387395280914
0.004591308397484395
0.004575452112810738
0.004571702285334775
0.004564734304802973
0.00494907149110731
0.00532857408685432
0.005219205185512808
0.005189870274632574
0.005173462045533262
0.005159342395045074
0.00515433409590287
0.005109501398079424
0.005104213998249261
0.0050922408825706126
0.00508978747736664
0.005080934513580011
0.005075869726037575
0.005067239665534546
0.005058041756568365
0.00505346028882541
0.005058781503993002
0.005050853836667474
0.0050463117900247595
0.005036551618366418
0.005023633250593308
0.005015774840279754
0.005007688130196434
0.005012176241460342
0.004998789952497237
0.005002086312444803
0.005002792306770451
0.004991870393400044
0.004995017399877511
0.004966373693210348
0.00494464295401902
0.004952780649083918
0.004955864998952201
0.004973601411118833
0.004964116310208364
0.004952096784886645
0.004938627607304234
0.004931362813048296
0.005233229025190584
0.005216644003888804
0.005209474091861385
0.005187133031701069
0.005179566812723312
0.005168465871658016
0.005140325557629827
0.005138207114530427
0.005131351221269361
0.005191781438486508
0.005183151177825124
0.005175384443366545
0.005165433015745243
0.005152190901752459
0.005154927847885313
0.005145444762688408
0.005134807113336141
0.005124437501294565
0.005114141487454462
0.005106101137761237
0.005096018235514167
0.005088144025764438
0.005066466026011234
0.005102932112211474
0.005092773745505924
0.005084073855408447
0.005072479024136265
0.0050604563630063625
0.005051163295211155
0.005063452610351859
0.005060799607199546
0.005054971341740961
0.004964341587527666
0.004960199262617
0.004961255901630736
0.004956314165950432
0.004948631027907196
0.004947643899398626
0.004939541446865276
0.00493299313049913
0.00492732241127669
0.004913753658345084
0.004913533267750373
0.004903474811456814
0.004898156937133789
0.004897983455295383
0.004890880534624565
0.004881439447956778
0.004877796448808013
0.004757266383602052
0.004755396344778377
0.004747224512884287
0.004740822676587957
0.004719531025771646
0.004710673132609303
0.004703859871119583
0.004695714670101103
0.004686659257841826
0.004624691975196548
0.004637118573837629
0.0046789622913030295
0.0046693203490219375
0.004656616743619201
0.004644900283486771
0.004646602161983539
0.004633564962577812
0.004628773949011298
0.004625651300433065
0.004618694653509995
0.004599560571361322
0.004594478533213605
0.004581242642263317
0.004560813198045791
0.004544151166030879
0.004538106047984132
0.004557985313774143
0.0045519046754225944
0.0045404946223730255
0.004538909277306328
0.004472195468184564
0.004468014187189492
0.004462406686759555
0.004441719221256367
0.00443410561856581
0.004428136905002124
0.00441200480381523
0.004398766514058622
0.004412046450534815
0.004417443933207804
0.004394587208606006
0.0043881199620802395
0.004382846791355254
0.0043777559837284525
0.004405657957991651
0.004402676992352483
0.004385851434072025
0.004378830196524558
0.004372583100421527
0.004342161456560311
0.004337526206895377
0.004335480998634014
0.004329583799810393
0.004326700774417848
0.00431413107644579
0.004310729243603496
0.004303834621044716
0.004333880491185368
0.004327881408435614
0.004325356400668405
0.004312603960360988
0.004299385551092812
0.0043208531120215625
0.0043182820333677995
0.004312074979925516
0.004297316252132428
0.004336615072962611
0.0043287058745263155
0.004323448600668829
0.004316948448583013
0.004322833369846836
0.004320431654745374
0.0043123432556924045
0.004317978226081737
0.004312886058090406
0.004340150666695681
0.004326157762016913
0.004266591854044457
0.004268705164117245
0.004264170014457706
0.004265919113608376
0.004256540573617731
0.004244540692586498
0.004238994580729962
0.0042317397904315535
0.004234095203437688
0.004221097304820922
0.004217970685681171
0.004212481377747275
0.00421329277938909
0.004208982555584629
0.004213363808250214
0.004204427126713366
0.004199553172152904
0.004193435183380222
0.004181292224449652
0.0041964854626067
0.0041925921975739635
0.004182920795464161
0.00418004762471289
0.004177334958885022
0.004175086179116181
0.004175138292273094
0.0041666355707879205
0.004160240137037668
0.004142895177703735
0.004133942508284202
0.004129068726740298
0.004119353510281206
0.004098194720725327
0.0040800910739692
0.004073222151270367
0.004073912571013491
0.004102143320822474
0.004098006611971208
0.004091912147226069
0.004091564067680792
0.004084087232828157
0.004075915523528537
0.004107650660712572
0.004107756652294755
0.004102381095625815
0.004100136842531632
0.004093575132462811
0.0040944838059012905
0.004087767938076484
0.004079623521169762
0.0040780351231712
0.004089707963949048
0.003980215666293487
0.003977979533126368
0.003973595426181715
0.003968044955613071
0.00398012166099717
0.003974633341291259
0.0039968175189438425
0.003990731166025764
0.004008533118118955
0.0040061552188509295
0.004011086933137138
0.004016467126538434
0.003996768369747746
0.0040019851668261315
0.003998529905393978
0.003992505374758557
0.003960436852026119
0.003952193003258421
0.003946791445603533
0.003954114552847637
0.0039651204475543616
0.003965303525511419
0.0039614267302275925
0.00395675000063973
0.003954365096683074
0.00393833497435221
0.003914226604050888
0.0039034274145742513
0.0038982902266331697
0.003895847533061824
0.003915602622171063
0.003906860159418752
0.003886669788026463
0.003876548202860711
0.003871950501341595
0.003867076932461504
0.0038591252648545373
0.003848485388264332
0.003820443215494106
0.0038186432319939905
0.00381744431093528
0.0038350920630059117
0.0038336200225871134
0.0038239129963664057
0.0038180553857991763
0.0038096568777662354
0.003805366640749855
0.0037996483569296565
0.0038013026685819453
0.003795249233936502
0.0037857459771637727
0.003779684921795263
0.003775611319272986
0.003773492010146762
0.0037694525750918938
0.003768243416730585
0.003771061194795855
0.0037624230335194893
0.003813919712201067
0.0038155393773311214
0.0038123860917739227
0.0038254461147291274
0.003821107983265142
0.0038150074152244217
0.0038099074685847187
0.003807264929082277
0.003808148076465675
0.0038053120438497935
0.003818713478755892
0.003786522910480965
0.0037911775047968716
0.0038052803922510236
0.003807017507633276
0.0038088699855020284
0.003808058707025076
0.0038026028076687097
0.003805906947387061
0.0038030482250229532
0.0037984274099863878
0.00379529634998094
0.003788442751985757
0.003842790374498523
0.0038408871328823855
0.003835689915298395
0.003837599002247833
0.003859669221109121
0.003857311700128657
0.003853003393036253
0.003849273225192847
0.003845654619032043
0.0038442444721093834
0.003841611805351718
0.003833994374146372
0.00382966209153285
0.0038472853622452223
0.003842996087249573
0.0038373323621014384
0.0038225583158672093
0.003816531181033916
0.003813185465258187
0.00380744262259166
0.0038017302731847896
0.0037984242825808675
0.003790435744199385
0.0038095032605060114
0.0037916541639950135
0.0037875103243243963
0.0037824301158792487
0.003778003038501477
0.0037694610421703297
0.0037659931426560476
0.0037553251668829423
0.0037490933148673633
0.0037442966951795383
0.003742335615356284
0.0037377890949864393
0.0037349239130402396
0.00372977513662255
0.003731176829476249
0.0037286198587290586
0.0037272005796881993
0.0037252232049984286
0.003719968838771292
0.0037153022324852235
0.00372833877554513
0.0037246775395275754
0.0037223062836570487
0.003722530564684637
0.0037232645347125603
0.0037193078378875317
0.0037147266089180356
0.0037010667712948555
0.0036984956406959433
0.0036972554096927125
0.003758452909695316
0.003755126730516748
0.0037514741067566477
0.0037492035861729717
0.0037433006669699773
0.0037392270719295074
0.0037446675578504487
0.003745855353435792
0.0037613755591498804
0.0037580251143434626
0.003740062009309476
0.0037411751073270954
0.0037353354413404262
0.0037313234178717116
0.0037290015156658616
0.0037248546966609495
0.0037142712439890645
0.0037174295668935585
0.0037121394048961406
0.0037020999603294435
0.003700609596942028
0.003689585451191048
0.0036874929420566385
0.003683100163507085
0.003682093349349699
0.003675898107469819
0.0036730964768157577
0.003666818478034685
0.003650590077848346
0.003646096006048278
0.0036344588615742066
0.003631803751764009
0.0036284546772943137
0.0036260321301538304
0.00362242461667308
0.0036223195542417932
0.003619311678381104
0.0036153694816713298
0.0036137902110791958
0.003614562293249748
0.0036121252292460357
0.003608456233881201
0.0036061543983114718
0.003599458874296275
0.003599295557155478
0.0035992355514024195
0.0035939986101881224
0.00359073551085031
0.0035932729742007533
0.003588260849803972
0.003588020238023385
0.00358501536508596
0.0035808524295331367
0.0035696072294233673
0.0035664953426575155
0.0035596407742542182
0.0035559156166108073
0.0035522208867253416
0.003548115151258682
0.0035480555844433948
0.003543906978384641
0.003537134069852748
0.003533683080395854
0.003526912043882108
0.0035533014023095
0.0035520561194164195
0.00355895266400434
0.0035561598455799786
0.0035527025537022343
0.003555977336101021
0.0035549692847038445
0.0035521747853722255
0.00354988786556753
0.0035436888172414253
0.0035471013267313837
0.0035429072235346514
0.0035394883547612485
0.0035336733381761505
0.0035303769095534118
0.0035256108626924697
0.003522279234508953
0.003513675214375147
0.003512798442068907
0.0035103102404586695
0.003523083757803155
0.0035141581636017162
0.00351273622673884
0.003532490015247738
0.0035183307469441078
0.003514876991886002
0.003511890361957674
0.0035303637269223764
0.0035335281591974536
0.003529320284935016
0.0035215945626211193
0.003521429631461807
0.0035118101732492784
0.0035082897656047115
0.003506393484645799
0.0034914488279050447
0.0034901741953582573
0.0034844524161900888
0.0034813434469526897
0.0034786316263028913
0.003488452350719694
0.00348647413161178
0.003486872247154313
0.0034842832042721703
0.0034806889309351692
0.0034737029181680867
0.00345992081501935
0.0034568309563862754
0.00345411606408196
0.0034524876163088544
0.00345548319217146
0.0034474691081767977
0.003444477268428522
0.003441506916616172
0.0034414396168011892
0.0034381328499058007
0.0034348466435825484
0.0034387036102504704
0.003438654176568867
0.0034333386533463954
0.0034328698691797896
0.003430033657953124
0.0034268368290999995
0.0034235675314380656
0.00342323261992919
0.003419922939489413
0.0034146924861968575
0.0034121092552522247
0.0034091736791826187
0.00340970532524579
0.0034042895791256307
0.0034014928290270166
0.0033908995335683104
0.00338733112177423
0.003379097633738889
0.0033761444861748436
0.003340160074747933
0.0033416317998780872
0.003335303285301175
0.003349825043169839
0.0033352372016348933
0.0033317537981526705
0.003325570456726648
0.003452170560760768
0.003449014136168692
0.0034453924868107083
0.003442057705384958
0.003438854548364206
0.0034360308730446015
0.0034344772473546927
0.003429993728933994
0.003443275380086913
0.0034412935742262852
0.003438557054023899
0.0034347440024565467
0.0034207033504929946
0.003423826037836912
0.003422862689181609
0.0034232699178381905
0.003418234109642258
0.0034166840097756613
0.0034209092148053603
0.0034202612007198764
0.0034182379358034605
0.0034155240948368563
0.0034083879130940103
0.003411144308202723
0.003407103614780841
0.003403084940832127
0.003399471826400597
0.0033927270113160764
0.003389808773514118
0.003386485758503488
0.003371128933986529
0.003366708093393543
0.0033699426265132717
0.003355905786801738
0.0033532655261538894
0.0033530777307136587
0.0033490416559583437
0.003346099599782549
0.003348682822044272
0.003345881195544387
0.003343779326490217
0.003341468239021617
0.0033299479906024228
0.0033269991337372654
0.0033240819994008472
0.0033222082297625142
0.0033183797661729573
0.0033177032718813017
0.003314047671003448
0.003306723692589063
0.0033035194358472385
0.0032998914473975497
0.003298915870892042
0.0032926141416282895
0.0032906602746988764
0.0032848650847863373
0.003299661128905407
0.003296858237695001
0.003282507764188946
0.0032822222767437854
0.0032809398650418676
0.00327825408454837
0.0032790190458065666
0.003276469314502476
0.0032736715740961627
0.003270707379484506
0.0032654982003177723
0.0032612358808970466
0.0032594963217058392
0.0032565342616605124
0.003254985769576783
0.0032522625513535554
0.0032480438822190968
0.0032438260599175223
0.0032404183701146365
0.0032373714868365764
0.003249678479349577
0.0032494616348441702
0.003247995846551425
0.0032462772758617923
0.0032545309659206254
0.003252101530336884
0.003251969406966874
0.003249496540605683
0.0032482368822943455
0.0032464111888274526
0.003243344229252489
0.0032384954910709652
0.003235259596083633
0.003231980851216842
0.0032300167713178118
0.0032272423993986235
0.0032194334110433554
0.0032162343937623228
0.0031989895844860543
0.003194256985329695
0.0031399527703309003
0.0031375987040732525
0.0031402204116339183
0.0031370063400609632
0.003136324449155778
0.0031276992714236985
0.0031229371907854526
0.003120849002770604
0.0031183129951578388
0.00311640288206936
0.0031146673575653864
0.0031126264024268946
0.003113046580444698
0.0031090936019139764
0.003104402360062267
0.0031045298812164396
0.0031009050154182215
0.003098022330374905
0.003096337363789655
0.003092400111982305
0.0030933583227905565
0.0030918513580101494
0.003083471631690158
0.003079933837708082
0.00294302076726279
0.0029606490578024816
0.0029592189052590357
0.0029564613355802663
0.002954705615446294
0.002955059321344363
0.0029472488821606353
0.0029431730585612477
0.0029443758132078174
0.0029315026006698263
0.002929182767985837
0.002927366746537878
0.002926162216109635
0.0029322038937169897
0.0029361341582066344
0.0029987890373931567
0.0029979499786299763
0.0030006492351239045
0.0029985463324038097
0.003016851342230018
0.0030157429411700257
0.0030767162425722433
0.0030718905118642245
0.0030690809121787393
0.003068045692326605
0.0030626615521342506
0.0030609116042721977
0.003060552130658422
0.003056169932945156
0.0030532727555964757
0.003051210095405073
0.0030422634192685694
0.0030429829676023585
0.003047655917728762
0.0030421184993743968
0.0030407578190846515
0.0030485950853594507
0.003038289354606498
0.0030361277858139226
0.003041508767389247
0.003040201461254986
0.0030338106569351045
0.0030453710499697096
0.0030321905998854206
0.00303661337249973
0.0030448858396769575
0.003046363398900184
0.003043205007600044
0.003038420711408829
0.003036481031852484
0.003036079985144359
0.0030159980523884232
0.0030126260685647216
0.0030100477503257643
0.0030097455190855014
0.0030020832643108935
0.0029974663390973212
0.0029305115819460784
0.0029264289851163782
0.002923995086177647
0.0029082528321389615
0.0029067202533885205
0.0029065152564820475
0.0029030580925579748
0.0029050887264213897
0.002903299081008517
0.002900511346922352
0.0028983235880720134
0.0028961360275788074
0.0028935935555306352
0.0028913141328326397
0.002894937901988547
0.0028888874012828664
0.0028859195263176663
0.0028833087743040274
0.002912524449703108
0.0029106295988279105
0.0029091804742373707
0.0029070796728330947
0.002921686344905849
0.002919884408851212
0.0029238597047163395
0.0029188920172112214
0.002913970152681089
0.002916396121979096
0.002916133633666746
0.0029154675914684334
0.002912353467521759
0.002909146242463897
0.0029075113619856214
0.00291011096001216
0.0029069796079509358
0.0029014157190117838
0.002897622736040392
0.0028954037983073425
0.002892350739095667
0.002865827492205853
0.002863943438688291
0.0028620368774067745
0.002858428781155785
0.0028554616123131933
0.0028563238826506076
0.00285310120880784
0.0028452702777937693
0.002850140519777387
0.002870791974872127
0.0028785189349406206
0.002877115023006329
0.002875396787820532
0.00286917538470494
0.0028734890405300918
0.0028529606195356926
0.002848032671748178
0.002847142357036861
0.0028592694379434443
0.002856820379207019
0.00284831863619571
0.0028448972641120177
0.0028456757557830904
0.0028433742965159416
0.002845584893286925
0.002844024270583458
0.002840800180341295
0.002842883879060496
0.00282575911828528
0.002821510850935734
0.0028192961821142315
0.0028183176926808045
0.0028167101722040926
0.002814793726629692
0.0028152279933767997
0.0028136305789463693
0.0028117848614191824
0.0027878575068815185
0.002816501805159118
0.0028143079275276886
0.002817464070198647
0.002816642956526477
0.002812479965171613
0.0028097729848236266
0.00280670615087059
0.0028091870709149236
0.0028066497455570476
0.002803980416157382
0.002802368713257827
0.002801798049524041
0.0028025025217204677
0.002792680468638833
0.0027910016622502295
0.0027891925820586003
0.0027871056337217446
0.0027859208313901823
0.002784353735351302
0.002781715575069404
0.002780297688331561
0.002787920610693457
0.002787739006788288
0.0027851241490204517
0.0028327847884759183
0.0028312907175343377
0.0028311195363466967
0.0028156820313267735
0.002813978755953474
0.002810644881263101
0.002806945861855686
0.002798401570379797
0.002796775343310398
0.002800343956214839
0.0027983822904986905
0.002801449962708813
0.0028023162395173916
0.002801491302765054
0.002799771692200827
0.002794707693743124
0.0027925969936206827
0.002790119772760466
0.002788217765263691
0.0027831999733466026
0.0027813991239204585
0.0027789681979029234
0.002779705021384357
0.0027775484352853316
0.0027762219297397532
0.002775905342348258
0.002770018149810215
0.002766571993399085
0.00277777956292545
0.0027760294725897704
0.002772388367509885
0.0027687280938152926
0.00276320578613359
0.0027624437210251565
0.0027512238066655843
0.002754093043139238
0.0027497757946170816
0.0027478924738757616
0.002741080005271448
0.0027509161877812918
0.0027686236303612463
0.0027679927924403
0.0027664860720109288
0.0027657556732693604
0.002759058539659412
0.0027554696637468825
0.002773320390088751
0.002771631754182961
0.002773598065419938
0.002772618028066108
0.002763392841386364
0.0027781665361145853
0.0027781419608615895
0.0027784462018954014
0.0027761515365313954
0.002893420292075754
0.002891900059745209
0.0028884800346915193
0.002887795384394062
0.002884590292989974
0.0028805185703518967
0.0028805916828081924
0.00288013904340627
0.0028852161466819846
0.0028827988065910195
0.0028817181948565555
0.0028820941095749437
0.0028815462422005183
0.002879404527199899
0.0028955247007529787
0.0028908437160852004
0.002888550507575285
0.002884853348443843
0.002883655247703085
0.002880912626753506
0.002883382367841016
0.002899937798601871
0.002904710313816431
0.002904509046395954
0.0029029962580225544
0.0028997347128904755
0.0028979349902994262
0.0028938696604481383
0.0029059855236526527
0.0029047052091854112
0.002900756759617121
0.002898896678187723
0.00289914946807842
0.0028946310833287596
0.0028928335302234047
0.002892386014441633
0.002891425779448273
0.0028889146844114457
0.002889303184338308
0.0028885386947280415
0.0028894812493335596
0.0028886918841487517
0.0028824922223353497
0.002867095049703719
0.0028651293856836696
0.0028628153364579642
0.0028616942418372925
0.0028600982001130907
0.0028576948223118857
0.002853137734797358
0.0028509432782400966
0.002846671625994456
0.0028475158343485175
0.0028474348202763163
0.002850270690854644
0.0028375111394275897
0.0028362043183829152
0.0028374501961073765
0.0028355347903339903
0.0028403538341207546
0.002825919773543521
0.002828235786368103
0.0028229435433649286
0.002822743972708751
0.0028204985811732045
0.0028474529061591728
0.0028432183195072104
0.0028384635586027342
0.002831294013079911
0.002830339823788362
0.002829751869271011
0.0028288521599051024
0.002827696438079854
0.002826068176741818
0.00282499293267588
0.0029052555435932384
0.0029028290744652374
0.002902403093813937
0.0029439493433804672
0.0029415333419684315
0.0029383422074645035
0.0029313026542280227
0.0029297036346572
0.002927887475260036
0.002925050950674042
0.0029221478310467552
0.0029237975414012373
0.0029220281210269317
0.002919642197599549
0.0029163554140954396
0.0029144206469196928
0.0029088878701197616
0.0029058086087281193
0.0028982694596320535
0.0028964151281591264
0.002894820392468501
0.0028933221991908928
0.002890009139913927
0.002882751233569951
0.0028820814243825372
0.002880821662146698
0.002879761534933808
0.002878426042877
0.0028772559084641373
0.0028759830551075955
0.0028710558293408763
0.0028564646379717366
0.0028543968893737083
0.0028522126667759706
0.002850157685660532
0.0028320670798347635
0.0028301322473017155
0.0028292217507418687
0.0028293780317941463
0.0028287550291330186
0.0028274071298726414
0.0028273230006227875
0.002824641027262711
0.002822557773263211
0.0028205726694430205
0.0028204258119009333
0.002819591897056134
0.0028148994921256033
0.002810992637606848
0.0028076138762153507
0.0028037517606552508
0.0028029539406650254
0.002801571594912886
0.0028003996710629178
0.002796516531380254
0.0027977382616820425
0.0028901306177590864
0.002887984517460114
0.002888109849881578
0.002886392473791664
0.0028841440319020235
0.0028821379539931457
0.002880134261846214
0.0028798298794589674
0.0028785123870144
0.0028785116943921005
0.002871542860910862
0.002868108009200222
0.0028694684173383353
0.00286898511203345
0.0028659183121995473
0.00286100816419268
0.002861379811255597
0.0028496098344503217
0.0028482246894354834
0.0031023720708446114
0.0031017567841397347
0.003102744073387807
0.003056986144843279
0.003056100016593717
0.0030525500338742114
0.003048601881595521
0.003047105324156775
0.003045649841636584
0.003054694928185023
0.0030679610220167245
0.0030932996339039245
0.003091033161291689
0.00308718833366024
0.0030859572899815113
0.003085895747134209
0.0030842337269993713
0.0030893001019639
0.0030771264977035927
0.0030838658572953743
0.0030842477173620357
0.0030846858734356764
0.0030808349019890596
0.0030749246929252295
0.003072115720134358
0.003068651169252746
0.0030667920185983404
0.003063213674171446
0.0030623638875480826
0.0030625646826868465
0.00305588625019979
0.0030542784318555016
0.003057312768790144
0.0030574070042215878
0.0030569868247201683
0.0030534778621258483
0.0030512486628669427
0.0030489428375308444
0.0030481204784607832
0.003047000691203462
0.003045354648504838
0.0030433509893011204
0.003042173677429949
0.0030582825773376294
0.003060756894756388
0.003057620760751672
0.0030585475825176504
0.003057263430496653
0.003058952054429598
0.0030573477682837953
0.003055262833387267
0.0030549972255098194
0.003053184471691331
0.003051197433948746
0.003050765924339472
0.003049728232356708
0.003053805252098302
0.0030516215542614545
0.003050569310315678
0.0030409954451484423
0.0030443611486875074
0.0030439011621334064
0.0030396293032960036
0.003028469670227734
0.003028244517973706
0.003022948543670716
0.0030225890015831867
0.0030190347923730516
0.0030154701821148403
0.0030144264859931565
0.0030121335568285405
0.003011990536340417
0.0030109412249936184
0.003008069997921727
0.003003193116188552
0.0030016514979421503
0.0029855436398582213
0.0029758420371369036
0.0029759608246304097
0.0029832712174682648
0.0029846725442519944
0.0029824218418875595
0.0029772979537998207
0.0029640262891691615
0.0029610979839262155
0.0029602980644436163
0.00296059702496516
0.0029588945364293533
0.00295804827614104
0.0029573640872841704
0.00296140041936836
0.0029587860090731035
0.0029581645687117046
0.002956559302926851
0.0029545987439700957
0.002953503605626739
0.0029723629507502286
0.0029700961773071275
0.0029341763469958827
0.002937204991772768
0.002936596992190812
0.0029232860797640727
0.0029217945991927433
0.002919904822459581
0.002919811433421646
0.002915424766128215
0.0029060421906886022
0.0029062163029361797
0.002904397522840052
0.0029041839720905134
0.0029167386715702346
0.0029122074218416176
0.0029027460737676256
0.0029006697048560982
0.0028994727001477004
0.0028980291288403467
0.0029001852328807563
0.0028967760542685573
0.002895667388085545
0.0028936689460780465
0.002889866988369508
0.0028880878717565334
0.0028936078942933736
0.002895401543657133
0.0028934897646190377
0.0028952739537527325
0.002892338119247511
0.0028815303821343825
0.002883840325590465
0.002881203131984719
0.002880263492159488
0.0028800238082222008
0.002877370021872379
0.0028748992841693237
0.0028685470804815385
0.0028671455431567468
0.0028663034409733544
0.0026963698977615995
0.002691885989340273
0.002724266504510978
0.0027245162925605233
0.00272425557127682
0.0027229295634917904
0.002721286000426219
0.002720259193001417
0.0027204077084722225
0.0027189171086940164
0.0027157172745767987
0.00271328118421781
0.002712687078868294
0.0027132807130258534
0.002709456059324684
0.002707559471968023
0.002705371345801465
0.0027018267657357574
0.002699372925334586
0.0027007746880870352
0.0026998468702697396
0.0026908086966115105
0.00268865523300713
0.0026877775301490593
0.002686432257042961
0.00267704049098061
0.0026775873980612775
0.0026730930843445514
0.0026761614740160276
0.0026736503742019416
0.002682883005128186
0.002680219290370547
0.0027599771959532144
0.0027673119600371008
0.002763538878755564
0.002761254764956338
0.0027583177473734285
0.002756346602490956
0.0027547367006649087
0.0027553896894185743
0.0027533537924194005
0.002784498146935115
0.0027791609008158127
0.00277386967373748
0.0027731798575650417
0.0027715644029258184
0.002769567086502082
0.0027614197424554654
0.002758998115130545
0.002763297193438719
0.0027595885015896634
0.002757456644927926
0.002756026267279592
0.0027545706507266245
0.002751589429394981
0.0027532718635472184
0.0027516310813768844
0.00274249779798171
0.0027422950351373566
0.002738970256704304
0.002740110906796961
0.0027569395399330288
0.0027551170401983664
0.002754039150048902
0.0027516655571437655
0.002751333285688993
0.0027495494600257926
0.002746139470956017
0.0027447513683984508
0.00274380584477122
0.00274214004228515
0.002742775416690738
0.002742742508931853
0.0027409536952059657
0.002739688851603472
0.002738654333155327
0.0027372882062454557
0.002735501659196888
0.00267342772410827
0.002681322828959571
0.002678418129618858
0.002675461732365971
0.002673852563032674
0.002671939970783034
0.0026705011997788333
0.002669654603740671
0.0026699571334840807
0.0026666809213611465
0.002662614889385719
0.002659551901813196
0.002666848478732086
0.002672775831329889
0.0026783307534913123
0.002634476577638373
0.0026265703502805467
0.002625995609822546
0.002627318181506972
0.00263337697640459
0.0026330317665071044
0.002631655870893542
0.0026309678710082635
0.0026303445928716235
0.0026277436809539153
0.0026246472026574333
0.0026236388083828747
0.002623883123262729
0.0026633970883600433
0.002660488783824006
0.0026573240214246632
0.002655273070766224
0.002620011791974242
0.0026117697781348234
0.002596562013129057
0.002595128094017042
0.0025937802007276025
0.0025886137509909183
0.0025712664065303905
0.0025693704236755977
0.0025748193979791994
0.00257436419812041
0.0025727343756612683
0.002572379938019593
0.0025697998310587706
0.0025819300961034395
0.0025811240805817385
0.0025794813216960507
0.0025780556182403076
0.002565863017758271
0.0025643499338999128
0.002563274547228108
0.002561679140833497
0.0025608188751362715
0.0025578454842210543
0.002539384534447072
0.002535998888409644
0.002541779595249468
0.002539986909818763
0.0025383036207601317
0.002535310113965274
0.002530176254444676
0.002476641628381021
0.0024770294218718165
0.002480538983772766
0.002478121187905742
0.002477074074879127
0.002475534331722663
0.0024769342964802298
0.002473569585307913
0.0024719211488292746
0.0024723605663664154
0.0024720770179852553
0.0024701369481459436
0.002466693342623364
0.0024648883646064997
0.002465163700358497
0.002464511484376439
0.0024650171744371513
0.0024640281778452737
0.002470639867993874
0.0024779724869037436
0.0024636084504350464
0.0024623322747307943
0.0024783057406072622
0.0024774793561837686
0.002473007965277917
0.00247059077752541
0.002473810654245655
0.0024734310197712574
0.0024720692211404566
0.0024698293974476284
0.0024686757310180586
0.002465958427504555
0.002466848909816622
0.0024663433784124205
0.0024316033878811127
0.0024338373182382985
0.002432631503808252
0.002431942090128603
0.0024301494828578825
0.002429067389255413
0.0024278078361832474
0.0024268413179478793
0.002423429086927726
0.0024277300784805392
0.0024226236169151813
0.0024203716963433325
0.002419593547690591
0.0024187389109271624
0.0024179248431951523
0.0024178126788177217
0.0024162926009111438
0.002415135805662927
0.002413523113640232
0.0024122163974159556
0.0024108501013615506
0.0024153005796294235
0.0024136524278870557
0.0024135875655197673
0.0024159449348520605
0.0024218930083831406
0.0024206098169013723
0.002419127420692298
0.0024168416514300127
0.0024157375439296863
0.0024010818057959666
0.0024020055611567222
0.0023991793504540477
0.0023979178671813925
0.0023960739348511013
0.0023944695532101814
0.0023932195398722288
0.00236559222693702
0.0023535697172516277
0.002347845886836183
0.0023471874049495857
0.0023462916184904454
0.0023443939759163423
0.002335712526721501
0.0023342162245183445
0.002324860681939083
0.0023242347581461254
0.0023187015402286516
0.0023372949404747607
0.002336419253179881
0.0023359324572618137
0.0023403204210996065
0.002341324910006701
0.0023370239463046125
0.0022976217257149665
0.002294475175001544
0.0022900816346827454
0.0022880317446246526
0.0022871036714622833
0.002284356735121061
0.0022816516572727666
0.002279593180068865
0.0022778966715175848
0.0022765240352692986
0.0022747760268709612
0.002275414718808594
0.0022781882788502645
0.002277845868585389
0.0022773924178212885
0.0023113018393733603
0.0023100560622161042
0.0023091215226050707
0.002308828143586295
0.0023079755465970253
0.0023080601570091962
0.0023087122041288172
0.002306930944120926
0.002301989108713268
0.002300748310797218
0.0023007821624730744
0.0022998744314468166
0.0022968558481397195
0.0022974698576106816
0.0022999911433257865
0.0022965502697695826
0.0022985321149064583
0.002297491924705672
0.0022968035919869625
0.0022956360462567196
0.0022950581980853446
0.0022935112119658336
0.002292864802708232
0.0022919970431484657
0.002290475121146756
0.0022892711248869227
0.0022926402515433446
0.0022917912565016416
0.0022747065519001584
0.002271155966731368
0.002269749105615925
0.0022694698350689377
0.0022683088421047936
0.0022797900443387105
0.0022807551182085035
0.0022799737775101134
0.0022795677484734795
0.0022806505642462187
0.002279125400172779
0.0022797855554379893
0.002280076556265008
0.002279143751469745
0.0022690546004643223
0.0022685668459490383
0.0022676337897786693
0.002271133672498448
0.002268405714562053
0.002265233853650642
0.002264176825987484
0.0022625783241925234
0.002262448728206413
0.0022540721161201857
0.0022534503672039024
0.002265556238574576
0.0022641851238738245
0.0022628949607784395
0.0022615535449621318
0.0022605802725986814
0.002259497742429527
0.002258572444712529
0.0022575929119362727
0.002252028985607895
0.002251429357877993
0.0022500089874443524
0.002247705800468244
0.0022488549995018955
0.002247922756152577
0.002245094416624593
0.002254537528097513
0.0022530592820578206
0.002259473172940948
0.0022670322240485397
0.0022660467965643517
0.002265235580963359
0.0022574831265720382
0.002257064653866899
0.0022581683673012463
0.0022542289043696396
0.002252498080590616
0.002251067371373891
0.0022432692183248304
0.0022417827399537978
0.0022404651415500426
0.002239319766816992
0.0022398667564572337
0.002238890245401956
0.0022377322644265706
0.002237201640660506
0.0022197302058658483
0.0022183427155655403
0.0022054866621689937
0.0022041688748592443
0.0022013857087324422
0.0022011434020796274
0.002201588005025492
0.002198486149762191
0.0021968194113116974
0.0021972540673153075
0.00219420653429273
0.0021940800114394164
0.0021938077408086964
0.002204873969420068
0.0022027652014423235
0.0022002880207937976
0.0021993183884680433
0.0022082574824851364
0.0022068478972557468
0.0021985822778034215
0.002197758358666586
0.002189747525732413
0.0021904980580777023
0.0021894661311493316
0.0021851242083015567
0.0021838114280494083
0.0021888444456035
0.002184301927108307
0.002196280313662971
0.0021917370366898743
0.0021908650572230906
0.002191908479238195
0.0021910614147876593
0.0021911519879864484
0.002189654598756127
0.0021867823459471077
0.0021863799082205864
0.0021860312640325013
0.0021849737697866964
0.0021844610313305735
0.0021825399580128082
0.0021815607999556294
0.002180253133114134
0.002177548016204071
0.00217670784463448
0.002175529533366729
0.0021753444298104638
0.0021746712142012583
0.0021767821685595326
0.002173078770435544
0.002177232228615779
0.0021752027775878992
0.0021737546307149342
0.002172552016159187
0.0021715805666256524
0.0021798910900978755
0.0021783466997244054
0.0021817948512576667
0.002179470092275301
0.0021790389224641982
0.002177803537956904
0.0021752667398847987
0.002174405888637523
0.0021732340627480806
0.0021715501826858217
0.002170173730971299
0.0021744847410930146
0.002174833391834523
0.0021664058973591025
0.002166745158399314
0.0021648941158227213
0.0021637213534749277
0.0021586689215410053
0.002158369126057709
0.0021569406756300744
0.0021562911584796078
0.0021552155806243006
0.0021540091178442484
0.0021573919411366615
0.002154378810086127
0.002152454430512845
0.002151746263151614
0.002149157477558422
0.0021477928063063922
0.002147414616260475
0.0021462814038336166
0.002145969743753578
0.0021446372602469846
0.0021432935666901897
0.0021427626563819088
0.002143294459845548
0.0021519836750788805
0.0021552217633457847
0.0021517999113243604
0.002149975389224151
0.0021428398273133573
0.002140802885980374
0.0021392230142481057
0.0021398810732276194
0.0021364258217216213
0.002136442203519822
0.0022527772399020046
0.0022518438275942135
0.002250535746507069
0.0022494268654245017
0.0022486597360341807
0.0022474353392674517
0.0022506292250223177
0.002249107068916791
0.0022456033131707537
0.002245680849727491
0.0022439141588528138
0.002240192419813051
0.0022343753016655734
0.002233240303609958
0.002229116049041352
0.002225286544199145
0.0022233552169819287
0.0022224344511133365
0.0022218487166210683
0.002219570116188384
0.0022187324222681486
0.0022188345045406
0.002218299599775479
0.0022173342829984945
0.002216810175076595
0.002215469024044842
0.002216068680263104
0.0022161640712404103
0.0022159542656404827
0.00221435573947884
0.00221153225397598
0.002209680160902403
0.002212334840607935
0.0022102882541241383
0.002209879602289899
0.002208682674878654
0.0022100376913207305
0.0022086498129086736
0.002208892604456655
0.002206027840761823
0.002208129149844204
0.0022072288600941885
0.0022080183686349064
0.0022067164277183825
0.0022068519062045603
0.0022088308491354084
0.0022087190457969843
0.00220775688300855
0.0022089803616407526
0.002208053773455007
0.002207412143397271
0.002214126690366385
0.0022145891294521477
0.0022142990346130566
0.0022137834722194285
0.0022126049990724744
0.0022116151628940755
0.002209450484554049
0.002211282125557807
0.0021922678957281027
0.0021915539239416395
0.002191996874650856
0.0021908982455875452
0.0021802958259611767
0.002178590018904415
0.00217553260880877
0.0021752853857418585
0.0021766261651565456
0.0021756797111234616
0.0021746464282977425
0.002173082427224146
0.0021720213130877694
0.0021709094855617748
0.0021698001554850853
0.0021703709523721235
0.0021699624710365653
0.0021678466223204965
0.002165351073906083
0.002163652650507186
0.00214862863034953
0.0021471252034063063
0.0021457770111618832
0.0021441317089893296
0.0021424907400804973
0.0021437446232030976
0.002143282989275347
0.002142884513959258
0.0021416895872577225
0.0021473428121973745
0.0021474655218218625
0.0021463880392795245
0.002142893916182541
0.002136487584472515
0.002135150200697613
0.002136273245013905
0.002135086320465771
0.002134553407398612
0.002133175778495215
0.0021302492220178822
0.0021318245667288726
0.002129157323656256
0.0021295236560602854
0.0021305329290648998
0.0021284525563772905
0.0021218474218088735
0.0021206985012369194
0.0021206576208236076
0.002119684556632756
0.0021189340234986295
0.0021173549083905612
0.0021170171657022073
0.002118171730084576
0.0021177345529321745
0.0021151999502658303
0.0021073029038226423
0.002106035824408493
0.002106311270454001
0.002105393195130957
0.002104276137724221
0.0020993532575026
0.0021024695342551337
0.0021017580266576193
0.002100958310570117
0.002099841204843884
0.0020992356142773114
0.0020948261117580747
0.0020939135277757478
0.002092411357517795
0.0020912538301145604
0.0020898532876489407
0.0020895660275803514
0.0020996698808155136
0.0020984693630240778
0.002097736570277524
0.0020952737455130614
0.0020939431810406165
0.0020928818129900776
0.002105298762447496
0.002103510314101253
0.002101639269400462
0.0021008568297765473
0.0020993339208157627
0.0020843775329409736
0.002075778808851476
0.0020761590317886778
0.0020808673979589047
0.002079364919479905
0.0020782716939002307
0.0020926540236223677
0.002091458774424604
0.0020912229484654084
0.00209113640358217
0.002090910467870042
0.002089780108925478
0.0020880522591472305
0.0020869876928219537
0.002086376384331697
0.0020821913905897816
0.002079425977995166
0.002078644880202926
0.002078245908172511
0.002086285171430706
0.00208464086397896
0.002083486517701068
0.0020821640752140195
0.0020803048566210803
0.0020765754858565674
0.002078630736063943
0.00207817202156442
0.0020829395745895303
0.002081331610655814
0.002085800346884315
0.0020846583735011272
0.0020267473693113412
0.0020257101802958434
0.0020252330407218807
0.0020241152241893714
0.0020228607221801868
0.00202044000252499
0.0020195713128320744
0.002020357965032896
0.0020200593084795273
0.0020186365211082706
0.0020178141350969967
0.0020168050180480344
0.002016766909374945
0.002015968374846787
0.0020147921452590995
0.0020129233218616244
0.002012015016353235
0.0020129439873977787
0.0020194814638202284
0.002018647488880606
0.0020168108831394734
0.0020159279759649046
0.002014237925221987
0.002017111419632065
0.002016695294034677
0.0020148325698409702
0.0020152455075972556
0.0020180248714221534
0.0020151804350364354
0.0020095609894448933
0.002010615558595447
0.002009957779270965
0.002008018842800319
0.002013872438766798
0.002014179044063629
0.0020129360682635796
0.002036915160119387
0.0020366088802132474
0.002037762737869043
0.0020348065206951134
0.0020336957542791837
0.0020163773629480416
0.0020155414112635185
0.0020152414567346758
0.002015039360206475
0.0020137627658699704
0.0020105425196269983
0.002005082774320476
0.002003577436177045
0.00200410534431935
0.002003860234238684
0.0020019888237294164
0.002001020461113473
0.0020002101624925542
0.001999616865839138
0.0019988285145569576
0.0019922029321720407
0.0019918803156020277
0.0019842379106397552
0.0019973422049629807
0.0019970776259000027
0.002007470738176466
0.002006620339640824
0.002005268320416435
0.0020038134498192857
0.002002726766647456
0.0020046009725816667
0.0020031163021222774
0.0020127946348444587
0.002015545947693847
0.002013076266228578
0.0020145052190974635
0.002013776558405922
0.0020080354680861844
0.0020071020846331986
0.0020065187732062916
0.0019986740458947595
0.0019959155951637902
0.0019949629683980973
0.0019935443371471443
0.0019929656350787714
0.001986766918431101
0.001985949881501156
0.0019731687551230188
0.0019712462415554873
0.001974724389313811
0.0019750443342129898
0.0019765171411110904
0.0019775224241419987
0.0019744760670349416
0.0019734669836291626
0.001972047834693928
0.001972229808490461
0.0019716930117821196
0.001970243277048988
0.00197013666422593
0.0019694023167279875
0.001968334158118297
0.001968760698654672
0.0019689130453105223
0.0019695309177219953
0.0019684876472571243
0.001965912449586692
0.0019669331058727183
0.001965866163341638
0.001965335405607348
0.001965185020248012
0.0019646577908632827
0.0019630826203623406
0.0019566685375945205
0.0019953798309855974
0.001995772077749242
0.0019946597372450313
0.001994830449508648
0.001993875600901775
0.0019946608580532735
0.0019938370116247077
0.0019929825753908946
0.001992009443624379
0.001991089249468956
0.0019898161512370686
0.001990405971763838
0.0019906520233400047
0.0019891065354315026
0.0019883072029011984
0.0019892736345340245
0.001987664170270679
0.0019871157528702655
0.0019858103380318696
0.0019796342674632933
0.001978144948696443
0.0019969179968159652
0.001997720141852954
0.001996816606509426
0.0019954408451119485
0.002002702751086391
0.002002052679023488
0.002000528324491937
0.0020049223432605534
0.00199801510372894
0.001997069226181568
0.00199339287255654
0.0019908340614343723
0.0019844062706196445
0.0019823353651619944
0.0019601912132029276
0.00196269025195379
0.0019636692566773564
0.0019628353276549475
0.001958383575862338
0.001963067722825449
0.0019626831265678922
0.0019648735441764207
0.0019653929377825338
0.001964394869768674
0.00196792312361401
0.001966397981733815
0.0019662430646711694
0.0019654585079987037
0.0019740447351951056
0.001972839667027379
0.0019744251432660116
0.001975191719628224
0.001974365880822901
0.0019724336492568904
0.0019707949664974286
0.001968480002131204
0.0019681008684599194
0.0019672218394389054
0.0019677964138791466
0.0019696069113018014
0.001968866155009839
0.0019697519741373347
0.001969151866750281
0.001968659884960106
0.0019722374145641867
0.001971294277195757
0.0019708617787453434
0.0019739588817788514
0.001979502826393854
0.001979719311343798
0.0019841021981878517
0.0019834865607405903
0.0019817562970145604
0.00198069280138909
0.0019802897832684302
0.0019800170023984097
0.0019728582795206047
0.0019711284564019335
0.0019717646166643324
0.001971678031370095
0.001971609281457313
0.0019715344176893658
0.0019707299416618753
0.001970975146327602
0.00197039411711002
0.0019736799302359064
0.0019728507169852814
0.001972052890245548
0.0019712794461231305
0.0019705323499069447
0.001975519140853797
0.001975043361208865
0.001974436874559116
0.0019745418860175295
0.001979076461374678
0.0019779753079365494
0.001971454789807192
0.0019700410516421425
0.001969303256047816
0.001981419718003002
0.0019808644123475794
0.0019805259840429724
0.001979228784440783
0.001978826060728104
0.001980878458666639
0.0019765744187208905
0.0019750466180174305
0.001975657179055828
0.0019750618229534504
0.001978215483477438
0.0019773508935980347
0.0019761948917173147
0.001974728804060668
0.0019739788195678974
0.0019717141701233003
0.001971388912758754
0.001971328719826029
0.001968805308484129
0.0019754759226002705
0.0019746330122759692
0.001978523354371873
0.0019773024330660806
0.0019764060751715465
0.001975232694312437
0.0019725471649381008
0.00197002746941622
0.0019734523265137567
0.0019730485963867683
0.0019974857051552
0.0019975217704265727
0.001997607048421808
0.001995895369663275
0.0019949515897678054
0.0019941614884184914
0.001993342056107452
0.001992892984411475
0.001990871363322343
0.0019894482083307728
0.0019878679308021636
0.0019868090006177133
0.001981707440285907
0.001979205445702529
0.001978514239085122
0.0019781070657964982
0.001975935221538621
0.001975434782920547
0.0019920937140916932
0.001988004541264012
0.0019869830361701236
0.0019877428176388705
0.001987168890589845
0.0020095346305540746
0.0020086141783196175
0.002006203402539842
0.002004581540786141
0.002003913404224951
0.0020039019776341396
0.0020008661159559883
0.0019984380942720805
0.001997520967339429
0.002003412616825525
0.00200304293565912
0.0020004157625388213
0.0019995061888890015
0.002000223763756735
0.0020013048038969453
0.002000573471256128
0.001999292682116308
0.002000641498868457
0.002000071888409574
0.0019993234454893844
0.0019986455435089933
0.0019983082817270864
0.0019978633697540025
0.0019977538884095357
0.0019976154283689734
0.0019969358649782496
0.0019964242834178358
0.001995938242626591
0.00199331099348075
0.0019928991921112755
0.001991331661310442
0.001993188918890348
0.001993785065216176
0.001993488273891211
0.001992108992186906
0.001990827043076805
0.001990220747164266
0.0019888265442455032
0.001972841643982997
0.0019715927768342734
0.001970812871131492
0.001969109579703022
0.0019702920322503623
0.0019689580747650195
0.001968213067300221
0.0019684126189209073
0.0019673570011122634
0.001965537283819901
0.0019630667667359164
0.001961881629290273
0.001960781191300216
0.001960624838841553
0.0020243192423341936
0.0020222112744980067
0.002020054390381861
0.002014350125014688
0.002012541219780628
0.002011213189499719
0.0020095179505512984
0.0020121626828015137
0.0020110721648028454
0.0020102797374245106
0.002010731528023603
0.002010181943477573
0.0020091202881158425
0.0020087436464592996
0.0020077599802537176
0.0020084303866996643
0.002007048443746976
0.002006170696098983
0.0020042179689183804
0.0020032209635004318
0.002002566919261767
0.002001234661849287
0.002000348773960704
0.002000186586834863
0.0020043169540569744
0.0020031913940281804
0.0020047562638521054
0.0020044738715680513
0.002003273574307133
0.0020019534290445797
0.00200076628237689
0.0020004630829381946
0.0019997983349744277
0.001999437336578804
0.001997743086625622
0.001995458188323221
0.0019946403316749707
0.001993741872034723
0.0019927105700311165
0.001993270599346342
0.0019859980278254734
0.0019859497898353563
0.001985743520652427
0.0019842736649630915
0.0019835272474630636
0.0019837173085617502
0.0019838603226444945
0.0019832138472961787
0.0019825946876429134
0.0019821395218374183
0.001980448875496457
0.0019795675896346157
0.001978463130869623
0.0019829575490730236
0.001985250795366721
0.0019839178657575945
0.0019837211772156292
0.0019828244656948115
0.0019710054777934854
0.001977660764532756
0.0019763754391426765
0.0019765574833037294
0.0019794813049259802
0.001979631989505092
0.001978933274582537
0.0019787003771377454
0.00197480845520602
0.0019742860803269374
0.001973767883062789
0.0019702582746526235
0.001969336938294415
0.001970092931006614
0.00196931225171941
0.0019714078611402144
0.001970505609109871
0.0019701104671440077
0.0019691210690075734
0.001968848485257062
0.0019686374552163465
0.0019678256235375457
0.0019588757156432718
0.0019528390107557585
0.001951961054712967
0.0019511583529370148
0.0019483744115300894
0.0019482388525534646
0.0019477950828669672
0.0019527437898323324
0.001950788828538851
0.0019482600948157985
0.0019481416879153664
0.0019486982878398117
0.0019485217158558587
0.0019510686254883877
0.0019510133223612208
0.0019510918474713432
0.0019488861492076082
0.0019478937751250412
0.0019444709888576674
0.0019435057962096044
0.0019426262043942032
0.0019503116742226522
0.0019494976264477395
0.001967429902691805
0.001967255734829248
0.0019666006237323177
0.0019659080975135837
0.001966457425911177
0.0019654997182033808
0.001963189489695647
0.0019598397895089496
0.001960894003144651
0.001960297503245039
0.0019609086793620904
0.001959971292661651
0.0019596408300593744
0.0019571772774936583
0.0019568218847073465
0.0019585184741730925
0.0019627956115992064
0.001962304464247332
0.001961550595386294
0.001960644413212735
0.001957742078985379
0.0019553096199017507
0.0019563072030894016
0.001956264130131625
0.0019555966084462404
0.001955403632119736
0.0019541832489991663
0.0019470998389059348
0.0019453463882421669
0.0019445813201571607
0.0019477817477886658
0.0019481017863865848
0.0019494076080900852
0.0019482694508842079
0.0019475658545685297
0.0019464114271993207
0.0019424256585570219
0.0019415982432502699
0.0019408276223815113
0.0019398546965713622
0.0019393787045328765
0.0019386688830980707
0.0019395180941662662
0.0019388354317810379
0.0019370448797625213
0.0019364834855222278
0.0019367986508927817
0.0019358280173933748
0.0019354069468450299
0.001933084442236165
0.0019330692147194984
0.0019324752788717901
0.001934724076888885
0.0019420944298925579
0.001940203497503378
0.001938096487655063
0.0019434116844282963
0.0019442155561974184
0.0019433565047990236
0.0019427855956229275
0.0019428208421720403
0.0019420661465459474
0.0019409327439248397
0.001940046703510817
0.0019497206136212413
0.0019500538824434336
0.0019497575972358887
0.0019187623659702097
0.0019195048648096684
0.0019208963232760874
0.0019198400170901398
0.001957024647802764
0.001955950847698483
0.001955141538357972
0.0019581763973136623
0.001957801617716796
0.0019615223950790656
0.001961878798296338
0.001958465843954545
0.0019571731504035472
0.0019565303520247736
0.0019479856937170336
0.0019469426103255446
0.001948017042317359
0.001946760591756767
0.0019461734029488362
0.0019395612707358146
0.0019385453968342556
0.0019378695520510013
0.0019367948985945422
0.0019359224947374512
0.0019370901183190245
0.0019364660644713928
0.0019414306115159534
0.0019415089655662983
0.001939849349589773
0.0019394565985801967
0.0019392898441647991
0.0019413203857166314
0.0019335094108818929
0.0019330974256331944
0.0019336898639170143
0.001932742055072116
0.0019325329561598952
0.001939535957609966
0.0019378917779465717
0.001937007611093588
0.0019365129755612956
0.0019336367317513512
0.0019315004426915844
0.0019306543018109375
0.0019293463088576536
0.0019281408199441949
0.0019278954591020565
0.0019224151373853438
0.0019259205241276747
0.0019251908486681184
0.0019247391072507844
0.001925095068941232
0.0019256260681779444
0.0019267239358087389
0.00193430289408222
0.0019337040063982498
0.001934666847338489
0.0019346746414316488
0.001931463364041036
0.0019317018577152904
0.0019323284387535015
0.0019321575554314234
0.0019313847333595731
0.0019308484915226056
0.0019314008187955923
0.0019304462982257797
0.00192969397853264
0.0019286951030518184
0.001928138519605371
0.0019287521112000606
0.001927816974704306
0.001928925899561376
0.0019379566293246076
0.0019458922038777945
0.001946884937062599
0.0019474934966092045
0.0019459435385528426
0.0019458937399846475
0.0019456821374256035
0.0019424229376118053
0.0019416979079467165
0.001937971970647419
0.0019422156785148233
0.001929032925613297
0.0019249496837344757
0.001923525185345018
0.0019227205311338484
0.0019220899498402033
0.0019154233996002605
0.0019133062279612508
0.0019112843209560455
0.0019101592538423372
0.0019110741342595206
0.001910640343727993
0.0019102923921159333
0.0019093227248847407
0.0019092489461463111
0.0019095091708346053
0.0019070841872631372
0.001907274270532155
0.0019099564484541438
0.0019091040672649894
0.0019079661650660137
0.0019038413104622788
0.0019029539648696286
0.0019025789254752063
0.00190275513715461
0.0019017907621222416
0.0019011089726207525
0.0019035452391399357
0.0019011842456055016
0.0019012994784570574
0.001900534696157285
0.0019019519756003193
0.0019007762142269546
0.0018966788566457697
0.001895584530711177
0.0018951266569619649
0.0018992291946911541
0.0018990514564061688
0.0019094868821282998
0.0019091209755253081
0.0019083650608011317
0.0019076183033429482
0.00190703339615252
0.0019063243702589479
0.0019043394077880953
0.001900361128320439
0.0018996185493013555
0.0019010906688789388
0.0018999871677885946
0.001897635092505598
0.0018969753588341156
0.001896460713959549
0.0019097075678079086
0.0019096982127079695
0.0019085956378460372
0.0019067757032497302
0.0019062117290052996
0.0019057376668979887
0.001904877591519623
0.0019039636573397844
0.001901591126850827
0.0019008040628062598
0.0019001137166484148
0.001899618820293596
0.00189944139502267
0.0018988053400460603
0.0018994659430102538
0.0018989270268574402
0.0019036157945396342
0.001893240361022757
0.0018920176720302532
0.0018739934683847858
0.001871547716023457
0.0018726237457402143
0.0018715774114919316
0.0018724523747737436
0.0018679088127720879
0.0018660242631221991
0.0018657918131423942
0.0018689189623072272
0.0018682675816387826
0.0018634694136141852
0.001865065524551861
0.0018604232426231765
0.0018601283849213723
0.0018593358106275464
0.0018593259982634504
0.0018589098301741041
0.0018474809733195752
0.0018665213175579898
0.001865516084780439
0.0018650391030246467
0.0018676674849046255
0.00186760309060782
0.0018679712636205743
0.0018698774571689787
0.0018692661057110314
0.0018692013534351072
0.0018700535204769129
0.0018695069423358157
0.0018705278884380621
0.0018709405963421852
0.0018759164855749243
0.001874764682082258
0.0018744422758502537
0.001874093147471323
0.0018729952380099582
0.0018717736860967486
0.0018709636175705618
0.0018706375016088802
0.0018715088144739052
0.0018714232748788249
0.001868549748006028
0.0018677335866469464
0.0018668831401720827
0.0018625031345477266
0.0018667548313225867
0.0018646710467883365
0.0018636755786695513
0.001865199574927526
0.0018645754737419598
0.0018637184666703656
0.0018632272333281806
0.001863049355072376
0.0018642026393915232
0.001861328233351479
0.0018602661931460703
0.001859604094713276
0.0018578707314301265
0.0018562613457315854
0.0018555979853644852
0.0018491467028578052
0.0018482784018080576
0.0018471888467438088
0.0018466781719305527
0.0018442309486438127
0.0018433895903976923
0.0018432580644885275
0.0018433503583194122
0.0018546563945891978
0.0018528681254812458
0.0018524649695487792
0.0018530790383755166
0.0018519142321400865
0.0018504074479694132
0.0018514781217359815
0.001850449095403069
0.001849143708485905
0.00184671702816333
0.0018455835705879886
0.0018450880724400264
0.0018454169410698953
0.0018447545947209347
0.0018442441249658774
0.0018424961887076557
0.001847157134268181
0.001854016089666866
0.001856091068311859
0.0018555317888512904
0.0018549415858897117
0.0018536898543957865
0.0018561916196390734
0.0018523801637095917
0.0018517192501795797
0.001851026481782196
0.001851511251684577
0.0018498300715365209
0.001849826151655852
0.0018583627557333675
0.0018577037434160152
0.0018551878818942635
0.00185412509677882
0.001853491683524523
0.0018531455963889992
0.001854993451999535
0.0018533303641973923
0.0018478726752261352
0.0018475750694139387
0.0018458325293889337
0.0018450600977850348
0.001845940752239919
0.0018424893410731974
0.0018429616390492475
0.0018425644770084008
0.0018422203862499837
0.0018417676533535755
0.0018405696792490526
0.0018392867702271484
0.0018395102480768665
0.0018399381165308825
0.0018390921748471264
0.0018389561148608035
0.001839630412714169
0.0018386836493225719
0.0018383406007064593
0.0018371058992982898
0.001836720955888111
0.001834345794547345
0.0018374651679311802
0.0018367538498886991
0.0018363392585177879
0.0018308847869137085
0.0018302959175575558
0.001829621449978436
0.0018284959969006164
0.001828048309280306
0.0018268040836308859
0.0018264682755581526
0.0018257146125457112
0.0018255364865770276
0.0018260096691038658
0.0018253078013841437
0.0018361690049102876
0.0018368454002977359
0.001836470760299349
0.001836588277513866
0.001833866659828475
0.0018331338274856458
0.0018342927661992902
0.001833443586461656
0.0018310886750674828
0.0018288685002803154
0.0018285281318423617
0.0018276471891345782
0.0018265023254536393
0.0018262025573683688
0.00182522193610307
0.0018249925585083991
0.0018248546057345351
0.0018243251365220303
0.0018238870907035163
0.0018231647895385397
0.0018236271273310892
0.0018225852350060954
0.0018219479830782685
0.001808862647276436
0.0018009093337172048
0.0018005188019779297
0.001799446059553525
0.0017997989013215326
0.001795216093448873
0.001794003046354096
0.001794512975383391
0.0017937992831394255
0.001792850502035019
0.001792586341148362
0.0017919433572069648
0.0017896040302094365
0.0017890274145598657
0.0017838083860698417
0.0017846431286525147
0.0017877369725687465
0.0017871283394786095
0.0017863994636420455
0.0017856244810881014
0.0017851347263088597
0.0017835535067185712
0.0017829882240554447
0.0017931952462185395
0.0017924877915474978
0.0017913933310499486
0.0017940982060679364
0.001793397986207031
0.001791616389097865
0.0017930243972789702
0.0017927831397186653
0.0018139180009907935
0.0018068684271527946
0.0018070644576503284
0.0018132082509229133
0.0018124029435110825
0.0018134047042193092
0.0017952856163663635
0.001794106898442901
0.0017938177809216195
0.0017935967302046218
0.0017918523872447305
0.0017907388810306157
0.0017890100376183626
0.0017882733735649775
0.0017876317927724898
0.0017864495434530441
0.0017859080925127706
0.001789438992626639
0.0017878578728453803
0.0017902551889855968
0.0017861595415224218
0.0017851376063390012
0.0017830498174651874
0.0017819260553855298
0.0017813625134216649
0.0017840730901122108
0.001784074408888759
0.0017828251880987647
0.0017863188049655008
0.0017873113369686513
0.0017870698603174937
0.0017861483131865836
0.001782912427362971
0.0017821354542240796
0.001781335415668946
0.0017805577800038552
0.001781448643384209
0.0017807705009841375
0.0017794516853510754
0.0017777745350269001
0.0017757950423991152
0.0017814808052483788
0.0017810989500503588
0.0017762211071535238
0.0017750280423366289
0.0017730786612269254
0.0017720781681624693
0.0017713190212737928
0.0017717651775072626
0.0017712919585076933
0.0017714277895874318
0.001771235595516245
0.0017435175702510916
0.0017428324845847243
0.0017422864555859912
0.001741840093783874
0.001744472256968864
0.0017431018642827278
0.0017421921023923201
0.001741185438051263
0.001741050988855394
0.0017411232212440663
0.0017396823313045758
0.0017358502641482744
0.00173601797122213
0.0017347947433360503
0.001735552041770065
0.0017351859141337249
0.0017367385107600918
0.0017363397183260247
0.001736798999903267
0.00173620114444362
0.0017364672532187355
0.0017360173416240785
0.0017362397833453147
0.0017353588732011913
0.0017355277512727497
0.0017347551058172815
0.001733364131463547
0.0017320540317552818
0.0017318324029571546
0.0017321620810680591
0.001734085970538796
0.0017310638180692672
0.001730600190795593
0.0017319167719533268
0.001732357202058313
0.0017321271479269927
0.0017296269447119933
0.0017279302464840948
0.0017289976508350607
0.0017283448032347115
0.0017278029379484657
0.0017270528696754538
0.0017241288349225448
0.0017223299677134043
0.0017220228228042604
0.0017298354392672889
0.001729512469392115
0.0017290507966404255
0.0017245895966128877
0.0017229768793438085
0.0017237279812801903
0.0017234714453636332
0.001723022261353624
0.0017237836509124194
0.0017229905408449105
0.0017227582227096066
0.0017269943220909287
0.0017233903997523154
0.0017232956539597725
0.0017225353808709622
0.0017213479797861795
0.0017211648689042602
0.001720834111393131
0.0017149084085215064
0.0017131656383481567
0.001711561464280978
0.0017108708063325257
0.0017103343963590606
0.001708277334926837
0.0017080318065318479
0.001704745863525422
0.0017082290845129014
0.0017059042286340898
0.0017007580797487876
0.0016994503899985464
0.001700086337378465
0.0016997029315928209
0.0017014957242846864
0.0017011748811673214
0.0017000232931938886
0.0016995981879578004
0.0016987411280782337
0.001698730737075831
0.0016977480248642205
0.001696449762509002
0.0016959147310820742
0.001694407510359291
0.0016937001651363144
0.0016930046800774966
0.0016949872121147954
0.0016948529103903089
0.0016941189104356426
0.001693642711373447
0.0016909587830543401
0.0016897316886965992
0.0016891753685084785
0.0016885709258610848
0.0016880464793869144
0.0016879618364902375
0.0016882396414593668
0.0016878024640745188
0.0016871589942714731
0.0016921418166215697
0.001691623426122496
0.0016940773305367742
0.0016920755241662479
0.0016916682376536894
0.0016910781767947383
0.001692808590170564
0.0016939299410982866
0.001693196920664441
0.0016986984811961016
0.0016978544276433174
0.0016973117133189078
0.0016971432311020974
0.001695570585459803
0.001694998142099733
0.0016947043841371693
0.0016839474422775506
0.001683349655235818
0.001682863140519242
0.001681726212681217
0.001681466474129426
0.0016821878325139722
0.0016818225683693851
0.0016808064242469702
0.001681600466068071
0.0016815494807551736
0.0016798751342071783
0.0016805065468098697
0.0016795832044772898
0.0016799036542489265
0.001680343591115837
0.0016779124541060867
0.0016771427759920173
0.0016765371010400516
0.0016767354452294973
0.00167500586200704
0.0016765786840513568
0.0016761081946380795
0.0016756108771355297
0.0016814684235877692
0.0016733812460168408
0.0016725554379660526
0.0016721624402977818
0.0016712537255102482
0.001671273213105447
0.0016706116005624693
0.0016703030607578518
0.0016755068905653855
0.0016754334463504475
0.0016754771941807072
0.0016754789389859432
0.00167743748021877
0.001676966501728961
0.0016765282095959346
0.0016771207267101981
0.0016761442863496678
0.0016757836020208428
0.0016753584828477738
0.0016746588075452797
0.0016726914563257986
0.0016722695371947512
0.0016718485319954946
0.0016725939973878299
0.001672752406501437
0.0016717820601246094
0.001682532200886889
0.0016821809473444931
0.001687071980846951
0.001695364982383697
0.0016975951861538433
0.0017004289046053994
0.0017014399591890822
0.001700993096752572
0.0017000458768410514
0.0017119883858813635
0.0017115197685002128
0.0017181921126412849
0.0017122446439863156
0.001711853390181776
0.0017113751178447743
0.0017105699920534696
0.0017104350120300347
0.0017102397869054864
0.0017046527129003749
0.001704226278120841
0.0017047641165591817
0.001705323401498321
0.0017036644154493415
0.001705217477099205
0.0017051194857797612
0.001705310811889923
0.001701521214068364
0.0017021805588578313
0.0017045887349603766
0.0017032631786156678
0.0017024594234799932
0.0017015032624505975
0.0016998515665450787
0.0016986980840170457
0.0017001397947256857
0.0016994951056768413
0.0016983723205131014
0.0016856914135718905
0.0016870849110235358
0.001686514501687787
0.0016849427811884707
0.0016849411395473547
0.0016846662679630767
0.0016842828420018433
0.0016832012073287243
0.0016833574040364511
0.001688673251625205
0.0016884507756836158
0.001687561592600717
0.0016871125126582587
0.0016870522913479161
0.0016860931055896157
0.00168973719347522
0.0016876976370093376
0.0016870728011025137
0.001686701194012967
0.0016872766941839923
0.0016886587614105698
0.0016879904708290772
0.0016878630864788954
0.001688057899057848
0.0016889162974723002
0.0016883519041029998
0.0016881756803785672
0.0016893563259125115
0.001689376885711941
0.0016884415288268794
0.0016870980841404086
0.0016855858339610422
0.0016869568221053398
0.0016884469262798023
0.001687966113776133
0.0016864592997540306
0.0016860597386740865
0.0016852770883688257
0.0016816590730857088
0.0016809348728064777
0.0016748910570766138
0.0016721567868415508
0.0016707405574689052
0.0016698745405476479
0.0016694069573368242
0.0016690255852279308
0.0016674187288709058
0.0016665558206624255
0.0016659175388728173
0.00166548619006611
0.0016655560252175144
0.0016658266767071782
0.001665216436158325
0.0016637256271973928
0.001663356236287095
0.001662478768948436
0.0016623339035883962
0.001661751354168727
0.0016617014587200106
0.0016643328147160708
0.0016665751304296868
0.001666350621526462
0.0016659114002067594
0.0016655170993718459
0.0016652513271264266
0.0016643371678667664
0.001665937343913277
0.0016654874027228273
0.001665041187866612
0.0016643917940761983
0.001664016706968849
0.0016660622253644986
0.001665731781796506
0.0016665244465712953
0.0016659706415871325
0.001669438658892581
0.0016692335879823
0.0016384328735331768
0.0016390767429053789
0.001638364235435008
0.0016411995211626392
0.0016410543716483485
0.0016401486021472554
0.0016410347457669033
0.0016404835991008296
0.0016381184516249413
0.0016343850840702203
0.001635520379048854
0.0016358376294866152
0.0016358097163598326
0.0016355921969838292
0.0016372777157107386
0.0016370166933820536
0.0016367351454993275
0.0016354805635754993
0.0016331954991951978
0.0016327594959479877
0.0016329911176846171
0.0016327419323845108
0.0016333053176017635
0.0016329741383614305
0.0016324167711904184
0.0016319159308764968
0.0016320655677537217
0.001632153712937707
0.0016316614914401667
0.0016313974150065187
0.0016335037457466482
0.0016448226351482463
0.0016554556446269591
0.0016553370818221764
0.0016563316073635011
0.0016623450240451974
0.0016465948345843532
0.0016460511924404329
0.001645214169806634
0.0016445370809598469
0.0016481297206262914
0.0016476684210733725
0.0016545697266720147
0.0016541323307004902
0.0016452644686171108
0.0016447763004367828
0.0016442206749556834
0.001644788035400469
0.0016491518409505247
0.001648371685482879
0.0016483011360386927
0.0016480318120939957
0.0016436778249236828
0.0016426356445720216
0.0016420070075736642
0.0016435740998479473
0.0016444926581345805
0.001642060357599189
0.0016418781703506176
0.0016415352361087406
0.0016407916372129104
0.0016257241580818916
0.0016242168795504086
0.0016187452701394943
0.0016176494658669317
0.0016179949015808557
0.0016174534239673344
0.0016169801787273958
0.0016166078263244125
0.0016161134615913985
0.001614842840031287
0.0016137351844659846
0.0016105417496123675
0.0016105708312129116
0.0016123468340209937
0.0016116051257881055
0.0016249836654968477
0.0016246417598312674
0.001624571404334953
0.0016252089592444414
0.001625160273533824
0.0016246784224626916
0.0016574102195764592
0.001653551642992874
0.001662016643503228
0.0016617893746690958
0.001661095740486665
0.0016597728584694855
0.0016535552726965163
0.0016512726080434193
0.001650629779748903
0.0016501367389494994
0.0016501723940769884
0.0016494498917941512
0.0016487976245332771
0.0016493818908917513
0.001650297748331034
0.00164970269943467
0.0016504729282212887
0.0016491723413752104
0.0016480657573647434
0.0016466331861855657
0.0016462298865307747
0.0016453904233531404
0.0016468154310287893
0.0016458739893480936
0.0016394754530864334
0.0016423181195436157
0.0016432234139354695
0.0016435372633045494
0.0016443035553909758
0.0016480195769531208
0.00164675943385864
0.001647046908719499
0.001646390381334547
0.0016459021539268074
0.001645754049027716
0.0016450151140480125
0.0016447686961709
0.0016423929185238665
0.0016418506730927409
0.0016394727371010559
0.001639487738361625
0.0016395940065599029
0.0016390573643030335
0.0016451571612678558
0.0016440796392308565
0.0016445687732499898
0.0016434274105659808
0.0016428183759649346
0.0016423869049458366
0.0016439732554758008
0.0016435140345766315
0.001643328212144973
0.0016426105708377766
0.0016763365502215127
0.0016772317161988443
0.001677380966791969
0.001674970806519003
0.0016749684394179076
0.001672984000967969
0.0016724613266074731
0.0016714455591804922
0.0016710484304945238
0.0016703367403784874
0.0016697323594908932
0.001669701357308001
0.0016693905713420294
0.0016632410733904714
0.001669256668230061
0.0016684249116877276
0.0016684128380092186
0.0016677630709726866
0.0016674568671264428
0.0016669029435617015
0.001667565933910098
0.0016667521357119147
0.0016659801623909842
0.0016646685541963856
0.001665101036800693
0.0016634889235912565
0.0016638429868161728
0.0016634410107573656
0.0016636928793042002
0.0015960911531812214
0.0015950016207121958
0.0015955505373121707
0.0015951375068377599
0.0015947641233166434
0.0015941261423502715
0.0015950997721233633
0.0015947244121718035
0.001593819883802106
0.0015900984017232103
0.0015900445724042504
0.001589679897605276
0.0015891871483873499
0.0015867278773688597
0.001586384868571186
0.0015864981938446669
0.001586011687335036
0.001586905042016076
0.0015865856234365562
0.0015860242835665473
0.0015855705402944447
0.0015869099147422922
0.0015864450448524023
0.0015852563741162286
0.0015853009824159184
0.0015850268302244602
0.0015837953059192227
0.0015845830616163102
0.0015807861387142953
0.0015803869284215608
0.0015780702126158136
0.001577463568178688
0.0015760988142643666
0.0015739755024431737
0.001571717316325807
0.0015714588806345698
0.001576521920795832
0.0015750006549082483
0.0015749382443944317
0.0015752177398101767
0.0015753401090536862
0.0015744323106069824
0.001571045435789354
0.0015720043713558793
0.0015719198068250347
0.001571526569087144
0.0015973422463002357
0.0015977840631774562
0.0015971641425575795
0.0015971938006697156
0.0015898573905494433
0.0015859258707889513
0.0015100554594482034
0.0015109803405734916
0.0015111008354974603
0.0015107570458826648
0.0015209488847249448
0.0015199697704738405
0.0015197069387523465
0.0015194882737077943
0.0015189731231361476
0.0015185512055131958
0.0015173260125282333
0.0015173427572881114
0.0015165709313110253
0.0015157903556474262
0.0015159386457385465
0.0015150288968650053
0.001514728678426623
0.0015127346581131006
0.0015128291461899586
0.0015129463911905607
0.0015128392553026928
0.0015146998041629194
0.0015144430228941927
0.0015137683746320816
0.001514973387575319
0.0015187289188019443
0.0015189226767735866
0.0015018060835574295
0.0015012911704869888
0.001501344450590948
0.0015013529787432042
0.001500832025024437
0.0014972004496182298
0.0014969313341427054
0.0014958861746017897
0.0014917061044414288
0.001491301899321102
0.0014911711656003474
0.001486819790223197
0.0014820860772105718
0.001481643283968303
0.0014795487294249564
0.0014787529340989205
0.0014795104932244871
0.0014793652507051518
0.0014810713092205407
0.0014814773599031413
0.0014812496359781397
0.0014801469067596742
0.001481105796792582
0.0014806878678954786
0.0014801289618403904
0.0014797753820320443
0.0014796720469778184
0.0014789518327308312
0.0014695368088005025
0.0014688159808093472
0.0014679158741041495
0.0014672991938045833
0.001466813813733652
0.0014662732255210978
0.001466126023370431
0.001466675299460257
0.0014668143826561124
0.0014664741520142668
0.0014658622284380912
0.0014641148037645014
0.0014644745484578912
0.0014643651418407252
0.0014635395729880808
0.001464391002139886
0.001463025643535723
0.0014619028760229102
0.0014672131902584463
0.001470719879728675
0.0014732408928704213
0.001473961513454779
0.0014726392686875694
0.0014756775233298706
0.001475621340447327
0.001475288460585238
0.0014758667245352362
0.0014674291127568658
0.0014677143151766796
0.0014668992737167034
0.0014713019944341211
0.001471039605644961
0.001473321595649182
0.0014707801560980643
0.0014701707384304704
0.0014685689670745098
0.0014675626847906154
0.001465871531922361
0.001464930237856289
0.0014641727625291992
0.0014628846812435288
0.0014626410712570137
0.001461841786274422
0.001461523513714736
0.001461313856991911
0.0014619655414545927
0.0014589536977430116
0.0014575567420574058
0.0014584999410236757
0.0014565602034389605
0.0014563013325444337
0.0014513084674735788
0.0014501099196813552
0.001448939507183298
0.0014485254402117984
0.0014479342831535064
0.0014485842486286393
0.0014501253527853684
0.0014497874247838285
0.001447485962397909
0.0014464069327840626
0.0014453625416258075
0.0014447955131561589
0.0014443811693936107
0.0014441771923819381
0.0014440773591770037
0.0014436797893393409
0.0014398840191427466
0.0014393662721160613
0.0014387951745743765
0.0014387880271064548
0.0014391840927936617
0.00143888481074708
0.0014368065138674632
0.0014365455024658125
0.0014446333747965686
0.0014453092940073396
0.0014443385056366305
0.001443707452039964
0.001445854320894399
0.0014453485617732292
0.0014453842154125915
0.0014468259411063158
0.0014460581304996444
0.0014457632980645414
0.0014455966221115627
0.0014295487483708162
0.0014289939532303342
0.0014289645065570363
0.001428985830519046
0.001443407566943259
0.0014420746355352384
0.0014418216310425982
0.0014415759397794757
0.00144207232215854
0.0014439807328475766
0.0014441748044336622
0.00144348256058069
0.0014430929585471993
0.0014428336688977331
0.0014422658225708169
0.0014297233909055678
0.0014296038817460366
0.0014306224828798861
0.001430092931974895
0.0014302037083755413
0.0014293510509516855
0.0014286302778018158
0.0014284307067725546
0.0014270469805196437
0.0014265346747508315
0.0014276359875704675
0.0014271347282354728
0.0014235873522098687
0.0014256617704130345
0.0014186745558903342
0.0014177542245056088
0.001416751629902149
0.0014171606610653056
0.0014169143122279
0.0014165664025384732
0.0014189958497990852
0.00141865957682406
0.0014178169459842652
0.0014173535208512895
0.001416801042309065
0.0014156204156309414
0.0014161479314836187
0.0014149144942180343
0.0014140502252370584
0.0014136093900679039
0.0014143961694975593
0.0014147992917090593
0.0014154919606382632
0.001415215843766534
0.0014148553112946472
0.00141446333618391
0.001414020382698
0.0014131572605852517
0.0014053672871705764
0.0014048217099157895
0.0014005994902756358
0.001393444603352957
0.0013935784235493771
0.0013921290166048843
0.0013923407360323123
0.0013945158388454597
0.0013937902517923476
0.0013933404502208973
0.001395115270324078
0.0013978521921504848
0.001399731894376424
0.0013989460169424306
0.0013982261496302785
0.0013977466546810666
0.0013976210952457017
0.0013971499812203362
0.0013967894076091013
0.001400125218994003
0.0014007536845291927
0.0014019831449010524
0.001402372386332094
0.0014007383124780672
0.0014008218440335603
0.0013990019264851635
0.0013986722404144211
0.0013992080865797643
0.0014016734813367428
0.001401039965955502
0.0014005132074864622
0.0014003281833045835
0.0014009316779975214
0.0014040827670634935
0.00140622973210155
0.0014063274312264124
0.0014059761120910079
0.0014023299238080083
0.0014018896442191807
0.001401700826723609
0.0014029395507592786
0.001402553551100565
0.0014020063721520066
0.0014017200039053634
0.0014017600211040807
0.001400885494482
0.001399975633285109
0.0014070733553799562
0.0014058269500969132
0.0014055523241721592
0.0014043678323248478
0.0014055692453508349
0.001405007134060524
0.0014046269146610248
0.0014115529214106272
0.0014060314917854404
0.0014056579045667807
0.0014046078268198992
0.0014042748856356497
0.0014039337304572275
0.0014031303727094161
0.00140219380298463
0.0014016115238060438
0.0013982061516928455
0.0013979089165303477
0.0013992202383464039
0.001399048111366205
0.0013979130346721072
0.0013984032857185754
0.0013981872354775038
0.0013985278423000647
