-0.019599324092268944
-0.02048701544602712
-0.015817677951417863
-0.009333931934088468
-0.007406433074114224
-0.006244841139830117
-0.005703781826014165
-0.005080456662754942
-0.003856428408471401
-0.0033536218516846098
-0.005522438362580335
-0.00373960490441487
-0.002053678733188591
-0.0017891476231549546
-0.002082942634842765
-0.001924936042461708
-0.0013849821269913156
-0.0006171228773095393
-0.0013799776432279025
-0.0012323005018212514
-0.001106205168153709
-0.0010855663814531308
-0.0012085172778218591
-0.0012326489429688077
-0.0014501013294927986
-0.0014315434872750532
-0.0013786109832705858
-0.0009346557013361291
-0.0005695585971504133
-0.0009975151432069734
2.0614079858206056e-05
0.0016699021961716378
0.002148651145141819
0.0023321213038538452
0.0027921004321898282
0.006977616441577699
0.007467801643207695
0.007273220195015594
0.007180172479093017
0.006945356880506308
0.006772169936690868
0.006444251764975867
0.00633077779490453
0.005906788207196061
0.0057441279759982335
0.005817157567318954
0.005883523761895047
0.005570672941126869
0.005401375698129412
0.005195083474830549
0.005100824650071442
0.0051457127768992205
0.005268759408257511
0.005424325628899332
0.004459208463101404
0.004800757347670454
0.004833170561423995
0.0039125822312583314
0.0038433464533833683
0.0037859615756028883
0.005347907641642506
0.005229744026211035
0.005158376116810356
0.005032714256510816
0.005612088847886874
0.005578742596149657
0.0055632259300182315
0.0055055221705317845
0.005286253054821696
0.005351454699079957
0.0053190723999958
0.005180251683257615
0.0051122223233727015
0.005078304791726016
0.00548976986647176
0.005430797774812611
0.005365210102750913
0.00530242717991026
0.005092248119308351
0.005040292675088786
0.004963267013475316
0.004902453329999712
0.004840253645376097
0.004781775052833837
0.0046186657959350315
0.004511417614563032
0.004906513333563371
0.005098062731816795
0.0032300672050041617
0.0033321077752299358
0.0032664172818128827
0.0032135519740936576
0.003179667442848169
0.003096714188991189
0.0032117358783428558
0.003160576194092109
0.0028626474818988115
0.0027833635270721386
0.0027170579248195293
0.002643815870728174
0.0030730742450852605
0.003048736266596854
0.0029598907916666725
0.0029596616682413574
0.00271561671890492
0.00229245560399037
0.0021623769999105555
0.0025619399947314023
0.002587219212529653
0.0025185580474302513
0.0023903049578361153
0.002384880870007355
0.0025203968144890975
0.0024750738558435383
0.002560853319037366
0.0024886364706182018
0.002488009857743392
0.0024703692748409933
0.002438498723192123
0.002458165634665467
0.0022549867043992118
0.001814250686814976
0.001795299047678842
0.0014434781043673882
0.0014410906252224894
0.0014223500278546476
0.0013802727450524814
0.0013996944624579586
0.0015128246622155615
0.0015490875329590374
0.0015280619975259703
0.0014326681662066433
0.0013511261227605843
0.0012722350455954235
0.001263150569470515
0.0015536933179998301
0.0014150031661236018
0.0014485639105731027
0.0014455348735022476
0.0015173480128815764
0.00150282020900115
0.0014864078562009046
0.001481091612074833
0.0013812807054913233
0.000722108021638061
0.0007344939001835105
0.0006476690259906068
0.0006188560693173984
0.0006247691192644817
0.0005345825812396212
0.0005300650276886282
0.0005553693725446746
0.0008172147098740475
0.0011725716078334744
0.0011781594646144643
-0.0003023025002586346
-0.0005081313743003295
-0.00043130427956436014
-0.0002854511698842531
-0.0002645511337521948
-0.0003136462136477156
-0.00025717043529437344
-0.0002623828445726613
-0.00024571808052397293
-0.000427504135718279
-0.0004189735370242682
-0.0003897437484608535
-0.0004939287870357038
-0.0005502831982191887
-0.0003363069781113802
-0.00032821368683450257
-0.0004081413418749697
-0.0004105946851038529
-0.00040884805148899716
-0.000665771855355242
-0.0006798275909271467
-0.0007269359988783703
-0.0007248310458488029
-0.0007197563924920452
-0.0007382454222356968
-0.000773024231051209
-0.0007986126065936789
-0.0007999057966710246
-0.0007958437470684599
-0.0007849097404374246
-0.0007577260061964647
-0.0005115089970012309
-0.0005932458447031887
-0.0005845084097496786
-0.0006045523774703462
-0.0005662091544233277
-0.0003847924656843289
-3.587893548945937e-05
-3.502735139007993e-05
-3.792870146363682e-05
-3.921673428544891e-05
-4.058967533637678e-05
-3.5808592747800055e-05
-0.00013934545942902242
-8.842675967358512e-05
-0.00011154031406224636
-8.34077658814718e-05
-1.2679069115219277e-06
6.014954550022254e-06
0.00022204991663016182
0.00020284969604980274
8.540921103653731e-05
8.859984222582386e-05
7.272386965702279e-05
7.050803957547922e-05
7.390116431606565e-05
4.331083034909685e-05
5.385413672475911e-05
5.598098400379285e-05
6.230324413115453e-05
5.896692677247653e-05
-0.0020460921722245846
-0.00203418450508576
-0.002031530565496227
-0.0020716653710293868
-0.0014809856161059336
-0.001472783304933373
-0.001521784355613168
-0.0017172566643178773
-0.0017275333688045805
-0.0017155604936694828
-0.0015465126486417017
-0.0015526114335864696
-0.0015202827212266604
-0.0015175358532588765
-0.0015711049428036546
-0.0015780492752873892
-0.0015759570411847743
-0.001569733256567022
-0.0015724113101464742
-0.0016279766171959915
-0.0016284285059348907
-0.0016398729336539104
-0.001617083913970419
-0.0015697873631215474
-0.0015627056315927561
-0.0015756337211595246
-0.0015677595356912036
-0.0015743815642722168
-0.0015789331266752593
-0.001593838041304915
-0.0012097384604555469
-0.0011938379825423404
-0.0011867248898779516
-0.001195749889290939
-0.0011950799716220317
-0.0011917399052425164
-0.0011904459336612612
-0.0018676206447565298
-0.0018545526037030422
-0.0018439101004474334
-0.001833417332028861
-0.001804867660545639
-0.0017517311338171857
-0.001758641948814414
-0.0017566215274408953
-0.0016892912467362233
-0.001716288945289942
-0.0017221541935523088
-0.0017178198581688814
-0.001674148625224849
-0.0012446829972651004
-0.0012364917349874842
-0.0012798095730734845
-0.0013377907299262663
-0.0013326185183840994
-0.0011578126953984708
-0.0012583247396328505
-0.001252813967558641
-0.0012332366905352314
-0.0010663230084126576
-0.0010589778201575836
-0.0008223367627337917
-0.0006921387137221514
-0.0006976539387783621
-0.0006876457434069996
-0.0006925337883115627
-0.000705847695480515
-0.0007300610949179135
-0.000687665919959709
-0.0006885242702979735
-0.0006893683430462272
-0.0006808210257964484
-0.000676199666059834
-0.0006592481938563618
-0.0005498175286609779
-0.0006776558172312153
-0.0006939297799158815
-0.0006913694086429375
-0.0006826836838995785
-0.0006560971398927245
-0.0006548891543456045
-0.0006715238031449998
-0.0006729726389554962
-0.0006612494076018936
-0.00027121804141522877
-0.00026707524265064407
-0.0002896337706548186
-0.00029854602800667034
-0.00019853104910664253
-0.0001786681634778963
-0.00018617539455306937
-0.0001672114326406137
-0.00016817998698717397
-0.00031623739191073545
-0.00031406990782647414
-0.0003109994591191458
-0.00030624595236042215
-0.00031422067291310375
-0.0003088162057919592
-0.0003153470741277895
-0.00031876208876778115
-0.00031582705870337985
-0.0002834012654602713
-0.00038840790376041157
-0.0003859003823574481
-0.00037727788041689
-0.0003969855426902675
-0.0003960997885308024
-0.0003951053944201379
-0.0003928256650374848
-0.0004909434247099686
-0.00011058520902716874
-0.00012002688119096336
-0.00012038614707464442
-3.3075257021435525e-05
-2.8549354679341006e-05
1.5363519980528777e-07
-8.972927253814986e-07
0.0004059062801042306
0.0006112971911186104
0.0005421259254664889
0.00038892190237556953
0.00037105404540745666
0.0003782533116186645
0.00037789425299685267
0.0003831510452598422
0.0003837920283881104
0.00036934876326889896
0.0003720370885570164
0.0002699402802233288
0.00023061900569230288
0.00023220685925427997
0.0002932560592723469
0.0003014818371036094
0.00026541781326985976
0.000625468497266781
0.0006192935946217261
0.0005755245648685204
0.0005833438398634347
0.0005911833332578907
0.0005894624416808821
0.0005871597797502278
0.0005847633253678286
0.000593534085796276
0.0005926695783886336
0.0005909784501176731
0.0005934794125555966
0.0005977657292333615
0.0005918459088067705
0.0006046469967080887
0.0006266520491932238
0.0006023788437701017
0.000609203575953181
0.0006169859035447122
0.0006127011855022162
0.000613736431657633
0.000611212050752848
0.0006048731130673927
0.0006437734078848182
0.0006432692244847246
0.0006397323765413206
0.0006306713883119447
0.0006288159918624017
0.0006269564906554484
0.0005988565152339185
0.0006780705014145305
0.0007043711996980532
0.0007442330569680844
0.000742381702663282
0.0007346825809890676
0.000727612661297281
0.0007486920317521281
0.0007454070610411002
0.0007439645367859189
0.0007362462393451327
0.0007453953085155657
0.0007968410992329569
0.0008138878234189444
0.0007771274692017997
0.0007682210571994783
0.0007496756844059979
0.0007473244641096462
0.0007030010217613371
0.0007156285816184692
0.0007269937534681097
0.0007264900186534793
0.0007236196486944496
0.0006915888192901382
0.0006820383928176031
0.0006788818024690451
0.0006787795895942339
0.0006867768928967707
0.0006784592792095407
0.0006756669342666338
0.0006675445466251537
0.0006652059408876719
0.0006455613807385966
0.0006424414192465566
0.0006398125175293821
0.000638057365967637
0.0006342142653019946
0.0006333396615623946
0.0006318936175505631
0.0006299269478192593
0.000559499445534607
0.0005985290170613827
0.0005966477519519196
0.0006021771518135203
0.0005976900838248458
0.0005936322596411262
0.0005715041597668282
0.0005932601461884607
0.0005662627243171208
0.0005683377953499789
0.0005778632266937057
0.0005757966723597069
0.0005746414823825279
0.0005846904292118918
0.0006064345074423093
0.0005802966898378258
0.00027603368800646757
0.00026049702662222325
0.00024950831864523196
0.0002541564439867588
0.00025276761545798415
0.00027786565899927575
0.00027513582737712404
0.0002969753378902469
0.00026460340079553687
0.0002630871279749237
0.0002607693914983747
0.0002448914264113766
0.00024763261211774014
0.00019851188106766757
0.00019391833952433173
0.00018996049925038157
0.00018536419662621117
0.00017909300549945266
0.00018078942457976636
0.00018082921484459608
0.00016795201812243294
0.00017382875262971474
0.00017149721348766337
0.00018313864621314404
0.0002492910498522055
0.00024600913929729695
0.0002150838600590723
0.00021460195660252468
0.00022722165009764127
0.00023136926050533062
0.00023669705327629916
0.00023709511450565143
0.0002633501264194524
0.00026109692161764195
0.0002597411183244926
0.00026008171910671916
0.00025732236407583067
0.0002614653818914355
0.00026070392027004066
0.0002648542437326747
-0.0001877831190536946
-0.00018335310466486613
-0.00017427900201028078
-0.00017387362953241977
-0.000172961833912012
-0.00016147826241596784
-0.00016606831225221582
-0.00017077581567756438
-0.0001685067468933101
-0.00016491688229152638
-8.95330793049598e-05
-9.045876864093848e-05
-0.00011063810100179693
-9.328109575084079e-05
-8.239103901981244e-05
-0.0001224067383720609
-0.00011964380525830632
-0.00011879614021289901
-0.0001222615107559666
-0.0001203376555359931
-0.00015361446272787
-0.00014902093478408906
-0.00014904244104036533
-0.0001292923328703674
-0.00012796160864812054
-0.0001276703815797947
-0.00012067703042226868
-0.00010549391828126461
-0.00010104866274926481
-0.00010160710856270194
-3.998123016629554e-05
-3.8773738279245555e-05
-2.0954075126593117e-05
-4.333981758966238e-06
3.6436001952466226e-05
3.468548589137843e-05
3.0211502373049714e-05
3.404618491030366e-05
3.64110510594212e-05
4.439098663787134e-05
4.2874299581653155e-05
3.3383843636500606e-05
3.395485557750589e-05
3.428946650844937e-05
3.4277773404891925e-05
2.4150458689577952e-05
1.8466751009174434e-05
1.4971096433803926e-05
2.616466760624589e-05
2.436465869740591e-05
7.274405598336893e-05
7.290256882786925e-05
7.270726197569924e-05
7.287711003937606e-05
7.29777532769657e-05
7.550021554316591e-05
7.983782734470155e-05
8.125203779871873e-05
0.00012109390683975445
0.00012223025929022614
0.00011525008965379977
0.00011568973455041853
0.00011567570704250449
0.00011544954972805862
0.00010838519563052442
0.00010660013137950652
8.873638168271202e-05
0.00013732851472981708
0.0001428084101579042
0.00014459459259526613
0.0001441118233609821
0.00012571949365438781
0.00011651708635657606
0.00022111091055824746
0.0002228956649448087
0.0002222108017518438
0.00022120184281769728
0.000202574754216543
0.0002081600209290988
0.000255337013465579
0.0002503098347162483
0.0002570335786238135
0.0002706111413414998
0.00027445095650894315
0.0002740425470101944
0.00026973940588485336
0.00023772220276815722
0.00023705458826582673
0.00023996974631259802
0.0002397437847786439
0.00023771515978129935
0.00022976096411368458
0.00031823668066448404
0.0003111062865929732
0.0003090306931626649
0.00026292144368840123
0.00027365317471630675
0.0002685621199318273
0.0006195691414095305
0.0006172204041042014
0.0006184438880689622
0.0006023789435022236
0.0006367838372202167
0.0006722912085666099
0.0006676584825356906
0.0006448592445021123
0.0006482734159032574
0.000650622010796055
0.0006493426239873237
0.0006488649128876285
0.0005710787458508777
0.0005700525991773142
0.0005787948510722773
0.0004559370899881388
0.000458341541330638
0.0004588682091818022
0.00045825974168894326
0.00044934074376979256
0.00030224197472069345
0.0003011868745216057
0.0002954902457960606
0.00033065172441902596
0.000426501645436777
0.0005379879051068989
0.0005346772891017125
0.0005349952070976467
0.0005352825755564468
0.00045246733518205243
0.00045731632287330013
0.0004614766859398382
0.00045793721813269203
0.000457291548172342
0.00045012120702521023
0.0004466691946018204
0.000631325663321417
0.000623107155196882
0.0006206949398182785
0.0006203182885626556
0.0006271532759887145
0.0005835285859077145
0.0005748369809861313
0.000573559020329277
0.0005717170308314726
0.0005708261347146305
0.0004934486032301853
0.0004914871374071852
0.00049041357198558
0.0004907745804608565
0.0005036364454514903
0.0004977699635785761
0.0003697498694810356
0.0003886784930996968
0.00039309988588929454
0.000399429817118776
0.0004021085723557408
0.00037433326576576977
0.0003721917388500151
0.0003702271234684788
0.00036940833718765117
0.0003679332691733421
0.0003636004735983139
0.00036774644545808753
0.00036347298343741814
0.00034216684063335956
0.00034748448676206534
0.0003470198018312288
0.0003383858823733319
0.00033718412107769505
0.0003345196815199264
0.000332927070043356
0.00033091874301988583
0.00033327622138575334
0.00035376814979547167
0.0003606456334518434
0.0003895829567160379
0.00039031521334825114
0.0003861749860626422
0.00038558903426802357
0.00038384774116299744
0.0004855562953626027
0.000483029242350091
0.00048220517177323125
0.00048041849778394035
0.00048185024835562825
0.00046781906376521475
0.0004674788889924715
0.0004639264117902556
0.000468287399501817
0.0004660264768874085
0.0004509197934393881
0.0005008766453717403
0.0004909361360022514
0.0004909099402878503
0.0004923491131183323
0.0005208773781375729
0.0005156803977554691
0.0005195042008259831
0.0005214751037554511
0.0005172580429283287
0.0005306498279293662
0.0005667216917540463
0.000567681685028278
0.0005674418432644252
0.0005399301613464296
0.0005288289012748629
0.000529093922685773
0.0005071754211638221
0.0005052612312708469
0.0005050445781265214
0.0005028123763691553
0.0004949634561414711
0.0004906264163853154
0.0004918950486725125
0.0005010365386885074
0.000493010935191852
0.0005148872691145523
0.0005199170155780189
0.0005158342124598819
0.0005138114850121805
0.000511350464265479
0.0005089642115118134
0.0005094706269409488
0.0005088990082757448
0.0005285887881513645
0.0005531735603685029
0.0005314603288469217
0.0005173142451259199
0.0005187707473483658
0.000523563745422965
0.0005222616718974014
0.0005408654135883436
0.0005408376452459216
0.0005492879140534485
0.0005470427728146767
0.0005288957893299077
0.0004006510752400868
0.00038278121662063
0.0003995705943440048
0.00039786114155239747
0.00039808696370424105
0.00040176613262263365
0.0003998349462444143
0.0005162352951149126
0.0005085203191080781
0.0005162593858568107
0.00038086431113936397
0.00038071990721513327
0.00037798212616601954
0.00038082673972769193
0.0003792072964685538
0.00038655483257531116
0.0004160784019516948
0.0004155758250555954
0.00042073958684092123
0.0004131886629907024
0.0004212910779745674
0.00042191864842200665
0.00044833532093082023
0.00044747513818838654
0.00044624296917324173
0.0004486008813957618
0.00045691119556705284
0.00045511628009940844
0.0004590623926553138
0.0004688545780327494
0.00013938005085726803
0.00011874325047355383
6.162092936300175e-06
9.719236443354744e-06
2.9728375371860915e-05
3.910581244781412e-05
3.592163791542416e-05
3.6456321455867273e-05
-1.8759143477679113e-05
-3.334595744685153e-06
4.631110740680755e-06
-0.00010540345656240257
-0.00010885777812640479
-0.00011858159067352535
-0.00012076807662669347
-0.00012035915461928517
-0.0001252622153135557
-0.00012166370708511929
-4.2062835512987604e-05
-3.488334663072364e-05
-3.647947413289651e-05
-2.6861027481335566e-05
-1.2749950678733074e-05
9.60498986548037e-07
1.9516008070990556e-05
2.193592226499573e-05
4.222474153874791e-05
4.3155453421568496e-05
4.138239846571466e-05
3.9384547763080575e-05
3.997727122519852e-05
4.0235331878703715e-05
3.914404115235846e-05
3.997273173124387e-05
4.0631465409945816e-05
4.1142516009195856e-05
5.2991647716714365e-05
5.105587094173257e-05
5.11295449830443e-05
2.840357595062604e-05
2.8055221036702103e-05
2.8917035717999347e-05
2.3738156802892887e-05
2.590438212449334e-05
2.9306398324060066e-05
5.150134533839831e-06
7.019278679989639e-06
7.14907203508014e-06
4.645186853194679e-06
-2.052566805509318e-05
-5.170219608366546e-06
-4.760260215734148e-06
3.6408039401665227e-06
2.192823254361654e-06
-7.01331152722664e-06
2.486925708878411e-07
1.7683541044552377e-06
-3.089657282090133e-06
-1.9862256549425584e-05
-1.956398690688407e-05
-1.915715658553603e-05
-1.7061945084095626e-05
-1.5015803936487208e-05
-3.98045614306416e-05
-6.920893305677275e-06
1.6883560998519646e-05
1.1829231268679e-05
4.255994941716154e-05
3.553362885987292e-05
2.3993881582615006e-05
2.7863273161553846e-05
2.1507829560884425e-05
5.3021973285104054e-05
4.667590084694563e-05
4.856166563233901e-05
4.837925603625203e-05
4.868468014105477e-05
6.570305013377779e-05
7.114569459426413e-05
3.7132729030992526e-05
3.998780026971348e-05
4.0846994497945436e-05
4.080624841056529e-05
4.1552199245437204e-05
4.354490583413413e-05
5.0195145730765966e-05
5.03805959677442e-05
5.24550049320446e-05
2.308905353195841e-05
1.2751741584573899e-05
2.473330153319971e-06
0.0001688354328372325
0.00016820692570929119
0.00016199896079681925
0.00016684303203615456
0.00016749016789908383
0.00016630913486333468
0.00016619650996506613
-8.565324417861427e-07
-3.4330494021041256e-06
-3.969196759963752e-06
-4.499594050388506e-06
-1.0687714652624098e-05
-2.6912014083205924e-06
-2.4780889714073025e-06
-8.452773879483824e-06
-9.140838499573423e-05
-8.367210147031046e-05
4.5961796003971006e-05
1.460607882535802e-05
1.7694897863389825e-05
6.752463560948354e-07
-6.063751397595601e-07
7.927803723002721e-06
7.646850311301011e-06
4.957617062088883e-05
4.8479049444814855e-05
4.385169257274763e-05
5.416516698870102e-05
6.34024884268179e-05
6.471366337403645e-05
4.074151109989464e-05
5.032071087590401e-05
9.163976450903732e-05
9.47470310290779e-05
9.695467234086201e-05
0.00013104771005286866
0.00013108631767121392
9.985105781321674e-05
0.00010951045011856678
0.00011489504098954881
0.00011268023644327563
0.00011357061902734578
7.038821748409736e-05
7.026275696514988e-05
6.532323145941515e-05
6.082188003421682e-05
5.894803547024833e-05
5.81131523830203e-05
5.6951483526070925e-05
5.829565022868101e-05
1.6691382216154993e-05
1.662088137593162e-05
1.4611203112355883e-05
1.8072762271740262e-05
1.4562360256767896e-05
1.5008862879169375e-05
1.7426440096508626e-05
1.8232275188115748e-05
1.9897892618873635e-05
2.3414932515505752e-05
2.796671785272145e-05
1.765869908200899e-05
1.6905220196657418e-05
1.4736664168212927e-05
7.1562782860215805e-06
1.2677991434320502e-06
-1.542849228593599e-08
-4.605253515483956e-07
-8.027760311139095e-06
-3.244334000884097e-05
-3.162827704172248e-05
-3.7951525515000754e-05
-3.9461433893858885e-05
-4.120059432883243e-05
-3.1832883338804775e-05
-3.74102573444321e-05
-3.835454120904925e-05
-3.952094056571352e-05
-2.5306174028341943e-05
-3.031050960114462e-05
-2.166370663881952e-05
-2.888298566305961e-05
-2.757624236330388e-05
-2.7662293773936483e-05
-2.741834742706332e-05
-2.7129906892903995e-05
-2.9581149158770357e-05
-2.8938345193925425e-05
-3.0377327904377734e-05
-5.105741387571544e-05
-4.7473031492732295e-05
-0.0001306044292102128
-0.00013179923064718466
-0.00013176443387572298
-0.0001337032204325066
-0.00013274056917671857
-0.0001340565144796193
-0.0001342559987369805
-0.00014715892212801044
-0.00014757552689512215
-0.00014695918777062015
-0.0001707611709042057
-0.00017050761985202387
-0.0001569453842855239
-0.00015017108256024984
-0.00014744952841767877
-0.00014748317457525379
-0.0001432894195176404
-0.00014231021641593336
-0.00013643624550401103
-0.00013761196497606663
-0.0001375947629149164
-0.0003476862057891169
-0.00024995422852380875
-0.0002496205106677274
-0.000249415139796695
-0.00024419674778695743
-0.00024451875414735925
-0.00024595142662972623
-0.0002457063244713912
-0.00022731436598764232
-0.00022171396891538093
-0.00017747907740230925
-0.00017648953942201877
-0.0001756610249923113
-0.00017072486521902831
-0.0001692098210109338
-0.00016521292500887302
-0.00016161297380884907
-0.00016636438080446582
-0.00017052458773780005
-0.00016865946094505858
-0.0001683993113793033
-0.00016570971690535466
-0.00016692820677911984
-0.00017122112012047438
-0.00017074455465131675
-0.00016836461225796113
-0.00016472483799521802
-0.00016445937749076067
-0.0001663637888125297
-9.957679221443963e-05
-0.00012536891997346337
-0.00011911215016392584
-0.00011852872985902856
-0.0001281651613970735
-0.00012849701059501446
-0.0001296283775423529
-0.00012668011170804494
-0.00012710632734243355
-0.000127521901583713
-0.00012910841445967232
-0.00012431188868976595
-0.00012230923825278707
-0.0001244012696183439
-0.00013296170813149335
-0.0001293105378955277
-0.00013273683170247745
-0.00014612521701543195
-0.0001451707325918352
-0.0001492175986556915
-7.008613044568392e-05
-5.3027199190541346e-05
-4.9951670773705985e-05
2.318505293495439e-05
2.0968341586366157e-05
1.799317193763205e-05
0.00022428443811292243
