0.03332645446062088
-0.0007980068524678537
0.0038938494399189958
-0.008795564621686935
-0.014369567856192589
-0.0024207527084009976
-0.0028099973569624117
-0.003607803076091739
0.0028384684119373573
0.0030593313700096186
0.001304809042873483
0.0009110006503760827
0.002074071572029166
0.00044697495177388295
0.0004786270365002575
0.0005129707963479801
0.0009355863957251948
0.0008501801027083091
0.001465865725185723
0.00023795108843062667
0.000243622608567504
0.00024264090082041332
4.2116937644702686e-05
9.740824694745302e-05
-0.0005531212630627958
0.0007674003750758457
0.0023355079122536287
0.0020713364807808583
0.0019254275355100013
0.0017665263496324302
0.0015451675562871971
0.0013955004476222466
0.0015030567909193719
0.0013645180758820581
0.0013227391941149514
0.0014211745685708988
0.0036844617838812013
0.0035512780954237455
0.003460541797539918
0.0033209414055241594
0.003359773206674228
0.016797348390587843
0.016355500301870052
0.016163007386623778
0.015862283341804236
0.015569559525713284
0.015296547677886943
0.020251628395754423
0.01914208896865602
0.019104325490451286
0.018803558289409217
0.018421978252074447
0.018181139087472622
0.017708081076323812
0.017394788302876153
0.017074919259277774
0.01679346047528489
0.01651678369350936
0.016251207145493628
0.016009703210314547
0.015762439942561955
0.015524354044972571
0.015246393295910814
0.014960447067054556
0.01475443110922986
0.014427439850466598
0.015002341802755833
0.014764472933745929
0.021115248846971163
0.020847430800720653
0.020659554206859963
0.0204344828145049
0.02016733778126198
0.02014930692850612
0.02080395491832046
0.022946025910500024
0.02264463978644926
0.022349440736940746
0.022068694050176422
0.021729975556135525
0.021493702686445723
0.021208615835786922
0.02048016270488179
0.02020585454199189
0.02013198234821767
0.019909986523287796
0.019816837615838846
0.019577633668969415
0.01915742593086583
0.01897429071391093
0.018828462468619637
0.018628518446505076
0.018392079367526515
0.018198894993800323
0.017920246590468498
0.017743566427073806
0.017540036299894323
0.01735574447604559
0.017243033785634902
0.017097618715119507
0.01693602819717603
0.01676280503017145
0.016645322449851216
0.016552497467741237
0.01646322101030064
0.01625826151807092
0.01611421241102141
0.015988536429118343
0.01585460541444429
0.01571089765783253
0.015581549433331284
0.015293310162641186
0.01510330369778227
0.014994602015813938
0.015016372585674183
0.014887948584534894
0.01468107878598997
0.014582600646447829
0.014584760855238233
0.014469357161597004
0.01426629516805168
0.014091657073690367
0.01399458022147414
0.013916878726682633
0.013853090272321084
0.01388937138480696
0.013824107187588204
0.013872661552362173
0.01373883173834587
0.013637625876141415
0.01355529528463553
0.013470847519264298
0.01355733810965261
0.013482031059619565
0.013423537550325453
0.013324270143329148
0.01322430027769019
0.013053317698872014
0.013123723176561606
0.013024101727860924
0.012930684101224303
0.012817194209604248
0.012694275885931154
0.012619171858913725
0.012491465895935068
0.012389869892159582
0.012305784685972999
0.012272552823243148
0.012773494588715656
0.012593320100791824
0.01252558416136278
0.012377350662836474
0.012235316549399092
0.012019255317394601
0.01190810211361775
0.01183933635100658
0.011726908645293495
0.012535754310255644
0.01246732981835522
0.012391594065944759
0.012212263507356035
0.011916085455796626
0.012175444531483049
0.01211307318475465
0.012034996395688006
0.01203188108831706
0.011949319090143995
0.011898412691400332
0.011866326260154469
0.011795269335247037
0.01175059065619365
0.01167913792436846
0.011587709383155897
0.011495406400811464
0.01141458232185952
0.01134786880535658
0.011229490499624338
0.011072015612875245
0.011017419909411632
0.011004398447636374
0.010952907137235037
0.010903850720706782
0.010872226974005694
0.014879915799089788
0.014789554702308314
0.01470073737841558
0.014630153011084794
0.014575608361699674
0.015026221396156442
0.014940436179774051
0.014887858872195165
0.01482103489836379
0.014797285582015735
0.014708655522181058
0.014620099127606244
0.014546023459861597
0.01451780687990561
0.014434319071708033
0.014427927558135708
0.014349530954018181
0.014297357606205924
0.014226315330583236
0.014154312946130614
0.014084013834277669
0.01401508436510023
0.01394306399419697
0.013876463739856825
0.013808537791435762
0.013758321815943681
0.01369108337782361
0.013620616487935208
0.013554959495028836
0.013612784709056263
0.013525718895022673
0.013487835285828895
0.013417226520905056
0.01276009420990045
0.012706593918594425
0.01265470878934139
0.012594385112557309
0.012337945500188954
0.012144254142511956
0.012132768026471506
0.012078379484139286
0.012026366894069006
0.011971948591113765
0.011925685730762275
0.011587981155686652
0.011490618839098207
0.011435216966725678
0.011338297972856558
0.011324726333609357
0.011294959294776395
0.011351927202083473
0.011363172641907473
0.011358791583731978
0.011358759012511065
0.011337226656814517
0.011255001756641535
0.011203499873836833
0.011168718520512962
0.011106585301619332
0.01105711841639695
0.011010328500724061
0.011031721350493207
0.010959212380795565
0.010925169978837673
0.010906266427309496
0.010864057505794339
0.010802304609950016
0.010775687348844565
0.010657072065707776
0.010558278320321001
0.010511112103852742
0.010435092164982514
0.010407364832390024
0.010373753393368981
0.010337162511901934
0.010319883013513538
0.010297048127582442
0.010272023159460054
0.010236271243896998
0.010202759220522824
0.01016526013016394
0.010146443506965815
0.010107409482883306
0.01008113037883661
0.010028039842731928
0.009998874274929733
0.009949944063738026
0.00989850947162803
0.009843914826784797
0.009859889486592598
0.009822270735960714
0.009781156379281992
0.009632859509705155
0.009597188231722448
0.009560936131157024
0.009539720740940543
0.009522033418399068
0.009477034944895222
0.009412389558519065
0.009341484474083398
0.009283082223683193
0.009253059287905175
0.009176252625964974
0.009148049323862834
0.009110351634857565
0.009071035439435573
0.00892159258309693
0.008873554793764978
0.008853872305403288
0.008823784130740656
0.00879102658013758
0.008762247445062984
0.008742853336658266
0.008691613295929268
0.008545296187977851
0.008470895814195202
0.008450269149072964
0.008424066452705383
0.008315362597125273
0.008288703309326118
0.00825640125558941
0.008146495661421326
0.008110245049275853
0.008090466705782878
0.008057755639273257
0.008034959169960916
0.008007654211621654
0.008003490430359639
0.007980113149064185
0.00794924801856185
0.007856620626435398
0.007829937900975057
0.007674181739666008
0.00706853516639281
0.007027575001522003
0.007001234294693862
0.0069808036698582624
0.006951302966220099
0.006925416732424637
0.006775812093379772
0.006727902416247304
0.006700428498250384
0.006676890782119044
0.006651472500646093
0.006636808850161316
0.006616335805103355
0.006600410527489193
0.006610872119304682
0.006559123161183141
0.006557311934333933
0.006549092441095292
0.006570411854876773
0.006544595716061012
0.006532202885154163
0.006461506574668794
0.006452825261273094
0.006451262417693195
0.006435854254087587
0.006416384518484562
0.006394344278601769
0.006382417059469755
0.006405366233562127
0.007661434630051483
0.007580763059728461
0.0075549347018276005
0.007531140805388404
0.00749872148151714
0.007412234800953728
0.0073905361850255275
0.0073759947595315465
0.007335327743244372
0.007295367539974109
0.007274951185138914
0.0072679081157776
0.007259523532999303
0.007276122376141658
0.007242732688428584
0.007225400130026488
0.007206384846302439
0.007188334080897873
0.007198355765136165
0.007188429710308291
0.007121309090284531
0.007104222882844627
0.007129906863400079
0.007118960249637307
0.00709724769875159
0.007082503694325552
0.0070750181630769415
0.007079710659491931
0.007058259057579563
0.007044627593828371
0.007037918836904186
0.00702289433229934
0.00700710804761009
0.0069131957805917705
0.006894499696137291
0.006839003647508159
0.006790371129791406
0.006730699251572029
0.0067039692642880825
0.006692491431504613
0.006741654164686039
0.006719802624033524
0.006736702106295723
0.006712304329863773
0.006642325537885441
0.006782327063069251
0.006694456033495139
0.006689657220353378
0.006666943048498346
0.006561567155071629
0.006562083529839786
0.006722602751790477
0.0066997564853201715
0.006637748817011017
0.006620673176790694
0.006614629253084815
0.006562078694891528
0.006558341215915592
0.006542631169855827
0.006520208476135381
0.0065102103323314165
0.006489083270899561
0.006490678778789202
0.006529817779735868
0.006518133056725076
0.0065047724410672286
0.006409384420600476
0.006341272107846273
0.006286130084639351
0.006212344919101902
0.006218219434868154
0.006157037503343373
0.00614114008596065
0.006124406117236333
0.006111851948393056
0.006100029481566068
0.0060867210841175174
0.0060203389875137245
0.00607008435400477
0.006138938511030405
0.00612396283618576
0.006168263694600564
0.006022671163844657
0.00594577944389447
0.005910405089709748
0.00589268452400844
0.005873432709132677
0.005857578357040543
0.005855434501995921
0.005865985209962306
0.005855942309423279
0.005860447832906819
0.0058404093373971
0.005542469856829319
0.005530659001980023
0.005526298144318656
0.005516385469645047
0.005498652000135956
0.00549961485555971
0.005495189314600051
0.0055096787716323505
0.00551210582209803
0.005504328627173037
0.005661266324330225
0.005635819373409184
0.005632252860270891
0.005619465778275984
0.005603147489400807
0.005593799249906155
0.005576176404263191
0.005563686326509383
0.005553788649679293
0.005544610664997685
0.005534091174448133
0.005506874570901327
0.0056279726359601155
0.006102354454515769
0.006085519975135084
0.006055178250103529
0.00604909451101565
0.005798743552330392
0.005694662711499001
0.005679146330274924
0.005692253587953252
0.005681366857124944
0.005669133570089629
0.005758912976064285
0.00575587558002557
0.005746159604382947
0.00573611877024166
0.005724144416709433
0.005714811156291971
0.005697684459806768
0.005697795783695861
0.005712021870324155
0.005716659915133542
0.005712127481795959
0.005740047854908707
0.005722345130520479
0.005662740318455786
0.005650376946030919
0.005678203165949586
0.0056696262255007245
0.005644593597924318
0.005672203336167577
0.005686746110509783
0.0056744318519922985
0.00566118140539969
0.005647916562450731
0.005636266565958186
0.005627007828170428
0.0056227639807368565
0.0056138584575870605
0.0056090272624860545
0.005603159675753386
0.005594810358175836
0.005583069595926264
0.005573289998585734
0.005562513787846894
0.005558634123100262
0.005558454896881582
0.005534384918107432
0.005555415348178885
0.0055425141776818355
0.0055394186860134075
0.005522505886204956
0.00551541963851213
0.005504384185458175
0.00545294285699323
0.005411410788831063
0.0054008819479384965
0.005394512410656574
0.005385012249658576
0.005379086743582426
0.005372234927140661
0.005416244005674444
0.0054134693157618305
0.00541024905749315
0.00539008346826969
0.0053679189115960575
0.005348146190146467
0.005346384938782263
0.005321554972944008
0.005286327053167866
0.005272914266112707
0.005264728040213626
0.005253881868865038
0.005243712601120878
0.005239280625806781
0.00523015535273133
0.0052496769759633605
0.00523701624238416
0.0052277423881315266
0.005215970216145419
0.005216203063360393
0.00520779701192821
0.005196592653860357
0.005186388643377378
0.005179520888032963
0.005175009198665265
0.005172051484484806
0.005190980231737162
0.005181428577199803
0.005168757232631005
0.005162917845676475
0.005152320736907193
0.00511987340406773
0.005127788845405346
0.0051174065366918035
0.005105365602922057
0.005078933714234597
0.005070241134369447
0.005034769839868124
0.005035856677594503
0.00503112360922335
0.005034260748036486
0.005037314629499208
0.005009627458912936
0.004846284558725609
0.004821600282652996
0.004799469760554428
0.004790748955893435
0.004773875210894131
0.004718390368782964
0.004889727278364636
0.004874320718064136
0.0048597323280364195
0.004860969982961784
0.004849619903480229
0.004831927355553489
0.004824636323277417
0.004768929511927403
0.004950753070529878
0.004942796075744715
0.004914227416141764
0.004936921245340879
0.0049270197232357685
0.004919610921355692
0.004900556459473685
0.004897876756477135
0.0048476445373208015
0.0048448864165075815
0.004841726747853761
0.004858100764903288
0.004843209154924376
0.0048999907781222115
0.004875852277425463
0.004855224079733107
0.004843524349031642
0.004832556000293465
0.004814342311911061
0.004807997289554444
0.004797128713860773
0.004799065096885898
0.004794056445186627
0.004662989217948875
0.004653575365272527
0.0045649172454480325
0.004564030078232044
0.004556587570087169
0.004554697420007722
0.004558008959352985
0.004549005669935446
0.004539569236861056
0.004734050539004392
0.004734574124811287
0.0047354181457598095
0.004701030833577643
0.004737095303201248
0.004722661684307291
0.004707705796408701
0.004696413854375924
0.004687941518348159
0.004672595919691961
0.004718151112516743
0.0047127594859706174
0.004705226779272589
0.004690704398784038
0.004687447038479153
0.004683642742817648
0.004661068423692752
0.004649919821994951
0.004646876298849116
0.004692003002855928
0.004676034332182196
0.004666472615525306
0.004676707235891756
0.004664155852735596
0.0046559904172180575
0.004655829225718075
0.004657311153560118
0.004636736671903047
0.0046232641215111165
0.004619348344749598
0.004621167121093298
0.004602999980757277
0.0046024646048403684
0.004590211626502358
0.0045782026273465575
0.004567258626016453
0.004564071504343045
0.004544192847305693
0.004533682244353412
0.004526866496442104
0.00451704183635059
0.004505038887101295
0.004594190183153043
0.004583075759045581
0.004564441069791752
0.004620171129739374
0.0046171363875219616
0.004626699652932207
0.004621770178550458
0.004612016085769888
0.004606830768835625
0.0046230714942354706
0.004610829157545833
0.004604593424239769
0.004598322206726512
0.004573871842959576
0.0045657180911355955
0.004556466366703248
0.004534949487376607
0.004530748821631663
0.004492279524611656
0.004483047530378659
0.004453210202948699
0.00445689390562351
0.004463597014460167
0.004456332228773351
0.004443670336694973
0.004436136727155382
0.004429731169470012
0.00442507475843955
0.004418323257535965
0.004411915538742424
0.00440300099594631
0.004378840862194692
0.00442008547005618
0.004417135536843107
0.004408350133871207
0.0044019887588473165
0.00439598442277197
0.004389499543095308
0.004380910384940087
0.004377910988979649
0.004375045001488963
0.004360140303148106
0.004353560210831038
0.00434920775950528
0.004346255315256226
0.0043408161150794876
0.004331979391817565
0.004328683532424166
0.004322199932504114
0.004315032246659214
0.0043028133029653
0.00429791676946872
0.004299831815725086
0.0043533278164584
0.0043501699796872125
0.004462487335583171
0.004450724245389892
0.004852857033394788
0.004863103291677971
0.004875245946826337
0.00486954206158697
0.004849688196105385
0.004840933872602347
0.004830998437311956
0.004837260096869685
0.004891368422812218
0.004886136442865175
0.00487909963757779
0.0048747845335311586
0.00486903802891983
0.0047772604660948625
0.004769638895198603
0.004778603983873399
0.004801677473774526
0.004793944871306709
0.0047876338481118805
0.004776273926092875
0.00475915261170622
0.0047441112983058285
0.004732654812133896
0.004792904453810888
0.004795056430723294
0.004764716312455349
0.00475809844899884
0.004753426851490013
0.004729040895222849
0.00472212293701818
0.004715438098468737
0.004705895908318415
0.004717018665892201
0.00471075615611439
0.004704985934886382
0.004697270145429412
0.004691017724482285
0.004685723802643117
0.004694749258899183
0.004684861155788663
0.004677061923580675
0.004673978285392564
0.004694722802241817
0.004692937178304539
0.004688382935815053
0.004681677697337235
0.004673929227917469
0.004947086034116087
0.004975781096059318
0.004911252991461815
0.004899999393125516
0.004882978392096538
0.004874975560587252
0.0048650327364901285
0.004847515297429304
0.00484424820119874
0.004833615456230987
0.00482532091393825
0.0048080936668337
0.004802026073561715
0.004794337715443899
0.004786688200028517
0.004792666570366228
0.004774178982870881
0.004769045367964015
0.004767977005812428
0.004757480956498321
0.0047483872924105495
0.004744975463944011
0.004738969282074791
0.004723781871698762
0.004704213854081502
0.004696319286688708
0.004691940596960973
0.004673219539185722
0.0046621832868652
0.0046589757210535356
0.004653516390963944
0.004641349069065732
0.004635754590394998
0.004628997940648041
0.004622672455224436
0.00460939509168219
0.004604679379999005
0.0045700733792427934
0.004554779819719339
0.004549222213536822
0.004541880140892127
0.004533805305549155
0.004528085883471761
0.004512959469461755
0.0045096303424424136
0.004501876961866433
0.004493483850836074
0.004513856891773593
0.004515089997648441
0.004510327890791316
0.0045051883482759136
0.00450380102699573
0.004526627023188439
0.004520490869191119
0.004511934269988007
0.004507723514283227
0.004502909923203262
0.004512574931780101
0.004493533680139602
0.00448087274572109
0.0044843920741175535
0.004479433126156253
0.004314198522350463
0.004308354520985528
0.0042955471261461745
0.004385432375483203
0.004378138203006792
0.00436960742713073
0.004358731016237118
0.004356960144931659
0.004352535623153153
0.004354948186681544
0.004353234757597763
0.004346656828100277
0.00433372471175867
0.0043362014729426065
0.004334522932681051
0.004317808063698951
0.0043263830550175015
0.004335156368299299
0.004331191049267123
0.004332019100640677
0.0043279878666131
0.004324074530826958
0.004319111578662986
0.004318820534557526
0.004313464051839858
0.004309773354123895
0.004285610023607505
0.004257558589065106
0.004252082729403264
0.004243765361157998
0.004230011763947482
0.004231114861249814
0.004225763693785778
0.004203533087093099
0.004214860314519799
0.0042132765813404595
0.004206654208174293
0.00419915512910398
0.0041967217967712935
0.004184413533452748
0.00417902070899235
0.004174473376935025
0.004170097596249593
0.004157311501360248
0.004157556904066111
0.004132082490787922
0.0041134296341035865
0.004101211621379375
0.004097151671126036
0.004093403496852035
0.0040867389989540995
0.004068906586037673
0.004051985488636325
0.00405040358353274
0.004044656628908811
0.0040385812437423955
0.0040415473251029874
0.004037583862189588
0.00403030976917374
0.0040284982108197065
0.004024112966348257
0.00401869773856396
0.004013198642315033
0.004004576698954106
0.003996624903604789
0.003986169683255099
0.00398070526533839
0.003973095175797124
0.003966906550060642
0.003965015159268141
0.003953495189709498
0.00394568571649094
0.0039428014506902595
0.003938977014138299
0.003930496330166073
0.003923926255112132
0.003921689785162203
0.003902352073116135
0.0038453524542486524
0.0038414365100635944
0.0038600156816082044
0.0038411752853709153
0.003839538287166835
0.0038350341866253868
0.0038313080312281414
0.003833705444917425
0.0038254467730861634
0.003799558135222747
0.0037974301739255424
0.0037963864494329983
0.00379505614846124
0.0037924781305084484
0.003788744353605525
0.003792767710760214
0.003768460147373626
0.0037557513284135224
0.00373468446745929
0.0037319658665449095
0.003731116004392906
0.0037268230102841648
0.0037131733209072072
0.0037111146009801478
0.0036967799478766668
0.0036937537199753954
0.0036897543082524283
0.0036873368892675557
0.0036825026421315357
0.0036702386539648676
0.003667268388425507
0.003658806103034896
0.0036528764733157453
0.0036944353129295124
0.0037090035270916535
0.0037018476793995174
0.0036975074279165976
0.0036942867705598475
0.003689684606785861
0.0036843729636475693
0.0036802512925629095
0.0036766894108233063
0.003678417032355288
0.003667756293597978
0.003662648823153669
0.0036575685974383023
0.003653764613018883
0.0038767832052028963
0.003877897626022345
0.0038745672589561007
0.0038729962520957545
0.00386878268919235
0.0038644828517277363
0.0038628833121995463
0.00386380069933519
0.0038579981404676432
0.0038636747685489624
0.003890254028350692
0.0038868117728765874
0.003887601041615243
0.0038816523364637915
0.0038781725462496805
0.0038757511170839196
0.0038770980223982172
0.003899297172361421
0.003937495065265152
0.003933286299104845
0.003929035961797187
0.0039766687644415535
0.0039738365048042875
0.003951136297686136
0.003969822155344574
0.0039686942106965965
0.003964374782869357
0.003992540146125807
0.0039865169262789605
0.003982494644167762
0.003978370860957453
0.003985881783439076
0.003986629026217022
0.003980497531238515
0.003977083007006846
0.00397124043499424
0.0039653435404591025
0.0039619520821148075
0.00395735918135076
0.003952665977173174
0.003948446562371541
0.003945012208415461
0.003940697422943259
0.0039300278384951735
0.003929194479876071
0.003923159273750731
0.003917253039815651
0.003913702859583242
0.0039165225964515925
0.0039116288860223825
0.003907188037320938
0.0039021390704527385
0.0038963909380098087
0.0038916805928331448
0.003897304166563337
0.0038875615349346524
0.003887398690934796
0.003889179584326969
