-0.0066396016627550125
-0.0039467113092541695
-0.004237656015902758
-0.013171670213341714
-0.014605326578021051
-0.013242685768221107
-0.010483034886419775
-0.009667545893333025
-0.00926050276029855
-0.010493818099017848
-0.009246670815628022
-0.008991919547462692
-0.007997277974417167
-0.005573055008426309
-0.00572778242349159
-0.005258804283050053
-0.004767277640187078
-0.004581999609638986
-0.004236128006596118
-0.00416914204002491
-0.003868146397342736
-0.003702156741738967
-0.002715970011195168
-0.0026841928437352177
-0.002580018382734404
-0.0028727202141588483
-0.00274620449428247
-0.00045955211429953057
-9.64834180194884e-05
4.266008862384389e-05
-0.00019709256412170356
-9.415047349069602e-05
-7.41961857249193e-05
0.00018805013636925396
-0.00014217672934238275
-0.00013042530642721695
-0.00026317472465483367
-0.00016911739620786056
-0.0005753150311647914
-0.0005596491902862198
-0.0005023501344978632
-0.0027340706586729477
-0.002714805483595807
-0.0026951474512720277
-0.002415133201081873
-0.0023493996060928927
-0.002494769424326175
-0.002300717679032942
-0.001200803798856214
-0.0011835458549196087
-0.0011358291768164448
-0.0010668973752543474
-0.000999899041036972
-0.0009813217041400178
-0.0009954004155068627
-0.0008619663000756288
-0.0007830266757960561
-0.0008473218873960079
-0.0004921671000677938
-0.0006199476047186182
-0.0006334547968787862
-0.00035935392513656845
-0.0004376417034563929
-0.00030283853210186446
-0.00017035343118936222
-0.00016972259944131074
8.338274839094504e-05
0.0005258689569123764
0.003328664667580077
0.0034199458430931103
0.003097512384354357
0.003084660169855079
0.003183540554813147
0.003144602620547327
0.0030020199975345015
0.0032590106192011653
0.003154011491204027
0.0031018594614763547
0.002526754218160932
0.002311757267172518
0.0021920841964169
0.0020451346955455687
0.002185524359707156
0.0027097673170775292
0.002656450950125027
0.0026259152041400264
0.002649318171196766
0.0023926911294182996
0.0023340195659936097
0.002367852596952427
0.002352044425725067
0.0023263674532939555
0.0023097057348151913
0.0024411275685691327
0.0024577275322978194
0.0024438256625273296
0.0022975471894118977
0.004536376099250365
0.004450871627486777
0.004404997082812122
0.0043746460792403125
0.004307728264993962
0.004227492111777583
0.004188426936161705
0.00408219725933071
0.0041331993912348845
0.004101403184365525
0.003998083487145577
0.003984941256005021
0.003975033828897427
0.003933202883412637
0.003610131133629
0.003584583039858108
0.0037734915655480853
0.0036521914590938926
0.003623206758076667
0.0036385799527525408
0.0035481797693886186
0.003457968702059588
0.0035322021337251047
0.0034408034976489733
0.0031986447526530046
0.0031787762236490376
0.003354915422038175
0.003036025243220917
0.0031529120835301454
0.0033969519687389034
0.0034179878571159164
0.0033912729083497716
0.0033989059779915656
0.0031348199264550312
0.00315978457239593
0.0031147805524081224
0.003177390629274736
0.0031484023014961755
0.0032248677785489638
0.0032029778282605175
0.0028146861085254467
0.0028148626410776545
0.0032667798546005817
0.0032210346102480064
0.00285045088806525
0.0029345924656606964
0.002924198086538095
0.0029233715151897504
0.002986884995171211
0.0030313261330947344
0.003003174262594013
0.0023595315079243543
0.0023485507750737214
0.0018235105588629312
0.001814782510004067
0.0014190407615954769
0.0013778920256299896
0.0016489029289797866
0.001845259800835833
0.001978752250533368
0.0020058436449009445
0.002035152897678927
0.002016712850778977
0.002001255781825971
0.001983637941777678
0.0022121181106585274
0.002209706630850578
0.002268816123794378
0.0021441971507964903
0.0021315355489345427
0.002048691992925035
0.002049716164102018
0.0023501293797072156
0.0023565269812447797
0.0023419171276024865
0.002239507273540881
0.002238739324238849
0.002232964486397163
0.0022161591892490107
0.002251183898735096
0.002131838488816731
0.0022191302974735854
0.002213766987572033
0.002264807603401444
0.0023965364605510564
0.0023737467672024473
0.002370475296255961
0.0028536034760202117
0.0028104016584455317
0.002784891148873243
0.0027770446214023235
0.0027486801693732163
0.002711857772156923
0.0027169011404453145
0.0027059210761466203
0.0027365198203210396
0.002743647447940206
0.002779789363799232
0.0027728811782516756
0.0027240826952075066
0.0026536587379200325
0.00267658490609392
0.002675710791935222
0.0027541577771381235
0.0028024023216714662
0.002857195883770341
0.0031583464492386387
0.003457939608655648
0.003687724789775651
0.0037353090898565038
0.003713938801772317
0.0037336171048428634
0.003782765760881106
0.0037062827139997556
0.00362237925215817
0.0036269314868124587
0.003587803071135312
0.0035655230963129707
0.0036882714405185083
0.003689482521697361
0.003273646227968775
0.0032665777690371284
0.0032772367720354423
0.0032639223283351033
0.0031452989955663706
0.00306464943717596
0.0030473338295996647
0.003072871375431443
0.0030260310931694593
0.003046605241842482
0.0031901275837473925
0.00321529242825383
0.003175956485428251
0.003136886057024545
0.003113741317018591
0.0027761155417823057
0.002795278405887693
0.002586005411535166
0.002572079042819714
0.0025447483142005604
0.0026362230018090313
0.0026504322702900628
0.0026562842840689403
0.0025771500222166763
0.0025680828811544504
0.002567599467496262
0.002610389391338685
0.002697787025252596
0.002660692106772271
0.0026590233883472393
0.0026299293793301437
0.002600063687263172
0.00267645361027933
0.002671917566052191
0.002655461601793453
0.0026491711899532984
0.0025137876763776643
0.002473978480409755
0.002426642259646407
0.002519803008048496
0.0025097243493032036
0.002510723936925037
0.0024995752352262412
0.002442563753395686
0.00246093259731092
0.0028924275883527467
0.0028533785876994813
0.002818514392569532
0.0029613339135316254
0.0029371857188570127
0.0033068683667292985
0.0032910486233352753
0.0032945522243171843
0.0032673727681840846
0.00329591787743287
0.0032810361960540174
0.0032832074483502014
0.003277323043893493
0.0032202080098748414
0.003191948098299807
0.0031148781036728804
0.003036569711301645
0.003013490071647913
0.003097376032014222
0.0031067194379093784
0.0030908534061279457
0.003081391433219674
0.003092979613455582
0.003145592110392248
0.0029885922801769177
0.002983747418810452
0.002972912924539333
0.002918728039649661
0.0027880917653930405
0.002805640397785781
0.0028097902795088626
0.0027975851102259542
0.002711553733882503
0.0027039922713303043
0.002064013957644553
0.002062740842452101
0.0020924585910809877
0.001993205191850746
0.001990301329517734
0.0019920668488495365
0.0018558628416581319
0.0019020499204133714
0.001889471813876678
0.0018568368362254686
0.0018700916931478568
0.0018763529358893775
0.0018764379096894348
0.0018960143315780438
0.0018090676264644286
0.0017418796844326121
0.0017258363359765874
0.001706871994281841
0.0017026454097388895
0.0017069559801967215
0.0016605194955874767
0.001720578552114351
0.0017741486656291262
0.0016985547800485441
0.0016094086951163468
0.0015982400054161984
0.0013709303306942589
0.0014381518380273159
0.0014416806198974549
0.0014276511516317534
0.0014548902620445884
0.0014454314894791107
0.001440225036386629
0.0014333074002582439
0.0014401854366907897
0.0013126690536773265
0.001301921470111049
0.0006873025499486681
0.0006976239906071843
0.0006903318659622988
0.0006902820870202588
0.0006855154654532584
0.0006664442810634831
0.0007175628808717049
0.0007547236448011726
0.0007485264602054269
0.0007148119246711174
0.000579237771033649
0.0005819679941125558
0.0005811563639329386
0.0005585994865851839
0.0005668807225082527
0.0012891185171922956
0.0012394649122578465
0.0012762618367580865
0.0013123113846706602
0.0013427567310483443
0.0013389080308371993
0.0013644583724077624
0.0013551945353980285
0.0013717948060435416
0.0013720787337204998
0.0012923325455327954
0.0012749241736616415
0.0011991930780154854
0.001183953824244678
0.0011823702605517482
0.0011775270244445523
0.002972537736872244
0.0031195061689589898
0.003091262757201864
0.0030488417253894686
0.0030212683628043444
0.0030191575039908163
0.003011195467860812
0.0029706248505142908
0.0029450256039749087
0.0028205750665025943
0.0028098664259213115
0.00280278377793737
0.0028190290835790276
0.0028139898084930484
0.0027983815803389388
0.002762017148476063
0.0027809837903311333
0.0027757494385019415
0.0027109844268598713
0.003372090463513318
0.003394964603522694
0.003384617506272598
0.0033786882209993173
0.0033694506785821128
0.0033514505340766247
0.003335307719550454
0.0033340453150212486
0.0033300814458333307
0.00329515651427926
0.003243896125160421
0.0032362691330435527
0.00318375503053217
0.0031721482370707633
0.003163427175839977
0.003162534505909208
0.0031090992819544716
0.0031622602496258097
0.0031587927191112824
0.0031628681317039933
0.0031784598725035154
0.003184871399211207
0.00315138034923015
0.0031481454981147575
0.0031493304672137656
0.0031488807432629626
0.0031418909213040166
0.0031182952463354617
0.00311398647308439
0.0031043256342455053
0.0030798360722995768
0.003065555022387274
0.003060145273813948
0.003081854184751155
0.0030772360036962175
0.0030615553055516414
0.003043169491491107
0.0029985663471901406
0.0028844214398659534
0.002882689604489916
0.0033815610212332113
0.003356774069856705
0.003385990621507143
0.0033786973491625643
0.003362323012792721
0.00335825830935751
0.0033432900207606767
0.003335009234980909
0.0033245161092466022
0.003362802578593202
0.0033487915668998524
0.0036813798251136886
0.0036744307260510806
0.0036665373905825673
0.0035960323161184763
0.003575646988288514
0.003600735551936148
0.003603236644291565
0.003606351495977783
0.0035882109831544707
0.0035769253575555038
0.0035576373614157977
0.0038408301962189672
0.0038447275379261178
0.0038322940447349206
0.003784280499166927
0.003773721530107164
0.0037603552747686934
0.0037596644231128696
0.003733322559120272
0.003735745652550949
0.003745763962294742
0.0037346119747711276
0.0037678437297135
0.003762096932956108
0.003765325913714746
0.0037556625518889407
0.003754103865716178
0.0037473830741257042
0.0038495230314687266
0.0038388880319040293
0.0038175070487278706
0.0038102392164162825
0.0038037113203649334
0.003817608017533801
0.0037947297913714035
0.003801150394279144
0.003799959076023714
0.0037982326387908318
0.0037883386774387605
0.003781121840070948
0.003780430533291059
0.0037159954319321608
0.003705354896722625
0.0037030044616040737
0.0036853039974403166
0.0036723353406838562
0.00356898993699836
0.0035953777189119845
0.00363277785662613
0.0036233930872617056
0.0036170904951315854
0.003591407329598321
0.003593617510253607
0.003543627372324663
0.0035385746521978028
0.0035214466283545634
0.0035157426348270417
0.003503623608253063
0.003526231936570119
0.003552716284541407
0.0035337805258692364
0.0035325689230822676
0.0035168205444768464
0.003482696304328095
0.003475432095008728
0.0034738763516977134
0.0034541690199702832
0.0034459474658393692
0.003433628357831209
0.0034124521353114333
0.003398624205901833
0.0033846864768713684
0.003401578854438384
0.0033951446902140553
0.003390337681341015
0.003374024020258072
0.0033636543871651274
0.003361675755325789
0.0033534575125376597
0.0033402298573809745
0.003333093398205799
0.003324685905217267
0.0033162734134783572
0.0032882155399854888
0.0033158930381852344
0.0032976148950096124
0.0032875234706926004
0.003245722993569331
0.0032385120853004224
0.003254971718367111
0.0032491868129179893
0.003242677676274569
0.0032362465089012075
0.003217875866140673
0.0032192988586757566
0.0032112701498064637
0.0032195458680805878
0.003213833052973015
0.0031990787286232574
0.0031908893296029956
0.003151409034318876
0.0031448418988202476
0.003145600222554509
0.003155090034109591
0.0031507118948731513
0.0031516855140617424
0.0031459866164650478
0.0031562245041865727
0.00313908666182402
0.0031346035780347218
0.0031240313649941393
0.0030998856232768556
0.0030919372890562346
0.003108216725581231
0.003086793002208155
0.0030752813016346418
0.003050506092901175
0.0031035488375827733
0.0031112812135452327
0.003104067779848036
0.003067719198788968
0.0030628989538846354
0.003054645592072701
0.003058270901427882
0.0029070843429833213
0.002943345588224838
0.0029439408098048893
0.002929878059972782
0.002903490874988611
0.00294763945912725
0.0029413534072898814
0.0029445946345946442
0.0029389895839813107
0.0029278350303286417
0.0027873054551986443
0.0027630728716777427
0.002827139614945755
0.0028207231040351297
0.0027894649599879704
0.002786823001003106
0.002795461815146104
0.0027918929736944747
0.0028112139013869494
0.0028047706479852994
0.002723702653954739
0.002691954079849965
0.0026876304053269507
0.0026829059847443756
0.0026831873193284444
0.002700262228092905
0.0026970278135437374
0.0028075535980661005
0.002772334168673674
0.0027659873073786305
0.002757274414916075
0.0027530923089493235
0.002744401273767417
0.0027537959762148558
0.002742570790041856
0.002732214020148649
0.002723832344001749
0.0028098437422713414
0.00279625463821789
0.002790855462256927
0.0027788840273145357
0.00277308794920676
0.0028087229986636488
0.002825758112778132
0.0027945148575546867
0.002792898668097725
0.002824194339938353
0.002866671567357612
0.0028645343014779027
0.0029441766736840935
0.0029406220093047414
0.002938367929978612
0.0029265557602639967
0.0031275007428302162
0.0030743183523812487
0.003090663603891483
0.0030844956188591267
0.0030776710248410456
0.003070355542755956
0.0030917638575458178
0.0030874106297027705
0.0030827656720481197
0.003078368268887651
0.0030756966775705237
0.0030581582210486833
0.0030384362281591156
0.0030305285257921553
0.0030330737958881014
0.0030247182605052996
0.003031280504465622
0.0030370281851540455
0.0030315524635208912
0.0030364992936437693
0.003030496302755641
0.003008170584192153
0.0029962367713499494
0.0029881681264543308
0.0029053166510330823
0.002905530851575601
0.002901995823452298
0.0028796319609511985
0.0028627444626578647
0.002857798873466146
0.002857101209767707
0.0028598757700243767
0.002869244191829202
0.002868707923038802
0.002873353720366655
0.002837880965654658
0.00281396803235638
0.0028347313230187845
0.0028291532368883887
0.002822137323560656
0.0028103745819877827
0.00280759403284961
0.00281847512075888
0.0027010892775906088
0.0026903388254522795
0.002733751879064876
0.002767291145678723
0.0027615165566175783
0.0027667651893779266
0.0027560120334176015
0.0027549623747382644
0.002749122278513471
0.0027526588624536266
0.0027517307338570233
0.002744695758050199
0.0027460387075947
0.002736716447935116
0.0027313343404608494
0.0027286639755627565
0.002724688635891782
0.0027212893614840124
0.002705681611514483
0.0026974916377016413
0.0026943712509334946
0.002686507121703964
0.0025817018057506676
0.002569342085047971
0.0025616101555897323
0.002555350547209345
0.0027070466367149484
0.0026734180386720806
0.002660184089539765
0.002670903839539509
0.00265502929941522
0.0026437647678271064
0.002644308026283184
0.002639439675315707
0.0023196735020262504
0.0022928948289535392
0.0022858282458758407
0.002294333315597673
0.002292620821871519
0.002269108688517216
0.0022658863603774275
0.002271817001215623
0.002266679704734475
0.0022627836765598767
0.0023039053288136644
0.0022996582447687938
0.002301890317208132
0.0023271075836834463
0.002327650590065
0.002629804923375597
0.00283113849672327
0.0028811517100541363
0.002888846531190169
0.0028711950531334373
0.0028913459508517064
0.002858108354012739
0.002862549140103142
0.0028555824253611375
0.0028542270747722877
0.0028775487167520966
0.002869593049215622
0.0029287089248958005
0.002924558879415986
0.0029221964936512945
0.002906752008448165
0.002913183046967408
0.0029246102440587504
0.002909113633677092
0.0029347872423235687
0.0029902516305396446
0.003020453279622574
0.0030112023333337293
0.00300848234161634
0.003008069395464652
0.003005237050336739
0.0030093985324912706
0.00300748068444402
0.0030048656678171477
0.003004024563065521
0.0029986225493000038
0.00299544859831752
0.0029782093531374953
0.0029742392329708527
0.002970472044424374
0.002970325644516403
0.0029687709392592554
0.0029757396275451146
0.0029841727207486177
0.0029806348326381206
0.00297721453903586
0.002973799964562039
0.002973672447989624
0.002963057498514015
0.0030393613231035677
0.003026403636705558
0.003002186657736051
0.002833314545602875
0.0028318248975217385
0.0028218243855688357
0.0028919089542706086
0.002885118543903802
0.0029156703552717694
0.002911921091150856
0.002932343241204445
0.00292870861653443
0.002923252765596506
0.0029198751860857607
0.0029163431515739813
0.002897842878912762
0.0028926970570846964
0.002885960274067726
0.0028833303378106513
0.0028616249443444994
0.00285282084638472
0.0028635329512231794
0.0028602719843035724
0.002853285581564103
0.0028508601301532465
0.002771713840089899
0.002773512051447348
0.00276832499529397
0.0027704961553336673
0.002666302728574988
0.0026627266190506972
0.002491363369275254
0.002425430280224964
0.0023827137817727163
0.0021924824518481873
0.002191187777920537
0.002187851408827764
0.0021823861021847326
0.0021894275780587552
0.0021694414819307317
0.002165576744309078
0.0021538635582618536
0.0021108384317133494
0.0021122579563357564
0.0021103461366225704
0.002089847746800995
0.002257245773926
0.0023481712049892587
0.0023429196385319883
0.0023435958247549136
0.002393963082050937
0.0023914907694552305
0.0023854419927960575
0.0023845511206713925
0.002378227727128397
0.002371601017094956
0.0023247177259385883
0.0023191396616420294
0.0023041234281576703
0.002308669188064728
0.002302436942115161
0.0022901958740813243
0.0022875770138402283
0.00228539977787177
0.002282353392288655
0.002276455149032466
0.0022727837805495876
0.002270774539831964
0.002268734309340379
0.0022654642464531773
0.0022607659431499822
0.0022619925586429696
0.002260253707628976
0.0022588658992615967
0.0022558749106535176
0.0022532931187642415
0.002242860563437164
0.0022424307152886166
0.002242096523193723
0.0022393068937004565
0.002236725999894195
0.0022334878907406736
0.0022655595141027212
0.00226266066036592
0.002259151946088835
0.002263129684624864
0.00225392569409886
0.0023872645393157852
0.0023855450778151634
0.00237812049365082
0.002411415174195209
0.002404107107763375
0.0024005958873423295
0.0023943969576014725
0.002392912334786506
0.002390957026428703
0.0023865915581536773
0.0024004613179358105
0.002405518585105403
0.002385972131974685
0.00238227957363996
0.00237856377437899
0.0023740584101463558
0.002374327125066819
0.0023540801479055547
0.002348730777374726
0.002362758320447687
0.0023435569606700926
0.0023431970125089444
0.0023551579648517225
0.002355094516350299
0.0023538107645478252
0.002358684010987279
0.0023558103476060215
0.0023549387697256894
0.0023888886550080474
0.0023875865115065083
0.0023877724708725972
0.0023829071932236156
0.0023666601978241516
0.002371979321813674
0.002368044493673603
0.0026739854046272096
0.002673254874221671
0.0026772058016147106
0.002673075344874617
0.002683692014788642
0.002654042496963329
0.0026512065242878437
0.0026472656511595753
0.002638507700965157
0.002624206113527674
0.00262062963506253
0.0026145250577674067
0.0026077692402204167
0.0025932252150003836
0.0025931542646657787
0.002604786908089224
0.002585645422985398
0.002568909570339011
0.002553359840244609
0.0025503186483138546
0.002548629408114133
0.002547446936590645
0.00255815462618351
0.002553883020797688
0.0025324465422369145
0.002529868565192469
0.0025264717158060353
0.0025241861653871405
0.0025243001431017897
0.0025457374041070557
0.0025433676557812222
0.0025490011989566905
0.0025468304450493133
0.002577974689563787
0.0025739264562209844
0.0025653413751738664
0.002529063791461545
0.002524959018170704
0.002526069741390639
0.002521778952299486
0.0024801817724559344
0.0024747275875924625
0.002473051376530467
0.0024699347593075617
0.0024663988278141465
0.0024650758403002527
0.0024630031295130774
0.0024616348873282034
0.0024579035444880237
0.002455677443531777
0.002441566885633629
0.002435555003987062
0.002429870333816778
0.002428745804111226
0.00243331949509337
0.002443809273005625
0.002438469997444005
0.0024315316204553588
0.0024353161377595614
0.002394821298096961
0.002387793957305389
0.0023853657062025456
0.0023822761059620824
0.00237996904346084
0.002376367210874794
0.0023764874849531077
0.002370379625253169
0.0023577962789758924
0.0023446896658175773
0.002347180755195755
0.0023504551704172224
0.0023489138750358352
0.0023147769985595017
0.0023094636559007832
0.002305544907144466
0.002304262885880053
0.002298109069263109
0.002295177945797521
0.002294126816469878
0.0022779766959099904
0.002254964965812905
0.0022483119302529942
0.002255314374109087
0.0022472429602462484
0.002244164869648674
0.002232334063025125
0.0022504985917082155
0.002248540863105125
0.0022453985204741404
0.0022420883577031698
0.002239503290873055
0.0022377098031065067
0.0022371854473603567
0.0022339461972301212
0.0022091521537062567
0.0022081353637862164
0.0022106658767330864
0.002216719917567777
0.0022194047024848298
0.002216278420176598
0.0022073050227840022
0.0021861333589447926
0.0021666922013765305
0.0021579684736217557
0.0021531946069929565
0.002152402200718062
0.0021465453811328173
0.002143545974597444
0.0021377357741518086
0.002136038339987712
0.0021352484753644854
0.002133287898820196
0.0021298200406342474
0.0021406020710611913
0.0021215458761575322
0.002118324927222088
0.0021186699743842075
0.0021031267713197245
0.002091975296390422
0.0020904007705239815
0.0020960432764596587
0.002099608595365737
0.002090888999540478
0.002086270611914114
0.002085764927963751
0.0020801652034420073
0.0020784565535152517
0.002081137218820166
0.0020878936097738035
0.0020774302838217386
0.002046159836266937
