-0.048997730016708374
-0.008803094426790871
0.17955498024821281
0.16972557604312896
0.16075943782925606
0.13590288055794578
0.12899346090853214
0.11535607521525687
0.11627829889766872
0.11427697738293897
0.1051092539758732
0.09599025518848346
0.08969892601349524
0.08432426502307257
0.07941543246852234
0.07623358821386801
0.07217358914203942
0.07948371878285941
0.07652762627694755
0.07282889257406903
0.08269077755341474
0.07405130966040102
0.0700840001227334
0.06733473396860061
0.06545689887403007
0.06329699539303502
0.0622846041390273
0.06049017437155646
0.05864953422763694
0.05682871661209049
0.05521678542572771
0.05303403144617648
0.05028544823118648
0.04960470632649956
0.04756829299731179
0.04644990701706626
0.04528666568895507
0.04449584936269391
0.043394540795998165
0.04221868797676727
0.04126931139173738
0.04004430564981342
0.03930495573414107
0.038387028017960886
0.038091457179372956
0.03742655464126034
0.038527339409483816
0.04279950506657323
0.04198788446723482
0.04049677611214528
0.03931670823434474
0.037887414753709395
0.036684750004766356
0.035895520494192486
0.03533676337662783
0.03770655724771417
0.046433497263431725
0.04521857976609587
0.04371407054810938
0.04293224703593056
0.04338487177137134
0.04275311911681902
0.04241640750024088
0.04710639234399422
0.04647925619483981
0.045471042998433936
0.04486287196820793
0.04368393974078387
0.0430648403932407
0.041698688079609574
0.041338473884227116
0.04079815067832473
0.04152717830131863
0.04318175858429944
0.042878482551283306
0.04270669874695868
0.04224976795077778
0.04183110904134221
0.04181862047917094
0.042506118459529306
0.04185182106519323
0.04131234531130934
0.04091899295079722
0.04089357277364745
0.04049887102257006
0.04035217992776749
0.039633532384786216
0.03880609194368774
0.037476680667734616
0.03704454228704142
0.03675557054267975
0.036319873391485395
0.03585081832406627
0.035426756392208575
0.0352394824979759
0.03496307641154963
0.034582507730656485
0.03480877918297087
0.03351131658127998
0.03320197064468712
0.03279770385330161
0.03258390187170557
0.032439047484681065
0.03149303667568826
0.031165840012517796
0.03080811423399688
0.030131912122467654
0.03031089924619783
0.030042508740337922
0.02958259344371541
0.029663116758976184
0.029438094718616675
0.029123857948753447
0.028830069478135576
0.028457424720319747
0.028156261020001745
0.028284496095493234
0.0280469720327186
0.02592914444442918
0.025687258029144955
0.02556967398688031
0.026536185378151986
0.026383548119244364
0.02574591578589754
0.025561237589932905
0.025769647973952613
0.02517743932594387
0.0253035879532388
0.02519527541231724
0.024955740170500024
0.024876193694195334
0.024734792250989346
0.024278027172732086
0.023944751132296896
0.02381907542867875
0.023597124797873296
0.023418560567180356
0.02331829655005953
0.023894719776581058
0.023708001364118284
0.02356831099498612
0.0232566058008046
0.022958259651608807
0.022917710357458057
0.022859541492374017
0.022686940721207676
0.02256629169435632
0.022501110207467614
0.022313754324568454
0.022120659963138396
0.021960599210471745
0.022220861857979172
0.02211587040045591
0.021999907971645215
0.021712799362900975
0.021515372099879866
0.021096550615259786
0.020952769718059715
0.02078736917937933
0.020409567199534646
0.020222559800144466
0.02009471918297705
0.019933457519339486
0.019870126754341834
0.019663949400615752
0.019612627900358934
0.019514011572894018
0.019369434371395
0.019298974620794676
0.019186133667567967
0.019167536021234634
0.019185098810350226
0.01911173030451723
0.019396526022215522
0.021185310109351797
0.02120234024491278
0.02095162680829102
0.02091192588497568
0.02064040739043979
0.020584182835953292
0.020062686846358715
0.020024444960386002
0.0202026749754188
0.020274942460457333
0.020243945683325125
0.018383437520164494
0.017783224168097356
0.01666387653615199
0.016813831268135765
0.016761465743245055
0.016698524963734005
0.016580458678886634
0.016426490587674418
0.01647118663039203
0.016408097399553127
0.016431468866616596
0.016368904517025162
0.016268381779023632
0.0161466956001823
0.01607477648122312
0.016055982005217656
0.016226019672166317
0.016144012696481802
0.016267954968995
0.01600578724993259
0.01596570852215984
0.015846002958614235
0.015728089320930137
0.015595105081696876
0.01548619668514765
0.01618114600088756
0.016008144633422573
0.015972671808107016
0.016235865899199245
0.015838249211137075
0.01597836011487451
0.01586092984567637
0.015776606362481023
0.015843729667143317
0.015786033889386247
0.01569214105466592
0.014794584727823133
0.014695554964159151
0.014449055766842037
0.014362497552683333
0.014351159367773965
0.01417791201368491
0.013997147259084877
0.013832383627912212
0.013792553727839614
0.013684977501066791
0.01374615164140897
0.01382152290102375
0.013806065200441635
0.014310461592069309
0.014100078946001108
0.01393825463444865
0.012864892667882303
0.012818388839029181
0.012709612649222043
0.012486016035536016
0.01243486653351315
0.012287063395545349
0.012210830155883612
0.012066166377787279
0.012030572296065573
0.012094147361846915
0.0120486197383031
0.012066958675859515
0.012035688146739193
0.01200368213130067
0.01199254199835794
0.011753766107011798
0.011648521016068851
0.011653773958414625
0.011586973418940083
0.011595988571021164
0.010727294735766925
0.010647221845171723
0.010642409278927357
0.010488115774266771
0.010463602914157993
0.010379899055723504
0.010287153333170748
0.010422595467416702
0.010868552924623937
0.010819663750416094
0.011314349544804123
0.009739601941287748
0.009805894011547434
0.011840568771303366
0.011822931993635046
0.011997688486687792
0.011957958514844512
0.012109032884177747
0.012057268455589298
0.01222891650784917
0.01256045384819064
0.01251555675969162
0.012454378183929478
0.012364856384204169
0.01234447074352269
0.012548733636053157
0.01264320162529324
0.01259270279120389
0.012576063604699306
0.012549456279884928
0.01252430007743867
0.012422053676283263
0.012461401733187369
0.012418630310256142
0.012357432062065393
0.012204538787466485
0.012204048139145773
0.012152878178804312
0.012149774800062586
0.012062821126091404
0.01200102893211242
0.01228896881744733
0.012202825867362103
0.012147392796788888
0.012180387743067924
0.012183448373099598
0.012333716488573107
0.01228355448308792
0.012220333503060217
0.012162616783140737
0.012145837682825272
0.012140155482789397
0.012396411636172005
0.012312523917502514
0.012295603426136153
0.012409389109289955
0.012288965504904782
0.012231607906501227
0.012157417845373185
0.012114311935440155
0.012032541228337142
0.012007148986776899
0.011986090142513435
0.011963971976736022
0.011977015748863692
0.011956618714504201
0.011788672570748126
0.011737516807839346
0.010788869723109457
0.010581748702928223
0.01050952992187588
0.01045158588500328
0.0103876314660903
0.010374971803772861
0.010427337680494444
0.010359484622356759
0.010240767744140464
0.010224421711817365
0.010224358958865112
0.010261185118169454
0.01023175868299821
0.010235658916131167
0.010197912173002938
0.010171224986242513
0.010178330204545996
0.010161293351915839
0.01013491769284146
0.010112337686822657
0.010042091439208374
0.01005902138606234
0.010126556864409933
0.010211646029492849
0.010311951329619859
0.010150163650905606
0.010074862017310773
0.01005400495625386
0.00998099874327957
0.009988709814811208
0.009947228038204838
0.009932685902442366
0.009910064506698617
0.009853826917080581
0.009799318453729153
0.009657328802859421
0.00965952614983596
0.009748150925708503
0.00973384667631265
0.009700077623885917
0.00962507857973447
0.009592338806649666
0.009573922079746796
0.009536892681451824
0.009526796063949234
0.009530659627153106
0.00953784544784302
0.0094669181129828
0.009437161890634654
0.009248471797036481
0.008987728652540623
0.008977251544209187
0.008998998800030916
0.008985151055630454
0.008927367448414445
0.008944127398283422
0.008907194451614982
0.008882085169868041
0.008742414190367408
0.008712984349939338
0.008677325838212976
0.008694879126047354
0.0087069201995116
0.008741573264482085
0.00872752483195181
0.00872344755533756
0.008758695677495112
0.00875389380933042
0.008776128181120793
0.0089151641996895
0.008887868497306049
0.008861269560688185
0.00881251372746485
0.008730653452075798
0.008598287069462857
0.0077875742237883015
0.0077948566552462
0.0077864083732042755
0.007812118458843309
0.00781914146070535
0.007789294259292053
0.007816674779985324
0.008178461706100733
0.008182312553697392
0.008120452270105522
0.008089023547160037
0.008065042621371536
0.00801875526498856
0.007983632166785794
0.008009327330280671
0.008315823245117992
0.008300259607842952
0.00833564871454808
0.008353976835358145
0.00856152337999582
0.008527040173563349
0.00850165590804058
0.008525052322442698
0.008592427534407344
0.008879878697452308
0.008919181462908415
0.008888162311713795
0.008910612844007798
0.008899404634153046
0.008843108114225716
0.008808601327877526
0.008983330615483207
0.008991272505646374
0.008933512197844905
0.008899446172450693
0.008888770674181645
0.008881094190797066
0.008848268499864158
0.008720645760794558
0.008715054448329705
0.008648542376899914
0.008673104902589598
0.008809838520949255
0.00871911081681657
0.008685693326860368
0.008652251937152659
0.008635729857555178
0.00856124118392052
0.008545223911318733
0.00851636516983971
0.008472014769867479
0.008460953097844974
0.008448209169567965
0.008467335146621579
0.008524462391888907
0.00847061246511766
0.008505608523635645
0.00848095728125534
0.008479248394344378
0.008480072625657179
0.008468989176132417
0.008428199592998896
0.008431185340104388
0.00840915270582824
0.00831437554290867
0.008358296023993874
0.008297757007918953
0.008282662425036325
0.008268706897209271
0.008300861399477426
0.008251484329945427
0.008218942328585601
0.008130432374137837
0.008067395369840894
0.008084299383629241
0.008066876530642406
0.00800093183394768
0.007973486712053699
0.007938930352368827
0.007919308863674143
0.007896005527306689
0.007917568850785109
0.007890994959411774
0.007880798388949421
0.007876110535882492
0.007863512056046873
0.007864901494329278
0.007828805591708253
0.007812770375654072
0.007895229254728818
0.007918686041304647
0.007834766947397024
0.00789943839240017
0.007886032711107743
0.007863780806914182
0.007886128684096383
0.007820957673533104
0.007828340057879954
0.007817056515603332
0.007826387619543008
0.007854197468711587
0.00794613384815289
0.00791886363246401
0.007865532120058116
0.007335631664002158
0.0072836867257855395
0.007271361441830891
0.007308052497671664
0.007345461136748218
0.0073507005774139066
0.007385607306673598
0.007370785140495056
0.007363308453819165
0.0073405890579751375
0.0073142836488334
0.007199967588857362
0.007058515751794611
0.007042342823726419
0.007024072055019837
0.007002516894448453
0.007013212453990544
0.006951133387468681
0.0069465814068342974
0.006967144911731819
0.006946653764966717
0.0069479363681297914
0.006893620228242296
0.006867057837379506
0.006797192054075844
0.006814515114548794
0.006785225779535008
0.006781357733552884
0.006778346283831341
0.0067156707153168205
0.006924341946954099
0.006898925932678371
0.006702871006358675
0.0066604862690053165
0.006624302702537672
0.0065159837192642345
0.006479084780297978
0.0070109227002241635
0.007019353189795823
0.006995612298193982
0.006932628843246797
0.0069233252745848775
0.006918010832023825
0.006858948197360842
0.006835372428388594
0.006831547790380223
0.006787109803606633
0.006774598492655123
0.006733991302407372
0.006760150733716405
0.006731228041179942
0.006739867067842747
0.006736218236692631
0.006723391414819496
0.006699391611982723
0.006679790839417998
0.0066139006376033675
0.0066165649683109715
0.0065855350281282836
0.006578174689568303
0.006564934703683099
0.006565763886348221
0.006545918884871179
0.006611987100007762
0.006594018803413128
0.006526326159051593
0.006519824295181385
0.006527617974639558
0.0065116913405994245
0.006493912627768667
0.006475715520688638
0.00647569014885515
0.006467065055523101
0.006451461575806727
0.006436275780564259
0.006418269344658808
0.006407854409939998
0.006395730940039205
0.006367790142015626
0.00637355503893824
0.006353234231788686
0.00632211208043841
0.006307195220350493
0.006326538579451899
0.006383631044606115
0.006352704835477701
0.00635026712242925
0.0063149832498967775
0.006326548560016467
0.006225324772002899
0.006182593261503114
0.006142970130139641
0.006102269508435556
0.006155706642831886
0.00612797437628615
0.006198985726092581
0.006211748062851501
0.006189888071434445
0.006544080942251263
0.006586423371620249
0.006571795847530099
0.006521619814212163
0.00651422715949785
0.006495218390680331
0.006452877245524704
0.006441162151344347
0.006435544463112312
0.006427711516865236
0.0064162581570614136
0.006407703544681411
0.006386797679990743
0.006377895089702963
0.006361882502454621
0.006189782113998739
0.006165839122061908
0.006156770515133033
0.006149958986895676
0.006143665576570809
0.0061351005827955125
0.00611038139504381
0.006076413686225454
0.006066135060314341
0.006058845531529452
0.006045292673933447
0.006056226199051178
0.006062160202210904
0.006057930019836291
0.006036367850044547
0.006016908235576564
0.006020311151831012
0.006009615087230422
0.005993696200170484
0.005982304475502682
0.005935169755364955
0.005947959765444471
0.0059631525407826454
0.005965340713220741
0.005917216046116919
0.005899235839430922
0.005879420435187853
0.005827796495933706
0.005639260997925567
0.005649628618239491
0.005691668773918434
0.005722481408201236
0.005717486389578267
0.005724300750778734
0.005714936052785285
0.0057399155826515095
0.005735503023317915
0.005682227088139533
0.005676610605772435
0.005653202091370245
0.0056358658268673995
0.005647791340677286
0.005639916012490192
0.0056325172803845195
0.005597199913812106
0.005597628923005036
0.005530279836244538
0.005531934609413979
0.005699717912310183
0.005689413995650384
0.005711491497382125
0.005706142716121923
0.0057042603909358
0.005694364636838152
0.005705646975379359
0.005695245051623512
0.005900927381719366
0.005927234141150229
0.005924330469682762
0.005913186055780835
0.005903843898949905
0.005914217325720107
0.005892030926509842
0.005865597546049755
0.005875105734007429
0.005873256375526741
0.005867383112395053
0.005877076130882712
0.005483591472186097
0.005504842117917121
0.005479793604934751
0.005494791481169824
0.005495354726561183
0.00555637617647814
0.0055492313926543
0.005478279371599952
0.005473835356642412
0.00547013247835393
0.005458752023113946
0.005447449638312462
0.005446266637455868
0.00542917453488502
0.005410013313230184
0.005512115988056871
0.005500830250275877
0.005435783988890438
0.005422806187659997
0.00539331677276279
0.005324244930000871
0.005335042839858353
0.005125676572090678
0.005130115147511167
0.0051258375414083325
0.005125963685059929
0.005117936500308644
0.005108934950534488
0.00511136414768937
0.0051038092011296485
0.005091683618388907
0.005093260925166862
0.0050715962555618966
0.005064078062544776
0.005074162588184499
0.005043575247816445
0.005008133021812894
0.005014306905951797
0.004998228206130649
0.005008253464326153
0.005008443880451854
0.005028776602317766
0.005025355275444097
0.005015605540861611
0.005014920310477545
0.004994326621118132
0.004969144101649475
0.004976866987706117
0.004962056384977834
0.0049537239711634935
0.004946676786890099
0.005044217670813076
0.00500681712801748
0.00501131918167262
0.004999875243840868
0.004873718801034545
0.004863005273241851
0.004845000138894039
0.004815942672942304
0.004814428172563335
0.004819446744656302
0.004798860893138744
0.004792477686052343
0.004790007859895324
0.004791332505320637
0.0047746097210078315
0.004765290260594161
0.0047637633730355485
0.004765275730527884
0.00477315778713939
0.004797238625684156
0.004822879226558536
0.004806672428249622
0.004834109993680622
0.0048113800344714045
0.0048125981970973215
0.004775152687368761
0.004745630725798587
0.004723083930739872
0.004904884092840154
0.004837737513839358
0.004850868959503418
0.004848700375633772
0.004841052833453204
0.00483057286418056
0.004796699851314326
0.004772013290759659
0.004765422767753485
0.00475897498425067
0.0047170174422961385
0.004700834059779464
0.004673560917253881
0.004673215694477745
0.004664848542597617
0.0048311028264569735
0.004863906478563799
0.00485466808445085
0.004844345581919443
0.004853524859204218
0.004845609993556267
0.004840672502181472
0.004833337043163545
0.004825309966653957
0.005082592697736011
0.005075587574837031
0.005064981375368802
0.004940682622468431
0.004950291642163222
0.004945732300160986
0.00492579032555539
0.00494770871244846
0.004950842813324344
0.0049712050064916885
0.004957864889511263
0.004967894131528771
0.00498197458420551
0.004958092061855522
0.004954325215267233
0.004943094580066946
0.004940153522432555
0.00493607449391742
0.004911553822149469
0.004913331916954661
0.004893504388207852
0.004889872901870286
0.00488789451775644
0.004743916858093611
0.004705271559280604
0.004682734253619193
0.004678445339545857
0.004698377349764468
0.004677926830979856
0.00471438499435076
0.004707504130570544
0.0047029987985470235
0.004679159732895782
0.0046563730606263894
0.00465495364590169
0.0046400923177487095
0.004660255053265537
0.004654986674625979
0.004663791632333751
0.004664587938823308
0.004659136698065131
0.004674530465090846
0.004672364603790749
0.004660412485824206
0.00466098371620695
0.004712998796767468
0.004698989356970467
0.004707188637017
0.004700331665716655
0.004700723166202333
0.0046940608868940945
0.004721477540131272
0.004715463506805026
0.004738818953177775
0.0047383809478603765
0.004727935828695622
0.004719516603332836
0.0047113506434460104
0.00471380664899733
0.004695668362628992
0.004683358710026376
0.004686865545948811
0.004681311179995829
0.004677926453394366
0.004668910562977381
0.004647686427843095
0.004637759943260432
0.004609512933027311
0.00460778519063201
0.004613621111938085
0.004625778642366647
0.00461075801877457
0.004606909373234381
0.004607789589322545
0.004601904028041416
0.00467420174804856
0.004674437593219176
0.004783462502885157
0.00477732598115283
0.0047712112800111055
0.004749526642329847
0.004745896125170082
0.00493410006898441
0.004936724447339613
0.004940714198604202
0.004922204892084541
0.0049125275396679265
0.004920295267692426
0.00491083897036344
0.004905790987117826
0.004936969299491141
0.0049377297360854965
0.00493971132978221
0.0049476475770098005
0.0049534075741621405
0.004944807368312247
0.004962449455483975
0.004958253067914452
0.004927391718812439
0.004925242694777299
0.004915758826850992
0.004909274193594671
0.004927503011038536
0.0049955188585492265
0.004967098417251753
0.004964909835929295
0.0049548312133863145
0.004954936570675328
0.004939696966410664
0.004956479377211186
0.004949588080441275
0.004899621890693988
0.004791938400548061
0.004889901991660795
0.004890969007333183
0.004900031092960024
0.00490104492565373
0.004889606890618261
0.004866868632090169
0.004852472836440138
0.004844360102600025
0.004838219656658587
0.004835114392527005
0.004839687105224893
0.004830188252868878
0.0048119444424881965
0.004751627443713653
0.004744059499086575
0.004742997004495825
0.004730312606120656
0.004709614045429555
0.004706073934417103
0.004709861597660915
0.004704280490222678
0.004705763695289355
0.004686383949529789
0.004700437451843039
0.004694427622463602
0.004685733067601874
0.004662262574246759
0.0046505238562296655
0.004645034049895961
0.004628317799628268
0.004593312492054351
0.004598851554272493
0.0045928184655532394
0.00458909561310952
0.004574880326866738
0.0045587059560240365
0.0045663051631589825
0.004551014442775811
0.004541806950795299
0.004543944492234435
0.0045311167323677974
0.004526563269221595
0.004517128499176743
0.004515603314190528
0.0045152681048012
0.004483677678229932
0.00449280683749191
0.004448301364257202
0.00444440816906252
0.004440622621548745
0.004433272967310745
0.004426360201239211
0.0044235000334721586
0.004424644465258431
0.004419925395315888
0.0044086398969082185
0.004396417872972716
0.0043898662396107645
0.0043827588039120425
0.004354986575536926
0.004350483611748084
0.004335906371879794
0.004322185674097174
0.004326667779169387
0.004325957584401672
0.004331218732817034
0.0043265089667841984
0.004311789751812563
0.004291734695618012
0.004290272193126543
0.004282033423188926
0.0042859563676966046
0.004272626558205312
0.004267249305544812
0.0042614601464609015
0.004260980478205329
0.004221762812833629
0.004226463477926725
0.004222094713883276
0.004216482044751725
0.004208380730339737
0.004202937135195823
0.004194731443563748
0.004190457841499743
0.004201945522546506
0.004195040749153366
0.004170270006957965
0.004170203829128915
0.0042490407885425905
0.004222338263682641
0.0042013953520373916
0.004207724967009444
0.004214724665536932
0.004439855786677445
0.0045317105471412095
0.00451087535577449
0.004505407738794642
0.004514891623141019
0.004501330747740577
