-0.019599324092268944
-0.055056699862082795
-0.03833723533898592
-0.031054525356739762
-0.027651728363707665
-0.02389602255009647
-0.020925455348333344
-0.018473256159470312
-0.0149523280444555
-0.014079411418854512
-0.01641978617408313
-0.015088246150228841
-0.013558271490702673
-0.012737792637199164
-0.011763374219299296
-0.01121419473715565
-0.010576304588337533
-0.010534480725733661
-0.009291177216800861
-0.00873765197216666
-0.008572342284341257
-0.007492558856029063
-0.007275733269731669
-0.007022404584567993
-0.0009336711440342833
0.00023476201049224684
0.000374653586602238
0.0037571048657088703
0.003694293572334573
0.003012855253708099
0.002778492651486886
0.002872095713180236
0.0027842688278349884
0.002506092090957931
0.002420240059210401
0.005533977414833734
0.004412949161824623
0.00418136054232048
0.004015537674422376
0.003909449112919591
0.003789144487763267
0.0037023956825832163
0.0036166603739812586
0.00321933064810259
0.0030303576859296295
0.0032345309436811686
0.004515719372951328
0.004640120391351437
0.0047186893280013464
0.0045634618393652245
0.004483973452107211
0.006948872826573931
0.0068653157917045364
0.006649982553790323
0.006543227413463423
0.006566930766750469
0.0064803217740926145
0.0063586048705412575
0.0059100150676385955
0.005763739882061852
0.005969281864376933
0.005893637559474592
0.00582721206797032
0.005704387512210254
0.005498553349532426
0.005482766330945861
0.005402369410790818
0.005569799775991629
0.005822671563821911
0.005792575622507056
0.005635776760552997
0.005555802841203555
0.006107042228757417
0.00601888461484729
0.006842206708442015
0.006675559559998755
0.006575370399775402
0.006376149865048584
0.006261512716992002
0.006182072720638429
0.005839498340764093
0.005781875648893449
0.005716520644498468
0.005643544038791921
0.004514082486038691
0.0045296081775684305
0.004438243496307139
0.0044512269422320346
0.004409904927565043
0.004307259052798694
0.004070256770437877
0.004028456802423593
0.003958543297987026
0.003916048310623554
0.003949972910656167
0.003865003660825302
0.003789083645512749
0.0037618797076066413
0.003716787314624526
0.0034827252413090876
0.0038061210544387287
0.0037611826086751403
0.003712704712457848
0.0036081046337217457
0.003612495315775171
0.0035504734444989027
0.003500445500658654
0.0033833510674954907
0.00340208218231882
0.003040182027181293
0.002959614462140184
0.0029380349735976664
0.003131978708552198
0.0033003731959742387
0.0032873552815450755
0.0032877679003808567
0.003260532660425595
0.0032455221790929946
0.0032557932359244075
0.003196077191363253
0.003178491089187687
0.0031978071826260284
0.0031764955431666064
0.002811016013380142
0.0028330636712434235
0.0031887531059603485
0.0030815986988272947
0.003034155205336163
0.003027145410081947
0.0031232249932825755
0.0030805562780711424
0.00301027868977657
0.002905905930891829
0.002908865996653699
0.002888378366739799
0.0028564251164173264
0.002847189643522355
0.0028274331486611414
0.0028060275438682395
0.0027855071842923106
0.002786890355297071
0.0027966371720528145
0.002755705683638454
0.002490928360554071
0.002451182911686812
0.0024352398232084112
0.0023484461544285313
0.002334710764852995
0.002663937463609426
0.0026324031460048824
0.002641596320867586
0.002766502392202468
0.0030316948423796354
0.003266936003919617
0.003273178561684268
0.002330607385699013
0.0023371945013261936
0.002335753300219538
0.0022984956226991936
0.0022978897098294955
0.002219439055481395
0.0022524365882708505
0.0022368637596739027
0.002230068651393099
0.0024220576921056445
0.0022942332636190638
0.002272734765981677
0.0020792997815799854
0.0020542744009135823
0.0022103527668650455
0.0023334874932875536
0.0023158471829058053
0.00232877557284845
0.0023151763995494026
0.002302611266755279
0.0022815310590361807
0.0022650169694009414
0.0022290254338314702
0.002264869060349559
0.0022684516183319957
0.0022292828549465267
0.0020925515696557126
0.0020732868837433703
0.0020962257320895107
0.00207429788356568
0.002338050944828067
0.002325799789143778
0.001904229596437376
0.00190103324915215
0.0018995187831728677
0.0018133790713742803
0.0018103613753497254
0.0017710741603409162
0.001789443748771774
0.001780621142364796
0.001713571611801895
0.0017178576593810569
0.0016821327262549852
0.001746766032083542
0.0017433033070083364
0.0017125150359536539
0.0017048409835893083
0.0016917858141395675
0.0016830917282410467
0.0016752538360679046
0.0016357726938398289
0.0015989908137131496
0.0015862892712850763
0.0015777926544182097
0.0016834939002683966
0.0008509652256660327
0.0008412328524954465
0.0008705222603014164
0.0008686632422871115
0.0008463080832573022
0.0007990483621892865
0.00101583281496151
0.0011236769830027696
0.0009247525644075895
0.000779653411191084
-0.001416191881756415
-0.001406487193237363
-0.0015031650783774752
-0.0016141214375642845
-0.001603001586096649
-0.0016031331678345742
-0.0015980854848493698
-0.0015810884748317096
-0.0015734557715325567
-0.001584484347230976
-0.0015777840343271859
-0.001592063434949632
-0.0017922784571941842
-0.0017754465936029207
-0.0017680900162889942
-0.001757051321402298
-0.0017595216027190006
-0.001736196517059287
-0.0018045267742005913
-0.001771544248502821
-0.0017652732381103597
-0.001766939189439781
-0.0018064340282032136
-0.0019281075145379278
-0.0019256125271819129
-0.0019204413601614887
-0.0018090314757911628
-0.0018597780169903233
-0.0019417385332635598
-0.0019188151277756624
-0.0019078116721565098
-0.0019017600295296775
-0.0017403236384192795
-0.001734720168957103
-0.0017365819033443584
-0.0017422143497766113
-0.0016799226898791143
-0.0015745942877415872
-0.0015904265252734493
-0.0015782051123932918
-0.0015740465541758553
-0.0016327629097894062
-0.0016500258897753095
-0.001651912235999743
-0.0016439028508909552
-0.0016208767679137127
-0.0015731986984892903
-0.0015751113762951807
-0.0014712224018660852
-0.0014679399914493973
-0.0014637840260868814
-0.0014969677892586063
-0.0014755305759018168
-0.001459239973231557
-0.0015058891010572759
-0.0015021327850749267
-0.0015052623436773668
-0.0014701803832078734
-0.0014691158639055038
-0.0014616175162878537
-0.0015976651845081267
-0.0015717473347665566
-0.001559688113508893
-0.001587402112138653
-0.0015772378731659816
-0.0016327566004910692
-0.0016170942906986354
-0.0016663764468188775
-0.0016597846262498175
-0.0016515935124382147
-0.001628411276401929
-0.0016194525844383336
-0.001639921428070666
-0.0016465662150363578
-0.0016505979253722484
-0.0016277586941404252
-0.0018240680774824609
-0.0018415449399452023
-0.002475147629205215
-0.002473375852116495
-0.0024551993093028545
-0.002450762587115737
-0.0024745513311771852
-0.0024648030392050773
-0.0024552675326156214
-0.002449941728823418
-0.0024461614964631927
-0.0022862617353193652
-0.0022767523374509885
-0.002180328929130142
-0.0021756647929578334
-0.00219912085039266
-0.0022005795342769858
-0.0021727546365351413
-0.002087975984402046
-0.0020261937395683483
-0.002013165137242547
-0.0020057476598891325
-0.002252947286206109
-0.0022391576636448434
-0.002232388375418371
-0.0026530788787066674
-0.0026265775249730396
-0.0025845102140066543
-0.0025756404827168736
-0.0025659834938183456
-0.0025410648714214185
-0.002482310194004378
-0.0024729282662133995
-0.002451601467405083
-0.0024017026961295615
-0.0023996434258271742
-0.002401103311581074
-0.002393737024857416
-0.0025786034040742208
-0.0023761935187964003
-0.002370188123634455
-0.0023536279098482584
-0.0023008975522316177
-0.00227985894813824
-0.002263698413058294
-0.0023590203818669793
-0.0022812884505456587
-0.002207573602472489
-0.002195020610035677
-0.002189402707046993
-0.0021337045877928545
-0.0021299320219167503
-0.0021233877431222925
-0.002117030472413651
-0.0020323934215556692
-0.0020234136546185464
-0.0020155717416331497
-0.002012343875501012
-0.002009910250389918
-0.0020105955395885865
-0.002007893548041302
-0.0020029685900702743
-0.0019995839728229226
-0.001991492949767277
-0.0007701329046258798
-0.0007699367573872662
-0.0007684658613460672
-0.0007636562192614011
-0.0007704823095932095
-0.000771975431053842
-0.0007715507120673972
-0.0007265710818301595
-0.0007253197902271587
-0.0007225403861679108
-0.0007319453663845329
-0.0007397979147863804
-0.0007382348837824451
-0.0008480190456515016
-0.0008586126702268412
-0.0008938079917863151
-0.0008924911268622572
-0.0008898840673459965
-0.0009573633931435507
-0.0009559042880560166
-0.0009586950256171504
-0.0009154977242099252
-0.000831787176546564
-0.0006959951764963673
-0.0006910971704087967
-0.000691890965129151
-0.0007012067165671444
-0.0006408601572956602
-0.0006154470570599621
-0.0006129667140099674
-0.0006058082426255958
-0.0006199722663918117
-0.0005658978336149562
-0.0005615430053959363
-0.00044136876168164216
-0.0004629603774598071
-0.00046748378448152844
-0.00047084957197357193
-0.0004797790197608258
-0.00047902190174924504
-0.00047330837565569994
-0.00043868315887656716
-0.00043872468812887586
-0.0004333906066744081
-0.0004249216675762799
-0.00042610162400824397
-0.0004310806219858498
-0.00044517697635171295
-0.0004446035561846739
-0.00044195436182795225
-0.000454932647336992
-0.00045408831584822833
-0.0004593581824412575
-0.00046065766728133826
-0.0004591746296945033
-0.0004593245916029323
-0.0004601086849459127
-0.0004545554311204609
-0.00045395237683849284
-0.0004669933248227073
-0.0007711770350823996
-0.0006891307460848565
-0.0006725393716909093
-0.0006906786567774622
-0.000701628373561089
-0.0006853731811687694
-0.0006794325854146064
-0.0006790795799754936
-0.0009385380352394466
-0.0009441478739639387
-0.0007137548743180044
-0.0006279335453953476
-0.000646131804144459
-0.000651220153023999
-0.0005762861473316935
-0.0005640692910782475
-0.0005654354104433985
-0.000611286258724014
-0.0006198266314640924
-0.000621345303068029
-0.0006228212724837895
-0.0006244779647399298
-0.0006223581975735879
-0.0006216184453815711
-0.0006582515934455977
-0.0006583195476647812
-0.0006411994330375941
-0.0006562222404151247
-0.0006536889055456002
-0.0006558858761545176
-0.0006578870877889221
-0.0006535831195269279
-0.000676431290034216
-0.0005557622095223915
-0.0005067465489797505
-0.0005053871196567427
-0.000561850569379024
-0.0005603903966902194
-0.0005462872278930378
-0.0005404112371114163
-0.0005753504240826032
-0.000570450399717988
-0.0005573444913399471
-0.0005585530406738482
-0.0006345406532852308
-0.0003839407641118677
-0.000383396022729528
-0.00042240734148090656
-0.00043229918520274645
-0.00044305406326474735
-0.00044204098276168186
-0.0004343556347617508
-0.00043463876235237615
-0.0004350649305285367
-0.00043431978432055345
-0.000435364089785834
-0.0004212047218948001
-0.000415192214904986
-0.0004048783252604452
-0.0003993680186638302
-0.0004210324016062387
-0.0004536972893157938
-0.00036461698978989914
-0.0003694689835553154
-0.0003689547521303525
-0.00036863327858455814
-0.0002704852136048425
-0.0002719655264844967
-0.0002787600744118296
-0.0002745483148780332
-0.0002464343459040514
-0.00028541320523276106
-0.0002854093337717987
-0.00027283697865751623
-0.0002786781662962306
-0.0002803110682156181
-0.00027921314462270086
-0.00028437784653387196
-0.0002810148814387497
-0.00027040779223207076
-0.0002220488820974389
-0.00022111044305803197
-0.00018023081191939877
-0.0001369604929554902
-0.00014899210810858887
-0.00014907882521860013
-0.0001350180585886411
-0.00013238831370704555
-0.00013830948756709773
-0.0001869251042906414
-0.00018262599140683673
-0.00017797272137340533
-0.0001515084226100572
-0.00015391494987110858
-0.00015059572290406867
-0.00011722892291867029
-0.00011527164587134065
-0.00012772863981647494
-0.00012654078899196501
-0.0001320232510183608
-0.00013217357501437273
-0.00013339026028731733
-0.00013021279347544783
-0.00013586372194584358
-0.00017928758502300167
-0.00018038211389796165
-0.00025441782805969606
-0.0002450389237153987
-0.00024309282650032137
-0.00024342895672772077
-0.0002415018657815293
-0.0002249432934847708
-0.00023570516006405143
-0.0002336180276793931
-0.00023452526931523818
-0.00022920002000664517
-0.00022700381311270925
-0.00022820508642400062
-0.0002279126008202346
-0.00024128590186672826
-0.0002741410158618285
-0.000284652677660241
-0.00035855462454037425
-0.00036174060542263476
-0.00036134096529204034
-0.00035975101148688117
-0.00036278539859148227
-0.00036372549677256386
-0.00035557169773462393
-0.0003648101367512624
-0.0003609643023491362
-0.0003649479349307053
-0.0003612513990296001
-0.00038835374388171445
-0.00038640074478980493
-0.00037784690034208484
-0.0003836711016952494
-0.00037226512630140785
-0.0003561736373415307
-0.000383535076927303
-0.00038131935317482486
-0.0003812919287744562
-0.00038899983496937457
-0.0003886457497294702
-0.00039003003659396243
-0.0003692284827678548
-0.0003702848400062573
-0.0004109955549588227
-0.00011764472232913956
-0.0001227721060273389
-0.00010947952853018884
-0.00011520115143482686
-0.00011453180260811622
-0.00011291408796830084
-0.00011013018721289115
-0.00010755846035246843
-9.786371135705286e-05
-9.57924686741727e-05
-9.587679618687494e-05
-7.381131357957931e-05
-7.32737748110657e-05
-6.784892526165026e-05
-6.976635023258364e-05
-6.789170845752948e-05
-8.118812907215925e-05
-7.38886724762336e-05
-5.3911899300566774e-05
-4.3506540568512885e-05
-4.316679701101477e-05
-4.01055322303183e-05
-2.8457029306868447e-05
-2.99966286087594e-05
-3.108372799976657e-05
-0.00015204930112441798
-0.0003785004512505618
-0.0003254717117408187
-0.00032466741933822723
-0.00033504294210714265
-0.00016090001638682772
-0.00010545627746478978
-0.00010513969145511549
-8.630243535430552e-05
-8.158095673609133e-05
-8.502397334471496e-05
-6.678869301527521e-05
-1.750780989835327e-05
-1.53098897822253e-05
-1.551351548195989e-05
-1.803538699411982e-05
-1.2803038661228535e-05
0.00023903684095606862
0.00022471569947995107
0.00020113964672815692
0.00022555238864128152
0.00022063972399738864
0.00018169949379149837
0.00019742331369637835
0.0001972451980232988
0.0002042899842220533
0.00021871749560005497
0.0004308631981680811
0.0004294228478814433
0.00042873592069088087
0.0004280785140523227
0.0004580931693514776
0.0004658094118736847
0.0002537129049548187
0.00026215044146162935
0.0002611327710289362
0.00026162840392551865
0.00026072142617510877
0.0003112692082953946
0.00030825676607813303
0.0003069274430839244
0.0002919869718294059
0.0002922237870040639
0.00029387804722795014
0.00028966251011012964
0.00028422794420635054
0.00029097275310986973
0.00028110876159518223
0.0002786291655948124
0.00027772947923497825
0.00027555610605875676
0.0002761766243357583
0.0002624955771983859
0.0002473105990719456
0.0002514935838549999
0.0002600339778123627
0.00026096881075400873
0.00025875624274938436
0.00026051171285122277
0.00026784829640117953
0.0002673116150298358
0.000268953963119735
0.00025895548649802985
0.0002461809178349079
0.00027968415114199284
0.00027863723096357556
0.0002756284534432857
0.0002557170584480361
0.0002514987868716652
0.0002509099401585593
0.0002486831002706349
0.00024339930814266714
0.00024187569964295448
0.00024273096320128254
0.00024005472510956572
0.00026081031929104786
0.0002597083399944023
0.0002357373945295926
0.00023559101710839361
0.00024214983363958032
0.000235834855492512
0.00022521803956262773
0.00026007408687802464
0.00026139804323765915
0.00025714114364186084
0.00023764111266941457
0.0002273463704357038
0.0002083451048870215
0.00020705272064795396
0.0002249779500100344
0.000199053749675994
0.00014013602951160287
0.00013258193665916358
0.00012823094477404826
0.00012350111233591133
0.00012213009246899237
0.00013564587940631987
0.0001329064167251785
0.00013365998563077397
0.00012374583900083753
0.00013035510019369977
0.00013008598179290378
0.00013033786904434485
0.00018028195916324348
0.00017453199686441476
0.00017350589867419394
0.0001745890545089235
0.00017300753187169508
0.00016580764738420467
0.0001630679646134267
0.00017948853579479503
0.00018004734932763132
0.00010961309020955716
0.00012680580590508503
0.00012399624746391573
0.0001234590113058473
0.0001249699363231278
0.000143655456887767
0.00012905216103405515
0.00013490068196931018
0.00013839160298242397
0.0001371413209097477
0.00013961154168652464
0.00013426039727152
0.0001352478244163569
0.00010384399811806017
9.773112270899917e-05
9.588328907928211e-05
7.692162728683156e-05
7.792480058653132e-05
8.556593733875881e-05
8.195234548827963e-05
8.473384359591649e-05
6.755879786186869e-05
9.448898184808406e-05
9.473182254710954e-05
9.526679822421063e-05
9.509892902936489e-05
9.664976477911623e-05
9.570951626465014e-05
0.00011569206553078191
0.00011203761407021277
0.0001115867367742562
0.00011662249182932913
0.00011644960364333354
0.00011495699914981753
0.00011809216256982608
0.00011372024478580557
-1.0897908294546185e-05
-4.770601208292041e-06
-5.679207770176715e-06
-1.9779202621713067e-07
4.281318029665232e-06
1.1704940037632198e-05
-4.239385012279637e-05
-4.146282256018155e-05
-4.083353978082988e-05
-3.942183674398368e-05
-3.703935234834428e-05
-2.7556741133352346e-05
-3.266910370805439e-05
-4.24826976808294e-05
-4.301997852080893e-05
-4.393873564307771e-05
-4.184481529613232e-05
-6.228890390143715e-05
-2.62069093429006e-05
-2.6728458290030243e-05
-3.019238875925986e-05
-7.42434506085973e-05
-9.258182723059117e-05
-7.526068514216407e-05
-7.479698840322098e-05
-7.094755855992638e-05
-5.213253015874932e-05
-5.130408115457393e-05
-4.706924979513168e-05
-3.835357397693183e-05
-8.18301191788633e-05
-8.120557160241666e-05
-8.551290267684082e-05
-0.00010252599169276739
-0.0001041088197215115
-0.00010114178880787991
-0.0001059741871206928
-9.679519490675368e-05
-9.853735252425215e-05
-0.00011975094229318571
-0.000119778153518032
-0.00011960722894845944
-0.00011886876114183584
-0.0001906516046047252
-0.0001949641809406702
-0.00020095909053106177
-0.0002118807585463403
-0.00021171684085764965
-0.00022478829201615615
-0.00026747280867082197
-0.00026403780299684936
-0.00026369846201220506
-0.0002683381610509711
-0.00026248820348832543
-0.00033074887979366914
-0.0003322528635974026
-0.0003315295112230844
-0.00018884566678934725
-0.0001804333904205952
-0.00018021607355674844
-0.0001622605633911748
-0.00017238676313901955
-0.00018474711336498908
-0.00018735503097166802
-0.0002533718709888424
-0.0002597136590687711
-0.0002577488960477479
-0.0002517424710658584
-0.00025071125792091724
-0.0002518545184158546
-0.0002553369566388369
-0.0002619535888188507
-0.00024584836749236874
-0.00024881847054293864
-0.0002470311393546636
-0.00024639335287934426
-0.0003289364125714606
-0.00031921660173261034
-0.0003107799068277894
-0.00031332875216759625
-0.00030630130074125317
-0.00030338278979555
-0.000302760493093845
-0.00030234653655546195
-0.00030382689772219404
-0.00030419998462062815
-0.0003045558685104145
-0.0003087824253731029
-0.00031743639285565826
-0.00030484610744324983
-0.00030309070720171337
-0.00030266340255481755
-0.000302135829932415
-0.00030782565398908914
-0.0003048387188657639
-0.0003036290701568368
-0.0002952116227299891
-0.0002936448603523302
-0.00020791814028958358
-0.000205985111401063
-0.00020652773997633338
-0.000148940325031457
-0.0003226881252600272
-0.0003190862553084812
-0.00032186785770989924
-0.00032772590143630945
-0.0003141347842017486
-0.0003135277660893567
-0.0003542286946005057
-0.0003555807660164562
-0.00032955379176194475
-0.00032914981801774565
-0.0003629306677406104
-0.00036414588979054427
-0.0003768508090536194
-0.00033030832541434225
-0.0003312244963910982
-0.0003366707532064149
-0.0003327615986648112
-0.0003212681877778657
-0.00031860646236671325
-0.000317917239713054
-0.0003197333391506746
-0.0003213967130653517
-0.00032308393996301974
-0.00032377274187260957
-0.0003311360650094267
-0.0003313279450730458
-0.0003308188192864113
-0.00032894886800510553
-0.0003285882932639015
-0.0003389695073188526
-0.00033937458475598423
-0.00035849705409522417
-0.0003569805911779759
-0.0003601341756521517
-0.0003505098075079784
-0.00035007210291268997
-0.0003498106667759027
-0.00034905105980412917
-0.00034718781718285903
-0.0003536105662922267
-0.00034615454934503625
-0.000344131235161177
-0.00034114125490432084
-0.00034618516410835114
-0.00034399425486934397
-0.00034333334636286295
-0.0003431108857323452
-0.00035029862192765215
-0.00032339127323179203
-0.00032597006274425676
-0.0003068608888741571
-0.000286646129750473
-0.00028516769558993766
-0.0002847318054579435
-0.00027907170603184013
-0.0002789615319680799
-0.000282402855538564
-0.00024654547876469464
-0.0002444798508629264
-0.00024253473512580718
-0.00024039309628278628
-0.00024178464267883592
-0.00023832608693082828
-0.00024585888578490463
-0.0002489605473050333
-0.00026920771361391746
-0.0002796009202559496
-0.00025528121706959835
-0.00024105197489926347
-0.00022412694929509634
-0.0002226948292743928
-0.00022109811001582986
-0.0002211376258062575
-0.00022076877611353613
-0.00022024087641504868
-0.00021974698849649155
-0.00022020052043754596
-0.00021900120883655967
-0.00022256805673936974
-0.00021342513841340156
-0.00026649988141061025
-0.0002941383250086778
-0.0002938841382398017
-0.000316239065705107
-0.0003165768365672226
-0.00031624990055675916
-0.000303354088194191
-0.00031853326019657015
-0.0003179298548318139
-0.00032091822858261557
-0.00033019583564877086
-0.00032976485833764355
-0.00032897697859600667
-0.0003279216189427204
-0.0003271160702286347
-0.0003286509260383444
-0.0003290161628472855
-0.0003291192949499684
-0.0003283849767633741
-0.0003283060466545877
-0.00032844856321957434
-0.00034322052855056316
-0.0003692773171719999
-0.0003686923957554385
-0.00036859255145371515
-0.00036821444496748995
-0.00036794518009255464
-0.0003814206917374623
-0.0003789775729442882
-0.00040475776883549294
-0.0003664417252004647
-0.00036846244062613005
-0.00036589066580522157
-0.00035214576481163264
-0.00035252250645109956
-0.0003517376607845783
-0.0003504156084743948
-0.00035095481566685275
-0.0003447215294151242
-0.00034484906790816037
-0.00034378933393306035
-0.00034325147782047317
-0.0003413946354100435
-0.00032557715315227273
-0.00032877433207706685
-0.00032719907867149816
-0.00032637918313194853
-0.0003276296572531596
-0.0003259165172155869
-0.00032574124201835647
-0.0003114482965583395
-0.00029092768470323325
-0.0002869023972700315
-0.00029110440130897676
-0.00029037380267834395
-0.00028262064298285877
-0.0002844002643276737
-0.0002843269319610574
-0.00028552321654853234
-0.0002853312223495348
-0.0002813912013854465
-0.00027833872529104065
-0.00023508444763952458
-0.0002686535927844697
-0.00027110219653004924
-0.0002796965402444346
-0.0002782636056646291
-0.0002823754898682379
-0.00028126738435666913
-0.0002802362013942361
-0.0002800852957061479
-0.00028022126969382325
-0.0002799116294727939
-0.0002761494200510228
-0.0002828189722982612
-0.0003286149023269891
-0.0003040487531157282
