0.03310440108180046
0.02604354949047168
0.021634811302646995
0.01685827574692667
0.01612630296343317
0.014016474231279323
0.01340656218235381
0.012211625929921864
0.017403909703716636
0.014412051109089094
0.02133453035882364
0.01995642667707916
0.01748926091074412
0.01635016201374432
0.018668434568098753
0.017555803146131123
0.017401270649214796
0.016407607353022817
0.016094883237383333
0.015476434555326015
0.01476192986658796
0.01409856533269783
0.0132465842137511
0.012680283994995992
0.011682565096215026
0.011655239513924312
0.011273246745466687
0.015542076535799927
0.014602343261261317
0.014414105884028569
0.013948113547030516
0.013543469949967624
0.013143578779015704
0.012713718815315847
0.012179666122998848
0.012259723519712901
0.011587426411240718
0.010993772976060148
0.010739098976955576
0.010538100888391834
0.0102496775786373
0.009905801879053905
0.00969681441297739
0.006826357472487468
0.007151442874917691
0.007326363200882818
0.007194859326318694
0.007042724592997266
0.006821779451711338
0.006772793383325004
0.006641120034076337
0.007076732526431168
0.0071089309056804745
0.0052373536543613725
0.0052357194964705355
0.005255395564809238
0.005046536441333392
0.004970961408092743
0.004864297954554786
0.00473923883083578
0.006543780643105199
0.006446861693730748
0.006324309899696345
0.006278291724671503
0.005655920337934125
0.005508380344657944
0.005368437707361677
0.005278166677390287
0.005263937161881976
0.005218176423997495
0.005190773857672565
0.005157116044943433
0.005068737301150358
0.005162790621301007
0.005197246502575583
0.005413962133790447
0.005379642310939606
0.005299073323011372
0.005219033207959004
0.0051580054895128844
0.005035446025697353
0.004965792318468731
0.004909699816250528
0.004843210334023327
0.0048205114092757725
0.004772446198163465
0.0047163491644823825
0.004599349418333917
0.004328061921680478
0.004249608632292893
0.004162578822734247
0.0041167551886461835
0.0037070341264126864
0.003657185381330479
0.0033371137464352344
0.0036385281884727177
0.003858987790278794
0.0038335201221858088
0.003800142245090686
0.0037208694399427883
0.0037960686325580685
0.0037617538338645786
0.0038326174752420744
0.003787611630659309
0.003539437684628627
0.003653020895628596
0.0036557353704901544
0.003691348283075828
0.0040486798638250405
0.004438042902423864
0.004432258316293365
0.004376988750390517
0.0044119370884385615
0.0046100234932332
0.004559574098336807
0.004511940579139531
0.004486906712727281
0.00449544177230442
0.0044923846062374685
0.004498333731353044
0.004429930578270782
0.004355541352389433
0.004246918099236231
0.0026981473318883247
0.002665382225608312
0.0027681173694042304
0.0026774683497592404
0.002790295540198574
0.0027820090481747287
0.0027873721938488764
0.002743525648012029
0.0027127891155401844
0.00262895411836312
0.0024751139093832893
0.002454595248095491
0.0024724166012767648
0.0024564109177542095
0.0024451951527396047
0.002377008232048998
0.0023929505712284188
0.0023488859315734857
0.0023759652584586866
0.0023770530382434037
0.001626097835883388
0.0011128126845431174
0.0011291501002301497
0.00111974529495087
0.00107550333573791
0.0009138486168133892
0.0006450775474258287
0.0005739122929490394
0.00046661043345808177
0.0004730980959815423
0.0004912715313689533
0.00046553564518548527
0.00047776534261551425
0.0004347242896914461
0.0005118235850610802
0.0005210517584146166
0.0005120933350983315
0.0005051710499241467
0.0004109719408296805
0.0004554670820919186
0.00045534516177598975
0.00046017063215847816
0.0004494365081724362
0.0003705352655742919
9.638368422971658e-05
9.594769341193385e-05
0.0001589502492590761
0.0003063091885134039
0.00015508992762494793
6.654687700345067e-05
6.1902181519796e-05
6.154318552117831e-05
5.91948537167843e-05
1.8993430601544614e-05
1.947354083404896e-05
3.191495205909711e-05
5.7967543860565425e-06
-1.1760349290131521e-05
-1.736483439647726e-05
-1.6773414956884846e-05
-5.383223627152602e-05
-1.2541252848053964e-06
-2.967012119491755e-05
-3.889067018927061e-05
-0.00018189794920746893
-0.0002730618052546065
-0.0002797034096566417
-0.00027691307233605115
-0.0002929581792324215
0.0010186391172254926
0.0010234908628402866
0.001017573005291136
0.0009246537952209947
0.0009217491092523717
0.0008970915505003864
0.0009038052478717888
0.0008963452729851773
0.0008969783635566829
0.0008639439931420368
0.0008585436706055728
0.0008581479346214968
0.0008739439506525668
0.000873204562427806
0.0012222280660213229
0.0012020050161869087
0.001188253803065026
0.0011921913761803364
0.0011809892662913981
0.001182091906554714
0.0012011546651788166
0.001194500320436716
0.001190629104678887
0.0011723815801597433
0.0010111755588003276
0.0010049045347044103
0.0008144772786842884
0.0008132588845910517
0.000863570343508483
0.0008367307227957932
0.000706077629274661
0.0006776155169872167
0.0006638172173906602
0.0006511380582753509
0.0005848692156800303
0.00043235103785025904
0.00043046456159335567
0.00035982030202953263
0.0003375794855448237
0.0001470419458841094
0.00024976140076223024
0.00024758226193606663
0.00024627894992467684
0.00023281884533554666
0.00023515612814999152
0.00024141694378779127
0.0003651597429476788
0.0003353685450788959
0.00033892120546993366
0.0003583791828678393
0.00034281942883309014
0.0003292568735077476
0.000327853222617292
0.0003282275560902546
-9.952833032354606e-05
-0.00011033889281551176
-9.416658440022601e-05
-9.98994931928797e-05
-0.00010768459131733187
-0.00011235785958970854
-9.1855162217264e-05
-9.294762558591262e-05
-2.5713077860699404e-05
-1.0674502350640572e-05
9.468722495258649e-05
0.0003906959239054127
0.0003647256552190263
0.00043628040614285556
0.00043642704816866705
0.0003760333324637817
0.0003669963771520127
0.00035228571760630845
0.00033449373321009995
0.00037315033146983464
0.0004501691615695941
0.00045111510350536084
0.00046061341959608115
0.0004700623000587514
0.00047106204577657574
0.00048363783174290884
0.0011787150373240947
0.0012656005937870687
0.001216311104777245
0.001208163605817378
0.0012018840568462188
0.0011981760684367845
0.0011032987394563483
0.0011006336478407513
0.0011029560001517892
0.0010937076905923708
0.00108856830142236
0.0011189093357084833
0.0010881364197029423
0.0010593169830864844
0.001055147378514853
0.0010515034718047848
0.001044324154946512
0.0011100603826474035
0.0011140344309278094
0.0011063165731107064
0.0011172865017376236
0.0011172123929392944
0.0011147799255136431
0.0011679071752773522
0.0011531117128494631
0.0011326067081162392
0.001086970873802784
0.0010830168313769536
0.0011019580345340645
0.0011066255184313477
0.0011156136709264265
0.0011080926088816642
0.0011046968304987367
0.0011032732836492604
0.001100416651279847
0.0011612050300072218
0.0011650730502761662
0.0011464931838921126
0.0011495766849316754
0.0012318595087887668
0.0012200338192058693
0.001213924644426221
0.0012330977095856887
0.001232757566537861
0.0012331309262663128
0.001218841399495318
0.0011361431592376906
0.0009554666365464903
0.0009516109898614105
0.0009407578329930529
0.0009385768728266777
0.0009324220270187095
0.000930909642996481
0.0009285752524551297
0.0009250977752633003
0.0010483655925980972
0.0011311097144216273
0.0011304503978420686
0.0010348978409517686
0.00103387075759346
0.001018462263242534
0.0010154703468179466
0.0010151834440778528
0.0011193057364859403
0.0011120770166050033
0.0010802307471996196
0.0010734117743488561
0.0010758875052803013
0.0010650201638197107
0.0010272678827020353
0.0009225050943324845
0.0009131060754135839
0.0010049607193114208
0.0010426234166935585
0.0010468040130182015
0.0010455257024008157
0.0010508372654138448
0.0010785229491701988
0.001012684752858852
0.001008646638747811
0.001007816896383645
0.001000849059228515
0.0009992288698484713
0.0009990475818001474
0.0009561677002111843
0.0009519690013304403
0.0009513329673659935
0.0009494514044158087
0.0009473958097265064
0.0009396115686940002
0.0009438074705160816
0.0009433061364041053
0.0009560796192875741
0.000953215308114815
0.0009532143656730589
0.000925035353344075
0.0009202716043374324
0.0009303736487292354
0.0009265761551012143
0.0009247781400973821
0.0009255487022217274
0.0008991038539631217
0.0008923082357825404
0.0008995590738169601
0.0008763276431559776
0.0008706308756203569
0.0007653576402653449
0.0007648308616767629
0.0007189625693319892
0.0007195398083390041
0.000748339889426575
0.000782124484641071
0.0007855987267559587
0.0007916789787858098
0.0007910273126240616
0.0005525744897981908
0.0005588820627590163
0.0005454201961846597
0.0005456195744073388
0.0005408874241474579
0.000533493740624578
0.0005295191021646077
0.0005246166670352097
0.0005302006781265956
0.0005248732880240437
0.0005046817573441476
0.00048178520136843883
0.0004829507958817984
0.0004795226097204744
0.0004793307329751549
0.0004900988449005334
0.0005042451389597796
0.00047968470582346697
0.0005117151464639316
0.0005170523296890358
0.000513168613310648
0.000527672253994707
0.0005278954714100959
0.00058362267796414
0.0005823452871310236
0.0005657284858028542
0.0005620819751020025
0.0005611356428490721
0.0005782852717715401
0.0005791109895906186
0.0005262181139035361
0.0005253300293502218
0.0005233038104172935
0.00044042769825549874
0.000452554699085067
0.0004547402003661877
0.00045536522393590807
0.0004572659053350513
0.00045205663833466605
0.0004695420801500771
0.00046883095922403776
0.0004738079234346854
0.0004620228306128817
0.0005540419652174092
0.0005421385259188939
0.0005386075932862953
0.0004854285872055303
0.0004980475083031892
0.00037733525072247237
0.00037312625499492604
0.00035194207505112325
0.0003511242244009986
0.00035788119191925143
0.0003356196008814852
0.0003105601684123521
0.00031019787933359017
0.0003138065650387803
0.0003592839208116688
0.00036085964949322775
0.00041479138790480536
0.00040845972529382653
0.00040107772255093267
0.00039701488966564595
0.0003899311528238715
0.0003914146592004253
0.00038509623188558666
0.00036201655418483517
0.00035778779607952834
0.0003611440208272263
0.0004864335139829495
0.00046917378748213563
0.0004640310171018193
0.0004727470771753454
0.0004943945227810162
0.0004921014877698439
0.0004963686212430074
0.0004935806196191419
0.0005516065604025898
0.000546033992706114
0.0005461948093335766
0.0005341115885617168
0.0006072352524805617
0.0006019347190020959
0.0006001647595355082
0.0006037752008202857
0.000602435435139188
0.0006018721110817036
0.000600469779466276
0.0005997447709243177
0.0005897379348109755
0.000579375206154988
0.0005822750596469938
0.0005768055965927112
0.0005818697475423135
0.000605556780528768
0.0006027067827271223
0.0005981654731474866
0.0005807606844521509
0.0005684153209406648
0.0006631778446307349
0.0006629887052505709
0.0006588820555555931
0.000662186279041709
0.0006813793928022357
0.0007285500319611037
0.0007307278760430503
0.000756224784323202
0.000810448359585838
0.0008015559749003829
0.0007978926522916002
0.0008193957339230087
0.0008193944672639197
0.0008146147299961956
0.0008135795854203363
0.000809586622176856
0.0008066087660276867
0.000799938287374323
0.0008022314567296214
0.000800789046210541
0.0008199234742342806
0.0008176017055211743
0.0008064132642425206
0.0008007842664922801
0.0009299935384028406
0.0009398228158728352
0.0009406197873484753
0.0009392792968020397
0.0009377229465748981
0.0009038888398680119
0.0008988084033037831
0.0008965546482310558
0.0008958965393678512
0.000919145712199917
0.0009154136320004872
0.0009135490705883351
0.0009163440845475793
0.0009212370702499319
0.0009179943337045963
0.0009180796990979638
0.0009122450543235111
0.0009107566990742225
0.0009108877740560144
0.0009084445178701311
0.0009062539059797074
0.0009083673953998278
0.0008973435601870563
0.0008983497636015458
0.0009161764961940648
0.0009150290646326304
0.0009117799697334413
0.0009116783899564014
0.0009103819525012962
0.0009082062023348026
0.0009163368890012632
0.0008829703089472868
0.0008818699065567248
0.0007107024473852939
0.0006930672183003926
0.00068902456343155
0.0006863026311014835
0.0006807134117536351
0.0006770647105275375
0.0006704993440983067
0.0006668667751218108
0.0006660889205492581
0.0006668880269941783
0.0005393028592299899
0.0005406552722954032
0.0004954609329300648
0.0004960776858651024
0.0004997173780237247
0.0005112030343330593
0.0004911364044062855
0.0004951601563318233
0.0004979509658805531
0.0004939768561553468
0.0004940428059741058
0.0004930780429411624
0.0004917807033803371
0.0004868678099491027
0.00034874379702182245
0.0004885182627906935
0.0004800333367639905
0.00048650306638325106
0.0004815268653091085
0.00047909467416391757
0.000524843542247571
0.0005306508102857311
0.0005297948409136354
0.000535770019032939
0.0005616577325809974
0.0005597648900628234
0.0005483907476859166
0.000548372205714847
0.00046945992738044433
0.0004213067185203624
0.00041533796066399974
0.0004136341022559339
0.00039970024134897895
0.0004253849191701777
0.00041905772100486554
0.0004185578473432983
0.00040867004352706035
0.00040843390371031403
0.0003986628888422799
0.0003931381994205909
0.00038984393530186386
0.000338876085844955
0.00048670685965365804
0.0004937480842479486
0.0005118133478590951
0.00052771067124013
0.0005449180071460416
0.0005317857612892629
0.0005365639177612592
0.0005371065573390367
0.0005408216419206193
0.0005515485879543803
0.0005657649772913507
0.0005666091939875332
0.0005663988389722982
0.0005654851991255523
0.0005653369372829249
0.0005791253096551645
0.000570372639725275
0.0005678049991868744
0.0005811624061755187
0.0006262501111456465
0.0005523420981383346
0.0005404049511923318
0.0005396239204344798
0.0005545293420196228
0.000500224205619152
0.0004969514205147983
0.000483976991535075
0.0004822774861908434
0.00047634517632832405
0.00046856936964854333
0.0004659009466145823
0.0004914363592630773
0.0005937390084254568
0.000585951510939119
0.0005854242898102205
0.0005846420937233026
0.0006155868110031195
0.0006151664496090027
0.0006132321405506614
0.0005737229870927138
0.0005670707840644032
0.0005514194693698602
0.0005509147556747657
0.0005484056257358827
0.0005366132286574633
0.0005307066437049708
0.0005281794084037381
0.0005292615076976539
0.0005265747384991024
0.000523672512714404
0.0005215510546893153
0.0005138762931347855
0.0005136612077115698
0.00048307169205005535
0.0004863233522021111
0.00048504180381175286
0.00045503449964849813
0.00047445754868628506
0.00047376759965201694
0.0004775066222214831
0.0004697568831914441
0.00046268099134076017
0.000465555053609346
0.0004625484234097587
0.0004590860227365389
0.00043380856644054154
0.0004332331217473853
0.0004344597345596381
0.0004219510758144022
0.00041941189715612577
0.00041776037489952466
0.00039253874755597334
0.0003881783961607614
0.0003947557897302431
0.00039262187928637684
0.00033996320106986186
0.00034052630575926314
0.00033731755392390036
0.00034314441160219247
0.00033752495376968087
0.0005458430790508472
0.0005467171022192831
0.00055520277239395
0.0005540398102285146
0.0005335041587867316
0.0005031339949208535
0.000496220323815257
0.000504768295124121
0.0005023399740515966
0.0004227342301326618
0.0004200457835972571
0.000413076848753178
0.00041009250326671143
0.0004056834248357516
0.0004094630067783893
0.0004099689958899687
0.00038433606509484503
0.000379189691677826
0.0003799720391313508
0.00037717973568446994
0.000377841267294222
0.00039382080800262615
0.0003957450140434126
0.00040180075751258023
0.00040188514542228873
0.0003747970009716781
0.0003815791413962286
0.00038701729863274546
0.0005528813885195242
0.0005539209542640985
0.0004935022464913155
0.00047999788499654005
0.00047773805893937596
0.00046920472096631803
0.00045361454777148114
0.00045087413088388146
0.00045479405791926846
0.0004528896386301406
0.00048136107038803923
0.00048082835300390783
0.000479286658710497
0.0004750101893617479
0.00047579969419917417
0.00043581743395356673
0.00043612501288101227
0.0004370655431764278
0.0003491420974497644
0.0003520301886045637
0.0003653402133932114
0.00036848803678663145
0.000367792955907238
0.0003578701652344005
0.0003728798732062483
0.0003727760577345339
0.0003738765964366685
0.0003734105494029184
0.0003749414130774046
0.0003744052180480778
0.0004129122481949686
0.0004187803445164649
0.0004177292617301653
0.00041840809413637333
0.00041217623385452374
0.0004138516172674468
0.00041273688520898427
0.0004039854184843287
0.0003845383977992205
0.00038277727734351675
0.0003778281195210139
0.000379207449946044
0.00038288395003894735
0.0003788018691770263
0.0004110739851610095
0.0004096172602706561
0.00040893694889826296
0.00040847652537843613
0.00041429220218222574
0.00043766417590586316
0.0004441224664309194
0.00044292475188610533
0.000443024677654576
0.0004419465260243656
0.000441525418790038
0.0004449024767836829
0.000481740237043696
0.0004775640721705543
0.0004686233888590299
0.0005014050212660832
0.0004797830132708029
0.00046445434329699385
0.00046329899060199947
0.0010521486534642588
0.0010623745317172545
0.0010613177418507544
0.0010566311542241416
0.0010638472212065458
0.0010619890299530036
0.0010604781696378096
0.001057089529300181
0.0010495298978635088
0.0010447522314581926
0.00105416712199667
0.00105005836013218
0.001047269332801267
0.0010432465444045998
0.0010443906130650398
0.001042786393232958
0.0010422624721782934
0.0010171772134381879
0.0010168397715224701
0.0010234857995985636
0.001022074062299636
0.0010103265698436833
0.0010108751485847598
0.0010006578700884933
0.0010076920551785992
0.0010195619938053744
0.0010173170936922128
0.0010399819356926578
0.0010416556848720387
0.0010326764542167275
0.0010319626920097468
0.0010320331190503634
0.0010353296087919264
0.0010452396126698405
0.001044344414966285
0.0010345638180605178
0.0010747758451113776
0.001068020289407603
0.0010610639521640792
0.00104254424876905
0.0009781476780612102
0.0009774564192666145
0.000983914988586391
0.0009909085996568532
0.0009905994818438174
0.0009973976027094589
0.000993707465237425
0.0010577358336589108
0.0010476698137087148
0.0010486462016698346
0.001046741634938754
0.0014566043935232975
0.001458639075749156
0.001459800420783984
0.0014596817502152703
0.0014423471423261035
0.001443511297577185
0.001441713890047995
0.0014402994834540831
0.001439243427513163
0.001435565748282819
0.0014424016503801662
0.0014449988795998926
0.0014743707183199578
0.0014829805923502943
0.0014810734576058999
0.001485169476247864
0.0014831365505943578
0.0014881653619166731
0.001518664596892368
0.0015198498421838433
0.001519060389615156
0.001518220262176415
0.0015982520063094017
0.0015955202823192583
0.0015889451274228189
0.0015877540504420531
0.0015040795270024807
0.0015017921457451025
0.0015006836094585336
0.0014927865280469639
0.0014919580718283805
0.0014976524264591938
0.0014861695057906998
0.0015889261705904437
0.0015802705426689197
0.001581302779524577
0.0015738385733725393
0.001569899244746055
0.0015683605034507151
0.001567827835493086
0.0015607275440515623
0.0015649596937311258
0.0016131722724048664
0.0016153468408881934
0.0016129648382275537
0.0016110687182828308
0.001609142909194559
0.0016133235973663858
0.0016201216774457438
0.001616501871467336
0.0015116067058764465
0.0015074222820145944
0.0015045147071303553
0.0015025732371697926
0.0015174579986282834
0.001513039341742665
0.0015108871187050172
0.0014454508735685348
0.0014439042543007061
0.0014409797729218016
0.0014427904279686577
0.0014383075851500601
0.0014371198301683095
0.0014355340000022769
0.0014313498776102693
0.0014279271557603049
0.001406019282194137
0.0014020338131552528
0.0014223119874469496
0.0014188020508185118
0.0014216242949184358
0.0014201824511371939
0.0014185770212169766
0.0014071063757865603
0.0014054939948036848
0.0014037513660401263
0.0014015564655247106
0.0013987019711407824
0.0014031087982059114
0.001401776357315431
0.001400276986990932
0.0013987146362973782
0.0013848872141568364
0.0014417978965403698
0.0014437648604376438
0.0014451272867567443
0.0014446897924626598
0.001442683092691209
0.001418311028654636
0.0014040702460709098
0.0013803560593232045
0.00137110504179763
0.00134735677124734
0.0015467253283995782
0.001639368393963971
0.0016311152273799229
0.0016294298054590364
0.001627378805726664
0.0016258631040874582
0.0016254269491740362
0.0016234194237567069
0.0016276770885769048
0.0016247855742014513
0.0016104042069386953
0.0016131530303893984
0.0016560810040499609
0.0016068890375602178
0.0016052004029272825
0.0016036947850349172
0.0016099928286920368
0.0016249727606915975
0.001620947602834096
0.0016198038685775007
0.0016084197270136585
0.001608990895488231
0.0016106561854378238
0.0016206358238728211
0.0016350728008952074
0.0016346441537895447
0.0016283956278685665
0.0016265540017061278
0.0016166918058267616
0.0016152374566612581
0.0016138704484343202
0.001612300682356995
0.0016132681749002917
0.001612383104058908
0.0016341360397187463
0.0016391748535964595
0.0016369490666580688
0.0016345751917913635
0.0016330464635915356
0.0016301831212343753
0.0016267174952642439
0.0016252998989110595
0.001645306261503908
0.0016536280508300388
0.0016507924048627513
0.0016488644592596313
0.0016373486374141272
0.0016366720642546832
0.0016357908949795328
0.0016290453913754366
0.0014737605704784602
0.001476682171112976
0.0014745013673256504
0.001471332714499741
0.0014699287393878978
0.0014687750675543582
0.0014517140103500685
0.0014500858349073237
0.001448782964810085
0.0014472953305753556
0.001438118494214674
0.0014373659110589055
0.0014359004739376477
0.001435396602735591
0.0014308424111405098
0.0014425044425810845
0.001447976808942728
0.001447787379324759
0.0014233740335046212
0.0014213855619824255
0.0014214719082452656
0.001406056428811913
0.0014112646576151533
0.0014081403150148495
0.001410303421119798
0.001408047146381472
0.0013017110055127752
0.0012975984577752485
0.0013089925679026374
0.0013036831410712627
0.0013003984082565311
0.0012991521008355728
0.00129741257146872
0.0013076181922459288
0.0013069446486394163
0.0013068308756012657
0.0013138591891601993
0.0013155111346382054
0.0013693905043169273
0.001357682457598953
