0.06258636713027954
0.041853165409217276
0.02581832103896886
0.030765882227569822
0.025477482005953792
0.021692349741767564
0.01890132766857278
0.016877139220014218
0.013785475702024999
0.012518150033429268
0.011996577862494938
0.011145172313822867
0.009538816383740469
0.00887676811156174
0.007976196400704797
0.009635273517821645
0.00865200595257597
0.007994038089619657
0.007557747187092902
-0.006244951371280918
-0.00733383935452862
-0.006966335091577922
-0.006874524192729343
-0.006700942404568194
-0.00626062682399956
-0.006096666579617669
-0.005587237259273283
-0.005266161222042964
-0.005117538720757389
-0.004962625488969347
-0.0047802329681871925
-0.004665098445856887
-0.005265753479975769
-0.005133440096064338
-0.004985976886220872
-0.0048566484745950576
-0.004562754794039251
-0.004206116881761821
-0.004068717998234207
-0.004076808677182716
-0.0038183681487377434
-0.0037163716912145066
-0.003688200538652548
-0.0056865427982605386
-0.005512326953580868
-0.005568626750708915
-0.005514970221762876
-0.0053466956528516645
-0.005264977566257585
-0.00524622810503477
-0.005132973329846908
-0.005039968848819317
-0.004968170835733568
-0.004893912436620501
-0.004967258056370025
-0.004711382199546501
-0.004589978403036465
-0.004523018149361092
-0.004484114147150344
-0.00446510086237781
-0.004976803349798559
-0.005339592373015224
-0.0054401142144797614
-0.005339245923767939
-0.005287529801231963
-0.005237206835134662
-0.005131266813644768
-0.005090756801782052
-0.005002202793132578
-0.004849602928439245
-0.004781552335973375
-0.0047634978316587135
-0.0047143751488309465
-0.0039404788995549694
-0.003906795869337848
-0.0038607812540638916
-0.0038105321663561664
-0.003769476648145266
-0.0037146968897104663
-0.003473892475871432
-0.0034249528003650674
-0.003543362621668899
-0.0034892452807807344
-0.0035388803300413518
-0.003508058813759965
-0.0034633969630338195
-0.00363110447167194
-0.0038038720009721592
-0.004217184262476318
-0.004872102996479633
-0.004831570957242587
-0.004935823798962613
-0.004890633201362203
-0.004843472011041165
-0.005378370161679412
-0.0043107619797588875
-0.0042657573829608135
-0.00424269221408817
-0.004246074013281031
-0.004205052990055444
-0.004128960043625042
-0.004081904535728293
-0.004243746015023273
-0.004202599777116639
-0.004182486252555566
-0.004179871689175172
-0.004145934841694218
-0.00412491064030333
-0.004118754555119349
-0.004035421753255545
-0.003970050794708056
-0.0033612977313490756
-0.0031320832665522554
-0.003126677458931226
-0.0031090289745595236
-0.0030886181174358553
-0.0036910520296152168
-0.003980834121381015
-0.0039352823167064345
-0.003877712290698936
-0.0038589478565688195
-0.004284770937049213
-0.00416065083792942
-0.004129488607111853
-0.004399766307682194
-0.004433961443254251
-0.004849270820329821
-0.004072348122625313
-0.004167691608521497
-0.004129677770278535
-0.004014009850751875
-0.004008993069819418
-0.003991154003564753
-0.003983682468350271
-0.0039439233850156186
-0.003912564317080157
-0.003919805897105794
-0.003927130068862971
-0.003972270117862668
-0.003945364954240263
-0.003879303254199817
-0.0039260581082732025
-0.003906999108090129
-0.003867064402508953
-0.0037810613314221693
-0.0037511869657489328
-0.0032495150192246663
-0.0033126480128024666
-0.0032775344448843216
-0.0036084266093352195
-0.0035843160461521834
-0.0036763547723477554
-0.003654382682631064
-0.0036214046417303676
-0.0036037721584318973
-0.0032578159749206137
-0.0032245053971334398
-0.0032068162233698343
-0.003178580010398948
-0.003134704099200532
-0.003086611044704183
-0.003279487244998024
-0.0032259033501404496
-0.003246966023818295
-0.003253912687533416
-0.0032090937219365666
-0.0031794677173647445
-0.00316327806193135
-0.003121208780666006
-0.003302283441126742
-0.003373969787960875
-0.003381063653308578
-0.0033385632295799095
-0.0033077717842284727
-0.0032153431414537244
-0.0032168867538494355
-0.003197873298877005
-0.0031790668663894627
-0.0031665682364594733
-0.0031835410359411405
-0.003263487816913946
-0.0032507259101060447
-0.0032390087238166844
-0.0032584955530772864
0.0001471803746338294
0.00013070079238237478
0.0001685341896827988
0.00017869594166142848
0.00035753855431961003
0.0003284635968157096
0.0003379329641196218
0.0003852765167471621
0.000401037891109453
0.00046245175102600317
0.0004400340265197073
-7.948616028646279e-05
7.410024743582512e-05
0.00019383902178729849
0.00022306801238301048
0.00019757115508433254
0.00017964712292674106
7.745525019049596e-05
7.803200049452581e-05
-4.695744140828867e-05
-0.0001889665647326776
-0.00025084559235003017
-0.000264272783764541
-0.0005586242049324773
-0.0005928146413463671
-0.0006019457245658815
-0.0006238455165966674
-0.0006254515112249255
-0.0006253617030209918
-0.0006411617203834891
-0.0006353805817222252
-0.0006720224224861964
-0.0011332313274954537
-0.001495415252240291
-0.0014009833684130247
-0.0014667127594392322
-0.0014556186044075298
-0.0016420074464033368
-0.001787723706164407
-0.0018037127423061363
-0.0018109453591763807
-0.0021325649665978872
-0.002408227167331476
-0.0023939476706411407
-0.0023850406951880904
-0.002379508230093618
-0.0023617116677745915
-0.002374965784619831
-0.00236227149562338
-0.0023533267462242167
-0.0023530800341269864
-0.0023491092246108805
-0.002307110204648259
-0.0023227617167782474
-0.002317054142167762
-0.0023396717671208813
-0.0024315573168114646
-0.002383584834314517
-0.002385174973227788
-0.002385978344905105
-0.002364350559751407
-0.002357185927394312
-0.0023458270918948277
-0.0023564665372182805
-0.002350452446524286
-0.002345771584582127
-0.0023763726710765492
-0.002211009468953447
-0.002212097736468078
-0.002159768920169239
-0.0021503955509558632
-0.002155941962313173
-0.002139369367486246
-0.0021477326680580237
-0.0021344505040850393
-0.002141519460885765
-0.0021770091107031165
-0.002193658898256766
-0.0021659979940633275
-0.0021922089621580617
-0.0022277384336380876
-0.0022058821286714434
-0.002163624712052092
-0.0022456661766846343
-0.002249059186794544
-0.0022599817777679263
-0.0022329616413384527
-0.002221040463158408
-0.0018137149104836172
-0.0018087831826150323
-0.0018076231413758333
-0.0017839098948468815
-0.0017660524606444654
-0.0017489464603826364
-0.0017419564590454675
-0.0017397930435005655
-0.0017349453018728471
-0.0017373317770292566
-0.0017347463815664437
-0.0017432012032306938
-0.0017449094098941752
-0.0017237636944526903
-0.0017035967152120662
-0.0017695839454733697
-0.00175874089219523
-0.0014218777863745234
-0.0014177193844598015
-0.0013289406735268441
-0.001282560558478643
-0.001281067310073767
-0.0012774733607305243
-0.0013467291396149258
-0.0013335317239915742
-0.0013191813776936496
-0.0013277504387709377
-0.0013204211546535487
-0.0013161852278768624
-0.0013279912979336267
-0.0012993238953497067
-0.0012490710837348565
-0.0012525791792190254
-0.001212375243680728
-0.0011398200081616354
-0.001285981181030376
-0.0012833947930043748
-0.0017710807072786662
-0.0017596403797888798
-0.0017630266018084256
-0.0017508008392614072
-0.00171131397699586
-0.001700252008130161
-0.0017021767825061921
-0.001612070051180937
-0.0016361167824319493
-0.0011311089352830082
-0.0010747263968765876
-0.0010715442792914131
-0.001130659954027515
-0.0011276226129587998
-0.0011204979481632233
-0.0011210962743210904
-0.0011200921392431028
-0.001116460737471131
-0.001111458378448893
-0.0011026405278464527
-0.0009595956175693221
-0.0011702807626435565
-0.0011649393017832725
-0.0011637535420534661
-0.0011574719716932044
-0.0011639409131670867
-0.0011335034646017491
-0.0010919902180195789
-0.0010606564920638392
-0.0010566363870191911
-0.0010541068451078613
-0.0010651283435500012
-0.0010699567681953298
-0.0010679690220396951
-0.001067496317441311
-0.0009236845554879146
-0.0009170295820551004
-0.0009065175768489408
-0.0009228877810903753
-0.0009235059751621766
-0.0005771462102060756
-0.00046577251311480757
-0.00035061281613946724
-0.0003646618917761659
-0.00037897372063705036
-0.0003907703365134834
-0.0004624565608996079
-0.00046539943565353595
-0.0004430492780478412
-0.00044311331849813517
-0.00043591889081547855
-0.0004505551207219869
-0.00046910427147301163
-0.0004676881516798436
-0.00046825095353734064
-0.00043398471901182333
-0.0004239649777654331
-0.0004179653567956362
-0.000406789106974184
-0.0003757025977884521
-0.0003689973436211565
-0.0003723963552430919
-0.0003750294194100775
-0.00037027040831006844
-0.00036924067797372
-0.00036536157198923275
-0.00036921405883994326
-0.00036784898421265646
-0.0003672983349135961
-0.00036230030939469945
-0.00035791437651792646
-0.0003577901483920247
-0.0003589947504718173
-0.0003545151454507796
-0.00037203385347618254
-0.0003615228399938055
-0.00034151592853136646
-0.000337090778875508
-0.00032883802975230356
-0.0003274423135735549
-0.0003268823324119997
-0.00032873858604683993
-0.0003168526353187428
-0.00033848089328715773
-0.0003339410220719332
-0.00033587213455933863
-0.0003390660834337705
-0.0003407853205614284
-0.0003447526471797578
-0.000316921247049321
-0.0002701248572940435
-0.00025683888314921295
-0.0002460346119234237
-0.00024368228554125595
-0.00021841074661624704
-0.00017514534723205643
-0.0001661093749930552
-8.985908637744812e-05
-7.934673622914787e-05
-0.00011715140488643162
-9.472829033323139e-05
-6.79497740386005e-05
-8.70109265116281e-05
-8.377762531267109e-05
-6.063339861140605e-05
-2.5619434014654592e-05
-3.292700040924015e-05
-2.5924688210552766e-05
-2.0400448509869917e-05
-3.930070259749587e-05
-0.0005819823960086483
-0.0006759846349040168
-0.0007592972539700768
-0.000737063857758464
-0.0007231115996803367
-0.0007074376852370455
-0.0006780808023742797
-0.0006633818008093466
-0.0006563754550349295
-0.0006623208114496953
-0.0006647572546338128
-0.0006553940906660155
-0.00066631127102287
-0.0006652379803693993
-0.0006616676020022505
-0.0006483817286515724
-0.0006463580449782803
-0.0006439626161172524
-0.0006333266586007738
-0.0006299069029410011
-0.0006338288429790577
-0.000628895141016159
-0.0006276880750206867
-0.0006169968989221758
-0.0006103775522369474
-0.0005988608258276503
-0.0006164992088328265
-0.0006218964445809295
-0.0006216768542272736
-0.0006145700404401084
-0.0005656849607153367
-0.0005491458738524825
-0.0005717202985874334
-0.0004887232677745657
-0.00047650860047164804
-0.00048126010926608274
-0.000488725881715976
-0.0004891389639831832
-0.0004876907603072823
-0.00048659009627716903
-0.0004856214925542987
-0.0004927481974464245
-0.0004965097372165924
-0.0005025374069128727
-0.0004982676640714973
-0.0005123928410398054
-0.0004901004812862903
-0.0008378459161833275
-0.0008367653004856137
-0.0008057803393154588
-0.0008100456433627016
-0.000805136701243192
-0.0008037726338501142
-0.0008008119091962582
-0.0007807431444311264
-0.0007784999178962419
-0.0007702035096063237
-0.000844208319127977
-0.0008126403028924365
-0.0008038809611055811
-0.0007331177695653601
-0.0007662230270560411
-0.0007662210619303886
-0.0007649086430229382
-0.0007746513498036099
-0.0007690018545022973
-0.0007709340231132867
-0.0007763447742423726
-0.000739161433142696
-0.0007360770117179056
-0.0007345171036326051
-0.0007335123692775693
-0.0007399928103996629
-0.0007395558779299686
-0.0007263513661908084
-0.0007195527201445417
-0.0007181544269495301
-0.000738966295226915
-0.0006857047316984301
-0.000676028607078478
-0.0006754723443430581
-0.0006792508486749465
-0.0006774329072727525
-0.000667929728594557
-0.0006734318438932375
-0.0006707234359112801
-0.0006456930491035654
-0.0006494614366616351
-0.0006480079064561249
-0.0006500288404840466
-0.0006661486397220548
-0.0006688489328467987
-0.0006780231935132085
-0.0006790255215332666
-0.0006799955302041278
-0.0006714678869783272
-0.0006678396786750661
-0.0006732421359376528
-0.0006653426520474584
-7.871303925919692e-05
-7.447663880582894e-05
-7.39631827942298e-05
-7.826312117950257e-05
-5.430891202153443e-05
-5.505936631899494e-05
1.567395209162701e-05
6.906093862876255e-06
8.079580504383822e-06
0.00011017026786773083
0.00010831433430452542
9.942036572343586e-05
0.00010857926623375494
0.00010066098505122278
9.855513253773847e-05
9.433164251217644e-05
9.537536546154956e-05
0.00010142704748947118
9.992462527437565e-05
8.215012097874307e-05
6.489640270754426e-05
7.044960553540603e-05
7.057466174076866e-05
6.43475963724452e-05
7.803740271918058e-05
9.903612928710749e-05
0.00010781291283097043
0.00010716900854042553
0.00011274249345328951
8.63867646433339e-05
8.082767507982192e-05
7.912049288622797e-05
0.00012098386612679963
0.0001234948118889897
0.00011264273605722645
0.00011373881216796609
0.00013365323400439487
0.0001376851621480823
0.00013743409966809287
0.00016078272690879576
0.00015760041157721348
0.00014683637591799038
0.00013514906333440927
0.00013630359758386065
0.00017093140792656127
0.00016136477968966743
0.000145709554723102
0.0001273512839834704
0.00012762776520798102
0.00012651782917169453
0.00012066649448426866
0.00010701199310647094
0.00010575059472599192
0.00010068268739619663
0.00010247187433553088
0.00010273417016319284
9.462287444724483e-05
9.596739902249514e-05
9.92575554985031e-05
9.829133770069581e-05
9.671612365466447e-05
0.00011505885333976615
0.00011916657916701935
0.0001262823882125171
0.00012838285960716018
0.00014060682413898664
0.00014176635284351548
0.00014745638240674225
0.00014408005541418273
0.00014651388132062086
0.0001431277045813374
0.00014094735559321594
0.00014093843879596328
0.00016143183476120107
0.0001545601705282658
0.00015590128604031232
0.0001590006049321434
0.00016486723226496344
0.0001679626345434149
0.0001735103855123138
0.00017601632720470748
0.00019477058204498071
0.0002264805542446482
0.00022523365808397257
0.00022533191268481572
0.00022449029934513742
0.0002305216317482128
0.00022550253958709526
0.00022786039750443746
0.0002196670860243849
0.0002072482082976579
0.0002036960089956297
0.00020006409911825057
0.00019153599928277225
0.00019083332821128878
0.0001909290194654338
0.00021585157974659131
0.0002145509432518834
0.00015085542289467536
9.461437255474824e-05
-1.3850626102441347e-05
-9.555245291582618e-06
-2.0510614408850567e-06
-2.256402369361684e-05
-3.598075231937509e-05
-5.527988227549156e-06
-3.274075237867796e-05
-4.2050547507999975e-05
-4.8082632350139155e-05
-4.898744218344891e-05
-4.639256666349685e-05
-4.25050068535412e-05
-1.3676518668759498e-05
3.630239536496999e-05
3.115293892438026e-05
3.6273194661669064e-05
4.0608766591144216e-05
3.632314126853494e-05
6.495895486923236e-05
6.737679048652396e-05
8.678287935026751e-05
8.241741969742397e-05
8.350075289418178e-05
8.913033533380496e-05
8.363250539027543e-05
4.106613751203118e-05
7.027972212928894e-05
6.148703621009191e-05
4.288949710624242e-05
9.59609638918766e-05
9.83674950839494e-05
0.00010274682984536896
9.849232110968781e-05
9.842099994982658e-05
7.869439768604657e-05
8.040431948895966e-05
6.879905638526056e-05
6.885934208725025e-05
6.297213341154473e-05
6.409072822547485e-05
5.973090542697385e-05
4.901346775346392e-05
0.00012361767905223785
0.00013978611114025854
0.00014722296427533945
0.00020325710112710483
0.00020188883283410184
0.0002503055086193755
0.00025597332520290247
0.0002616610475279007
0.00026116147588498955
0.00027110820223711686
0.0002620833854507517
0.0003512414031810644
0.0003791914733923193
0.00037742006457712647
0.000377178495350214
0.000395787663964065
0.00037177616280596715
0.0003674012717676209
0.0003666445970392335
0.0003683326761129733
0.0003689141381967068
0.0003715313379783198
0.0003732010518114413
0.00038294622282213846
0.00038194299401498596
0.0003892506617840741
0.000390844374895858
0.00038611291599075127
0.00039887805702375743
0.00040636051277262496
0.00041435325193440016
0.0004077902742753768
0.0003504940567985862
0.0003597385648377549
0.0003594663045684388
0.0003719035857424737
0.00031226865238956136
0.00030904426252962815
0.0003021282161872876
0.0002579432950055697
0.00025495951076741737
0.0002579246014761509
0.00025300474256214
0.00025703318262058363
0.0002570348104602032
0.0002588161835194208
0.00024559772390279395
0.00024228817055289937
0.00025338805478408976
0.0002520033119986616
0.0002228238449430819
0.00021447924459537667
0.00021785799115258789
0.00021571323896922781
0.00023456380448953583
0.0002322036509550343
0.00023330704004915373
0.00023177338958407413
0.0002286863717927198
0.00020796627599409256
0.00020466998055710544
0.0002254609162453087
0.00022662583315394223
0.00022731914450936422
0.00021511665714775503
0.00020878642141613154
0.0002113520920249945
0.00020467808040918416
0.00021454654355917836
0.0002294861608623311
0.00024574417012778404
0.00024304418365979688
0.0002443353619115792
0.00025117535780217316
0.0002477079053140037
0.00024147936609313748
0.0002359906146130098
0.00022944919389481422
0.00022855975415999775
0.00023351947587228929
0.00023228077456140866
0.00023625033293121604
0.00023620795710358207
0.0005396841129545137
0.0005446960236372381
0.000564955973904908
0.0005631854357080385
0.0005656472961555893
0.0005773651754813434
0.0005763246113158984
0.000577310757346417
0.0005774363853802802
0.0006038116116445881
0.0005961003806499854
0.0006030661746961654
0.0006172652252425529
0.0006170258718989841
0.0006157498903555236
0.000598716123730763
0.0005880407358665223
0.0005864237595939733
0.0005831052551376654
0.000583697715566567
0.0005844743961062797
0.0005843043063554342
0.000585532585781471
0.000584927107780687
0.00059432577213988
0.0005931183446993209
0.0005830609040686191
0.0005809084618209427
0.0006032747774107668
0.0006019802399903025
0.0006003094875655568
0.0006075248655216681
0.0006052255050195757
0.00060230369060257
0.000654099205556576
0.0006484771843903368
0.0006479832435931714
0.0006483462177567007
0.000638754681840116
0.0006364569178041008
0.0006359702708688277
0.0006354778534557256
0.0006371664730538363
0.0006359937839069842
0.0006372509886733034
0.0006421951113892816
0.0006459066072812545
0.0006372111465680072
0.0006342013978233016
0.0006322843691940992
0.0006428007709588015
0.0006161299434234718
0.0006138891960742397
0.0006121892334535502
0.0006095136840837534
0.0006020170061219696
0.0005906517630030664
0.0005784974187133383
0.0005779120811358525
0.0006101843331119058
0.0006016912578618863
0.0006064991262233993
0.0006123788068598276
0.0006168949776290928
0.0005958835345750358
0.0005986499977294498
0.0006007604866024345
0.0005991707598583943
0.0005971576417288709
0.000596289592299881
0.0005875672872140415
0.0006189138753143208
0.0006575318968924248
0.000672523732815371
0.0006502343920710956
0.0006464807278240286
0.0006964130517875647
0.0006911659842878086
0.0006965317123652024
0.0007234334744124097
0.0007229923755971187
0.0007229812986345843
0.0007227518535277562
0.0007273794290525168
0.0007047125747574384
0.0006987200415162352
0.0007043473004829569
0.0007047758841561248
0.0006997851770935676
0.0006747522775294706
0.0006664784643907127
0.0006713407766738885
0.0006721639400455869
0.0006716517314838165
0.0006675772273496633
0.0006662794423737945
0.0006644205079345718
0.0006633317787509235
0.000670154617469544
0.0006900362545023413
0.0006958847764459968
0.0006928195042301605
0.0006907247416047669
0.0006902017116772197
0.0006921245486818204
0.000668246330760133
0.0006674069582977012
0.0006610626241182261
0.0006305876459894582
0.0006634896014818028
0.0006618922664045251
0.0006594442656678115
0.0006551685703691092
0.0006572341649857009
0.0006551121946798172
0.0006539174987982599
0.0006583830774350038
0.0006591399989761141
0.0006586053220890149
0.0006553571302582136
0.0006499183896072412
0.0006788800927572043
0.0006954068630581845
0.0006940423977686174
0.0007005104873316956
0.0006987389122472485
0.000698029420598335
0.0006951956224046131
0.0006970073076568207
0.0007030475942600608
0.000694770933087318
0.0006935796795686541
0.0007001727361331215
0.0006892613855100823
0.0007355021544454967
0.0007267351060777
0.0007266468275824038
0.000721957122569083
0.0007152859170457477
0.0007165304106318198
0.0007186251385568256
0.0007184644694566614
0.00071375957942533
0.0007201819657279285
0.0007197527815932889
0.0007131835877659269
0.0007177359536096158
0.0007147356907710121
0.000703101822336152
0.0007064490453261344
0.0007425774477000163
0.0007372967936508511
0.0007403990837553693
0.0007421643017642271
0.0007418333151588438
0.0007321471118403793
0.0007128325452987138
0.000714154917401345
0.0007169117036404886
0.0007169534964007272
0.0007324222354613932
0.0007391274060419117
0.0007372419606794025
0.0007290159863155602
0.0007258494821800639
0.0007027996302525408
0.0006990262072846592
0.0007005310061079716
0.0007007824605863697
0.000699050794965352
0.0006983168756756615
0.0006939908289019511
0.0003527029701558742
0.0003534753100518816
0.0003419626872794402
0.00034229445207766755
0.0003375650965719271
0.0003421341310190975
0.0003396778802582549
0.0003410554438303677
0.0003416212653423472
0.0003518671603187843
0.0003505120307297918
0.00034894356604284047
0.0003503653474449218
0.0003533025090917533
0.0003533420254106629
0.0003890015093055483
0.0003865082492803723
0.0003895919539773631
0.0003885757610345657
0.000387152829506915
0.0003812981708423923
0.00037836412689791444
0.0003749833588673266
0.0003788478350117594
0.0003746535171398746
0.0003798531710066785
0.00039273426466154214
0.0003922625535940807
0.0003926868013097985
0.00039034324988834805
0.00038892735413182007
0.0003922142606119127
0.0003916293218487103
0.00039155320604837416
0.0003870653270326187
0.0003880794704457949
0.00039126257815512384
0.0003920517821550792
0.00038697924413514236
0.0003794263112852249
0.0003746627248721048
0.00037331066270556947
0.00037209943251804496
0.00037277479505443633
0.00037976995320583416
0.00035341603864191286
0.0003435541569548882
0.0003594760511036266
0.00036979777907118576
0.00036863326916715763
0.00036700036337483345
0.0003202180450034211
0.00031987939252445794
0.00031630057153623966
0.00031439275817479224
0.00031206227527130087
0.0003102130751306013
0.000311423038970256
0.0003109436439542793
0.0003242132967085646
0.00032296065181773787
0.00032005193395458
0.0003237109063827316
0.00032134145716628866
0.00031145466890089015
0.00031168640394427433
0.000366412075497132
0.00036798201327707886
0.00036401757666487314
0.0003565714600909306
0.00035243443539428193
0.00035163168155373075
0.0003442770044468661
0.00034023942934796754
0.0003352617157115293
0.0003142337320512891
0.00031316854906623666
0.00031028161382868345
0.0003104369345932204
0.0003131066863548109
0.00031115831913293657
0.0003106335714287784
0.0003076519580474111
0.0003043604125887227
0.00030047254439306365
