0.12881939113140106
0.1448376675446828
0.10088708903640507
0.10661798045039177
0.08999434594685833
0.0800134205658521
0.05415571539197117
0.08375031470010677
0.07699126852676272
0.0709074434231628
0.06404339793759087
0.05868433312011452
0.05438803769980689
0.05507428244066734
0.05561276148364412
0.054849389242008315
0.05218170346536983
0.049677826574464366
0.0460884075728245
0.04588068189055081
0.04416715045755897
0.04198761366348227
0.039711972863491
0.038184545850381245
0.012426707239893187
0.012101677824156698
0.01237765539138178
0.012167437058263291
0.01625229293325294
0.016810220929103024
0.01637519470386905
0.01583655450182656
0.015393306734040373
0.014016954560897174
0.013724886734659466
0.013932582569887502
0.014209870224524478
0.014525476389397406
0.01622351428959518
0.0152754143289313
0.013272562662937802
0.013422001261523979
0.014277366434477938
0.015996449378629516
0.0156654890363469
0.01740606936645951
0.017157074306548253
0.016900614179594774
0.01598231022246181
0.015761620410736275
0.015532625077937075
0.014632161803332691
0.015181296979318604
0.015149370369247404
0.01543685932743495
0.014583106553018603
0.015096323749307403
0.014583826183451928
0.014456643979065108
0.014236323359865133
0.013913814076072254
0.014400928421685135
0.014119242307060619
0.01680174606422391
0.01628248307811603
0.016049367773568995
0.015973579160773237
0.015395379768670996
0.01514539326308294
0.01490088369415311
0.015014741991762993
0.014548847332201275
0.013365853988452227
0.013198171985956521
0.012942803865850061
0.012368232194733398
0.009067427452044696
0.008444493461129118
0.008387892776227084
0.008431136172644235
0.008634756275214157
0.008328515409312417
0.008096441250970757
0.007592097211026525
0.007403287214909262
0.007064400734540454
0.0068932171098739685
0.007208342811751978
0.007817286595753904
0.007905768671912226
0.008254779190199603
0.007946987677696003
0.007821516031052592
0.007768880047737367
0.007722051194529429
0.007810898376004667
0.007688372340100829
0.007730167397918794
0.007035831884713837
0.007060118076059555
0.006991167630379393
0.006719344779306529
0.0057932845934723955
0.005702047475746695
0.0056370614658830245
0.0072925502834754515
0.007259719981380767
0.007231718371408653
0.007341800018383016
0.008523824446423495
0.008865313336303055
0.008893762136174906
0.008708859947019889
0.008808922255411739
0.008727119880294872
0.008673369052668663
0.008536064046261418
0.007858063207798392
0.007950689391388245
0.006948883987747685
0.006981577201303643
0.00687527525564277
0.00697810684270676
0.007159533597528933
0.007041683893591636
0.007627045105057436
0.007340549636865032
0.007277400104704404
0.00743613231103294
0.007288183385989705
0.007299272507556119
0.007577946222268211
0.007627308314819054
0.007533262944262887
0.008914577389505745
0.008747123397655621
0.00870024538565211
0.008420297917876417
0.010029170584000113
0.009886126009192553
0.010121073568908784
0.010348644832123095
0.010549688655171646
0.0106443774420768
0.010565794829744842
0.010569984692807757
0.010585119297281157
0.010805183762978236
0.010689423299239324
0.010105524697057307
0.009945584532320742
0.009857526716313573
0.009791043894698044
0.009908348627598774
0.009824016823236328
0.009343571343257499
0.009334420943721135
0.009216063022584237
0.009408497547701697
0.009333887243764877
0.009172322742359273
0.009144755856682505
0.009089910448670796
0.009119715045601356
0.009069453411544843
0.009051828960257913
0.009014059767304433
0.009030454439392106
0.00907674676683896
0.00904239477230269
0.008833441033222998
0.00888169868553133
0.00859616452228578
0.0086256506772978
0.008520195382350888
0.00850578869487775
0.00838975777870484
0.008499931408789574
0.008727173227816824
0.008698897198285108
0.008659726420064347
0.0087846797080507
0.008641841661301445
0.008586621334197356
0.008745142338191594
0.008719023660119169
0.00851659197793739
0.008100725734414211
0.00797669278200422
0.007853499476563832
0.007818712299316154
0.00780763157819509
0.007972784524605871
0.0068776248661705725
0.006808887788793075
0.007124057618149459
0.007176421405724017
0.007311491896491968
0.00993028589698952
0.009868459241460103
0.009842238066796363
0.009903003485171412
0.009772150814373451
0.00979435125468072
0.009690810632959772
0.009738741618590119
0.009672556350638985
0.00961273189680874
0.009595111977597258
0.009577616012513957
0.00953753305080716
0.009328407862883921
0.009153359476041713
0.009123614185684645
0.009092144640076356
0.009033492691214048
0.009010225530166968
0.008996007872583799
0.009120957369238819
0.009029770954785982
0.008907829069423384
0.008929664312941215
0.008902145911374003
0.00876889833559593
0.00871828379752362
0.009053813859754725
0.009004027425442221
0.008945645597726759
0.00895950928249437
0.00881447909536945
0.008746173007991808
0.008695975724455818
0.008427441274373133
0.008306532078719838
0.008491933009374132
0.008384831598468662
0.008378935871184063
0.008433821017826642
0.007992180889899227
0.00786613814698927
0.007884539066321292
0.007891782198231598
0.007905945406089255
0.008035367676912226
0.008007368379522395
0.007884055319494812
0.00756481791951604
0.007593421684391054
0.007500010237097745
0.007370321822178321
0.0073861335847704235
0.007381568294710562
0.00738573763666191
0.007340622105288744
0.007178342475526738
0.007151843461747999
0.006988074598010893
0.00696664252030775
0.006941924877285675
0.007264854410534793
0.007226825417161618
0.0071952284938751445
0.007103810181213322
0.007306193893353617
0.0072494522568636735
0.0074371321027407854
0.007399596430277873
0.007397237528101667
0.00732222253594686
0.007326313005794683
0.007443687272504635
0.007382655117128582
0.0073336323308520555
0.0072972258205779615
0.007321510824165649
0.0073252207211249075
0.007266778434398957
0.007171530592819433
0.0071601579855528836
0.007136520263457218
0.007189177597562477
0.0071424386322551025
0.007009193901313657
0.00699308639751715
0.00684729890272647
0.006700634888214314
0.006713859901841115
0.00664875888713607
0.006643525107988515
0.006738663611043878
0.006845840082299735
0.006843595264905452
0.006812418461777275
0.006803692099875066
0.006754032033338293
0.006741078107175659
0.006747581887421449
0.006700161030752759
0.006677576301153756
0.006609673711604312
0.006589114707038861
0.006582514517564062
0.00655720492355422
0.006527637275599988
0.006501283787085919
0.006473604534147466
0.006416746193517381
0.006366109176166664
0.006376176356570801
0.00641772909134094
0.0064046393379566125
0.00641878501764282
0.006333133250076009
0.006312760977339678
0.006359982175126793
0.006356698169081208
0.006250128424344787
0.0062172992954307674
0.006332913824530811
0.0063347023644263764
0.00632076256856325
0.006388925862708171
0.006385092340914767
0.006293684787703505
0.00631548121102934
0.00628436246186133
0.0050769184434368755
0.004995010707379321
0.0049686936737227
0.005049843196714061
0.004914776637184361
0.004920998676805016
0.00498214820143262
0.004976911739070052
0.004904605610893979
0.004872510663401419
0.004774983868101232
0.004766167130658327
0.004762057708178292
0.004755839936398872
0.004762428973498319
0.004738946080236851
0.004718493161394592
0.0047466597048881325
0.00474324476290034
0.004724273632389738
0.0047279599685502655
0.004695865879165395
0.004492291633650901
0.004357311679420973
0.00434952949893325
0.0043286226896386846
0.0042430937727694655
0.00421302975858415
0.0041993572139382394
0.0041574992117638715
0.0040971418377784416
0.004095853914513715
0.004013009569684486
0.0038867123214225887
0.0038797198677201165
0.003895705166674829
0.003826512464981472
0.003749865616096849
0.0037663153286944186
0.003914086027425367
0.003839912182605123
0.003835902681654209
0.0037657778242695837
0.003730216401018369
0.0042332284268414636
0.004226816697157745
0.004230283637901365
0.004217553809731429
0.004200126922966027
0.004176943846224025
0.0041359069074186
0.004155702686678633
0.004181826608940984
0.00419676284718782
0.004173162939825867
0.004315468709253714
0.004290066425843034
0.004264618448331783
0.004153112703981819
0.004162912807337559
0.004163411070697572
0.004088897032226749
0.004142193901423484
0.004158843758103206
0.004149517764726259
0.004167120790406896
0.0041890578031967525
0.00401059548306807
0.004000097419254486
0.004010230542220837
0.0040056306996431685
0.003917542347032553
0.003918042837303807
0.0038988249937408925
0.003876692021336726
0.0038783227131757234
0.00387250016903258
0.0038292642856515525
0.003773162333108232
0.003761500516729475
0.003714659516755971
0.0035351455346093463
0.003539286528429357
0.0035559797831837972
0.0035557099229319117
0.0035134935205948666
0.003482454012784013
0.0034452282314305243
0.0033427268562298664
0.0033320687356234993
0.003318155939260065
0.0033105712180710248
0.003312157024750685
0.003302337009040948
0.003307192319445069
0.003280153337449262
0.003221213415754225
0.003276851718598188
0.003072755837696473
0.0031101709773835766
0.0029825410506546393
0.0030231369738644826
0.0030039060028198184
0.002987307821693667
0.0029765134894053865
0.0029044019975789596
0.002919874214233963
0.002961396417515651
0.0029435012802590367
0.0029359144144908687
0.002920879616803302
0.0028834561977618004
0.0029798703607990694
0.003014792462339277
0.003015291044388863
0.0030070798502677652
0.0030697636249225353
0.0030637969308515813
0.0030392528496542516
0.0029813232835400752
0.0029875758080736793
0.0030736075189032835
0.0030440547352029415
0.003042847395496021
0.0030063985916573455
0.0029936616505935954
0.0029808743214351425
0.0029865952908249547
0.002991267545679114
0.00294398854745395
0.002983743288639026
0.0029582290453241612
0.00299459978691037
0.003090950996127493
0.0031229973274369592
0.003110729941763728
0.00307590838112196
0.0030870206607599613
0.0030116241123089404
0.0030788414740262698
0.0030046107487858302
0.0030347226232856008
0.003031470869687029
0.003028755848485197
0.003016772966691218
0.003031232501202328
0.0030151005635986826
0.002977459646966681
0.002976350854707964
0.00297233984993019
0.0037834380993566757
0.0037597888313220047
0.0037313672518545647
0.0037216971624102215
0.0037547282760191708
0.003750024518001358
0.0037203482913678657
0.0037069366941049732
0.0036987318093556747
0.003754416888338175
0.003716689296272282
0.0037409654861892978
0.003737992741395036
0.003694448970379043
0.003674202952949819
0.0036485211239483317
0.0036402839806814863
0.003659950610061506
0.0036611018204424843
0.003671439191554533
0.0037662192208155524
0.003815042108207184
0.0038160641811409786
0.00381187244933673
0.0038160973703074814
0.0038395385551917936
0.0038559405554065467
0.003916140979874566
0.0039488058374901845
0.0039393141096602784
0.003944992323233142
0.003930623960426364
0.003906671395031719
0.003894636195039437
0.003891146663008278
0.003858043604673253
0.003955419470088047
0.0039502445787945335
0.004001174428799289
0.003947846058132273
0.003967344767960046
0.0039465472527984045
0.003900999742290885
0.0038945416895391875
0.0038807759549948535
0.0038815600984149156
0.0038514516189802673
0.0038762757708623507
0.0038954529501917232
0.003882336456635582
0.004668374990243062
0.0047464561004834085
0.005037558626892593
0.005023438778886006
0.004981300860863423
0.004975296860860775
0.005028755696932857
0.005097613542731836
0.005069353619343134
0.00506100226380918
0.005055178457413539
0.005057849476669756
0.005009330732678393
0.005043514354666938
0.0050425807084209335
0.005042985183174293
0.005045413655392735
0.005066091655590685
0.004950012533546278
0.00494402291801394
0.004941960689101361
0.004935651216350095
0.004920698438482684
0.004955541917482401
0.00494932605277533
0.004934713813554899
0.004920136494803587
0.004937763081175
0.0049135143781182875
0.004977990936995695
0.004966648964270915
0.004962396907398033
0.004960776590542088
0.004973881405955349
0.004966936368433399
0.004939282540534154
0.004944519333942144
0.004948489116677357
0.0049301534299667805
0.0049309369170954355
0.004957492774914325
0.004941606581601772
0.004930990898515525
0.004969089906980252
0.004962069459875276
0.004959013918889624
0.004987506177636882
0.00498520901384916
0.004975950801445436
0.0049699539453935465
0.0050530700905366014
0.005037937268569236
0.005008286684397756
0.004926712574683624
0.00513407014198296
0.005127562085249151
0.00512483902383955
0.005066502461511886
0.005059099900198027
0.0050425525959631795
0.0050653155077660505
0.0050587844514956735
0.005044083489621583
0.005056134023054691
0.005034494386600772
0.005023876661116255
0.005010530270462348
0.005016922386656151
0.0050151506682889
0.005002876978637747
0.004944229399793485
0.005074880327838453
0.005064548697349292
0.005047970318328731
0.005054954770651086
0.00503656851643167
0.005057111626289255
0.0050210153393342605
0.00500471291008893
0.004976012381326391
0.004926963137354275
0.004921411033531975
0.004916194351339917
0.004902393451754952
0.004890081384991061
0.0048817696711672435
0.004878619326533496
0.00486434761883656
0.004856917000749985
0.004861834103310346
0.004854988110439449
0.004831151487210324
0.004799554673844541
0.004798561173730487
0.00474797330090975
0.004772199752420009
0.004760629333631173
0.004734286763111604
0.0047241556636354876
0.004692880206512005
0.0047484746270696895
0.004752296310280282
0.004745250504931889
0.0047062584139627595
0.004671170997333995
0.004687867264889462
0.0046743641339767866
0.004625345335314955
0.004617019646943193
0.004608705084319243
0.00459733189725791
0.004572070016493718
0.00453897623307285
0.004545967523995215
0.004577685627023093
0.004641471025887482
0.00465891791169067
0.004646330762191145
0.004644597933940607
0.004626755226298494
0.0046078504594087
0.004643910182107665
0.0046468554559508605
0.004637604586180747
0.004632956646238638
0.004648545930277694
0.004641650996898721
0.004643852222865929
0.004642704091510527
0.004637722016751716
0.004639390230483238
0.004614034763766388
0.004617902156105362
0.004625731252848286
0.004632123788941208
0.004592331312511207
0.004644049570742944
0.004612392742465577
0.004618105159109056
0.004615703294725383
0.004625295757364945
0.004635808599668808
0.004615808707896938
0.004636908631587299
0.004626979172793922
0.004603064639816352
0.004581183197931688
0.004586261786850333
0.004599863167398996
0.0045998137048604785
0.004592792698885559
0.00460182191567321
0.0045969301556183185
0.004587466303598387
0.004577292651271327
0.004574601268374057
0.00461119376192946
0.0045968700049595496
0.004592141968796919
0.004550833514032181
0.0045378581217889015
0.004542542785102069
0.004541029129230061
0.004636704842255482
0.0045994837927710985
0.004592788471955986
0.0046159146915738325
0.004611560876580485
0.0046311089683889655
0.004631298787976131
0.004624395701751289
0.00463302431736821
0.004622853650892341
0.00461213075043825
0.004605999320197475
0.00461019508987207
0.004603660225536099
0.004660343177274373
0.004608401938266289
0.0046053050280346315
0.004596550050922883
0.004531237578305783
0.0045311260638364265
0.004576332771309619
0.004568188648856578
0.0045625787589653865
0.004554701353638444
0.004558660038142435
0.004534866719640582
0.004537459302738993
0.00452986053952325
0.004528405474657469
0.004510827862668528
0.004508938019235523
0.004475761864298799
0.004465635644236473
0.004441406878702481
0.004429356521828477
0.004418548438554947
0.00439149886452774
0.004403289957136319
0.0044117268919030605
0.0043987394491037625
0.004390360360419135
0.004386060938645525
0.004393511078265101
0.004392025568514192
0.00439063304955842
0.004399515953230593
0.004386819855199379
0.004393671335477618
0.004388303392002709
0.004382302411751297
0.004385685128193684
0.004374580505296436
0.0043698145783722464
0.004358019973590688
0.004374932166102628
0.004354071937859657
0.004372867065778498
0.004368848006851045
0.0043677324986654085
0.004353550778498182
0.004328008829604779
0.004330251949011933
0.0043225318768381335
0.004313285806043306
0.0043128092299406
0.0043188673358917455
0.004319855146821091
0.004302152857108164
0.004295271243950301
0.004285233680993299
0.004283707261492972
0.004282743765330827
0.00427550983718476
0.004270575765252693
0.004256877131039951
0.004259448222067581
0.004245789148059704
0.004310229935858471
0.0043183949775369435
0.004297519453025246
0.004307636307023914
0.004304797101976315
0.0043389274903770005
0.004334198810652827
0.0043276022361392495
0.004311807435508101
0.0043235644804800934
0.004317110833401214
0.004308917720959274
0.0043016423538714595
0.004296068965649897
0.004320383715188978
0.0043069813485532606
0.004301252662812944
0.00429873161723617
0.004310716757769381
0.0043098751209975
0.004323244112161357
0.004317482335417948
0.00431149954021772
0.004322325999863784
0.004301339289806058
0.004300070366445125
0.004288224175072651
0.004282585231328474
0.004270516294182296
0.0042668609219268655
0.0042602087021094215
0.004207147625017434
0.0041815215342376226
0.004188851021320989
0.00418086966665056
0.004216976893692358
0.004201292544121546
0.004182182920719602
0.004175773353699588
0.004164766297429932
0.004146968612652625
0.004136404876667525
0.004127702294221155
0.0041440955230739596
0.00413701460678872
0.004134440543043055
0.004134302828888912
0.004135922948085989
0.004118688574519686
0.0040921103835238875
0.004090565389885316
0.004084813979871745
0.00406803140441054
0.004058292537067844
0.00405053998880014
0.004100063474998313
0.004100317129704867
0.004056778445065546
0.00405075760395217
0.00411423098313277
0.004126318697698469
0.004080670642984522
0.004069173646186473
0.0040687768008587566
0.004066510608350447
0.004066587593377442
0.004078181369951607
0.004077454124241692
0.004076489031722653
0.004075183350555091
0.004082984909950993
0.0040748279443093526
0.0040667725789760535
0.004069595481589169
0.004065965265416192
0.004057841357975067
0.003999251119920533
0.00401066486141128
0.004005112660743354
0.003995526504733175
0.003992620683941327
0.003980976019031137
0.003959683490727057
0.003947913986752832
0.003945406181427957
0.003956641978367574
0.004068693846757038
0.0040226141595140754
0.003771780178939371
0.0038199058196784117
0.00381394575096702
0.003814299557521267
0.0038094409042715546
0.0038021436827836664
0.003776056638768168
0.003774569499327494
0.0037718534095313753
0.0038169806451429735
0.0038121828317656875
0.003815061343978351
0.0038415730409158545
0.0038241820486806487
0.0037605144864703605
0.0037329535894743485
0.0037428243918555468
0.003737727194433548
0.0037264955704393084
0.003718785295969742
0.0037075301421930222
0.0037014358214112926
0.0036645791649432993
0.0036622364854745917
0.0036649125281986617
0.003668836334118821
0.003670335522695574
0.0036701045797374846
0.003631619300167629
0.003621176039672783
0.0036219321330999443
0.003618695895284222
0.0036332545572198213
0.0036333678523749707
0.003601841213421315
0.0035964526797245136
0.0035998008275424046
0.0036067945775143805
0.003605145776176672
0.0036015363246629786
0.0036119593457978514
0.0036079592462915284
0.0036057787409114125
0.003606931240225923
0.00362126106924229
0.0036170598217516842
0.0036294565786803906
0.0036258710441873848
0.0036210375243107816
0.003618205449479901
0.0036250896456168423
0.003622256107343729
0.0035960760329456325
0.0035925550687097275
0.003572483880422658
0.003564250465075407
0.003558387951535116
0.003553737451198761
0.0035528772076594056
0.003560689085583357
0.0035453232952908226
0.0035360340377437924
0.0035438257475586656
0.0035380925514568247
0.003537265949576665
0.003533896592723569
0.00352477742897211
0.003515825296113263
0.0035092534761535362
0.0035015439342886783
0.003488299864317965
0.0034906160615929276
0.00348738038648882
0.0034845668319914164
0.0034985779100288657
0.003482913059895779
0.003491576181093194
0.0034880996503711165
0.003490755806304183
0.0034738389418207103
0.003472686756334661
0.0034637871575696525
0.0034630820469530314
0.0035029386342429413
0.003489009261868485
0.003476717068573307
0.0034755810992061304
0.003515971845428774
0.0035169585663825938
0.0035902394165753717
0.0035852104356654856
0.003575543951603169
0.0035715754961548685
0.003554062572807101
0.0035454707920450244
0.0035391964813834315
0.0035350068390685315
0.0035342625552953447
0.003531224182855419
0.0035316296338017807
0.0035330808891767596
0.0035259962672911606
0.0035496268864029772
0.0035395194116269848
0.0035296821660495002
0.003554150156325649
0.0035542839921508364
0.0035468256845003487
0.0035268287057792142
0.003510882011474502
0.0035852457581115817
0.003597497161806888
0.0035880081189412355
0.003582065999421106
0.0035855406049693623
0.003579861412944798
0.00356183786641723
0.003548380211866399
0.003549122636366791
0.0035379080717281752
0.0035399389161523075
0.003553331147492049
0.0035819034267629167
0.003577530600655381
0.0035629368916303018
0.0035579868898535133
0.0035672227481743247
0.003547833042056977
0.0035380520385155183
0.003536283834487247
0.003558382154664045
0.003550282106555238
0.003540731966782725
0.003540983163267346
0.0035583459005989228
0.0035527788007283147
0.0035374828947154946
0.0035188175618321113
0.003507987498703649
0.0035055302375334987
0.0035143335544160965
0.0035053480860990087
0.00350735178010095
0.003507509190585172
0.003511126791760037
0.003512507103751689
