-0.006756424903869629
0.06316636502742767
0.05722654238343239
0.0494435653090477
0.07909706855813661
0.05965706599610191
0.05211700205109081
0.046778813133844056
0.051783362892456344
0.04493406696499071
0.03476153013374035
0.03236750078100997
0.02737759288200842
0.025346496375277635
0.024041252952883948
0.01926489046993939
0.014505299467903868
0.03773396975654912
0.03443525930633768
0.0324066286973123
0.030370779028585683
0.028602833647037973
0.027354282627735906
0.028025408377870917
0.024028008364929028
0.034023887020777216
0.032984135797180764
0.020162645462450793
0.020379160585192343
0.019787261315110712
0.018154084093112036
0.01954096182475262
0.02130201030933463
0.02040914370944458
0.01686617348524225
0.020490293460268837
0.019051733763741436
0.019647365286707505
0.021624200319638485
0.02140985873936699
0.020368354123396187
0.023005420553259732
0.02248039988758551
0.023803618995265834
0.027219580678755177
0.026589372145765008
0.020158006586522486
0.023064962844839512
0.02257771482691169
0.017455708947690097
0.01724578284371931
0.020539412397961573
0.01889843233274641
0.018578347356312655
0.01837211723821903
0.01842539381284855
0.017611678942620498
0.017033910911561825
0.016697858696958667
0.016282451709304917
0.016284935405447835
0.016068220149636974
0.01669098228376242
0.01688186885574116
0.016817408031783995
0.016935856022468918
0.016141409201629677
0.015868796845493107
0.015745502045111995
0.01572427835682748
0.015916591949967872
0.015540837488864378
0.015594766361991292
0.01575462357451518
0.015572840834992297
0.015664122269984766
0.015532987666889448
0.015317541382075106
0.01582548260921612
0.016294214012170273
0.01608335402532957
0.01620351669872291
0.01609417095148403
0.015668636864489483
0.015626100798917186
0.01555712691015809
0.015429197723278765
0.015473334095179186
0.01576470479938304
0.015282517542121
0.01577828166267388
0.015676467997392488
0.015544966497319799
0.01522755776777078
0.013881037293079608
0.014472685802305471
0.015002167013910949
0.01570052673306428
0.010141746224835503
0.01014196662472025
0.010260874679421666
0.010334262588215095
0.010287587217485092
0.010220575957958175
0.009959867087913278
0.010666821713376533
0.015071821817265879
0.011886552219714854
0.011845047793097105
0.01155173275535841
0.011742679472912888
0.011704057071819493
0.011797766376842257
0.011758236210469303
0.011519391149892618
0.011673831973925346
0.011650732698676685
0.011281544604816094
0.01110581721101576
0.011101318180776568
0.010935510871321196
0.011542198539719096
0.011582600174381598
0.011462349124252787
0.011482042393514079
0.011508959939512672
0.011378326904377891
0.011283640172188126
0.011095257117771177
0.011001017954172061
0.010710530773256757
0.010635277039294396
0.010577093596125374
0.010508998055700892
0.010247565175899679
0.011739637539552067
0.012091235973048892
0.011642060503899614
0.011350218086902576
0.012415952491739109
0.012372130767481629
0.012263795627945362
0.012138382813039538
0.011894890444417444
0.012857818118079673
0.012865512235863064
0.012507865800069184
0.012241766797441158
0.012313156292463335
0.012344200796268825
0.012216810807953338
0.012146080601382142
0.012057760009971477
0.012200841961819071
0.01407838954802196
0.014163059834242571
0.014092330165838085
0.013725907705085777
0.013682727861305458
0.01358893184245835
0.013808824159319928
0.013774124565505716
0.013732144668721016
0.01376619975957454
0.013707585245685036
0.013640051261482829
0.013435890487883052
0.013427272736585342
0.01339242229347719
0.013511126882761532
0.01347063857314804
0.013355829553797055
0.013908249979046558
0.013888268726212627
0.014053658116608848
0.014079351746345633
0.014552915814133831
0.014508369024947024
0.01449859355472855
0.014494972874652276
0.015488524076907508
0.015521309816894301
0.01805303447738127
0.01796174286487134
0.01766120471681157
0.017587631878587487
0.01713910954261317
0.017013055787337986
0.016916887550369682
0.01672248701267529
0.015937833843054243
0.01547283631956947
0.015511481148987693
0.015383092409525153
0.015289094198105506
0.015284884899504815
0.015960936941385187
0.015835229727444253
0.015910077736480153
0.016106227930607404
0.016217460347533144
0.015862370587729387
0.015868716634691266
0.015809829931751614
0.015908947575032632
0.01594082054520106
0.016612489285762415
0.01571972255425696
0.015666160454219643
0.015814378580643447
0.014992844248585886
0.01512244108194231
0.014927872540385707
0.01484309692628854
0.014873459447968604
0.014937683763969594
0.014719592573958516
0.014564321648550623
0.014526964042505072
0.01444860774079733
0.015606938387258892
0.015502978226946735
0.014369173068968972
0.014689198461257743
0.014605133921995883
0.014811794093034595
0.014907886457972612
0.014974581512854341
0.015003211314425512
0.014983435185601952
0.014952338473261165
0.015533418370642623
0.015453942470316185
0.015480442368920804
0.015505360392064352
0.015192666778710314
0.014890683674010903
0.015326946973800652
0.01530959837449093
0.015116738688772637
0.015107915555858161
0.014921533898162982
0.014854871759527035
0.014587772455142462
0.014524346142742261
0.014723545929175694
0.014686775850995828
0.014532592251380696
0.01448246604856103
0.014606948755495985
0.014498429697206503
0.014506962532251184
0.015360156454578564
0.01533414264866972
0.0152612627880444
0.015296629881884911
0.015267838003806938
0.015299222034736598
0.015352242405956175
0.015262149697191066
0.015548203590162494
0.0155363053795191
0.015526946593485205
0.01577823172094968
0.015555715330183167
0.015447099276291629
0.015459204229887629
0.01536567676223842
0.014813587961166544
0.014975513749140763
0.014775060495594515
0.014855084505832783
0.014774191415916283
0.0147006661766632
0.014608612741289684
0.015127189267453623
0.014881387404869677
0.014455494939893697
0.014490354392078837
0.01434831815569585
0.014419504195280002
0.014379455011120795
0.014623258608019529
0.014484262202555933
0.014413585766687519
0.014693097991038125
0.014758266143972933
0.013719315602763144
0.013480339029900213
0.013444355187323134
0.013492159622766025
0.01337415181535833
0.013443950431415061
0.012894776862083096
0.01298444526273178
0.012933439554753226
0.012836516030045262
0.013359665797468908
0.013271956616081295
0.01320613597046299
0.01329773369041697
0.01337144665862664
0.013416686015644746
0.013296025539519358
0.015814241667101585
0.0156665816357062
0.015467706807683427
0.01544634004132551
0.015406210446399789
0.015343436621686512
0.015379025658311993
0.015340375885837518
0.015211353531540342
0.015145533677515765
0.015181314044696855
0.01510106681769696
0.01539302299914987
0.015461548030826038
0.015332596534426556
0.015314335378490362
0.015406873526184684
0.015291057945872096
0.015170559164188384
0.014894469028625346
0.015094364179795363
0.014951717704449082
0.014725144751648208
0.01461337047408258
0.014471130471704804
0.014426939274547362
0.014397412961410599
0.01439372614772805
0.014438682957273526
0.014341621191949755
0.01407315415937253
0.013969835421092557
0.013921934910140614
0.013883042676720463
0.013831835816723889
0.013666342961659259
0.013615915293080932
0.013577451074153786
0.013434090302325778
0.013377571460939397
0.01338832367701466
0.013385976408406955
0.013300841496240381
0.013317848311571722
0.013255036445334545
0.013269895102637694
0.013224923718636003
0.013166724622418448
0.013127417140508768
0.013738345732571365
0.013688681398654411
0.013776059799856324
0.013754915291256154
0.013741509575126971
0.0137026621617325
0.013660631874586524
0.013465234811047281
0.013454828436355568
0.013456363573153546
0.01336320809037615
0.013458849881938522
0.013486535706473582
0.013427887197315644
0.013448682994150161
0.013360779168008742
0.013060920361575041
0.013019599508048497
0.01302464996918975
0.013058499138637929
0.012853226462379087
0.012783748362129147
0.013120544335090937
0.013109670685254341
0.013073501097269364
0.013046235871795358
0.013024081526143256
0.01299279398761484
0.013051473645933509
0.012982067912465322
0.012942502787034321
0.012908098613903633
0.013763538398418942
0.013739956939201697
0.014512400004287315
0.014500372104931804
0.014067867216106275
0.014026551872993126
0.013974066039028335
0.013967136776507327
0.013865333219954758
0.013871515677439867
0.013802636003940444
0.013758038854795084
0.013717201113861913
0.014937294714909503
0.014908748539803342
0.01616870780360759
0.016134655066400702
0.016091294606541285
0.016601836590820707
0.016618108309477353
0.01656487576019347
0.016627016697848183
0.01690054207745355
0.017006241022779527
0.016895622922812287
0.017279249988100705
0.017293500248624617
0.017269065924458968
0.017992339369908232
0.017517669741209815
0.017760072239871152
0.017736953408312505
0.017448255900340253
0.017309188484934897
0.017251430536430058
0.01726102469829947
0.017706421964876692
0.018903854330792953
0.018918700394878037
0.01726135685127183
0.0171883073310963
0.0170815644895105
0.01705666299771498
0.01699279224483814
0.016664117160080337
0.016785977667260085
0.016587244841704603
0.016474303733911518
0.01656813384328121
0.01655019619187056
0.016427713237730533
0.01639418176946241
0.016386535635232857
0.016212908463520824
0.016135649558403794
0.01597239757383375
0.015954667291578736
0.015961082959767864
0.016006352171940144
0.015976741846552674
0.015929313302842224
0.015875885091840482
0.015840490253482466
0.01580544199561698
0.0156912722884514
0.015685102805254172
0.01567784246549658
0.01559091946864006
0.015544338754357769
0.015152181532150196
0.01502773002746841
0.015378178175341513
0.01534049554899422
0.015224881724039395
0.015191158109635937
0.015211159838688563
0.01526067624745846
0.015026211738147338
0.01485354238576554
0.014793052975162783
0.014815252375546163
0.014766182819678344
0.014838279196697111
0.014981577162534234
0.014962530741925308
0.014922753556582648
0.015001454762782166
0.014994893582669883
0.014950727712620323
0.014917155940581128
0.014887303932566483
0.014892865259311858
0.014853251865194383
0.014828338516296431
0.014785626669438041
0.014733182576050696
0.014714820808492384
0.014688386081600991
0.01469046727750573
0.01460337783350107
0.014584467293146223
0.014521907190622867
0.014506817732545753
0.014411569356369499
0.014378053233913711
0.014369857538270468
0.014356137508430554
0.014173342789834826
0.014143355640364003
0.014201492655047313
0.014239409557996689
0.014156480190700862
0.014143982728537738
0.014135792910994475
0.014112509340882007
0.014080807723351211
0.014055418301867594
0.013990611528517147
0.013996947286961723
0.01398785542571324
0.01390724000882647
0.013892383272903966
0.013867157137180126
0.013872563492851401
0.013871896768628038
0.01384735285313352
0.013813369730830107
0.013786876714072197
0.013743728083203462
0.013727719396884738
0.013701746833199484
0.013584573158347494
0.013542818646935854
0.013517376480348692
0.013743723780928953
0.013737126311362643
0.013675362225027599
0.013567900239636138
0.013496278883456898
0.013468058711945187
0.013429243731954374
0.013380990022624502
0.013382476306705679
0.013365546815407022
0.013312112330689239
0.013281560954438675
0.01328603472495336
0.013292900691070916
0.013267785704000529
0.013294479107571512
0.013229437484425425
0.013204938638663214
0.013248291896478595
0.013238817891504818
0.013208993446383545
0.01318646889920748
0.013165770101193299
0.013117791666285033
0.01309452910161011
0.013076046895845123
0.013019931114074826
0.01303956636367236
0.012938959932496294
0.012870216398044806
0.01284537430749756
0.012817180530386161
0.012803915347939732
0.012817916075838959
0.012771447573899614
0.012404871897291614
0.012400847661178922
0.012370258292292165
0.012356789087535533
0.012318638216207265
0.012153120823970224
0.012108950654935034
0.01206246135161061
0.012088939791567131
0.012064400530859101
0.012026740176829018
0.012015674493657045
0.011961166806403006
0.011944684707848105
0.011927886984541811
0.011943968340002987
0.01170798053504397
0.011737004287403143
0.011715702782760237
0.011697782899668096
0.01168288591043163
0.011670243435313718
0.011645516507606691
0.011607179413028829
0.011677190550283814
0.011656780460564458
0.01182781475224279
0.011766321635471578
0.011733043428810616
0.011739354267264657
0.011707352139240464
0.012704743388367898
0.012661343988684085
0.012649075245393377
0.01262488980423381
0.012563537181697393
0.012510811182683256
0.012626790442603305
0.012609878188692506
0.012577585326439189
0.012577119520750118
0.012561498389868326
0.012544418336524931
0.012562059771157983
0.012649909267444531
0.012653951454350158
0.012634679627772231
0.012605343983019412
0.012564252595432987
0.012536163768040244
0.01251852714035715
0.012480819019839176
0.01246187947679954
0.012363828757706297
0.01233320574769481
0.012306839129409265
0.01229676482458087
0.012322761846957311
0.01229967389348475
0.012249412355098353
0.012196293101517852
0.012183995925033794
0.012157148053211404
0.012133804497149901
0.01211705000572573
0.012099660329054645
0.012112128912589875
0.012094891499729813
0.012184823328565311
0.01216446771812623
0.012219175674475355
0.012186996591660993
0.012119808629168855
0.012058968145360657
0.012116238951270949
0.012143720074627962
0.01215509018206656
0.011959638929564271
0.011981081212064664
0.011946443923406179
0.012063156172412399
0.012076459313734387
0.01203502985897149
0.01201210908504479
0.011994240305330073
0.0119816264194017
0.011940933120296595
0.011990553113238281
0.012041392146513173
0.012165953236669932
0.012147008962959865
0.012150257451280176
0.012148486832302277
0.012140680230461193
0.012119222070278508
0.011969261837469753
0.011952670805695077
0.011926121205766414
0.011909667805197845
0.011923431853616221
0.011892762949107063
0.011863552731019886
0.011809397805568821
0.011796365443333378
0.011778396436861682
0.01173901532248468
0.011717647502982752
0.011697392373285721
0.011697403844510793
0.01166287239669834
0.011595191761815282
0.011557707971325291
0.01157884549651562
0.011560662667103778
0.011544017375528499
0.011438034256896256
0.011405151747567269
0.011397564171992962
0.011375515380394432
0.011360442318255063
0.011359572055094826
0.01135768829544824
0.011340976334218149
0.011603650184339977
0.011530777243623383
0.011559372282314826
0.01147896022320098
0.011463809717517455
0.011481496755970483
0.011457748943599888
0.011460079417805611
0.011437962045879498
0.011416354584155672
0.011426001616195365
0.011421223028657425
0.011411976687173444
0.011388905924432648
0.011392204000239613
0.011390961442942514
0.011383827575381903
0.011396104863967896
0.011397375965055318
0.011381014380810819
0.01137694886979513
0.011373850430328642
0.01136873586195653
0.011353558465454338
0.01132499999712798
0.011320566172550795
0.011293499646064346
0.01129506774407957
0.01126790349544623
0.011254717321690848
0.011343170093436149
0.011356137681860636
0.011334944044291535
0.011322222571977616
0.011133684198483722
0.01112087797388205
0.011084558165199066
0.011071202506564204
0.011078126175277756
0.011078229423143427
0.011014841688730143
0.011049240962165615
0.011044989272919116
0.011025657174399954
0.0109987727729159
0.011012822483587106
0.010997816774239418
0.010996695167013643
0.011027788771960112
0.010983558740498152
0.010978414485852538
0.010970850424499749
0.01103115849562876
0.011016802003405468
0.010992840514280063
0.01098749292270552
0.010976868327057635
0.010976305011512418
0.010996537998535366
0.010986810425396726
0.01098704780570099
0.010798754511838376
0.010818903266804774
0.010795998686627709
0.010981377109764233
0.011009191128695035
0.011007253974035435
0.011006625789519123
0.010993617344220611
0.010992710518991217
0.011042918294257223
0.011016357708023838
0.01086580109267559
0.010054894096878746
0.009768270508273004
0.00975168201495244
0.009786654447146749
0.009755115369294758
0.009788695156504717
0.009770086007103633
0.009804184254297502
0.00980926057297771
0.009810423011216589
0.009766658905174273
0.00975700325830282
0.009747922813860527
0.00978676617667503
0.009799409237876878
0.009813082525479275
0.00984542266655806
0.009841417504631337
0.009838167203865418
0.009556542751853409
0.009578820861682368
0.009575638972704109
0.00969694623113271
0.009707009034877203
0.009704048911180957
0.009579543060484651
0.009713618475258461
0.010295961748205455
0.01031204120111232
0.009925232597023931
0.00993548043075497
0.010072495698162227
0.010046712170596741
0.010019310669614586
0.010002679112660572
0.00999137104021175
0.0099993564352023
0.010000744255490376
0.009996555321717237
0.009954428686963446
0.009948096013991868
0.009948097348426332
0.009952194239725442
0.011019510763430794
0.010959394151463629
0.010959928422284595
0.010956550563698998
0.010910119642739574
0.01093668961948422
0.010952926447167948
0.010906135921695705
0.010889158786780725
0.01131437281666458
0.011292340172822015
0.01115188461683039
0.011149406524492195
0.011129211927380846
0.011117723701007718
0.01111123412926564
0.011098579708219777
0.010988376893804459
0.010951899916725726
0.010895951121518622
0.01088141591996638
0.01086497737417753
0.010851133881237067
0.010841431430641148
0.010840998245835265
0.01083358580263602
0.010884468709986439
0.010871491631945581
0.010860819769228243
0.010862217448836564
0.010909582707452369
0.010916408233907724
0.01088637005369669
0.010887792282431266
0.010870486551452525
0.010823433650643489
0.010857726013213354
0.010820054175662943
0.01080023692516912
0.010813913939783676
0.010798957091714316
0.010793074828382607
0.010766547563746703
0.010203885429009199
0.010183493704915234
0.010161563494018191
0.010076917293129907
0.009505578908986874
0.009325245540511186
0.009244965969171614
0.009203157859879178
0.00917971411539101
0.008228429540848271
0.008061192463465644
0.007420643926524068
0.006773986701839858
0.006746352771086409
0.006664681236820929
0.006671712969024161
0.006678868569823538
0.006673315964565642
0.006673807343351092
0.007154853694815205
0.007384304933932142
0.007376622101056184
0.007378359413286111
0.00737471506898706
0.007351295768973138
0.007314385072830485
0.007313243510469418
0.0073089010125924935
0.007280660928218922
0.0072724686752528725
0.007259568945820689
0.007242679143213551
0.0072496230141982105
0.007273243485250085
0.007266157733475655
0.007283844189829828
0.007289745610005372
0.007270068440652833
0.007292553127095293
0.00730476879649884
0.007285958952135185
0.007377625548530274
0.0073876558216314945
0.007398496019940965
0.007486576181237172
0.0074779732608131234
0.0074577763912305195
0.007453851274965776
0.00737622767866458
0.007373465317989951
0.007152931440089599
0.007158765607534159
0.007146831659379062
0.007143389102243712
0.007144872490659854
0.007132940104851494
0.0071358703955748904
0.007146821027412191
0.007135847539465023
0.007129709804221636
0.00711192784595373
0.007104266064780983
0.007100985704940571
0.007065286982584093
0.007065226099557875
0.007051935633158414
0.007035778810915807
0.007022480659144373
0.007035605774627762
0.0070140485309026735
0.0070030210287572075
0.006978556175906516
0.007030627723229306
0.007020705688506314
0.0070283521212044465
0.007035559956472696
0.007038301783398591
0.007045713724801301
0.0069958979416601345
0.0069911536862380394
0.006977362794849006
0.006968729879527963
0.006968375310110692
0.006919470629367879
0.006912229959407266
0.0069804923983937915
0.007013032040466766
0.007000392074287676
0.006988418646040859
0.006852852537726441
0.0068574846337500555
0.006512344483479359
0.006501249044160944
0.006485942455535543
0.006477185739562762
0.006498082644461578
0.0065145567525365005
0.006536981745039092
0.006536876117335726
0.00653972039806154
0.006567924126786827
0.00655700754880962
0.0065478776452475695
0.006543216078514197
0.006533050982521548
0.006547807475564539
0.0065408534391265555
0.006503853099094194
0.006504776457591156
0.006473610558444538
0.006461208791565083
0.006452314590698373
0.006437875924258181
0.00643194071981211
0.00644982842142871
0.006443371903780363
0.0064136199841987795
0.0066969300862535636
0.006682140610776736
0.006686696284780234
0.0066827181783504115
0.00667524679181673
0.006674974777555065
0.006567492252587623
0.006549277227741489
0.006531982561847784
0.00653144117179436
0.0065091192636366054
0.006506953634388917
0.0065095362513465085
0.006500323181908149
0.006492816979541031
0.006513398890497538
0.006555400736001469
0.006536270623973699
0.006532241917641926
0.006505712494797923
0.006502112998621138
0.006485657882131189
0.006477376283569427
0.006502764710387747
0.0064969628214119135
0.0065006046930425245
0.006498239695591261
0.006502899051462036
0.006498923262213846
0.00649273470791251
0.006486159953262716
0.006481998060670765
0.0064789546703048675
0.0064664405665378144
0.006461690782856075
0.0064532109867249735
0.00644331131882045
0.006438083568765794
0.006438545961425816
0.006417172837201811
0.006442519174315415
0.0064462297604803475
0.006441393086848788
0.00644237646815097
0.006430216630194995
0.0064332801780546895
0.006426730602744724
