0.06258636713027954
0.041514244939511016
0.027007051568944004
0.031305057415738705
0.02469894262806823
0.021581171812223538
0.08233645459404215
0.0732134821494886
0.06583847162837628
0.059857199151090085
0.05431265761581016
0.050038261171161696
0.04622237285574167
0.042447408112154035
0.039899489400340826
0.03750750853043214
0.03610258179994869
0.03418711387540067
0.03246324014762649
0.027638157819941018
0.026363905683286826
0.024868924570593823
0.02390740003223376
0.022935723973205313
0.022190746532242674
0.02125715468988616
0.020452841608078285
0.019699895926068762
0.0155274845456006
0.015054003991779962
0.014627327570451598
0.014170436299702322
0.015410847138435416
0.013336711322023933
0.013028684924291965
0.012755254514804866
0.012592841544813526
0.012269769035554372
0.011947165538731498
0.011698826612257286
0.011991634265065105
0.01176727470416619
0.01148474601028614
0.00868590022307924
0.008513837461815338
0.008254060661667919
0.008094708201194106
0.007926548288883263
0.0077341201127273974
0.007582028458130607
0.007415970915085032
0.0072736675757832416
0.0071732356341440385
0.007064855198537275
0.0068670250707327804
0.0066795831267530996
0.006520112770007911
0.0063145945613372135
0.006186934780089359
0.006480981979710451
0.0063223520676054315
0.006687452368327834
0.006449970215101075
0.00657471831235363
0.0064662850815666115
0.0063634569908830214
0.00633485214503333
0.006186614857669802
0.0060902511670324865
0.005721045917313643
0.005076789164832009
0.004976642200309061
0.004909913707927667
0.004751936642229947
0.004607640321170806
0.004487332323493888
0.004424685395767881
0.00436516396600578
0.004339433847280819
0.004057355100272102
0.003955950257987731
0.003899584366059484
0.003853560557217862
0.003743884399035084
0.0037117799567441107
0.0036567684744124116
0.003941600495595182
0.0040557699559960825
0.003992661328205336
0.003929899001417614
0.003915096123384265
0.003908954306841412
0.004033178691896228
0.003983779403719575
0.0037798915632644534
0.0036208872762031647
0.0034837184656290854
0.0035036785454642767
0.0031322979649485226
0.002998131613362649
0.0029473094403810528
0.002714237996363772
0.0026930744650669057
0.0023625627832578712
0.0024222334599265745
0.002372052299276825
0.002332828172189627
0.002272303661160918
0.0022536446650271765
0.0022082569527343823
0.002215658093421424
0.002481898452873617
0.0024996477972500123
0.0024800258661106583
0.002456019372371446
0.0023500644530054754
0.0021675057772172616
0.0018782443296325214
0.0018155506353953884
0.0017218934764427988
0.0017051422199700517
0.001594979581982703
0.0015850255511160821
0.0015664187241636693
0.0014120346427045586
0.0015047489002076133
0.0009759012191636897
0.0009817563849530654
0.0009701838399241065
0.0009408446783584268
0.0008086007654018251
0.0006745468350085774
0.0006605991003646113
0.0006170518856109734
0.00060543904095646
0.0005708946434563857
0.0003213147878525807
0.00033337895203278876
0.000291313217296973
0.00028783720999015844
0.00017989751484518183
0.00018747205750050525
0.00021508772768660003
0.00022886238236016518
0.0006026617928947516
0.0005630814756884895
0.0006132652443321197
0.0006038533899342831
0.000602699767938855
0.0010230471671334193
0.0010162462934587045
0.0010002570315859572
0.0010158695489995563
0.0010243182948597106
0.0009093639352077184
0.0009015445851850277
0.0009111740118781595
0.0009231123964219156
0.0008888045077810619
0.0009263151466330566
0.0009359764725009043
0.0009265452989798835
0.0009394273120051383
0.0009499483903434326
0.0009400527523902431
0.00097781391793874
0.0009857453897200788
0.0009804837833499323
0.0010104252839750311
0.001023782146840163
0.0010175248752877762
0.0009895320250990886
0.0009902486862688692
0.0009923142084361264
0.0012039242583548261
0.0011743419289388009
0.0011641372640767956
0.001152185279575689
0.0011443481796151104
0.0011614076036856025
0.0013853988502787727
0.0013977356112596802
0.001373243517165343
0.0031581501290241483
0.0032959409769142863
0.0031588865922215184
0.003129517347704369
0.0031134083265324424
0.0031141888741809745
0.003095762700934838
0.0030796786423744993
0.0030662988834036344
0.0030578802782928486
0.0030442719872576757
0.0030044088144324864
0.002998163291259207
0.0030144446615914342
0.0027222911318936375
0.0027038672318485625
0.0026898821615488028
0.0026894515840197503
0.0026924343296853438
0.0026466633434050466
0.0027171434501857532
0.002699913003189332
0.00265492329532902
0.0025083331750010984
0.0025299732471432182
0.00247784315747378
0.0024308586162681885
0.002381234166692456
0.0023713063138260833
0.0023631233795989087
0.002359045826681744
0.002355577276712548
0.0022575685891789796
0.0023332212812411696
0.002092013747081693
0.0020661567477542452
0.0020632779462784754
0.0020463586071757067
0.002045363471992737
0.002020052875536749
0.001993573237834628
0.0019770708345156216
0.001997276307968961
0.0019857507053561755
0.0019457165352669982
0.0019393906249878573
0.0019612265820848074
0.001976074553489337
0.00195688723038211
0.001865003599229186
0.001856132218830332
0.0018407129786961161
0.001772888353120124
0.0017671113119915789
0.0017482251878010713
0.0017472767526517904
0.0017384849019722744
0.001806199242227277
0.0018163711774008926
0.001793467095668631
0.0017812526779640134
0.0018090882571916924
0.0018037480892273475
0.001801788259296788
0.001836820352866607
0.001828217363523436
0.0017814406985770662
0.00172941806772181
0.001714648493534445
0.001719456265557775
0.0015883363459936082
0.0015669455174958107
0.0015609804799777763
0.001555071484889518
0.0015665696750477708
0.0015774655997609867
0.0016014379256501282
0.0015822596766253696
0.001542397333882721
0.001553112416965605
0.0015285939663508032
0.0015669817584601786
0.0015708345436745705
0.0016275670287310524
0.0016133729273238703
0.0016151651765944233
0.001609236971523297
0.001600229532735231
0.0015998046675478642
0.0016242215043634019
0.0016241561689160093
0.0016030842468709406
0.0016042699836470219
0.0017176077742189872
0.0017667098599235703
0.0017540413986093237
0.001758016183561384
0.0017614038429942965
0.0017509543149347023
0.0017243854612977786
0.0017179122841825076
0.0016875764726442565
0.001677352714591428
0.0016887056248530525
0.0017230429569133207
0.0019242709118959193
0.0022524103997713296
0.0022467407963805987
0.0022493176751620294
0.0020477835676340995
0.0020390009294191016
0.002033824096936253
0.00195241766733957
0.001947253607478166
0.0019481623987735396
0.001989381331344096
0.001876106782153247
0.001864990341454545
0.0018461938939899087
0.0018417258334250757
0.0018358463713217935
0.0018252754749970286
0.0018245338654312067
0.0018067523213577766
0.0018011275477077084
0.0017511674152046908
0.0017477933776112338
0.0017433315013430475
0.0017269605295515038
0.00172053663486709
0.0017177618016989624
0.001809310708544033
0.0017779070355116733
0.0024099276828645137
0.002373155362338965
0.003252714108089094
0.0033180143005195404
0.0032868273394218114
0.003296965082681877
0.0032837886243933206
0.0032517838668606525
0.003228402938375048
0.0031200797922169825
0.0030985493941199553
0.0031043848856435424
0.0030086712055146397
0.002929928196657251
0.0028455144412917613
0.0028336981246371994
0.0028184797632196724
0.0027706617879318138
0.0027612364452103233
0.0027418901489172556
0.0027379083381330292
0.002742222124867101
0.002736027531821438
0.002735981682776862
0.002723150990309557
0.002726594482594524
0.0027220597598580903
0.003155596677337915
0.0033492360823554586
0.00333903329693917
0.0033143641189519847
0.003278020297879798
0.0032743761597209546
0.0032743036435750198
0.0032639166802461914
0.0032653416160544554
0.003254922528066022
0.0032497814563996635
0.003226307791980995
0.003219754538758553
0.003179246634470108
0.003164896092246758
0.003161125060291347
0.003155069811489089
0.0031206470115075872
0.003061206527821593
0.0030705605232859466
0.0030589196774574346
0.003146957239118447
0.0031070266299342104
0.0030968080868265333
0.003087574527047601
0.003060657598296136
0.0032291776918019466
0.0032240988736791016
0.0032096984886151396
0.0032005021619595855
0.003179599671023121
0.0031709718703766946
0.0031445776497791094
0.003151827447721395
0.0031374758032083287
0.003169289828943682
0.0031551643059654043
0.003147380287806699
0.0031385948916955834
0.0031130066678883845
0.0031018260270908966
0.0030993477202093263
0.0031368272515798633
0.0031241678486564057
0.0031172072190073417
0.0031120247183888485
0.0031102711681576965
0.0031340558275680477
0.003123392394831096
0.003120785167809075
0.0031130805429066756
0.003121594513309772
0.0031025796437992885
0.0030936188294019033
0.003008105453672873
0.003278369563649903
0.003282368683652921
0.003343164650926775
0.0033341344930273454
0.0033331166170394834
0.003334949396131704
0.0033213688144547774
0.0033207130303936185
0.003303787077557525
0.003244505662370438
0.003217598238250769
0.003177285771109555
0.0031712088853894176
0.0031565945622739244
0.0031455316916193894
0.003127372205409597
0.0031450126743423493
0.0031900860300144943
0.0031814005665552667
0.0031722268881116487
0.0031503755033987714
0.0031493840310143273
0.003139652242990661
0.0031333079552268283
0.003141267327232783
0.0031334828184951804
0.003133354171241678
0.0031380639612748045
0.0031706234325458143
0.0031596700099194015
0.003148860847905716
0.0031503966007968612
0.003136480612687996
0.0031261278208869177
0.003116286208122579
0.003116068929843952
0.003107367615659914
0.0031321480196030344
0.0031189252923597044
0.003104664275350695
0.0030964459613559564
0.00310195179990677
0.003174339509935869
0.0031931837834923683
0.003184610062784453
0.003179596460328223
0.0031854187848127076
0.0031754634686636577
0.0031840727622726
0.0031794464218520705
0.0031814632834640277
0.0031745231368130087
0.0031689876876494576
0.003171495317636807
0.0031686625386505448
0.0031738921564493255
0.0031676393151396872
0.0031603230743780294
0.0031636976056934824
0.003153337621942801
0.00314749510404869
0.0031449462188421168
0.0031805103874819013
0.0031778088806290834
0.0031503787486301385
0.003269475803948984
0.0031991407943994673
0.003133649777597224
0.0031261878615250443
0.0031155038989172114
0.003135134120291579
0.0031078467551687275
0.003100810174192563
0.003084400102923044
0.003074138836197988
0.0030480476138090074
0.00303427543235366
0.0030303323842675142
0.0030172011828802333
0.003009123317081319
0.0030013323697403397
0.002994982772105613
0.0030166096642524776
0.0030231606335901972
0.0030174757253571293
0.0030223410161477325
0.0030107992586883127
0.0030043304548867758
0.0029946912399744364
0.0030051808323405724
0.002995441863221255
0.002987806916632477
0.002980462627841385
0.002981063094050658
0.002978116828929526
0.002976022802150429
0.002972542863898849
0.0029786567069044097
0.0029646309051761105
0.002972308715984701
0.002967156125188922
0.002960119422545732
0.0029759300572861896
0.0029748965696105136
0.002978235412099041
0.002976161487804528
0.002971433591019485
0.0029793052102010413
0.0029836116804161307
0.0029782708375907982
0.0031422191873157405
0.0031362939899787987
0.003127035869553651
0.003095950055401658
0.0030866862068573103
0.003064882927119293
0.0030581958791688433
0.0030516390332800594
0.0030465165798458614
0.003037374266561794
0.002992458817929078
0.0029876400243204694
0.0029747962893090086
0.002957331711353701
0.0026529922386766226
0.0026502044019815958
0.0027238881594217924
0.0026769970421606643
0.0026729772893387153
0.00267089312363956
0.0026592092678463745
0.002647261391994004
0.002641952331702525
0.0026389176407421583
0.0026331359758808093
0.0026278595216371005
0.0026175224402051286
0.0026132924788521143
0.0026059773975833297
0.0026199303705828187
0.0026130228863217365
0.002607767189404338
0.0026050497064206046
0.0026004895334125356
0.002598883180232458
0.002607789937390223
0.002603397733511529
0.0025982671390080915
0.0025882550702205328
0.002585213397460872
0.0025747126257920157
0.0025579005687738614
0.0025329510531198612
0.002538694623038512
0.002560791035188761
0.0025577492336139505
0.0025569924283648103
0.002561843144723368
0.0025581465493312865
0.002576613651461208
0.002571572978883651
0.002565236996617867
0.0025612902741207425
0.0025665691411719204
0.002566834153417691
0.002555773435719412
0.0025496924493706376
0.0025135939536975282
0.0025131851269333295
0.002506105277811805
0.00249480808981165
0.0024974198040868217
0.002493698184276782
0.0024897809035168486
0.0024900015302024505
0.0024879124478826716
0.00247151319506934
0.0024632983572283316
0.0024584927119941633
0.0024035396833630815
0.002421202177318826
0.002406191697060958
0.002411106304430878
0.002368885554816259
0.0023652438231157188
0.0023836536884320773
0.0023749811138284054
0.0023721402144822857
0.0025718440908664812
0.0025488465526644225
0.0025311209455895086
0.0025222873625188125
0.002517565690104182
0.002524396990541023
0.0025322550433764875
0.0025299545466638657
0.002533516587507179
0.002534642563173893
0.0025543653561869335
0.0025492172323184604
0.0025639875595152243
0.002560283657930539
0.002556871552083835
0.0025838191747484104
0.0025753386512797484
0.0025717179093837977
0.002567113530609341
0.0025615948754504863
0.002551426865525889
0.002549259228311567
0.002542653597748673
0.00254390140764696
0.0025400124987142395
0.0025348746121336306
0.0025352946922497952
0.0025304691891239878
0.0025333770380912726
0.002528583759846594
0.0025219915792841227
0.00249874131908117
0.0024873928064241017
0.0024807366733192748
0.0024775747969130635
0.002474134345018035
0.0025108574395977857
0.0025052414057427086
0.0025021476586507938
0.0024944975435425764
0.00249757810007007
0.002492579118616006
0.002461665103894322
0.0024418984659381614
0.002446034481998808
0.002433317530414073
0.0024345863034695497
0.002431293881067907
0.0024278639334367634
0.002421797722839115
0.0023880561548424773
0.0023988988530715153
0.002392587955876024
0.0023916796324928084
0.0023878156047589484
0.002397194464148647
0.002393314011269976
0.0023988760395590113
0.0024150659500329504
0.002409690116905774
0.0023930302765429704
0.0023935110873288196
0.002386658197378543
0.0023845477850512053
0.00238182005202021
0.0023810294355540527
0.0023726700982442937
0.0023375648633378763
0.002329528752841548
0.0023215075231872574
0.0023157719628890522
0.0023132696783132833
0.002314745839899071
0.0023039022892448135
0.0023043744005087877
0.0022493105036892917
0.002244039427761934
0.0022179248206745444
0.0022136586715835915
0.002220184640295058
0.0022087139805624973
0.0022087860549369408
0.0022079505470825474
0.0022515451699036764
0.0022489885971459615
0.0022627596819537544
0.002266701129308742
0.0022489026583476786
0.0022476784271187565
0.0022491631302398772
0.002236003246212706
0.002244159301322599
0.0022427869544331134
0.002240320609897603
0.0022457999917269715
0.002237395955150211
0.002233617292015969
0.00224426538947108
0.0022321272897860745
0.0022479115245007874
0.002242602991246226
0.0022385320466212656
0.002236272920772139
0.0022331937527582725
0.002294624229152286
0.002290215365379772
0.0022855273521256523
0.00226004584613901
0.002256022076155999
0.002266070060283724
0.002250824480257574
0.0022405856719177426
0.0022355389578920686
0.0022297310341168994
0.0022084193800210694
0.0022287269757324817
0.0022062177724716417
0.00220808620265964
0.0022561356690290963
0.0022542730321412963
0.002249782655267179
0.0022188845304208235
0.0023077150048137944
0.0018196490329498538
0.0018133507772883312
0.0018152946005608823
0.0018108043885720184
0.0018352878425401383
0.0018336031986089117
0.0018264653515305289
0.0018064573034437398
0.0018069131547438272
0.0018063771129871178
0.001801783939319822
0.0017989145445952948
0.0017891314340405774
0.0017854845735813824
0.0017924440581981763
0.0017844636574857859
0.0017849916818205355
0.0017856603826558156
0.001783815845456284
0.0018136617107725897
0.001809947014512464
0.0020244834397060195
0.002025605478795454
0.0020217561609656843
0.002024198733525569
0.0020219816581768255
0.002019295082609608
0.002011062794156845
0.0019972538509859363
0.0019970568792593217
0.001986025695803474
0.0020186244374106738
0.0020097851978407638
0.0020315295740792575
0.002093249220831161
0.0020844528051618344
0.0020744987632107612
0.0020724600842142423
0.0020633798071484953
0.0020589287187613085
0.0020557844465181946
0.0020490690274508534
0.0020499443885896415
0.0020499410233198673
0.0020489985559737803
0.002048882516449402
0.0020606737875240757
0.0020457261970355323
0.0020441999928219766
0.0020397339891707437
0.002037164371126958
0.0020348576702816285
0.0020249908821594596
0.002017898125809338
0.002016621599252735
0.002016013211316649
0.002007915789304035
0.0020036774204091525
0.0019834968152896374
0.002037857417911126
0.002034507541216735
0.002036273571796589
0.0020288146549600422
0.002024799919143415
0.0020502548850040085
0.0020465660984310624
0.002043821687219133
0.002040924274065676
0.0020404700997843123
0.0020389645985303046
0.0020362543288337956
0.002035749367475996
0.0020334485250326404
0.0020219119962292813
0.0020248865972589685
0.0020220952630353338
0.002017487104667581
0.0020114954139562047
0.0020056620097883074
0.0020116486895996708
0.00200594245430514
0.0019974293154243223
0.0019955919855176646
0.001997981182353731
0.0019854953670607007
0.001976480667736958
0.00197310256653977
0.001969301267687153
0.001965058222782782
0.0019536333386986388
0.001945872017470979
0.0019423326458737704
0.0019397583080124122
0.0019315225511024967
0.001936392425799886
0.001934534292353597
0.001932007317899603
0.001935421244398993
0.0019369729973375959
0.001927123717357547
0.0019261009169317732
0.0019234450100528999
0.0019162507375005936
0.0019113514572471377
0.0018984153306920905
0.0018972269503868976
0.0018909016765675908
0.0019530111552882316
0.0019481246191579713
0.0019421881761223737
0.0019784862015867284
0.001977529159006441
0.0019747870299603185
0.00195549308078555
0.00195492854808408
0.0019533673900275564
0.00194605729751045
0.001944417606767931
0.0019424270313173194
0.0019399512311529966
0.0019390274349217788
0.0019365784695187726
0.0019353060151286422
0.0019331696416197358
0.0019298404730277148
0.0019022987641519622
0.0019012777604766483
0.0019002215112582435
0.001887091240168568
0.0018860390554393596
0.0018851492194754118
0.001883087760669354
0.0018895686730734324
0.0018974830016485675
0.0018974469050633484
0.001923183883207945
0.0019227425549542872
0.0019206657186843158
0.0019017311824898822
0.0018942194300967368
0.0018853893187696644
0.0018838979559776337
0.0018840137145396453
0.0018717773089805486
0.0018747736780638064
0.0018679184090742828
0.0018665777509445924
0.0018721690658569635
0.0018657956766637523
0.0018617751258631866
0.0018656321087221115
0.0018629315371772755
0.001859749607359876
0.0018541470898846336
0.0018566428359770876
0.0018591462976641898
0.0018856754120603252
0.0018838537353872734
0.001876435427372471
0.0018745739132466327
0.0018763818114774231
0.0018719053997727226
0.0019024352940591677
0.0018968007532236774
0.0018768189769387922
0.0018747172786402512
0.00186955172097091
0.0018675719979237052
0.0018659103485546777
0.001863039866417571
0.0018765834385629468
0.0018758068472627314
0.0018759958701318861
0.0018741511272861635
0.001874367271786449
0.0018732738750037445
0.0018991088613879194
0.0018932997424787777
0.0018921883111995509
0.0018896426899496644
0.001888744982774959
0.0018748166271813117
0.0018644143807884162
0.001832936557316287
0.001823055713205644
0.0018227458214222954
0.0017880661716165455
0.0017850387978539555
0.001793429150457614
0.0017831256112468626
0.0017765977252638485
0.001793840413873058
0.0018470913785607634
0.001834495017936739
0.001874668715199784
0.0018460650952138043
0.001845921611927989
0.0018483563155698836
0.0018462712084275803
0.0019173841073787353
0.0018986268582157466
0.0018948299933614643
0.0018925628428126705
0.0018880592527814226
0.0018812270508458868
0.0018777186299235636
0.0018753789777267915
0.0018745628974750103
0.0018742528624855574
0.00187159169130135
0.001869755031927589
0.0018698806403442316
0.0018677794678365767
0.0018641559775133562
0.0018623177427169251
0.0018615428725791581
0.0018573992459546534
0.0018554291944006965
0.0018529008292461247
0.0018512265532345134
0.0018466155092688602
0.00184699635144674
0.001845641450057834
0.001872816554920568
0.0018788433624717877
0.0018753909919016442
0.0018677028368354921
0.0018764324155812384
0.001859131845127628
0.0018636421812884027
0.0018629342345478804
0.0018675522253126405
0.0018662285105799845
0.0018629433268222918
0.0018646009618394266
0.0018620316760186767
0.001858979468340834
0.0018606716281582634
0.0018588806423796567
0.001859249466077401
0.0018570002994984132
0.0018549902081246713
0.001853559041822233
0.0018521615587494859
0.001849277607267065
0.0018478278885199746
0.0018468445058285085
0.0018442884735836722
0.0018425490400643212
0.0018390777637857058
0.0018382731861576376
0.0018428837277964269
0.001841397779758707
0.001785228998618611
0.0017644388820744405
0.001762654615458156
0.0017436313049939028
0.0017565837854419436
0.001754091234187624
0.0017505101055463727
0.0017482401357376699
0.0017462067817664313
0.0017425299908281227
0.0017413642499695097
0.0017392856684865633
0.0017761410877997683
0.0017727485233616379
0.001768799647812067
0.001765273543976917
0.001688798382264748
0.0016867680062351673
0.0016768890434169302
0.0016850947969187379
0.0017028423839425479
0.001694450753804198
0.0016932154575835794
0.0016959474671115683
0.0016900903221967062
0.0016882608313633976
0.0016948403203077955
0.0018472948551851577
0.001843475108876926
0.0018401166940667636
0.001836395224153325
0.0018333987091128591
0.0018272443791124636
0.0018142563789454043
0.0018136013384351102
0.001921012417691923
0.001943197380678613
0.0019398831024775983
