0.024101177230477333
0.017132582996661462
0.013116524438373743
0.023131877835839986
0.034798724499220654
0.03051608687798892
0.030169547477271408
0.026968114854147036
0.025220217602327465
0.023199476217004383
0.022259997048725683
0.02049036116267626
0.018936595397203094
0.019627253012731667
0.018951556456158865
0.018078336588052264
0.017551639104365472
0.016494494188871035
0.017511243990156796
0.016120743815831482
0.015283580753020939
0.014559018233305084
0.015048170006290697
0.014147973572835324
0.013385714148171243
0.012891728693998794
0.012393622887819736
0.012090557210693326
0.011582313171432662
0.011191161601023087
0.01086156355086132
0.01010774188519766
0.009351835007477991
0.008872467794987774
0.008712301376767251
0.008548636942774664
0.008450069032781024
0.008113584537894873
0.00789707750082016
0.007712709618073593
0.007811871260249366
0.007526364570028733
0.007310274287275123
0.006351428372888929
0.006224512580640451
0.006088673589476185
0.005919241241220636
0.00580971499302719
0.005615909433981868
0.005484677284246071
0.0057200504852517025
0.0056296696390556854
0.005302562974705963
0.005198795464556577
0.004965322938005554
0.004751053808018024
0.004558124761889959
0.004450795792933094
0.004352910148979085
0.004286116373402706
0.004500236740333943
0.005029819450028875
0.006600718496656553
0.006624014104958264
0.0065722606401929316
0.006471286409876809
0.005679509993034812
0.005575689038580648
0.005500158024161855
0.0052116555311392445
0.0051843272346256235
0.005130385753757653
0.005050418022398625
0.004977592324721629
0.004877157890931767
0.004817623489531812
0.00475251846644544
0.004689526208344837
0.004195117735616807
0.004125911924078269
0.0040925203007291
0.004286463848414765
0.00426295896838946
0.005187841290299892
0.005124410972246892
0.005044863720380318
0.004927859128821929
0.00486676133119402
0.004696135448466523
0.004566819563598865
0.004512989153147869
0.004459404330719414
0.004425917854105331
0.004350677017876143
0.003644007144581944
0.004349570109757364
0.00440850023614428
0.004406960599207922
0.004482018643029733
0.004476994767498068
0.004436772433537579
0.0044025940320723544
0.004279637160065111
0.004216782100515308
0.004050360570133462
0.00408575239862755
0.003960884830896114
0.0042087395728614896
0.004356918144648346
0.0043084394633256095
0.004283443065625243
0.004180533882921802
0.004059074852353151
0.004022677588332244
0.0041877302908938764
0.004180832813134713
0.004141215055809019
0.004079158549336915
0.003953701162996976
0.0038750303878154523
0.0038129808804636743
0.0038460509181240357
0.003990112312279847
0.004138183404109443
0.004173813495274067
0.004094425490191099
0.003994841561848264
0.003977898310110979
0.003980606361269918
0.003941787061444131
0.0039025324842827344
0.004187679842015541
0.004149100100669365
0.0041155254342205225
0.004086481905366837
0.004046295128697294
0.004878432953800246
0.004840261567021361
0.004782110942739696
0.0046884846184790776
0.004619397889821904
0.004829143582158594
0.00485700113848806
0.004827763389390575
0.004798866169625252
0.004728971371410551
0.004673952751889721
0.004645900350300779
0.00488730518719725
0.0050106049689351735
0.004965596783605229
0.004965192535142661
0.004926573810475283
0.0048992548910563
0.004792631191006739
0.004784938486965502
0.0047525621635089305
0.004741898780588339
0.004700260925437763
0.004631271058247392
0.004330713157006685
0.0033813986424292442
0.0033915179440710524
0.003345003093603408
0.0033029484290297236
0.0033202022288801886
0.0033148123394702088
0.003318030937122233
0.003298721500066358
0.003237707188338648
0.0032262271316688216
0.0031851860713933726
0.003171098542225083
0.0030617067702613525
0.0030655211613438145
0.003035338747359178
0.0030179450585502954
0.003004581835033119
0.002984566659385263
0.0029794155577106364
0.003051172226880408
0.0030330432588622615
0.0030226408543967426
0.0032376857947186916
0.0034984012444344652
0.0034678927206410674
0.003609134855960681
0.0035876407907510727
0.0036240295147811274
0.003621160244939153
0.00359409713466145
0.0035728700186814792
0.0035689438148803748
0.0035549469464548093
0.003491035427904704
0.0034660166371016906
0.00346451431724203
0.0036162778426718735
0.00359104295312136
0.003560534713657189
0.0034904724457687337
0.003459223310318042
0.003401143209795884
0.0034405231821526805
0.0034852955535984408
0.0034817823524230305
0.0035134291711074192
0.003579628542909493
0.0035011815710320323
0.0035474682187466226
0.003528256809933635
0.0035038562315956707
0.0035101492066022294
0.0034754279068925672
0.0034567692569167047
0.003448317802931218
0.003090070224345189
0.0028124116246187733
0.0028238906537643013
0.0028150651513201693
0.0028082087458617924
0.003036434282619203
0.003004439795339361
0.0029944687889656065
0.002985353619403689
0.0029752463638133254
0.002981292628598903
0.002950594841243851
0.0029260640745633294
0.0029201332607091865
0.002908848469125024
0.002902279192941013
0.0028921525392947038
0.00288063590532476
0.0028671151307886043
0.0027856305772698993
0.002779277584561003
0.0027604230717199604
0.0027571544498035424
0.0027588699264785178
0.0028924976210595765
0.0028096945753820256
0.002789066787716098
0.0027960781616809772
0.0027842511173538365
0.0027695135387822037
0.0027704420504197796
0.002706367021751962
0.0026999212633818407
0.002692738430114443
0.0026701876130472476
0.0026549861624674976
0.0027214892393740754
0.003203359539346662
0.0031378280991702944
0.003149046630558745
0.0031337807132761457
0.003153450032390484
0.0031457508354483625
0.0032239875116588934
0.0030005282828164887
0.0029868627672646744
0.00303651172373176
0.0032151669549386765
0.0031829604925412737
0.0031892831340494974
0.003178653328652572
0.0031578971924940595
0.003150113465596441
0.003116540693805978
0.003102978819750957
0.0030473292319764212
0.0030469868057466944
0.0030482951288153862
0.003036504923079192
0.0030067201568459313
0.0029884248652843875
0.0029774928584613103
0.002957320796953616
0.0029510945334220227
0.002935688493831964
0.0029211549779240647
0.002912692687843935
0.0029029793104998337
0.0028708994198693117
0.0028357275595153526
0.002821360755862975
0.0028087324115397775
0.0028148316271434533
0.0028013427355974823
0.002788560996322468
0.002813124325449832
0.002871461024450071
0.0028659451298092093
0.0028577607582839283
0.002745755674530714
0.002735616165782084
0.0027308141490301288
0.00273342598617698
0.0027330915151207277
0.002691329096826351
0.002680790853047309
0.0026661577507375613
0.002674007161566226
0.00267248861704728
0.002659819914401186
0.0027086724222534922
0.00263570246405743
0.0026376343230837076
0.0026206742635991004
0.0026128163814204412
0.002579037468663208
0.002571400772623726
0.002548424298006541
0.002554410698774267
0.0025290620752150502
0.0024199423135101593
0.0024180380047443503
0.002545539323273262
0.0025684149005425665
0.0025566513929407638
0.0025277804867501444
0.0025340155429777384
0.0025252915430778226
0.002375717163339482
0.002123832095906408
0.0021131526480575123
0.00210960949305799
0.002100289098047089
0.00207990698322578
0.002075494805379655
0.0020690848448919647
0.0020348102698553292
0.002019085295766824
0.002020042747820604
0.0020074347331914427
0.002020609897039399
0.0020502940448769253
0.002031322819226157
0.002008147073348562
0.002004657647977021
0.0019916083667138496
0.0019885751543010596
0.002179384349775335
0.002360543343236012
0.002389339662479241
0.0023877785552867473
0.0023406342308100055
0.002329743974946076
0.002297544601925438
0.002284899448671822
0.0022753872431489196
0.00225821772494007
0.00226980905012887
0.0022973534727334715
0.002312946918324136
0.002297654196229934
0.0023064809138304584
0.0022979557107747624
0.002303936721991984
0.00225878822516656
0.0022511351360728128
0.0023556749233798534
0.002351184577417199
0.002424928339588989
0.0024159123605963853
0.002396409487375978
0.002395124314987793
0.0022174058748901577
0.0020667514364673483
0.0021092404616454953
0.002096454967091881
0.002131000282819525
0.002174996055293985
0.002360836580087478
0.00237455595351786
0.00236238718301778
0.0023191890756743675
0.002314815675096103
0.002305571261120092
0.0023001533311403774
0.002378689456625761
0.0023714327714022456
0.002547127054380586
0.0025535083250219546
0.002552239203840484
0.002531897717079157
0.002519412819100251
0.002516956275716299
0.002448613997744581
0.00243522164621435
0.0024297706714205376
0.002426770416295675
0.002425550176195441
0.0024226058312246963
0.0024127001093660356
0.0024106161545571023
0.002403709119404485
0.0028485203969285063
0.0028491722879241256
0.0028493875312838707
0.002842064911773903
0.0028337030205983693
0.0028074665714944943
0.0027650066433591125
0.0027624083977615685
0.0027205197717622095
0.0027078941404757727
0.00269738371218143
0.002697930016243743
0.0026937822845883985
0.002700504173589369
0.002628180505279739
0.0026785247531230004
0.002706950614205758
0.0027013349343012806
0.002693812125963332
0.0026827756450604596
0.0026769224400292543
0.0026665511091549183
0.002664879483448191
0.0026627721174791556
0.002654139845222779
0.0026463108217884687
0.0026408879214917164
0.0027253403402072935
0.002726117512232284
0.0028872648469601995
0.002807151766471582
0.0028314180432956865
0.00277999804245189
0.0027820458790112895
0.0027855430628393823
0.002777212537171443
0.002771611499181312
0.0027809048918345197
0.0027723752015043584
0.00264879428971639
0.0026383644384457687
0.002632846010414237
0.0026701748670162843
0.002659309663820743
0.0026547401350956196
0.0026467395292201325
0.002642268158981318
0.0026288006411050455
0.0026237299873790635
0.0026232235763269437
0.0026280301158516936
0.0026139016279803874
0.0026031721227865964
0.002595798080955005
0.0025978256995057123
0.0025776279971079026
0.002558052258344809
0.002549458454174926
0.00257628926343331
0.0025782957501715316
0.002561217545561429
0.0025634506547720292
0.0025284303815976705
0.0025308619387196174
0.002515010907151513
0.0021625935571782705
0.0021698220190386032
0.0021705549790735114
0.0021673759374996166
0.002168326075783926
0.0021530642888621457
0.0021388160249789564
0.002135714610369056
0.0021281060916375355
0.002120610260323477
0.0020947545655163663
0.0020809904775994864
0.0020795655237754633
0.0020358479474704085
0.002029902864468606
0.002026346627811414
0.0020429112799721025
0.0021581503543639307
0.0021542140029945176
0.0021138760753687687
0.0021144928540116365
0.0021166856340155433
0.0021075324381856337
0.0021096725211344966
0.002143968283307693
0.002139002803403635
0.002135658366382177
0.0021150779666049514
0.0020935325165326226
0.0020920717145964623
0.0022099366317346785
0.002204375747095908
0.0021989699318283357
0.002180446707558831
0.002166852968677163
0.0021752145323989704
0.00217270326532901
0.002169034833842088
0.002166022557684127
0.0021531917505738453
0.00214955721182765
0.0021789432450223193
0.002184607095210342
0.002175674283098203
0.0021570275465710603
0.0021450692739688093
0.0021386299666727882
0.002165859800683736
0.0020997304184180543
0.002098530338399802
0.0020476398713636973
0.0020346592767781176
0.002031000448740202
0.0020225861328886617
0.002016983458321783
0.0019756739085306243
0.001973487290344493
0.0019765556282987182
0.0019755001340779742
0.00198185763502383
0.001976257417658678
0.0019733074231478515
0.0019770747135993967
0.0020263976633197517
0.0020340268836933945
0.001996287398514194
0.001992513068605601
0.0019848285214549874
0.001983597838698462
0.0019830598543507747
0.0019795633278973193
0.0019718585297922087
0.0019495988987967008
0.0019357498458297331
0.001976391436723394
0.0019925633666220913
0.0019950142166487556
0.001990833115124216
0.0020054771030285495
0.0020009239608765827
0.0021768349648849544
0.002178119019495521
0.0021750595219559095
0.0021664722989024185
0.0021416382992911357
0.002134270300355804
0.0021304631809075034
0.0021405270375960735
0.0021640108577113655
0.0022487085519877765
0.002243993289520658
0.002260321326601037
0.002256675011380028
0.002312644783688161
0.0022832493352605244
0.0022733029900986624
0.0022690035427546788
0.0023063919879698063
0.0023310715572359116
0.0023514828041846267
0.0023435524483371023
0.0023395782041826406
0.0023377701888743557
0.0023350041438135747
0.0023306081282255817
0.002327988138424922
0.0023448520281333543
0.0023324589679772525
0.0023224350281189155
0.0023076871658282115
0.002310561941210282
0.00230519145140483
0.0023076720109663986
0.0023029073738118607
0.0023056748773146057
0.0022996826454267463
0.002299346821986259
0.0023158666668596796
0.0023618742753736604
0.0023539182857223767
0.0023539462723420005
0.0023492655608988388
0.0023387438513948807
0.002337664585197951
0.0023371622370974426
0.0025364559282518148
0.0025328939934656097
0.0025283603334149106
0.0025166490985125568
0.0025127865681417887
0.002536645058325802
0.0025315901094051622
0.0025254208815520614
0.002530041064568784
0.0025251227074392334
0.0025213041259970247
0.0025205155558166094
0.002507606805385841
0.0025058127556114537
0.0024976579857349684
0.0024836567694861036
0.0024796656843355724
0.0024708123412966183
0.0024654350828481465
0.0024662741673835997
0.00247359839999203
0.002464921697698411
0.002465551757934034
0.0024577029039354998
0.002489438966879906
0.002487179158481192
0.0024836388837767053
0.0024778711563622486
0.0024723173900057004
0.0024720825589235073
0.0024635798565507323
0.002460410472316517
0.002465883902809079
0.002463294359374465
0.0024583527617137307
0.0024544388174195793
0.0024273944690533654
0.0024220065375946172
0.002389777055526748
0.0023997612265261635
0.0023841110802008897
0.002373633196049504
0.0023811477104124018
0.0023799875574146926
0.002376369686426075
0.0023884047023648614
0.0023990716288711366
0.0023923090740887937
0.002396683268049507
0.0023831942104061334
0.0023706383525791378
0.002360454012521138
0.0023706476177917453
0.0023736071552648416
0.002367694787088635
0.0023756323513225686
0.0023854009609172284
0.0024000858727824073
0.0024164283410564313
0.002421635616447752
0.0024178726759922836
0.002412259862333066
0.0024095495544739884
0.0024022870395190173
0.002394102923390948
0.0023898861054726566
0.0023758870733461973
0.0023718953064166774
0.002374362232444241
0.0023735518155239563
0.002369155270185513
0.0023428026481913606
0.002287906369140669
0.0022585285489794596
0.0022808204020107244
0.002419425059414973
0.00241095198469082
0.002410369833755137
0.0024050879111053624
0.0024027327280697836
0.002403978462890924
0.0023275596450986736
0.002336953622694814
0.002373321347377031
0.0024759424410008926
0.002473428385360257
0.0024744728970285115
0.002470471777311724
0.00247156681056754
0.002468382127907331
0.0024635722888406812
0.0024564958378861883
0.0024825260958399997
0.002453595894866707
0.0024496122048050448
0.002441939063840567
0.00244044772674574
0.0024419475861077286
0.0024315135735357026
0.0024267424018093067
0.002433816952395942
0.0024260323210773586
0.0024580202013404105
0.0024545076572961466
0.00244511008441682
0.00244652238155095
0.0024363784068293804
0.0024299585753159527
0.0028633677773901097
0.0028574617746447606
0.002850799988555086
0.0028443946558892085
0.00279964999311588
0.002788484836682431
0.0027712217424932994
0.0027554163692099275
0.00275634939903581
0.0027559792528068874
0.0027461076666995925
0.002737512087845109
0.0027297107157825042
0.002728875822343392
0.0027452837730737264
0.0027409772071872746
0.0027377476983697453
0.0027220316062072088
0.002724414001957429
0.002715479078259339
0.002710677090347684
0.0027070007804955395
0.0027040423244468767
0.0026988753103603935
0.0026989318291303858
0.002700858461183467
0.0026995823911108827
0.0027134700298885443
0.0027220619190289922
0.0027194057523233844
0.0027165276200731225
0.00271680657057499
0.0027150621241760387
0.0027317864610970884
0.0027303850900283187
0.002729994389831848
0.0027189991223606157
0.0027425469749408826
0.0027406314104659406
0.0027352420747306003
0.0027161801796906854
0.002730099613140417
0.002717844247333263
0.0027131564233213888
0.0027049742803362245
0.0026953219171501246
0.002694569942553748
0.0027548928077412035
0.0027626169080052615
0.002753659616644433
0.0027561663535302155
0.0027464063353063724
0.0027336223753663996
0.0027285137485534784
0.002725549010600597
0.0027208202972617912
0.002828571153946517
0.0028310692557224374
0.00282753538774867
0.002856880708789952
0.002856745251664941
0.0028480549146326136
0.0028549891520063004
0.0028585094837108964
0.002854018089159028
0.002848271494624319
0.0028434888701134396
0.002759637468637336
0.002757846476457094
0.002752757993270975
0.002752790874671031
0.0027443276852111933
0.0027392076230454906
0.0027272002951508364
0.002726470928707151
0.002733610148928795
0.0027307645482453316
0.0027214312364465623
0.0027119395459643853
0.002708476341323789
0.0027114663616347383
0.0027269084624331886
0.0027220312335208712
0.002719564442524878
0.0027159123794281655
0.0027084671414921114
0.0026998250049965343
0.0027627021499869093
0.0027578994313282174
0.0027496292306953985
0.0027468702441885056
0.002741881762847953
0.002737769088850625
0.0027460302660365318
0.0027429317547470497
0.0027400615361084586
0.0027388279940253816
0.0027999873568826327
0.002794055750205216
0.0027903960883848447
0.0027902003119671323
0.0028030994341152397
0.002763468136886335
0.002714780416591909
0.002765695648399054
0.00276126996659616
0.0027771557198723556
0.0027215751102517803
0.002950193701943965
0.0029590127769721143
0.0029547820487402236
0.0029511170394851288
0.0029415517612955107
0.0029421228783238704
0.0029495116516914735
0.0029479947467073633
0.002940984095885793
0.002932878274861062
0.0030674859399324322
0.0031112823997401042
0.0030849145331000136
0.003080164254568224
0.0030748561208649994
0.0030707079423446548
0.003066230453439467
0.003060820084734803
0.0030543394466018034
0.003046864207960125
0.003040900544561898
0.0030530997710614656
0.0030517243030376675
0.0030521603074647385
0.00304965314552022
0.0030265467072868673
0.0030892451275427966
0.0030839521307204415
0.0030757374561922444
0.003073402816264351
0.0030720677142246737
0.003060538160406286
0.0030562754884227985
0.0030371578893542343
0.0030324158976760577
0.0030143301417531994
0.003009435635862781
0.003020788579672921
0.0030127003752111396
0.0030017864413842926
0.00299797077575364
0.002994392273304601
0.002984305384034262
0.002971861857505379
0.0029331294309668044
0.002928588624805297
0.0029093017102868705
0.002861240514114322
0.0028589119135221347
0.002843926547377541
0.0028401701520846864
0.0028373709912001325
0.0028323086946439847
0.0028255167734482036
0.00281772017047039
0.002794141412815092
0.002792356664645174
0.0027909770199069867
0.0027834854535647704
0.0027838472018650606
0.002754673342433121
0.002750218461625056
0.0027352582273405266
0.0027461950739669032
0.002743779874322959
0.002737463482675603
0.002757874295852115
0.0027411494258583412
0.002756498262535237
0.002818908319687973
0.0028087720878389533
0.0028071706470103363
0.0028016840435099084
0.0027966122786756255
0.0027757787624688576
0.0027796371428316278
0.0027778800661522746
0.002780912278415942
0.0027807678956855778
0.0027913694227984834
0.0027899889361749485
0.0027871498403896668
0.002888426514444392
0.002887356313388855
0.0029039937327346166
0.002901293348136572
0.0028957129217260604
0.0028918106538576515
0.002885397956174482
0.0028852503647364114
0.002894303623646371
0.002892704326850712
0.0028939386444181052
0.002891519232869826
0.0030839632664436912
0.002877919200355299
0.002863689233417008
0.002854620967784575
0.0028623796761207167
0.002871424942585297
0.002846982181107414
0.002843715835276135
0.002830727512566375
0.0028326129597271805
0.0028246071450736933
0.0028377255996447147
0.002819278915200034
0.002833187385797544
0.002849144940082867
0.002837697559562255
0.002824601427029423
0.0028191102976494603
0.0028166913623839636
0.0028111234546065672
0.0028535819154493136
0.002845594913019932
0.0028433306247605252
0.002844825045334527
0.0028446317801432653
0.0028403026450895806
0.002837989693036583
0.0028385212705332205
0.0028346657062770526
0.002838091506567817
0.002838440082530884
0.002834081202324514
0.002854568744577138
0.0028497811214439595
0.0028280113194762238
0.0028229011722737994
0.0028108901487512365
0.002792110339824128
0.002825541093325173
0.002825507340422349
0.0028256375463473577
0.0028227571550985047
0.002817834231631226
0.0028592113287746837
0.002855949428271361
0.0028609431391665393
0.0028521017136547175
0.0028513080243334696
0.0028494705379805705
0.0028458606740817726
0.002842871101276713
0.0028420688715651353
0.002840720518527047
0.00283938282763343
0.0028358408608656
0.0028239306134114827
0.002829511486581939
0.0028256219694691204
0.002823734039118637
0.002819999677140898
0.0028169518326384025
0.0028217551351173184
0.002817985314198075
0.002812243063347026
0.002807465149576521
0.002803066512332282
0.002799990764033736
0.0027989319574694693
0.002791062509921418
0.002788805651568245
0.002786347703812747
0.0027911611538380455
0.002788112290725196
0.0027856958598985898
0.0027741853074753995
0.0027739884630957547
0.002767562344075249
0.0027642043058067525
0.0027555452496329574
0.002749557176832615
0.00273798562637759
0.0027272816211431445
0.002720981329346989
0.002729729522297607
0.002728488676457642
0.0027340012197750617
0.0027303732063848987
0.002730638232381159
0.0027346105465885164
0.002732064880712645
0.0027529056576197346
0.0027492276136706147
0.0027474292134222157
0.0027461572905381594
0.0027368618644481708
0.002745506787107675
0.0027388239375386743
0.0027424368434416624
0.0027061552136546756
0.0027251104434249294
0.002732271813849367
0.002729640648107086
