0.013930690474808216
0.006612620626886685
0.005751696997322142
0.004206885304301977
0.0031477514421567325
0.0038039064633526975
0.00335079408614547
0.0018361282256794057
0.0012773218128131702
0.0010883935372641479
0.0006948381803037288
0.004248347261007159
0.004014812428587383
0.006428436455704893
0.006096141705711489
0.005763342824887813
0.0053611446589153875
0.0040951778232977765
0.0038768578640883777
0.004497753220632493
0.0014400297897571514
0.0011541649329718999
0.0009580077482193386
0.0005099759134463953
0.0004563800869688666
0.0005266671435459057
0.0004028643452329551
0.0002643264657496626
0.0004546624472519994
0.00043864816806519374
0.00041936734578484815
0.0004434942587095333
0.0003649584190604981
0.004135752204040596
0.0039845793871791085
0.0039201680471730475
0.003953616536914762
0.0037243837372769994
0.0036117836112680365
0.0034975067140227854
0.003630688874788271
0.003460981927102777
0.003295932029273402
0.0032255361639221907
0.003346331392885589
0.00327543122508127
0.003224989935915799
0.0032103996069351077
0.0008449066459434089
0.000594432651197682
0.0005881372965702124
0.0005445074589861504
0.0007390854519110638
0.0007110629542942395
0.0003992096894112996
0.0004092783257651141
0.0003707295997220812
0.00037478985633874546
0.000419608877564313
0.00042690385703653784
0.0003243273198266587
0.0006348495163755208
0.0005513510855053011
0.0005307282513688087
0.0005445852977131958
0.0005489520553965106
0.00043772816142710873
0.0003976397451681435
0.000402850156699838
0.0004302762677519188
0.00041302079908847155
0.00040069320087627154
0.0002087446852316563
0.00026941413719517356
-0.00013318395595936428
-0.0001930752886283865
-0.00025169061793862274
-0.0002913401116575775
-0.0005197601971303823
-0.000518045669499165
-0.00039171827807965825
-0.0004956722312118779
-0.0005011344491365554
-0.0004956664130612123
-0.0005322602725733992
-0.0006019328878095235
-0.0005486721476534689
-0.0006866090237084536
-0.000615442538724489
-0.000682931029746965
-0.0006869693141830488
-0.0007143484109947567
-0.0007452280381372446
-0.0006048203320365016
-0.0006177943162886862
-0.0006177245357827552
-0.0005583455688106286
-0.000539296024156773
-0.00011914246686501538
-0.0001384369717187047
-0.00010518247561812435
-0.00010364247543637936
-0.00017898033519696477
-0.000156820005282672
-0.0001440665315076684
-0.0001176683975831903
-0.0002516294703969776
-0.0006218445730297366
-0.0006070162452736203
-0.0005326137512498587
-0.0005270349849654729
-0.0005260367876622399
-0.0005500146088659111
-0.00076950576792866
-0.0008761784157004207
-0.0009672049734354402
-0.0009684484879070924
-0.0008697848658330801
-0.0008696905329391796
-0.000881190466767174
-0.0009249333364647616
-0.0004784729252110349
-0.0004667954393470059
-0.0004654120581108153
-0.00046437317134751573
-0.0004832974213288232
-0.0004424896443993028
-0.0005765703387532297
-0.0005762107358560368
-0.0005673682452103962
-0.00050140734492743
-0.0004926132577313012
-0.00046321335386566585
-0.00010977735051980164
-0.00011214379837303413
-9.818970905336522e-05
-9.881777947631966e-05
-0.00013986241637533187
-0.00022962585306751402
-0.00032812920051209144
-0.00033306916797505814
-0.00014779006856146905
-0.0001549075145703688
-0.00013890875165214307
0.0030328952658013274
0.003039342454061637
0.0030002942200332426
0.0029879919253387355
0.0029930021868494793
0.0030495950909094744
0.003222335479844523
0.0032188193741793966
0.003205039487653124
0.0032158772737602695
0.0031913325759281475
0.0032024988146876214
0.003149752916123119
0.0031257367086741017
0.0031633068595056098
0.0030290559070240497
0.0030110131891787095
0.0032993083614145367
0.003281576377447913
0.0032440738980464325
0.003223042831560162
0.003117600001590284
0.003097224021768765
0.0030735204189264254
0.003061310741374173
0.003047067788301909
0.003033513405847939
0.003249309124834525
0.0032315911689118184
0.0032036602522462726
0.0025838489076787383
0.002585406153271102
0.002663825676402696
0.0028796603124118503
0.002841688336734982
0.0027860657977102988
0.002860770633600582
0.0027319967167918264
0.0027109123151524755
0.002686554898792638
0.0027866203803647307
0.0027210652325280566
0.0031449541187070504
0.0031009855015014247
0.003049385276091541
0.0030071922261051516
0.002850306048647628
0.002804727151688643
0.0027920188889409684
0.002891588412435688
0.002777792770738952
0.0026824509515264534
0.00259043701126674
0.0025756945636491372
0.002585286459834605
0.002565960763133795
0.002564403924252203
0.0025483236977961845
0.0025330240678515244
0.0025325668912179328
0.002512010726384033
0.002491126486989117
0.002479700002543092
0.002378092007356434
0.0023858187501554344
0.002380102250254127
0.0023849350200180184
0.002369700468664806
0.0023553826056094936
0.002358544924124522
0.0023527822963674045
0.0023279395306170137
0.0023136322903289314
0.002302414091809208
0.002291677617474554
0.0022715666268204706
0.0022534211642417723
0.002253843491669638
0.002245662290501319
0.00223143968100582
0.0021921935782881676
0.002171466052066792
0.0021360459105428742
0.0021170887161784924
0.0021318893969810636
0.0021031097622925435
0.0020649324397113413
0.0020433927079837066
0.002055623370495628
0.0022486523595363645
0.0022466840355726604
0.0022328874726059173
0.0022430990111464823
0.0022257572763843504
0.0022164373860202144
0.0022073022424230365
0.0021822801900872194
0.0021157729828506513
0.002097063344245116
0.0021486092562257443
0.0021039346640049856
0.002139274933407705
0.0021385006153181066
0.002126077088032033
0.002089839748019587
0.0020836143196058155
0.001875105505585829
0.0018434272558217157
0.001835838363428673
0.0018144285998834477
0.0017867059339948825
0.0017998177893783693
0.0017088356466145838
0.0017279721273711188
0.0017272670362357407
0.0017001868399978324
0.001665694875777514
0.001670238505574184
0.0016515163044570028
0.0016395052304910955
0.0016351302798093
0.0016546446522591003
0.0016460960797751393
0.0016522815020797797
0.0016690634217714755
0.0017497948229059897
-0.00025095290458707
-0.00022717906519170836
-0.0002329958105737229
-0.00023737398899604595
-0.0002795631230517312
-0.0002774047125090944
-0.0002812081533611861
-0.00036260940172182726
-0.0003790427486040092
-0.0003642317308106743
-0.00035047970660272544
-0.00043769939945020766
-0.0003896233536605129
-0.00037912912465112993
-0.0003896520112674106
-0.00039135752644212
-0.0004075597114984279
-0.00041597599253178274
-0.0004128463454153128
-0.0004053085584993954
-0.0003998363885180511
-0.00039799349218524907
-0.00041467557098660076
-0.0003282456332472355
-0.0003758979513362185
-0.0003664799452093348
-0.00033310430735093976
-0.0003072042140089981
-0.00019693075963004767
-0.00019774035631583663
-0.0002251346729780969
-0.00022757611258693688
-0.00021059892311600903
0.0005036221388450721
0.0005092187174715751
0.0005050060009697231
0.0005232733896169634
0.0005164602721246765
0.0005349128892703467
0.0005371551338156145
0.0005458314418343127
0.000513831733612713
0.0005107124141744834
0.0005100184557950217
0.0011487304289149996
0.0011422552391422169
0.0011357278072298303
0.0011309130941099816
0.001112815477586084
0.0011502779237380215
0.001150754567788683
0.00113668990061145
0.001035082850648907
0.0008958708620048147
0.0009150934498962477
0.0009119708332172984
0.0009089387145960686
0.0008997143501489114
0.0008985554538164519
0.0009442947690754662
0.0009423603540374454
0.0009441729749274297
0.0009344724988072368
0.0009530535901491826
0.0009600287132473455
0.0008693945034120722
0.0008910560518523528
0.0008729417724176026
0.0008669762819729804
0.0009059961942183978
0.0009036740329283735
0.0008759791697007241
0.0008121710235744036
0.0008045721538255239
0.001130773562959342
0.0011264299935893098
0.0011239734013260816
0.0011325309888943766
0.0011216783584053977
0.0011179368609276967
0.0011232843972431362
0.0011050784472920606
0.0011027752130388071
0.0010513010356717918
0.0010591992687816905
0.0010589582489760082
0.0009280774174230493
0.0010284703913944779
0.0010253091238256397
0.0010500887505878803
0.001038612503823228
0.0010369561928138093
0.0009869818450269953
0.0009787464065258795
0.0009638150156400241
0.0009751217729024729
0.0009905818363855066
0.0009724647599185062
0.0009643221271461892
0.0009112617706293524
0.0009139755557337234
0.0009043305799520806
0.0009018919933336761
0.0009043339865553835
0.000902729317203923
0.0009057950397324399
0.0009010156927278924
0.0010605553627322266
0.0013186037643639526
0.0013159063299700792
0.0006838340633717954
0.0006888826554858476
0.0006842509036649385
0.0006827102356640242
0.0006802601822438715
0.0006581926314698404
0.0006612342035857866
0.0006677001300556687
0.0006631284745638456
0.0006552429870999188
0.0006522909556113128
0.0006535901871437885
0.0006651566648446006
0.000659922633376829
0.0006274868281785419
0.0006214379986622905
0.0006069308314473917
0.0006132277647562326
0.0006061801539362949
0.0006051919820372722
0.0006051693667562994
0.0006333338563446325
0.0007845064385289557
0.0007855204803715362
0.000766267546549644
0.0007517964103671335
0.0007505813581184511
0.0007500588315691926
0.0007475489253787305
0.0008621292051281671
0.0008592994233094074
0.0008562790963255599
0.0008152846506115453
0.000807554471879464
0.0007885264367534841
0.0007935283295102533
0.0007740497545003027
0.0006769036932417478
0.0006592870896600391
0.0006628124417651144
0.0006621203871541264
0.0006520052137351215
0.000651607990753207
0.0007234504228793375
0.00071415691892357
0.0007239700453602659
0.0006408240445287071
0.0006355258335403099
0.0006122296988905887
0.0006132577239540355
0.0006070333918244258
0.0006129756742368109
0.0006309343339272622
0.0006345046664241596
0.0006341388592889829
0.0006409341747158867
0.0006395327383297515
0.000671829971960712
0.0007011379738535417
0.0006963724793045046
0.0006922379641155503
0.0006706865987290838
0.0006687580988180535
0.0007545517153385254
0.0007547790138057452
0.0007054618711254397
0.0007256736042791102
0.0007456096506711027
0.0007630625875673216
0.0007680768701987416
0.0007711686885641927
0.000767237990601817
0.0007650031138316378
0.0007507269400086236
0.0007522615690807786
0.0007251019963462998
0.0007238644076894838
0.0008137692824445632
0.0008109610035677668
0.0008029518551916684
0.0008072743742547599
0.0008058211514652121
0.0008109286632134185
0.000802074569939031
0.0008073539008360713
0.0007443709090473969
0.0007438660617108103
0.0007350137590204558
0.0007262641340004974
0.0007246317434271229
0.0007719489691935153
0.0007903306858608437
0.0007932875208554944
0.0007934908989332873
0.0007817757152469239
0.0007760435013707974
0.0007637642015062262
0.0007657309961929346
0.0007625924039075481
0.0007367787960043773
0.0007363596610746432
0.0009738408472958055
0.0009677899701619186
0.0009694765952143338
0.0010167561293635459
0.0010120622060617616
0.0010199514347836852
0.0010170870898049838
0.0010092163573842438
0.0010468480415655784
0.0010566110061525375
0.001052491612578096
0.0010519721829394869
0.0010531563656504574
0.0010501213457920987
0.0010492924090468527
0.0011091801326004954
0.0011048216281538297
0.0015950499138125459
0.0015838796711842137
0.0013744066610629259
0.0014654258384850024
0.0014642670130920056
0.0014593627641126194
0.001455988434216182
0.001439981453887741
0.001440288162771104
0.0014335690132116542
0.0014310692333560394
0.0014250571544913427
0.0011783468077481987
0.001209240338374651
0.0012154902305003532
0.001231608764668
0.0012187261389524006
0.0012296609878394804
0.0011477515801469821
0.0011644317255944674
0.0011577827279884683
0.0011566941208498163
0.001157977817473836
0.0011586709815204583
0.0011525301994969811
0.0011297318985037108
0.0011480089616951819
0.0011568219015661732
0.0011461077743027117
0.0011478058793087972
0.0011631716858076133
0.0012028634506066175
0.0012029315014097349
0.0011812865253559516
0.001183112028788157
0.0011798189574755754
0.0011862606586385196
0.0011697564126195918
0.0013653746599626426
0.0013635592308328033
0.001363191446028024
0.0014134161099385895
0.001406806788999115
0.001394411449319649
0.0013912038996562943
0.001402626279140758
0.0013985120595385691
0.0013928131489788682
0.0018373914112235598
0.0018354618838725934
0.0018355377867622083
0.0018153510358117591
0.0018182967849339619
0.00180954248442053
0.0016235455491516806
0.001574924683262832
0.0015780369643926596
0.0015865646859461013
0.0015845186237364083
0.0015821125719954303
0.0015661418127040493
0.0016700786604904377
0.0016836020868561373
0.0017177719184561196
0.0017181813093607185
0.0017091641083964452
0.0017099484860605607
0.0017079198016283896
0.0017035633445758173
0.0016987923182122957
0.001714736413046729
0.0018465916862324544
0.0018440632683596808
0.0018463711806077849
0.0018470948264269497
0.0018458391807381182
0.0018787020672258825
0.0018808369321781497
0.0018789915373978068
0.001878914757691937
0.0018807616091211894
0.0018516139529633218
0.0017984424535275308
0.0017986693617576884
0.0017937400934025475
0.0017979019642265263
0.0018121589910462073
0.001802644763992971
0.00179942102280323
0.0018003822439772164
0.0018011202796838848
0.0018016829377062126
0.0017981973510113425
0.0017903489697131507
0.0017886514630205321
0.0017892158994653666
0.0017838880384743057
0.0017927185049797464
0.001833569155602515
0.0018367104454039673
0.0018305226445833485
0.0018599318919373868
0.0018941138149485676
0.0018902388862140158
0.0018827912907071972
0.0018686840146532747
0.0018836798446602377
0.0018796947478412424
0.0019234823141687225
0.0019186773795223705
0.0019217944670956173
0.0019740545235622064
0.0019286125241503918
0.0019294822283732387
0.0019554684644485162
0.0022680992295949463
0.002266204328702475
0.002271707977390055
0.002267904097624903
0.002264242375102432
0.0022602917205316064
0.0022490608539812275
0.002253392336897494
0.0029984158919136605
0.002997917396955111
0.0029852880648686547
0.0029628764719868
0.0029615070358336684
0.002956901791271109
0.0029545013086339318
0.002951582280550769
0.0029478883384940033
0.0029412476469472875
0.0029363942634385836
0.002930553977461535
0.0029238514107762918
0.00289112866939488
0.002932639170153043
0.0029147922526885344
0.002915039121890487
0.0029208231204961516
0.0029102123430923715
0.0029082022552768157
0.0029091720790682834
0.002890555305616234
0.0028804848075852474
0.0028613234280332697
0.0028538893911703436
0.0028382848588057925
0.0028370417528076333
0.0028950276237111002
0.0028910794253994856
0.002887089122688927
0.0028825564568613266
0.0028628254234334223
0.0028568594847456557
0.0028759094771641427
0.002870557217482996
0.002881200075565571
0.0028769387245175227
0.0028642760346194733
0.002855370106141992
0.002851102854103836
0.0028578606018130914
0.00289252560277561
0.0028872236221809035
0.002878458344464714
0.002859313236899005
0.0028599406210821536
0.0028634327287290298
0.002864861215298402
0.002892834546028248
0.0029126134933492387
0.0029085113613090126
0.002924049298016191
0.0029017224990767095
0.0028969613631596404
0.002894491472541947
0.0028746230810319036
0.0028690920975811105
0.0028657327700677684
0.0028576707442243407
0.002852325076183127
0.002849102673597795
0.0028437314614213984
0.0028401326961806027
0.003074697672543284
0.0030681520506196194
0.0030644027308056178
0.003058498377833772
0.0030479796047839587
0.003046215188146793
0.003041613706597616
0.003039861709626764
0.003036634592319352
0.0028501101089963904
0.002848324384866902
0.00284747390326928
0.003075329507359609
0.003071114484313427
0.00306006515146042
0.0030557807828898395
0.0030436437729928698
0.0030360073476830597
0.00305461663840974
0.0030504071276617603
0.003045306757521449
0.0030378248511817372
0.0030234115549042074
0.003009247303107798
0.003005039447770556
0.0030215575781112323
0.0030205632846640115
0.003002757964309858
0.002997664255435309
0.002987268277990609
0.003004102720611962
0.0029962494099155332
0.002992020612737812
0.0029869393835822025
0.002989199924347001
0.0029690186111136193
0.0029639786013612147
0.0029631573651213803
0.0029461091284980864
0.0029332435820633067
0.002926396997106315
0.002930149155036957
0.0029256818569702663
0.0029244412465460326
0.0029282583902834765
0.002922493503858585
0.00291792644076124
0.002913267186027395
0.0029122596585894555
0.0029105723121098147
0.0029014452303845633
0.002896429735018755
0.0029272636678412916
0.0029224458688277594
0.0029127805907420046
0.002906163993995625
0.002901727626850684
0.0028993057879075756
0.0028965809829206842
0.0028812726223102956
0.0028758114014499235
0.00287207538594775
0.0028850164574330175
0.0028859535953856385
0.002881884157318077
0.00287547267842785
0.0028718781151083196
0.0028667242956168563
0.0028572350909439517
0.002852085166133165
0.00284833187563568
0.0028444735101184854
0.002835821485096811
0.0028303371715449562
0.002822332694325411
0.0028184173879110814
0.0028047368317393917
0.002797093985832342
0.002803150289012385
0.0027990772465724795
0.002795120609019013
0.002794205554050053
0.002790105624550656
0.00278236803964146
0.002779576881386508
0.0027758618915633524
0.0027856605595377036
0.0027811186032563697
0.0027792575462746542
0.002775016538047741
0.0027857447580431965
0.002783968819196225
0.002763059968098872
0.0027595407512416717
0.0027302189646527535
0.0027244793627978726
0.002728252435850973
0.0027253311191356004
0.0027227869223326907
0.0027121496184396828
0.002732694221813936
0.0027442595676940244
0.002745389978760062
0.0027463280926198833
0.0027403365021211935
0.0027320839036532743
0.0027360006856862575
0.0027329416045376452
0.002727634920644799
0.0027341500612901234
0.00273728277446496
0.0027330673363707113
0.0027215067292260166
0.0027152984631824786
0.002716159499686909
0.002706655989907979
0.0027031834694283847
0.0026910666331754216
0.0026880050792435694
0.0026875620184633265
0.0026838051457495782
0.002679648093647762
0.0026758818544969985
0.0026840440999285242
0.0026771374558005904
0.0026965723659638074
0.0027737509042466612
0.002772056296689943
0.0027725201015856484
0.0027601787252933712
0.002741112587580787
0.00273583950330764
0.0027337993618821994
0.0027193967678955286
0.002715943967330797
0.0028232861987217833
0.0028227176648427813
0.002813486257409715
0.002799542829396741
0.0027902543269076622
0.0027419733280209147
0.0027591438110144413
0.0027616024687460213
0.0027554728376991706
0.0027493554199183156
0.0027720843127175816
0.002774417747174922
0.0027780470772908253
0.0027656790807406846
0.00275546431433044
0.0027558104925251127
0.002755940178375975
0.002815835506670972
0.002815729612182781
0.0027758475094569355
0.0027685822974138808
0.0027698903885204607
0.0027668874209404505
0.0027627690360359715
0.002760664614819171
0.0027579816237889303
0.0027382777912720617
0.0027344518420644773
0.0027333964073918892
0.0027373880810987686
0.0027135343949856844
0.0027200495261441257
0.002718962496573051
0.0027167681273951106
0.0026810949070042818
0.0026815474128317153
0.0026782827985576477
0.0026795419290319067
0.002673425623617563
0.0026698007272200398
0.0026683449228441557
0.0026718938025558654
0.0026712331669179815
0.002667735359072711
0.002662784727360928
0.002620957689118483
0.0026171843803708176
0.002616878284972555
0.0026134161119488876
0.0026111630872246556
0.002607789828755996
0.0026179123407027104
0.0026581028058069054
0.0026719658692998445
0.0026672634241736606
0.002658802748447921
0.002653606739092299
0.002648747666407579
0.0026385272226532885
0.002635456425410995
0.002689039415607061
0.002696369988546159
0.0026894041616344353
0.002688170667573501
0.0026825896951818483
0.0026808174663680824
0.0026716900364976946
0.0026700245781031027
0.0026677028406878888
0.002665550052531695
0.0026636750879233655
0.0026575230783763308
0.0026565081587256556
0.002654072000938482
0.0026523784934783692
0.002649411850419319
0.002640139447840385
0.002629387837784485
0.0026257723003883034
0.0026338943898736025
0.002637443637396425
0.002645179980652981
0.00264423694860271
0.002623681046251661
0.002620982159992283
0.0026133195157390272
0.0026136291646168845
0.002616966305260719
0.002614192183609622
0.002615230913791462
0.0026256435379161287
0.002624904999848104
0.002628402249456733
0.0026271949547575523
0.002624646874314524
0.002621652966995715
0.002632879716907972
0.0026179801849507585
0.002616670813746025
0.0026136583644351358
0.002608163623131298
0.002607018998024177
0.0026046557767441052
0.002602103581720457
0.002594778047594543
0.0025926232420768708
0.002588730047847105
0.0025911406471472017
0.002585738314980709
0.0025771724236521966
0.0026087793052514347
0.002595295544619178
0.002586331978222052
0.0025858416854311916
0.002589308530858587
0.002561867209837316
0.0025561713361698904
0.0025580042593476757
0.002558515877625954
0.0025621988962774723
0.0025531129769610504
0.0025466323248944894
0.0025452427709842305
0.002548019434640483
0.002537398785214117
0.002538014004551771
0.002529497845589484
0.0025236880015339926
0.0025200372491981605
0.0025262423982004337
0.002517601903062191
0.0025157340919003896
0.0025108017893071977
0.0025161582091963557
0.0025097697941404745
0.0025074071502530996
0.0025053947084589918
0.0025065079873707492
0.002533564892727023
0.0025291682735011523
0.002520260400085858
0.0025223566198729038
0.002533487003157714
0.0025305855463357233
0.002519473034772092
0.0025233458702139883
0.0025182762220418847
0.0025156104646247685
0.0025132625990505683
0.0025119575728109055
0.0025088838394065893
0.0025060585398128062
0.0025044007133710466
0.0025026156490751622
0.0025564377348219324
0.0025492818618867686
0.0025470791340460298
0.0025405962793612425
0.0025294041636097194
0.0025667596574396397
0.0025624132270123264
0.0025607886469856352
0.0025585190371447044
0.0025530136307923665
0.0025493645491427167
0.002546474522664605
0.0025527784138052903
0.0025494024372120687
0.002554360711001284
0.0025685278263861437
0.0026081794857520466
0.002610564779931134
0.002608116866252481
0.002604349188328469
0.0026001758484290372
0.0025973347484291483
0.0025926054774956615
0.0026033557760292442
0.0026117475033213115
0.002607528612847093
0.0025923424813396123
0.0025894492680023115
0.0025916620031755265
0.0025801638224208796
0.0025672374294511305
0.0025603683559307588
0.0025545873816011596
0.0025406763499833916
0.0025394241945506345
0.002536034514441153
0.0025789589578895894
0.0025634820469184164
0.002565769827594272
0.002556654022602092
0.0025552005360385864
0.0025583973368149735
0.002554028417248095
0.002551734946947295
0.002548749128282204
0.0025457409313365182
0.0025417080020809554
0.0025298388698007314
0.0025011062612425947
0.0025123390843333495
0.0025109695955662344
0.0029260478554241106
0.0029571776144926795
0.0030011819816808958
0.0029948111586332697
0.002992432125862712
0.0029961196225951553
0.0030096824922470995
0.0030060020147757226
0.00300420979924225
0.0030096300995873827
0.0030029850229302945
0.0030166798343451125
0.003014388160999559
0.0030023058276195274
0.0030000354752281497
0.0029989475310462756
0.0029962842443519095
0.0029910940830176133
0.0029853842611147208
0.0029834080043551862
0.002981282870744198
0.002986526522736948
0.002977639691269236
0.002974120860027543
0.002971472048832637
0.0029617454839465382
0.0029719763395253456
0.0029705214656996462
0.0029722946052385614
0.0029676999612623096
0.0029659785127340446
0.002964574641818155
0.002961582604301975
0.0029617882018005905
0.00295920866319991
0.002950816060257633
0.0029491156738466525
0.0029462310845711995
0.0029420753501182124
0.0029399055695601747
0.0029353356539348436
0.0029265447223907944
0.002924680174674472
0.002920237517437264
0.00291371860090702
0.0029081166734244816
0.002900154527848298
0.002886388924700089
0.0028942835202640724
0.0029307123255607314
0.0029276847402879167
0.0029331154053996843
0.0029291913596452535
0.002930142349376132
0.0029270532729478212
0.0029281523011991627
0.0029254140494510334
0.0029109350203895277
0.0029045412837055383
0.002901739379633026
0.0029006662754731947
0.002896038118319646
0.0028930278504985304
0.0028929101444516354
0.002889705116744687
0.002897358280708471
0.0028868835125473065
0.002884031610994442
0.002883177040924485
0.002878867523129667
0.0028749543686972428
0.002869508168109863
0.002866358103572313
0.002865105038853569
0.002864829298275501
0.0028623478736221524
0.0028594332918588754
0.0028468557635016336
0.0028448807390990274
0.0028403812570458407
0.0028457950123085356
0.0028188429280980704
0.0028190719842399493
0.002820643357208986
0.002814364441036485
0.002812524150618901
0.0028108202974874603
0.002790876082863774
0.0027903241982646532
0.002785807613462455
0.002783116181121823
0.0027828503202144816
0.0027840958373059423
0.0027811760039536276
0.0027777584562110325
0.002844804712779628
0.002838024560923113
0.002835943368103379
0.002832385328918046
0.0028332865374136903
0.0028299724292331586
0.002828527381227882
0.0028257044747298198
0.0029010690268671674
0.0028990868879126704
0.0028949632885355106
0.002889473903872291
0.002887305679719459
0.0028850835752713467
0.002875050994409103
0.0028821776104322573
0.0028775605010400115
0.002879755564055159
0.0028762048593377002
0.002870328111404024
0.002860858936597286
0.0028601139442742973
0.002843810224349809
0.0028441105750844258
0.002843049261045405
0.002820358114021144
0.002817892227843041
0.0028153390469160752
0.0028126163021907533
0.0028097325697941083
0.0028032899793025237
0.0027983906920654674
0.0027948874544512004
0.00279542282728857
0.0027971565061086544
0.0027958392777763554
0.002841110227740925
0.0028473601808295156
0.002844462150091009
0.0028416420599663463
0.002839593127397254
0.0028353500206220006
0.002828007335384713
0.002824136288499053
0.002827209528885849
0.002825275901447934
0.0028242034607391516
0.0028178179755828647
0.002809734844905483
0.0028084585675596588
0.0028032048000166915
0.0028015987089194025
0.0028007689533376657
0.002805511924750834
0.0028027980427252764
0.002799841606494837
0.0027961810431877364
0.002789617149251318
0.0027877734969459925
0.0027947458102524684
0.002794119934107344
0.002805140198937908
0.002803025795191598
0.0028000845255838932
0.0028193936499895703
0.0028151129819404667
0.0028092218538809596
0.0028061937092918464
0.0028069861880005236
0.002824966825616738
0.0028229828268041494
0.0028198688123788306
0.0028305680755648203
0.0028348567401045525
0.0028292654057215537
0.0028311132395734046
0.0028290379855157605
0.0028250681265222896
0.002810226494781467
0.002822141308267115
0.00281528966644766
0.002811610433024593
0.00281133795442694
0.002813972689472335
0.0028353688277036556
0.0028295514176967067
0.0028304360605626417
0.0028274502509287266
0.0028252191580534457
0.0028279239878376884
0.002825036478471791
0.0028221949635348436
0.002829655370415803
0.00282448102978564
0.0027914554180472947
0.0028293044238245388
0.0028265426800012897
0.0028248180505931046
0.0028201636237028694
0.0028155685066446816
0.0028049053958239378
0.002800381424216725
0.002800895356906227
0.002801893786074013
0.0028009746827028334
0.002796319504290781
0.002793561965014125
0.0027861116443079446
0.0027946063628501877
0.002794230848868335
0.0027928816323382487
0.0027886652469769377
0.0027864896190394842
0.002785128519156282
0.0027921641227927783
0.002789622565838685
0.0027945166332762955
0.0027960550639080065
0.002797848276468012
0.002792881141900696
0.0027956456860663784
0.002779137219805041
0.002777078953791804
0.0027782868628345764
0.0027756119706461298
0.0027725265630240384
0.0027690351328250704
0.0027681491990104107
0.0027640486656335997
0.0027606411799206377
0.002755807747605715
0.0027523019734319817
0.0027517830784812946
0.002753157196233647
0.0027581396606723868
0.002758826304259645
0.0027686072575489064
0.0027628791114826744
0.002759347526306921
0.002759185218700808
0.002749727298536529
0.0027473231731494603
0.0027453540314518157
0.0027433680615322805
0.0027408677718685835
0.002748675532798566
0.0027463883630490862
0.0027446100868376297
0.0027385885784287052
0.002736277526769762
0.002738303498037627
0.0027360918294227344
0.002730421054381876
0.0028223168200936476
0.002807087031605094
0.0028062216698062576
0.0028021170547591285
0.0028091212714824484
0.0028089256895563767
0.0028058557469478247
0.002802737638314358
0.0028001717388539175
0.0027973774684245446
0.0027932257910995347
0.0027923906723488962
0.0027905933561351098
0.0027851366059746152
0.0027739899027867092
0.0027706974398840466
0.0027701827899659797
0.0027680179406079446
0.00276865947255296
0.0027744063829115108
0.002773734316956244
0.0027735584044730555
0.002770873613276362
0.0027594366877894193
0.0027547220862149916
0.002751620880932733
0.002749029798886531
0.0027463898215506683
0.002745307337710378
0.0027401575936022464
0.0027372264418934625
0.0027460308133152125
0.0027988142403776177
0.0027966455733045934
0.002790492817545061
0.0027912754727927426
0.0027891731216984996
0.0028209110891296296
0.0028167886002459595
0.002820522588991262
0.0028183975845003074
0.0028141090916675503
0.0028099063624045175
0.0028072333263899157
0.0028051814082413282
0.0028037046904032135
0.0027940032259169967
0.0027939443660341345
0.002789121705693913
0.002787404907910648
0.002786150766541912
0.00278503340412533
0.002791623829768137
0.0027898830226529957
0.0027869698155991926
0.0027846137045871157
0.0027879157923155406
0.0027856041208234677
0.0027833545980345312
0.0027805031306659725
0.0027782936725441955
0.0027904054395296806
0.0027874431354063854
0.002786374337115161
0.0027853194446963237
0.00277299041980068
0.002771250602387198
0.002769432828971418
0.002766760927148972
0.0027630672945890356
0.002759192609709142
0.002756196987447561
0.0027553996537323976
0.0027542233407047024
0.0027454963170271502
0.0027433265610500063
0.002740919939290808
0.0027393472022868535
0.002736808963265889
0.002731198619461797
0.0027314888795291698
0.002726681581342882
0.002713147723904316
0.0027162528644227445
0.0027140467322496393
0.002714026040140639
0.0027101489678737854
0.0027072272518804765
0.0027069228621386136
0.0027000544003156035
0.002696043259133777
0.0026939750619877833
0.0026950525942318272
0.002689753997824711
0.00268781648335587
0.0026820815285554926
0.0026883061513881257
0.0026862454757943586
0.0026793309934449567
0.0026727466044006083
0.002688552897389487
0.002705202197999989
0.0027018156487122525
0.0027028993003802232
0.00270072222401947
0.002698177948820212
0.0026965731524230077
0.00268926955531605
0.00268932682107589
0.0026753233910815784
0.0026734171224917598
0.002671737923243357
0.0026704007934869726
0.002672260639955591
0.002671339804144458
0.0026692322371921887
0.0026583593970270604
0.0026567192615338667
0.0026569175477133044
0.002654908756106099
0.0026535029180353013
0.0026702115052526956
0.002665378408905168
0.0026641283181217043
0.002659665252799569
0.0026558981507975718
0.0026542612810745974
0.0026536786378614963
0.0026528159246877367
0.002651815414298645
0.0026505072959185057
0.0026485524120257106
0.0026500829260847716
0.0026476303347500673
0.002645691874011968
0.0026413710861984195
0.002630106315207881
0.002626994501542834
0.002625397064270191
0.0026232212405410066
0.0026677014817809903
0.002661976607916662
0.002655901469336378
0.0026528777368814466
0.002650682718641395
0.0026481139325103442
0.002650575854101883
0.0026171360215817563
0.002612126129366238
0.002608176621800115
0.00260631587918417
0.0026029075997403665
0.0025960399776002083
0.0025997375646737747
0.0025971010931325166
0.0025998535149637366
0.0025971961126176764
0.00259386687710968
0.002593328750632717
0.002536384713424863
0.0025361124258789594
0.0025341470676246303
0.0025431284100243855
0.00254726128561917
0.0025442061525207203
0.0025703541563380965
0.0025690079598664137
0.002564679432810525
0.002562038999572948
0.0025650386389293126
0.002562609840663896
0.002563860460019759
0.002561819985663735
0.0025720122040412065
0.002571441356155962
0.002561529428740139
0.0025545770178673414
0.0025642171986929784
0.002569015859263436
0.002566363296159625
0.002551103249359013
0.00255002348932407
0.002547335951990983
0.002544732601196068
0.0025453651467537324
0.0025435830477420532
0.0025417392620137457
0.002536816031598433
0.002565398970235038
0.0025601410335238553
0.0026078477356429553
0.002606080330223115
0.0026039828460016423
0.0026055113324900164
0.002601788725142455
0.0026012880573184445
0.0025976956751247843
0.0025972334949057423
0.0025960656919373215
0.00261039323536441
0.0026101177925151303
0.0026078091002359437
0.002608035577284723
0.0026077742660288467
0.0026070434117902914
0.002605351830464559
0.002604423328301814
0.002601083145701648
0.0026072702572926295
0.00260425762077651
0.0026217193289234616
0.0026176167006190017
0.002618440475315752
0.0026145423081535197
0.0025998461684696716
0.0026028101825814123
0.0025930358370562464
0.0025920354312221005
0.0025924139249911497
0.002590960417470832
0.0025894117391056294
0.0025914830246924246
0.002588657886635551
0.0025867217853874883
0.002584351854260628
0.002583156111609586
0.0025861205841598905
0.00258558685631024
0.0025823032567504982
0.002580529848703357
0.0025793780939016198
0.002576154748946106
0.0025744824540244494
0.002535578611217579
0.0025367525156531493
0.0025162492008985646
0.002512645838298985
0.002508555055556212
0.0024981362221152457
0.002497974974910595
0.002492082679858637
0.0024916028747461435
0.0025001902210334223
0.0025012713070875084
0.0024985942093091983
0.0024974815979339105
0.0024954516380746874
0.002494379098789542
0.002492997977409654
0.002486367474223301
0.0024842495356987423
0.002483279787745423
0.0024822834281835243
0.002480507371043937
0.00247863212682576
0.0024760459226223293
0.002486462030260938
0.0024791907074969252
0.0024484066746080055
0.002443237968185916
0.00244195295692224
0.002440520674707888
0.0024396873386696868
0.002437046083863332
0.0024441869855906873
0.002441266378394954
0.0024395231773210097
0.0024508632220341647
0.0024501121186996048
0.0024494588328191533
0.0024479545159034268
0.0024513219039716486
0.0024538489749754413
0.0024608297143057334
0.00245980372837995
0.002461887396011476
0.00246180475993183
0.002460507064501232
0.00245857787496282
0.002459131618111437
0.002451761068047602
0.0024481180076024287
0.0024497608871422937
0.0024550030442768113
0.0024566968982999704
0.0024541918206357695
0.0024573652596816984
0.002462735050949833
0.0024611788286466973
0.002459451743169461
0.002453517873072063
0.0024488791363816245
0.0024269691507719975
0.0024323094992644814
0.0024246952473740905
0.0024234385502386563
0.002424329843691504
0.0024221197528432816
0.002421732269609887
0.0024204704238954605
0.0024401532624379755
0.0025855065313202946
0.0025725797205051444
0.002572849063811867
0.002501222562779902
0.002499509758584602
0.0024986447244166004
0.00250345226907321
0.0025024485996931003
0.0025012054344993543
0.0024976123854593382
0.0024962068110260392
0.0025022001503364447
0.0025021536351438195
0.002501714990710299
0.002493843387827867
0.0024383899020080477
0.0024357073253982
0.0024386105308681436
0.0024348315450471196
0.0024320590427519473
0.0024316577441677585
0.002226404259493943
0.0022299852727220328
0.0022236515894914705
0.002226062923589689
0.0022121726322211505
0.00220982369647935
0.0022119570035448064
0.00221351280564924
0.0022194903438258404
0.0022224327741686522
0.0022206978598115676
0.0022205621188679373
0.0022188066667925975
0.002214889698258676
0.0022138153695563183
0.0022101535530519713
0.0022066071428063225
0.0022054102962230844
0.0022012735732461083
0.0022038490261661573
0.002191026366677524
0.002191962346644059
0.002190933999583997
0.002187929204664942
0.002198691676936884
0.0021985462526050697
0.002196279665128905
0.0021860676136345736
0.0021864614465382202
0.0021792475679629597
0.002177833954496746
0.002178103725273168
0.0021771063335327885
0.002173971866571464
0.0021728937054669635
0.0021652548344854557
0.002164102913317998
0.0021632597238805664
0.0021621477548253477
0.0021626738116843954
0.0021604396132602482
0.0021541121574122613
0.002153530015592352
0.002159051341163592
0.0021601629208107148
0.0021623443601887266
0.002151810862189012
0.00214855426050335
0.002149289733944779
0.002150448975339918
0.002138863906990059
0.002137709598460535
0.0021363729281457674
0.0021358631725809244
0.00213479769645015
0.002133452943504875
0.0021305119259476773
0.002128738509438791
0.002128090024394893
0.0021262686721039018
0.002127221104599343
0.002125850309677778
0.002121973809560153
0.002116886647760402
0.002115305146956862
0.0021140672633820573
0.00211291112681455
0.0021140146460345245
0.0021137013384348426
0.002109713724195742
0.0021004296166119377
0.0020988835133808
0.0020976525339573516
0.002095784618028505
0.0020945462391129296
0.0020916801626384134
0.0020915175391521277
0.002091430243675043
0.0020868216428036454
0.0020873810773334805
0.0020966578312621355
0.002096947413880061
0.0020872760612245375
0.0020859341087821827
0.0020828592712470134
0.0020838200333309674
0.0020836391012338546
0.0020800230786751366
0.002083197735133887
0.0020828073729841387
0.0020811222489721362
0.0020795013914078277
0.0020790177747167246
0.0020782884709309047
0.00208300723098497
0.0020817247872619233
0.0020880543130953064
0.002086755133280581
0.0020860165584613297
0.0020835274487567583
0.002081387832302695
0.002079162457773323
0.0020767902106191153
0.0020762415316355706
0.0020752612110021855
0.002072875069757904
0.002076065740593212
0.002072613495088948
0.002071489680199353
0.0020690599704281396
0.002067450009933847
0.0020660612620053156
0.0020655042003699473
0.002025415166608129
0.002027547239034556
0.0020280920759290786
0.0020099215376899065
0.0020085948671502915
0.0020074567484779085
0.0020067177468207505
0.0020055358045007687
0.0020042219711040405
0.002016980931566283
0.0020132369623803033
0.002011949216745933
0.0020082477601221977
0.0020033132141929443
0.002004142101724759
0.002018995083075873
0.0020174695202655533
0.0020103894504358236
0.0020117171895014754
0.0020189938305790033
0.0020177719563425405
0.002017259418297682
0.0020164565939291314
0.0020091591423464232
0.0020095509815667425
0.0020070999329987824
0.002004827145321498
0.0020042048441978703
0.002002845934344236
0.0020037161363581062
0.001992971169609975
0.001991502373418582
0.001989980737591538
0.0019882492441678917
0.0019889132999417235
0.001986567099912464
0.001982393906870216
0.0019810920589964326
0.0019794577820451778
0.0019539133308144455
0.0019431523779900486
0.0019370070545077583
0.0019365592785030947
0.0019347906360327478
0.001958622634766306
0.0019568711005203566
0.0019559279638629375
0.001943905795657352
0.0019423663701860232
0.0019386094506741232
0.0019371624374513586
0.0019341634841318583
0.0019323842199318567
0.0019383303447072855
0.0019370487919770875
0.0019354320928768
0.0019406517863409748
0.0019284805620767352
0.001927206480683917
0.001926482755889034
0.0019282337246646429
0.0019279794568581611
0.0018828828088632596
0.001881858763345842
0.0018810735202542544
0.0018820284755000141
0.0018803811972201595
0.0018824234132987943
0.0018795195140038354
0.0018778703070045056
0.0018766570056383417
0.0018763002746300553
0.0018726499575876308
0.0018715998261118574
0.0018682220969828637
0.0018783580772086942
0.0018864271240166953
0.0018834373853778433
0.0018840024878937485
0.0018829327856971056
0.0018813973325468435
0.0018679160194424416
0.0018706986817870613
0.0018698556418448554
0.0018675683963415382
0.0018663056719458223
0.0018639488377465445
0.0018605616751929434
0.001860400958879142
0.0018606909924021818
0.0018590983751531525
0.0018582285069371344
0.001857387514453956
0.0018546398814972033
0.0018540046224063027
0.001853623769588037
0.001852523216498745
0.001851258933001509
0.0018505033665328968
0.001848452499450653
0.001847014715167454
0.0018598632820818642
0.0018578294716364552
0.0018495242971068105
0.001838757573431068
0.0018348052057876592
0.0018350684549719555
0.001834479003106011
0.001823844914468973
0.0018234887815881306
0.0018231616454866119
0.001825309266690219
0.0018285868118205156
0.0018290842475192231
0.001827016304808892
0.001825247337706053
0.0018136539013656778
0.001812884515077149
0.0018107706736102697
0.0017989878615222062
0.0017980818083722675
0.0017989700997010146
0.0017988604962656933
0.0018418190637589193
0.0018406528704756294
0.0018444817630622627
0.001843780699862545
0.0018396008458010588
0.0018387042815610104
0.0018376634651975311
0.0018350093776065308
0.0018334686457167234
0.0018330342292809823
0.001878944501888308
0.0018778384690748438
0.0018749117410639623
0.0018860256685830328
0.0018852410910605833
0.001884213184180167
0.001882782190601898
0.0018827001583553396
0.0018817635472549992
0.0018805842329669446
0.0018776827742019227
0.0018796763867631825
0.0018765629373938347
0.0018695648735775157
0.001865774277546429
0.001866060191883732
0.001863347286880724
0.0018614825176173754
0.0018611860123572592
0.0018604165621999358
0.0018586602350887695
0.0018582897367440492
0.0018550826907793143
0.0018536967495519465
0.0018519454430038313
0.001854813617593607
0.0018539535425728985
0.001854083579442414
0.0018529101273993156
0.0018537859636814332
0.001811301754372843
0.0018105246019454655
0.0018115156002373473
0.0018105405868981737
0.001810178002739184
0.001812318391238023
0.0018143727115218023
0.0018418699754133854
0.00184127410082587
0.0018343086957139777
0.0018322907485840275
0.0018323830951967163
0.0018279946961230998
0.0018271407783198908
0.0018217433035375122
0.0018203250591148573
0.0018072686786708566
0.0018089290515673451
0.0018034124752481433
0.0018010018424813536
0.0018283060746829038
0.0018278295173952716
0.0018245964084582704
0.0018231220390128617
0.0018233193604617415
0.001820135256332676
0.0018255278935591136
0.0018234095689021064
0.0018226318309059763
0.0018168728975658218
0.0018135304572712634
0.001812632122947387
0.001821805811272597
0.0018205091870272013
0.001815780123338736
0.0018065620287204744
0.0018061761357447586
0.0018039044046624202
0.001801972587732545
0.0018008106155400884
0.00180684107208739
0.0018055773418322182
0.0018755180342531115
0.001874744106090864
0.0018739016896120756
0.0018723550150825036
0.0018714896751030876
0.0018674721102834666
0.0018672951522470688
0.0018665991854425067
0.0018727174303003248
0.0018727638172211629
0.0018729874563368774
0.0018660004770057355
0.001867130398193079
0.001866524333020061
0.0018658824348197368
0.0018649194819896605
0.0018671194379178795
0.001864213360620563
0.001862653517156525
0.0018611772395318177
0.0018604234923985375
0.0018636928035478844
0.0018653304229742733
0.0019145239817922118
0.001916165721613138
0.0019163271186255838
0.0019156041781805155
0.0019148284686086557
0.0019132199906397053
0.0019290448166059198
0.0019281622715990412
0.001927476686428567
0.0019269171201717731
0.001922867749227588
0.001911388363018608
0.0019097226213339788
0.00191771747684889
0.0019211428414374304
0.0019234970104830007
0.0019225348456265309
0.0019215415067169025
0.001918664547203347
0.0019183056404347464
0.001917970989216124
0.0019139180010033343
0.0019152444697192893
0.0019102864333016905
0.001916144935558282
0.001916414595947375
0.0019067848493340763
0.0019057987864176617
0.0018910085868035363
0.0018867437890547896
0.0018868675970904628
0.0018871097066952625
0.0018860338299577619
0.0018874806077116791
0.0018844803629665435
0.0018812646492707714
0.0018722044484628774
0.0018723971112349436
0.001867873601998929
0.0018667605836471183
0.001867650226632764
0.001867087435693802
0.001865748023770417
0.0018675594223370481
0.0018666193354232022
0.0018690199113403322
0.0018896045839167268
0.001888428388590741
0.0018877066300554454
0.001886530071806825
0.0018864351265917814
0.0018836328753234438
0.0018830758805859476
0.001885833841539463
0.001883580812527293
0.001882650917071665
0.0018809458427628332
0.0018783025313086515
0.0018741806222431147
0.0018715981883353288
0.001869159981986325
0.001867734833308365
0.0018670677737150205
0.0018673040521116418
0.0018663590929644052
0.0018672236538213448
0.0018664558546385103
0.0018641593184481017
0.0018582975761019154
0.0018580772925094878
0.0018539760468230648
0.0018528999785375712
0.0018517223107914276
0.0018508013280529709
0.0018636333698393342
0.0018621248513766083
0.0018613785945701612
0.0018597322010904945
0.0018583611576840533
0.0018557157327468085
0.0018896180799031419
0.0018881826048143667
0.001895254285824068
0.0018943354465248998
0.0018934032864940601
0.0018921637036384024
0.0018933411180492962
0.0018939753652666767
0.0018888408944307449
0.00188842088623715
0.0018877169974828342
0.0018869365463504103
0.0018844319153102091
0.0018835644396854147
0.0018597020230164726
0.0018574945827976275
0.0018579520721661881
0.001857029473280887
0.0018553454586211265
0.0018591721368224805
0.0018589282407195729
0.0018585081852203313
0.0018535678090154386
0.001851512321985965
0.0018505820473065499
0.001853152483545533
0.0018465581264935711
0.0018454194032155068
0.0018451684473057733
0.0018427925363184742
0.0018420020142735647
0.0018400557262605516
0.0018399536944901141
0.001840019595449735
0.0018312792407059856
0.0018303964229327751
0.0018298789994948916
0.0018262696875971048
0.0018261935508910043
0.0018256675289017377
0.001823483875907421
0.0018236353162199477
0.001790461766453981
0.0017894006870529126
0.0017889267111437868
0.0017872911436527881
0.0017877656227082794
0.0017947371196378441
0.001793949128877741
0.0017927263135123284
0.0017948823587398883
0.0017887535251657576
0.0017876394584000197
0.0017876272103821552
0.0017837017589851212
0.0017803631645711274
0.0017801514244115341
0.0017805625678367343
0.0017794190016164827
0.0017827987960909765
0.0017822239711111133
0.0017820748378546795
0.0017814610790427602
0.0017774711389865069
0.0017769513192986597
0.0017794766979977678
0.0017835988003190412
0.001783225339629602
0.001782537326471785
0.0017815942817759952
0.001780315352932044
0.0017791929642995362
0.0017780579095234117
0.001776969980370983
0.0017526420197396077
0.0017519182949789155
0.0017683922976114038
0.0017661449976608017
0.0017632068446425397
0.0017651498326115643
0.0017644162697401016
0.001763890181223895
0.0017627641840960485
0.001761737419595489
0.0017607550675917262
0.00174868141752618
0.0017487631816586935
0.0017472026312072085
0.0017429589612155416
0.0017382192581240961
0.001737600769198348
0.0017353201437299176
0.0017333452882017666
0.0017312737796945905
0.0017316125407519736
0.001731049898062262
0.001730194724460356
0.001730378423569571
0.0017281676173753213
0.0017250834384240031
0.0017228777698428711
0.0017211289037221853
0.001720574417477992
0.001719596919715593
0.0017156346161062625
0.0017273612837060627
0.0017341876903976242
0.0017463170339746387
0.0017495531311433235
0.0017476334733171964
0.0017478616177254726
0.0017468929788446237
0.0017459221851095657
0.001744665347976413
0.0017439994264289722
0.0017428697470800233
0.0017411408430437064
0.001742365792665937
0.0017399191831693674
0.0017125132078328563
0.0017110371969009336
0.0017117967554959761
0.001709512436190697
0.0017149551140391794
0.0017137550033709983
0.0017115579136663072
0.0017097709508333012
0.0017126560189418192
0.001711795684331108
0.001714306314902581
0.0017122220699015303
0.001711593570699885
0.0017087213573172707
0.001707617878346349
0.0017039749859638822
0.0017037774857109524
0.0016582262446052847
0.0016587705476863396
0.0016579374541044844
0.001658520045279688
0.0016565687745163545
0.001653124663071479
0.0016506687974319942
0.0016511954552276594
0.0016498686702918451
0.0016364567003583244
0.0016351214070896044
0.0016305025376381129
0.0016310268013686822
0.0016269785972432402
0.001624624342721482
0.0016244870849846302
0.0016239750780918671
0.0016271935542492102
0.0016267167201368133
0.0016324242200037296
0.001633175256374522
0.0016562535477615719
0.0016532221265206045
0.001652140691742054
0.0016507935493874247
0.0016514671834607672
0.0014803182307939703
0.0014805712751544701
0.001478709493196701
0.001477239747900519
0.001479546577346759
0.0014581404592878024
0.001458252125228331
0.0014574445130850022
0.0014598099599461992
0.0014592584235467595
0.0014562899116339824
0.0014558537933877984
0.001456037682793143
0.001455193883657551
0.0014573899690284887
0.001456788816754935
0.0014551094596725344
0.0014449159967337428
0.001444519008251159
0.0014444217934705492
0.001444904706421735
0.0014442217515352176
0.0014164533812473898
0.0014157849899188444
0.0014143835535032638
0.0014147956295039298
0.0014127829239004503
0.0014140068062577552
0.001413485026469867
0.0014142834631730382
0.0014338312978039638
0.0014331253688203345
0.0014305061887150137
0.0014299269240940573
0.0014263832310319761
0.0014250173398065475
0.00142366310802668
0.0014231409241072914
0.0014225319647472876
0.0014227062259118265
0.001423698036008219
0.0014207064046638854
0.0014196877256728811
0.0014201805101214952
0.001419317727646761
0.0014195249095742815
0.001417540127741431
0.0014174521045801438
0.001418173621503265
0.001414906847337205
0.0014113736457003249
0.0014100993087052774
0.001408887463462442
0.0014263321044134074
0.00142593576130875
0.0014250094534037456
0.001433607938348675
0.0014216808488352875
0.0014166226768176193
0.001415909746076592
0.0014176373525666018
0.00141529446073848
0.001414371471166047
0.0014138387686509278
0.0014124836705055666
0.0014117737159406118
0.0014109333532783615
0.0014201160710620602
0.001427773248590992
0.0014277356496104443
0.0014288811086790552
0.0014278914498556479
0.0014266945427568783
0.0014291171428743828
0.001430262620306403
0.001428896746897132
0.0014290641241698722
0.0014284111291706036
0.0014276713965615264
0.0014271969954807884
0.0014282296636564898
0.0014311187956830458
0.0014362114174116503
0.0014414147272309615
0.001441230359713386
0.0014405890132616658
0.0014392798011352138
0.0014358691080189952
0.0014356018746336813
0.0014356049861153023
0.0014350430508739535
0.0014348478525372946
0.001437845800348006
0.0014372825421127876
0.0014399477173572804
0.0014399407527257726
0.0014403874356607254
0.0014401410332278348
0.0014393033022691455
0.0014390554803561538
0.0014389143928807584
0.001437883346668389
0.0014354425263850966
0.0014352207109973416
0.0014344919920915675
0.0014282725799582457
0.001427989154016348
0.0014278185209609326
0.001437069716444257
0.001436204376737495
0.0014333340707899836
0.001429978083550285
0.0014279157775260697
0.0014554755089240916
0.0014536657014339763
0.001452291061889756
0.0014522711915326784
0.001451807492584063
0.0014481316883051456
0.0014343751016593481
0.0014271145171313043
0.0014272556629467772
0.0014330566044958542
0.0014324138269049872
0.0014313946041362836
0.001431638585790054
0.0014310537064631667
0.0014310511323651052
0.0014308540084440285
0.0014301804220103978
0.0014287433095863855
0.0014274457758778202
0.0014277330237152048
0.001425361466706209
0.0014242999571354442
0.001423552571701484
0.0014231602928761957
0.0014534902703324454
0.0014526395245021333
0.0014513612750023952
0.001443094015951963
0.0014426316270789222
0.0014344379032654093
0.0014317534501839852
0.0014334745888016373
0.0014312621495251904
0.0014308177711994732
0.0014268946003257543
0.0014317713705670576
0.0014306147286161789
0.001428856324568013
0.0014282810314937007
0.0014276040802733167
0.0014272135882059148
0.0014257450118964948
0.0014232634304537277
0.0014227425676245848
0.0014219764260027217
0.0014599037565466901
0.0014593938036097228
0.0014607707169865356
0.0014599250541533113
0.0014588567644658078
0.0014589320886493268
0.001458354189565724
0.0014584994748394107
0.0014576072432345847
0.0014613044478215596
0.0014618244998339986
0.0014633087509197931
0.0014626663885961913
0.0014617320792201464
0.0014613194984445315
0.0014636914765195428
0.0014598975463003695
0.0014552253311810954
0.0014540641253016084
0.0014514885983918473
0.001451553899775143
0.001451633101638151
0.0014508767999313102
0.0014517316607838152
0.0014512746579902914
0.0014504845280587078
0.0014504446160177947
0.001449871767307815
0.0014471800775252004
0.0014464559243700865
0.0014454364364549857
0.001444495922554148
0.0014410820259196635
0.0014405886920548774
0.0014395935524450828
0.0014380191680027621
0.001437771102474228
0.001441432111913304
0.0014343816306530818
0.0014372484357402949
0.001436126469678608
0.001436247564698575
0.0014359562157016906
0.0014360844349516574
0.0014356526058409904
0.0014349358052312626
0.0014306213322156324
0.0014297511518240812
0.001430446193425678
0.0014314070247355884
0.0014243399065172232
0.001423615741576581
0.0014243385833580466
0.001427689401744181
0.0014227137753181766
0.0014223965853105756
0.0014591123558019264
0.001461687694982497
0.0014601845130444505
0.0014599154078306375
0.0014555353704741624
0.0014549828321106318
0.0014548202090115562
0.0014518883959211313
0.0014745574214723002
0.0014743176917037166
0.00147506560387471
0.0014744929289502015
0.0014736366658772199
0.001471157928850211
0.001468810037052834
0.0014664167680556166
0.0014654677132807765
0.001467540157012141
0.0014667487260142506
0.0014664488692915588
0.001465951838929932
0.001468570746249801
0.0014693478684801602
0.001468724982592802
0.0014681548841890518
0.0014815805672420143
0.001488523453056805
0.0014872846665481478
0.0014853401343515797
0.0014840763152172728
0.0014768974483429305
0.001475880161194517
0.001474269107651722
0.0014738237224029868
0.001481263441724966
0.0014798734440252376
0.0014791922210916604
0.0014798489108949558
0.0014794085903235715
0.0014776392964273215
0.0014765245270906507
0.0014761083670372958
0.0014754040812951204
0.0014744006606445565
0.0014730581321996696
0.0014738528706170501
0.001473438388838885
0.001473371694673464
0.001472813259034298
0.0014718659369060388
0.0014713110698467784
0.0014730099640871182
0.0014719239598199481
0.001471778230180612
0.001470733321565119
0.0014717966897861993
0.0014773655680458049
0.0014765790169235938
0.0014778099958055637
0.0014765579523805762
0.001476504794181699
0.001478191053723119
0.0014733203574611368
0.00147824582386464
0.0014826303008823956
0.001481008204300196
0.0014798971837825766
0.0014793127554650848
0.0014785676538236513
0.0014838526987599238
0.0014835757482394517
0.0014967208578833314
0.001498261337855609
0.0014930864579955903
0.001487799996090952
0.0014882734739665344
0.0014874652291076182
0.00148907243146749
0.00148777847800208
0.0014884116708359344
0.0014910103726926776
0.001491698322139739
0.0014925230540452142
0.0014920540380871962
0.0014837433362280723
0.001469591481068832
0.001466063329918073
0.0014662483869473794
0.001464246759934443
0.0014635931537720507
0.0014607147923261245
0.0014598766516624652
0.0014569048288285151
0.0014559947470541828
0.0014547966780016045
0.0014546563564421032
0.0014631294456465976
0.0014623473650956626
0.0014646348002570232
0.0014643707840819031
0.0014648751718737906
0.0014642221514787443
0.0014633805056091219
0.0014619544116283374
0.0014673547847530116
0.0014665712575753136
0.0014624877591867314
0.0014625350601665517
0.0014621153979426892
0.00146139292223906
0.0014414428575779106
0.001443693572650841
0.0014430965972571529
0.0014429207348005564
0.0014443215523005982
0.0014444996820552045
0.0014445551634081522
0.001441275572074205
0.001440765914469919
0.001441811809511461
0.0014389937724386152
0.0014379497967675456
0.0014309994275488954
0.0014305438284258811
0.001425099082902834
0.0014228505386270434
0.0014223598498219975
0.0014227078747165798
0.0014216697253795563
0.0014256689891234305
0.0014214304805006098
0.0014209819363311723
0.0014203599486877466
0.0014201787369684984
0.0014071258927426163
0.0014071264033775478
0.0014066152275307683
0.0014066453639236893
0.001407976640987725
0.0014091883602902402
0.0014083455054164555
0.0014069814164736287
0.0014106209707984002
0.001409294251025643
0.001408913998952541
0.0013831664826290091
0.0013825097474450161
0.0013808350226443427
0.0013797336810803702
0.0013827480524981096
0.0013824205429474258
0.0013780536212723129
0.0013825629974224443
0.0013817187124606236
0.001380963827802146
0.001380426528157837
0.0013797856955352719
0.001376448953157577
0.001375679607421916
0.001375432902606064
0.0013743414903744627
0.0013738229424754894
0.0013715844358922489
0.0013713330914962563
0.0013704452740121592
0.0013668902528514329
0.0013660844783616969
0.0013647390264551937
0.001361969004968826
0.0013616923020765687
0.0013616981818084391
0.0013603070474842737
0.001357608211158849
0.0013531811752103104
0.0013531334706519216
0.001352556573368291
0.0013511941264522556
0.001350881917538208
0.0013514805698003913
0.0013559149354274277
0.0013534014751221306
0.0013537281697053925
0.0013537506549774509
0.0013532533255950683
0.0013525969155418031
0.0013518784458279118
0.001350682228858645
0.0013498681777547948
0.0013498610009890456
0.0013514609809931468
0.001351082235093046
0.0013503535734814235
0.001349701959394287
0.0013549326651285888
0.0013549108121245258
0.001350056409653215
0.0013500384483179145
0.0013497668643410404
0.0013496523522331869
0.0013531204116754498
0.0013517696539973331
0.001350148725880263
0.001349957700483602
0.0013495262512378365
0.0013486350439294633
0.0013527021361184526
0.0013520218241769646
0.0013512434688037948
0.0013507177225151768
0.0013606014953292565
0.0013602397887270087
0.0013589796212650496
0.0013579227978763222
0.0013557365452923507
0.0013543723997390155
0.0013531681541049103
0.0013547682272427991
0.00135558497740547
0.0013550047853874087
0.0013564721078824665
0.001355853159106698
0.0013566988531817084
0.0013556484266295636
0.0013555133285926438
0.0013636599080963682
0.0013664856942258012
0.0013661723805124093
0.0013677316685103281
0.0013588372399078808
0.0013583739416024373
0.001358373096013119
0.0013533862458779682
0.001347092548004137
0.001346748392720787
0.0013457159842181984
0.0013451583388861498
0.0013454473475103083
0.0013344716709219444
0.00133286374363102
0.0013311021942028587
0.0013350251830619476
0.0013323091142926527
0.0013346498364719466
0.0013323033890835698
0.0013313000885105427
0.0013310148468468831
0.0013227479539636947
0.0013255660010324322
0.0013271451412731879
0.0013237779809028443
0.0013236683626294179
0.0013251853592114392
0.0013252438314120697
0.0013166143985640826
0.0013160541299623513
0.0013150124754305029
0.0013148499260151958
0.00136777715192847
0.0013670219244449416
0.0013655315332255804
0.0013642769198806358
0.0013569353253645132
0.001359014137600193
0.0013585410062032855
0.0013574915625886787
0.0013554891637042159
0.0013549945262205333
0.0013549748672459815
0.0013546400995892458
0.0013530609023146714
0.0013525441062300437
0.0013516707500339932
0.0013511822755008047
0.0013504775754207023
0.0013453652977859114
0.0013447966979450055
0.001342016068840337
0.0013414701275360772
0.0013401341294094343
0.0013398923497075453
0.001336476133785534
0.0013360302779237745
0.0013422401211369702
0.0013440366168535004
0.0013438572907644678
0.0013432014326096547
0.00134321225174081
0.0013426473373722536
0.0013427924249147035
0.0013409833712202791
0.0013418156655570755
0.0013411410950532174
0.0013401990079728377
0.0013395891885515025
0.0013395234680726451
0.0013409109958326098
0.0013422820187856278
0.0013404649330216367
0.0013395564149541056
0.001338728744785714
0.0013383657316015894
0.0013383350804890132
0.0013382719778206832
0.0013409076781909783
0.0013209247318331815
0.0013214754719641517
0.0013203131000482902
0.0013148033151904799
0.0013152746734376784
0.0013152459350782885
0.0013141152006136245
0.0013122687434962423
0.0013133549493758029
0.0013128589665763058
0.0013127215551404516
0.0013118232314820284
0.0013115483049997857
0.001314196797982969
0.0013128067428494286
0.0012970202814208067
0.0012976364278822008
0.0014351314577368162
0.0014367351689106086
0.0014343160329285203
0.0014341883228821766
0.0013952663075589467
0.0013952345318568322
0.0013891729416105978
0.0013883763499532068
0.00141092697812463
0.001410689361799886
0.001409668937000107
0.0014095418235602637
0.0014101832302999663
0.0014113865372434654
0.0014074463818979268
0.001405710281766437
0.001411850260914291
0.001411019875053246
0.0014093219953198932
0.0014229854346154269
0.001423182742498607
0.0014309066535582644
0.0014308763040259405
0.0014310545340606188
0.001481978460882514
0.0014810539223567682
0.0014705461314479412
0.0014707414647596004
0.0014693656399138019
0.001468381011398297
0.001468887183569626
0.0014692702776470245
0.0014678540606858647
0.001466892256224617
0.0014669249394223046
0.0014665540463884943
0.0014660122247441868
0.0014668418783980854
0.001460513628316228
0.0014601613804365052
0.0014583132880161538
0.0014567728922351083
0.0014561059355142326
0.0014538339883341687
0.0014527139730325983
0.0014521229738046993
0.0014519229513243212
0.001444161356077094
0.0014440401667749705
0.0014440757552051033
0.0014435969644245625
0.0014424473353965024
0.0014419815108809631
0.0014420304226559404
0.0014422604816640011
0.0014412521145464215
0.0014417598648311428
0.0014392382342236561
0.0014387979822478528
0.001439924918811896
0.0014392164149588805
0.001470833335359953
0.0014702563695073066
0.001470643504570727
0.0014702508034533683
0.0014682928315304954
0.0014669089939992439
0.0014664439729727276
0.0014651230593758905
0.0014654231798638608
0.0014650230396928308
0.0014600643631236666
0.0014597543037472723
0.0014589081472307487
0.0014583351371825657
0.0014572222417915492
0.0014563522859998366
0.0014560198199670095
0.00145470042162093
0.0014551679356552636
0.0014548928886706444
0.0014535378873495966
0.0014511132098706182
0.0014508884794750489
0.0014502926588830475
0.0014495552828171876
0.0014475344406764605
0.0014455643159576857
0.0014456600700974845
0.0014400696693925698
0.001466587869704981
0.00146468686809884
0.0014709221518786138
0.001471711419928979
0.001472861548217172
0.0014716881959769496
0.001472366468540878
0.001472126514544309
0.0014721353308326621
0.0014702301726866674
0.0014697726745679643
0.0014649068014881788
0.0014636258734658303
0.0014632153777806097
0.0014628531537214807
0.0014618734170370967
0.0014617515152909224
0.0014607427011356358
0.0014620051550779678
0.0014670563108726638
0.0014701429224038601
0.0014737085115040344
0.001474165497183704
0.0014735075174574167
0.0014731128099525414
0.0014728187424964396
0.0014712480271272406
0.0014707352198830563
0.0014575317999178795
0.0014568680388800795
0.0014562991710592617
0.0014566297209036782
0.0014555938574510386
0.0014562236936397175
0.0014571536795186892
0.0014610490177557548
0.0014617818015619638
0.0014586829405095648
0.0014580338575617329
0.00145758669345416
0.001457900327286689
0.0014580664037704175
0.0014588959991910261
0.0014604507108395232
0.00146057361655749
0.0014601825104031895
0.001456281484752888
0.0014597802136565028
0.0014587750434570436
0.001459080443804888
0.001458405813626181
0.0014582129942742814
0.001455792763501665
0.0014561503750461758
0.001456547738320467
0.0014562516183465283
0.0014555347183384142
0.0014546572835647475
0.0014542510421436186
0.001452916537269465
0.0014530726331430299
0.00145678180006667
0.0014553426687248664
0.0014510136922451517
0.0014589545251731256
0.001459175662672968
0.001458759696520925
0.001464464435812752
0.001464388262547164
0.001463379833789773
0.0014638914666914968
0.0014633660077752579
0.001463392677436991
0.001462815150347066
0.0014636203568436958
0.0014624574277399026
0.0014674656751278914
0.001466791900464305
0.0014694300572070489
0.0014661527251493248
0.0014635109253292246
0.0014637353816912483
0.0014725275082868616
0.0014721724636939148
0.0014717583328578798
0.0014701015723834181
0.0014691519093059545
0.0014691797760652964
0.001468766770231917
0.0014686377788567405
0.0014637433994566863
0.0014632366300456562
0.0014626529777617852
0.0014605733514343664
0.0014283234263282225
0.001417048333886707
0.0014166327652793379
0.0014158305196155998
0.0014133050784914992
0.0014115376378091896
0.0014110665242333678
0.0014065845706843225
0.0014080106993399814
0.0014079452628837888
0.0014083478796009905
0.0014080968733933689
0.0014070725133721043
0.0014066520226501216
0.0014063428538637797
0.0014071025294545554
0.0014067249093840425
0.0014052855315363898
0.0013961263164422128
0.001395684240881531
0.0013932504884809295
0.0014002632289958983
0.0013990032643112927
0.001398105899160055
0.001398065726980465
0.001398939058509105
0.0013978002305199912
0.0013969496586452054
0.0013960209621314496
0.0013965288020877232
0.0013964418827400217
0.001395723266441969
0.0013952948197928725
0.0013955998196253881
0.001396025939917892
0.00139236095301363
0.0013766317183863189
0.001374672281039844
0.001373798428658093
0.0013738567106533898
0.001371640177060349
0.0013720748155694694
0.001371662160339354
0.0013744636084011671
0.0013741168352128547
0.001372422268007817
0.0013716071897101247
0.0013706282386015188
0.0013704067931898404
0.0013701171825346004
0.0013698288037956618
0.0013690392002429865
0.0013688419836041029
0.0013698161738780457
0.00136784521470914
0.0013673061123971387
0.001367203968708131
0.0013660975890589153
0.0013657872798563714
0.001365401027168692
0.0013669099844067765
0.0013668080009118443
0.0013667616410927873
0.001366531688588955
0.0013671536129670426
0.001367214619973942
0.001366590139480178
0.0013666121595300906
0.0013660947869645165
0.0013657830567245586
0.0013650260183741332
0.0013650907130930297
0.0013645776467345757
0.0013638383620390084
0.00136398499499747
0.0013605119146409789
0.0013596027826759457
0.0013600252454275224
0.0013643468115658388
0.001364509120221392
0.0013643589535609888
0.0013644661361524185
0.0013648450319728375
0.0013638469061566505
0.0013643229068689162
0.0013640443528672678
0.0013626813802342856
0.0013622557764091036
0.0013620404055873863
0.0013606775791580711
0.001310062595842864
0.0013094948572855711
0.0013115947399172864
0.001311964486615994
0.0013097359991148382
0.0013062753375072313
0.001306048461806363
0.0013056198626928944
0.0013041436715237427
0.0013032725924667016
0.0013058933089389094
0.001300389572236875
0.0012945778714311003
0.0012937962786962682
0.0012931776090748465
0.0012926154193629974
0.0012897442533256374
0.0012897431192049969
0.0012888242250683904
0.0012860633851190348
0.0012845914307047935
0.0012840969451688436
0.0012851510839444434
0.0012839354460113586
0.0012893058480089323
0.0012865094103752912
0.0012842307112463829
0.0012895318375743322
0.0012888683145657834
0.0012876444988801775
0.0012873210397176362
0.0012742450281630461
0.0012736068470612185
0.0012738987323147209
0.001274637905168188
0.001271849400906899
0.001272717971574512
0.0012730643859295233
0.0012718960031415383
0.0012706084676242136
0.0012691292821796459
0.0012650250130227096
0.0012638146047267258
0.0012636032478977439
0.001258681222940394
0.0012594330826265908
0.0012574246451365033
0.0012571713532455113
0.0012566818620775237
0.0012555641873986533
0.001254494378251381
0.0012541767302483478
0.001254668696723408
0.0012533635165050839
0.0012492054285350247
0.0012489163417968244
0.0012481966637807875
0.0012478564424706067
0.0012477465389838529
0.001245827250916471
0.0012462521814083968
0.0012457703092503573
0.001255396515052034
0.001250307628777281
0.001250068149901348
0.0012484666590703328
0.0012479599513971341
0.0012465752807950064
0.0012474231310648657
0.0012440862183083787
0.0012427096890813415
0.0012431466314072445
0.0012463366770687424
0.0012397304157443524
0.0012392475565385385
0.0012389824982645438
0.0012384666866938998
0.0012370781860778926
0.0012384630561888296
0.0013244952098766794
0.0013246598837806133
0.0013191758262382585
0.0013186286946054544
0.0013173838948629917
0.0013153624007991025
0.0013148762392968785
0.0013143156181700834
0.0013041748838015068
0.0013042327514529136
0.001304048654694656
0.0013042802469543022
0.0013045267153934984
0.0013036898580257791
0.001305150298076961
0.0013051040086445144
0.0013044779355560563
0.001303127872952139
0.001302869289609344
0.0013047022340645876
0.0013034777521845004
0.0013034483574049583
0.0013074385521387592
0.0013076917861444093
0.00130803949242557
0.0013070428554079975
0.0013059510908162608
0.001306752624889038
0.0013070074760615808
0.0013073813014252704
0.0013066002623905362
0.001306273774143981
0.0013059530786688207
0.001305053977169248
0.0013049107369828667
0.001305027480426304
0.0013045881218262186
0.0013023497719303247
0.0012852859281212209
0.0012855840629608334
0.001285415174696762
0.0012845335846025162
0.0012835552853012078
0.0012831897730478195
0.0012828560124636054
0.0012825125607139655
0.001282034801806321
0.0012865051721804976
0.001286035600794734
0.0012845776968362266
0.001284331742152381
0.0012843979385381093
0.001284435130442222
0.0012839473242645624
0.0012831791249003108
0.0012824302488971212
0.001281892180598878
0.001280398211967619
0.0012800174670701376
0.0012810309889051586
0.0012809960363344957
0.0012801580821914006
0.0012817561253895527
0.0012800975631698484
0.001286103071924126
0.0012857438359102603
0.001284847578631887
0.0012852216445868733
0.001284602126308768
0.0012831762451555172
0.0012791490139619814
0.0012783134292867152
0.0012781309787459534
0.0012776798827020402
0.001276065984197498
0.001275910185822789
0.0012749417662061002
0.0012751652872386473
0.0012748363090081514
0.0012746323056434417
0.00127401990392928
0.0012736130079853945
0.0012671628673021815
0.0012670644663589808
0.0012661851858707528
0.0012661066006928521
0.0012661717086887797
0.0012641909166723224
0.0012640178644372036
0.001258801011209345
0.0012580914980126908
0.0012482222309717142
0.0012463690868708328
0.0012459440869895817
0.0012465764220114595
0.0012448428341837333
0.0012454094383933954
0.001246329318209616
0.0012471078205586563
0.0012467894646373877
0.0012443066634915353
0.001241724591318645
0.0012422204630240803
0.0012416514313200165
0.0012421089061401428
0.0012412402954842523
0.001242296322351523
0.0012419153064410482
0.001241312587809497
0.0012404469785706942
0.0012402758940746885
0.0012408375844192702
0.0012410667878526458
0.0012404992749272317
0.0012394930016859324
0.0012385839995061522
0.0012440206038299856
0.0012434265261094537
0.0012429964886771297
0.0012443530166239343
0.0012463150608415614
0.00124717545256649
0.0012467517762491693
0.001241513990200565
0.0012411846400560839
0.0012424634746616386
0.0012422734516242618
0.0012411353784379509
0.0012406998637555643
0.001240157823501951
0.0012401821485658283
0.001239481043240545
0.0012381774587075533
0.001239275139381561
0.0012383325508736956
0.001238957005800675
0.0012385521164273833
0.0012381553075480928
0.001227556525633295
0.001227802128328156
0.0012290811160601957
0.0012262793061823944
0.0012257288299108253
0.001231366189774385
0.001231598608449595
0.0012412673584884593
0.0012387765066453821
0.0012336185825505004
0.0012330927872478733
0.0012436871620763272
0.0012445377945614496
0.0012441651912276593
0.0012419210359043483
0.0012402860241970037
0.0012387505536721603
0.001238348039163818
0.0012363393442331558
0.0012349412846091464
0.001234145114272102
0.001234493056003149
0.0012374926437554445
0.0012371944968540668
0.0012370890517094273
0.0012363011440877706
0.00123630366397096
0.0012355805137616756
0.001236287401862488
0.0012347642378335768
0.0012312065142005238
0.001230953249324862
0.0012297415360816917
0.0012325428361961805
0.0012277651802012936
0.0012298182274027999
0.0012274981937409903
0.0012267726519740207
0.0012265527786342605
0.0012263519098946532
0.0012259794663666494
0.0012221516733661956
0.001222119538688265
0.0012216871521328644
0.0012215164809207624
0.0012210748627403528
0.0012211549951841214
0.0012203303243109114
0.0012216261807391601
0.0012207273942081735
0.0012257583003139154
0.0012257442242632876
0.0012253887220478763
0.0012250634130995702
0.0012372051064202427
0.0012374291518158797
0.0012366460141481858
0.001234111020752494
0.001233941153371416
0.001235940803311741
0.0012354319735415837
0.0012343199262014736
0.0012345933845655168
0.0012345837517882213
0.0012344365502163714
0.0012337411710522442
0.0012322494633434796
0.0012339194326568654
0.00123052079702126
0.0012314527048313967
0.00123022151123959
0.0012321751875446296
0.0012318600746743576
0.0012310974246376796
0.0012298580336648323
0.0012295894253428548
0.0012291857783045099
0.0012285317445429808
0.001228268547883532
0.0012278203670715337
0.0012267619374415385
0.0012265725931354487
0.0012261901133590824
0.0012264110232978625
0.0012257609025357954
0.0012012376067262506
0.0011987673274901525
0.0011972597568900667
0.0011968705740350231
0.001200217378120771
0.0012000776712984694
0.0011999702331413847
0.0011990440250087585
0.0011988710240660504
0.0012001133581416427
0.0011974170194375675
0.001193158826211099
0.0011916451425722208
0.0011925009542205097
0.001193905167769972
0.0012163254701436535
0.0012561061156940883
0.0012561098533625556
0.0012562131126099517
0.001255599656179719
0.0012528403055569878
0.0012530828240833478
0.0012522393526337226
0.0012531621245632956
0.0012527881299375032
0.0012520181129211656
0.0012487214612503439
0.0012488621292959443
0.0012441353566483905
0.00124195616868677
0.001242183234729285
0.0012484632681782288
0.00124752538664754
0.0012470550653851122
0.0012500759911024018
0.0012497406800247336
0.0012508952586708663
0.0012507863438985275
0.001250868035661221
0.0012505477613967454
0.0012498841504861343
0.00124865172878234
0.0012681735218263513
0.001267553286014008
0.0012680564474273298
0.0012661397413783401
0.0012655526395928644
0.0012638236292417874
0.0012626494448343144
0.0012610394845925204
0.0012513248156422866
0.0012508931293331847
0.001250004535843777
0.0012525987909691458
0.001251880001599163
0.0012507419292645805
0.0012500794498580055
0.0012496062120198501
0.0012515626411984107
0.0012525002929140976
0.0012429231425967512
0.0012390732869833887
0.0012390042111780526
0.0012385651330627243
0.0012364488015905496
0.0012342820820381197
0.0012345055395710707
0.0012360324747725103
0.0012307401707958422
0.001232377125155802
0.001231934654895538
0.0012313457863613506
0.0012320683671998452
0.0012314133116259616
0.0012331764398155211
0.0012329020559436867
0.0012312118295634436
0.0012321949009412145
0.0012319825328273243
0.0012308902969320756
0.0012313319174142318
0.0012305975727885643
0.0012300644214218706
0.0012297082892148915
0.0012329757220629126
0.0012310472951578932
0.0012299609762808517
0.0012304740113876697
0.0012303966915126906
0.001230140075999086
0.0012304776412096572
0.0012317930122340004
0.0012326422244383134
0.0012318228113625564
0.0012318635085842079
0.0012295709838166867
0.0012292663694277934
0.0012291945565481453
0.0012308355310896052
0.001230478384648699
0.0012306932612049007
0.0012300940440920804
0.0012296667748368034
0.001229481288682826
0.0012333060284043052
0.0012339813936989438
0.0012363742906380249
0.0012339315640029153
0.0012331982114926713
0.0012202488217040828
0.001219714777318373
0.0012193684653929002
0.0012184939313086265
0.001218874702694783
0.001218090093693243
0.0012166845045942603
0.0012174040030885308
0.0012168878448953612
0.0012216285824930757
0.0012220729553957667
0.0012214285630047098
0.001221471922491489
0.0012183636731163913
0.0012180317359224682
0.001218506504784052
0.0012182725849182164
0.0012108510044882782
0.001210408717403535
0.001211875433712444
0.0012115648149965204
0.0012105841616500345
0.001210703340695195
0.0012100326856167752
0.0012102207437498862
0.0012122376461014541
0.0012166056761634548
0.0012157737105938618
0.001211708022279847
0.0012128024125414702
0.0012123537119413663
0.0012130749275631781
0.0012127938987866564
0.0012117829145416082
0.0012103590799426311
0.0012089927619468141
0.001210007975376575
0.0012108215262565502
0.0012104015818973771
0.0012109326089854025
0.0012101319109045305
0.001212478617663841
0.001213747885019275
0.0012137691963306323
0.0012140392015004351
0.0012170381595245712
0.0012107732429201066
0.0012107603372728474
0.0012102949004454335
0.0012103957608492265
0.0012098190869568343
0.0012089462096375207
0.0012081652165574787
0.001207833675207936
0.0012078234852002424
0.001207587088183432
0.0012078296506728393
0.0012095169485548851
0.0012087283853628491
0.001208411941231565
0.0012097113214801704
0.001211270114930225
0.0012110534943612834
0.0012112992661953525
0.0012124917019338836
0.0012136982385155752
0.0012128067679971525
0.0012107449552829469
0.0012116982989229756
0.001209614814138754
0.0012098749401941345
0.0012085730275723822
0.0012080845453266
0.0012091765060499582
0.0012065624223865075
0.0012058498915086676
0.0012067687676037787
0.0012073514803850906
0.0012067346999149763
0.0012086362430401324
0.0012180246772243689
0.0012177544939616916
0.0012197870149352787
0.0012225853660980473
0.001222915064105117
0.001222676703778377
0.0012269282292487313
0.0012338916837490832
0.001233142938830604
0.0012316958691058959
0.0012319929396209176
0.0012463084610705626
0.001286184696857675
0.0012862753926138188
0.0012828548829774105
0.0012831356999388956
0.0012833995770088298
0.0012833776839546653
0.0012839748921467024
0.0012837672931149129
0.0012850552762669913
0.0012861260783413747
0.0012855909562315949
0.0012851862446239632
0.001288887738414984
0.0012884513967868101
0.001286236248261011
0.0012853750000318236
0.0012830686676038308
0.0012822473452319093
0.0012806725501260253
0.0012804647394089666
0.001273695159983857
0.0012738454215319105
0.0012735480467989948
0.0012735963486085568
0.0012771550573140856
0.0012761894248527004
0.0012760824547396693
0.0012711866748666822
0.001280258382839153
0.0012790384413557921
0.001278577209354011
0.0012792090137297557
0.0012781783690339699
0.0013076321459108264
0.001309526516444545
0.00131114706873044
0.0013098069831603638
0.0013084334446343642
0.0013080482035636844
0.0013324259602962413
0.0013312782596572124
0.0013305417683355852
0.0013300280075682356
0.0013313883240431894
0.0013310407904657475
0.0013313262187986126
0.001331217029466979
0.0013563074831232714
0.001355300189450213
0.0013545553052906791
0.0013634271144658072
0.0013631243305640725
0.0013613569848162888
0.0013620105442613308
0.0013626682485494202
0.0013627362476671479
0.00136328729421915
0.0013612368161411254
0.0013511119345307704
0.0013497063985322363
0.001337405249671794
0.0013357641230966814
0.0013373694130437562
0.0013364496909977314
0.0013364071413635922
0.0013352734894856518
0.0013348673544112954
0.0013342425703026777
0.0013340946736672744
0.0013348192454430523
0.0013344773504685385
0.0013062189914453525
0.0013055902637501354
0.0013071462589548954
0.0013072686836301947
0.001306203950386718
0.0013070646851821243
0.0013070053291547577
0.0013074448982003477
0.001306968768887796
0.001306517059623471
0.0013065232311319308
0.0013061397458222095
0.0013057904454605905
0.0013056954432305759
0.0013027491368629224
0.001312633818122289
0.0013120058981276731
0.001311762668273138
0.0013114491739116374
0.0013096353997056498
0.0013137316386708467
0.0013136220439174597
0.001313965530396138
0.0013135739704499053
0.0013112943802062254
0.0013109821282532926
0.0013100997095317733
0.0013092873494418838
0.0013087398080153813
0.0013104464450486035
0.0013099662089081886
0.0013097580877308053
0.0012987894954397596
0.0013003845714573943
0.0012992776958590275
0.0012985108465979897
0.001299216073170226
0.0012997742244061723
0.0012997179923917852
0.0012989361751017552
0.0012990265464291623
0.0012986782234883254
0.0012980212446992128
0.0012975161758214532
0.0012966673422808819
0.0012961273620053823
0.0012950081968796168
0.001295327475892694
0.0012945769629433964
0.0012944620378429175
0.0012940768415968984
0.0012919679705529397
0.001291228284207947
0.0012914550304521546
0.0012922694086127558
0.0012918605953677231
0.001291761876236124
0.0012918527739233473
0.0012888210260770616
0.001288832156284769
0.0012874734112266028
0.0012898639900473918
0.0012893184981318437
0.0012895936135319081
0.001296766275092908
0.001296445467959538
0.001296439300778547
0.001297288907149909
0.0012982782598806356
0.0012974251906101829
0.0012971159684967693
0.0012995145469345602
0.0012986407125472753
0.0012980135841764487
0.0012975969640549162
0.0012972756814355058
0.001296773493888938
0.0012965065357851964
0.0012965013281715531
0.001295816014525126
0.0012959564773524959
0.0012962276348288952
0.0012931500267769583
0.001291678090286695
0.0012913634801365779
0.0012918862706125915
0.0012915379600483743
0.001291085885859992
0.0012960599845794384
0.0012958496131490742
0.001296558021694874
0.001296595302367961
0.0012969173419121694
0.001295887989446471
0.001295199068279335
0.0012952177995816498
0.001294713999222499
0.0012939539286269672
0.0012890502729110758
0.0012903999316224086
0.0012901963303638623
0.0012872229520385933
0.0012882498299563573
0.0012873815854983254
0.0012869247438270864
0.0012868531128041763
0.0012872430813421723
0.0012873412256497517
0.0012867256225405088
0.001283422352753853
0.0012834384439363055
0.0012834551212065324
0.001282003346744533
0.001282108963827912
0.001281972339565034
0.0012811924420580178
0.0012803782974782425
0.0012797642072622576
0.0012772117807423437
0.0012836029029197405
0.0012836849460019484
0.001283639737133539
0.0012833446509196576
0.001282905125310896
0.0012840526810042599
0.001284120491885922
0.0012851384300157618
0.001279374195411222
0.0012787558214304713
0.0012793408861422515
0.001279028948956971
0.0012788744269248257
0.001278630186896436
0.0012781719695522309
0.0012787120167775464
0.0012786086388354434
0.0012781402694413907
0.0012773600312217664
0.0012818098389107055
0.0012867960345793628
0.0012934322370512527
0.0012932419849165228
0.0012948432386935698
0.0012949687391008186
0.001298215727884359
0.0013001001819794797
0.0012979615643408935
0.0012978448804088182
0.001295444881757287
0.0012949786089820525
0.0013010040209921734
0.001301106438212003
0.001301139466711974
0.001300370806772442
0.0013001334517542746
0.0013000652641554245
0.001299948741668114
0.0012990503196891956
0.0012988286355457325
0.0012999398316178906
0.0012995911203081624
0.0013003421613361741
0.0013001714937355179
0.001300685518163792
0.0013007734080910341
0.0013006772652154508
0.001300192467405994
0.0012995611829783882
0.0012990544866771302
0.0012979464392452887
0.0012976331341040676
0.001298309447941789
0.001300037368537356
0.001299462892525221
0.0012978032082271137
0.001297389917365397
0.0012979351685340804
0.0012980461580051367
0.001305868816799732
0.0013052527635426972
0.0013058784461249936
0.0013052721915670293
0.001304757733782354
0.001304244054249413
0.0013040557780703323
0.0013043927290666989
0.0013041205480183377
0.0013030529604491385
0.0013031979926221558
0.0013026913882115006
0.001302756286594248
0.0013035727630718755
0.0013032429471454801
0.0013046650565132494
0.001301332166326552
0.001300711400874936
0.0013003739493147634
0.0012961704317132957
0.0012960068721421289
0.001294963546133728
0.0012957507970373012
0.0012953645263212392
0.001294813893151741
0.0012946214087300202
0.00129467785392533
0.001293352118648313
0.001293244969649228
0.0012935577221849992
0.0013120238945374945
0.0013117033438104768
0.0013111809382347188
0.001311788826694067
0.0013124207352234964
0.0013121723876117328
0.001312959106726186
0.001313357523390572
0.001313529200516508
0.0013135779584842959
0.0013129049811348092
0.0013127927093205226
0.0013123228572199633
0.0013114703092744716
0.001316580533705269
0.001316550392665978
0.0013165847285515327
0.001317771197584752
0.0013171064475224696
0.0013167550723921896
0.0013163005129124253
0.001317669484769467
0.0013173919792874604
0.0013155002170200946
0.001315426981693134
0.0013149461005447806
0.0013147753009897286
0.0013145649104850615
0.0013143938734927671
0.0013136600166033445
0.0013131961608527692
0.0013131128364214507
0.0013123854889419845
0.0013117518176466037
0.001311938631421669
0.0013122117769809292
0.0013108354007312438
0.0013403531345243102
0.0013400247530167516
0.0013393470090229881
0.0013407937245569666
0.0013401736821225694
0.001368368707749128
0.0013679322241487676
0.001368159578744743
0.001366553576763075
0.0013654845922210538
0.0013646922868235543
0.0013658445703904325
0.001365427588855895
0.001365247028503454
0.0013648353041111547
0.0013643079504097424
0.0013650599315099547
0.0013645494912996894
0.00136409998404964
0.0013637639646393242
0.0013631148205075878
0.001362962511217271
0.0013625016868718815
0.0013650733668527514
0.0013662268746803896
0.001365118968245125
0.0013665973357214983
0.0013662990315787824
0.0013666138611282378
0.0013662372094966626
0.0013665180499080338
0.0013668083756262419
0.0013665945604490713
0.0013619462320453607
0.0013619806801892125
0.0013618687076191191
0.0013647585915375505
0.0013644552499737252
0.0013641918596086617
0.0013604987312117942
0.0013602174277530276
0.001359515532466865
0.001359068367590063
0.0013593506542931761
0.001359037647011449
0.0013590961075252359
0.0013575881634955483
0.001356665776521011
0.0013566282001530412
0.001393274592730556
0.001393357440126847
0.0013925747942732589
0.0013929546556161949
0.0013888398247708094
0.0013890210923441224
0.001389403842339893
0.001389889729632822
0.0013897583325307556
0.0013889126328628415
0.0013877389304362872
0.001388022711172971
0.0013904033048138952
0.0013891712831346137
0.0013891875412274078
0.001388976460321641
0.0013890160560846613
0.0013885171092861846
0.0013876979074334498
0.001386206021252645
0.0013835012023442766
0.0013831700210813619
0.001381967194080464
0.0013826127357431126
0.001382373893629285
0.0013823696846701307
0.0013821169089158643
0.001363529595341956
0.0013652577200679334
0.0013635494271167432
0.0013575166803960824
0.001356999423101608
0.0013572191999501307
0.0013568723038692434
0.0013603061796130095
0.0013593673105039275
0.001376986549186108
0.0013781419013584532
0.0013782544956988843
0.0013802099033272009
0.0013790809359588878
0.00137888454495288
0.0013794477130004469
0.001378665371623849
0.001377999311110053
0.0013780063754713974
0.0013762158865604588
0.0013760752092192422
0.0013741737618639482
0.0013716338904575713
0.0013716276395746218
0.0013712442322984695
0.001370455554261756
0.0013699937535146217
0.0013702055213593613
0.001369412757878208
0.0013688381070304824
0.0013703478343028304
0.0013704443753738739
0.0013691129528879905
0.0013699523493726888
0.001368978520640309
0.0013672294983917354
0.0013660835539686257
0.0013484453466677518
0.0013472368953166064
0.0013469817267317884
0.0013493851123878831
0.0013491995357778957
0.0013486840159804292
0.0013480090772625393
0.0013475142268623813
0.001346256094795031
0.0013461431398201747
0.001345912985943267
0.0013454394901501348
0.0013430572840941039
0.0013438070345755937
0.001347316648932666
0.0013469776881938878
0.0013446758490221606
0.0013443880457161873
0.001344092745411244
0.0013422132289726554
0.001339566041354969
0.0013382123736617388
0.001337698540876051
0.0013376777012943002
0.001334965188994519
0.001334122620881222
0.0013337650616772213
0.0013335040608368582
0.0013322777952479898
0.0013326807935748347
0.0013341628380497041
0.0013342994376104788
0.0013339888756833274
0.001332822240748714
0.001332919201289857
0.0013326035224092004
0.0013294366859118527
0.001329446460321848
0.0013291322466065657
0.0013289298085347268
0.0013284478379566936
0.001329097533615294
0.0013270453947370232
0.0013267209600068416
0.0013267393596696484
0.001326421936990077
0.0013259010784998054
0.0013267572671615772
0.0013267895647811282
0.0013265326848972449
0.001327512923577361
0.0013262892913882308
0.0013261291710738989
0.001326218081529859
0.0013259152842978925
0.0013256332079027685
0.0013253812514149115
0.0013250135326764343
0.001324312419364511
0.0013255456632751469
0.0013251840565404083
0.0013253374982987295
0.0013254759580860432
0.0013248444240866123
0.00132447811453372
0.0013242303016216491
0.0013238060125851455
0.0013156376128637653
0.0013156727376829533
0.001316380278701462
0.001316982455874975
0.0013166428201633546
0.0013163574022894424
0.0013128728020832948
0.0013123295989082276
0.0013134028312234516
0.0013131439815539684
0.0013080840149909288
0.0013078699234686019
0.001307048886607138
0.0013079700035032134
0.0013069541640224273
