0.03650146722793579
0.032753148426612214
0.04426988121122122
0.06776049956679345
0.060152938589453704
0.07003763797027725
0.09740419359877706
0.08875797647568914
0.07831354066729546
0.08511550385843623
0.08015694112206499
0.07529910381596823
0.06802257083888566
0.06334102119629584
0.05983381756232122
0.055063737802864894
0.05140021156209212
0.04901571157633475
0.04729500382672996
0.04416286774600545
0.04218611701931381
0.04357414891811735
0.03742235655226977
0.04381501738680526
0.06045781137520233
0.057977498118782896
0.0441919463981841
0.03702396718616565
0.03686696327252624
0.036984811137024794
0.035051699427640415
0.034753423401112246
0.030926300423315674
0.03146368721998962
0.030813345780997127
0.02726915628945053
0.02564438294441636
0.027987264089274395
0.027939234340738046
0.024170103634809852
0.023078502902838714
0.02265521071087786
0.02372117494418159
0.023184795984222246
0.023641768980862416
0.02228988799826302
0.022685333054444833
0.02186655581629436
0.02152183051803149
0.021313180924420628
0.02114501260243392
0.024058577390431584
0.025386761818986595
0.026594029583925892
0.026012018993372164
0.026292347403349386
0.02543961212283867
0.02518700924011389
0.026731434981532704
0.027783498798733666
0.027344254526166963
0.026852438522924085
0.03069117773065954
0.030739867258279648
0.027988442220675723
0.026967598181808668
0.025907182929907263
0.025309799428847007
0.024746209383842397
0.024366032096891803
0.024292821272360415
0.023815590276682664
0.02121062602020321
0.01405598307726904
0.01449758691887836
0.015513724563552614
0.01560241829391974
0.01532131914547467
0.01516509493303601
0.01508635009515363
0.01500785718288658
0.014824197992979798
0.014603040630823837
0.014245187935611116
0.014216426181265816
0.013777999855690339
0.013703929689654608
0.013605652654967316
0.013372338258583713
0.012928472980882476
0.012940552860685699
0.012761098468520983
0.012610617190961067
0.01255159357280813
0.012317309862434431
0.012183300088058922
0.011919723826636346
0.011843136401795261
0.009766657141153696
0.008953008333354778
0.008135444624463603
0.008090061757790408
0.008062835431841305
0.00889464816178328
0.013497084386334839
0.013576444349943647
0.013171341208227974
0.012986920469060297
0.013249955972423772
0.012912911071907725
0.012841754408457612
0.014039656574388682
0.01375438942698549
0.013794171695253281
0.013836127174476253
0.013798838575334786
0.013909304055278739
0.013733375260406836
0.013654043997424497
0.012688011953256991
0.01293669617210026
0.012736659995336993
0.013562152626447289
0.013644431902561337
0.015379924813584824
0.0156985215799641
0.020885297052245733
0.02086611974184842
0.019438488249971464
0.019076027116962206
0.02381961236603798
0.024279653884670033
0.024123142350468533
0.024184186151682364
0.023692828194351236
0.02378078754252013
0.02329737955132378
0.022933177518065374
0.022827251616815505
0.02355700640333156
0.023259264523979986
0.02349851633645138
0.02331866050897386
0.022991138168787263
0.02267185888095274
0.022688857360891868
0.022115386530483214
0.022096662374678996
0.022648677191464225
0.023272325326796517
0.023421348745423044
0.023241840703549843
0.02300834401651261
0.02263882926762885
0.02224758506091371
0.022241638984107023
0.022262482006836656
0.02234090289354336
0.022296407421890763
0.022240797484724534
0.02678318995368713
0.026659720404819228
0.02641788140832299
0.02615033924248013
0.026231856218957156
0.026201873224766786
0.0259694413526588
0.025944274353185817
0.025875595939578496
0.026571238886262703
0.026435915677507714
0.026069911050467586
0.025852103743383703
0.025607636255943884
0.025238137040353402
0.024837948807112684
0.02464274172520715
0.024665922092016287
0.02461653200605522
0.024556462214655083
0.024282338291184036
0.023957816435118292
0.02374778283948494
0.023568978295598585
0.02321364337444476
0.023088987572131094
0.023020187446394284
0.022884158273757234
0.02269662459240001
0.02267267199444063
0.022436069551683126
0.0225092314049201
0.02065048153066921
0.02051313816217514
0.020490411979357748
0.020557364899497287
0.017818570500674813
0.017913710538019427
0.017332090592535675
0.018212483154751116
0.018179256728640524
0.0163878642881101
0.016391050409783572
0.016334781987967378
0.01612287234583897
0.01605575070474612
0.015976602229784476
0.015957125378204467
0.015901962047099094
0.01589610318623492
0.016216589002002398
0.015864319124580424
0.01572631810009523
0.015784492746786064
0.015792130359235067
0.015646506886562325
0.015567143127555028
0.015577511483703455
0.01536641113740519
0.01539462066083784
0.015399515926932313
0.01563313572940045
0.01535064863050398
0.014943083421482393
0.014855122154803155
0.014783617878068105
0.014748113033547587
0.01457127190970787
0.014469924609369151
0.014218013902704807
0.0150384231676761
0.0149626824922376
0.01483588100537363
0.014790916494143371
0.014488716502979759
0.014471116365485662
0.014276786585790378
0.014808174966742912
0.014756356236709204
0.014902456399561505
0.01482495053720368
0.014687310468066301
0.01464107314761171
0.014423832872036694
0.014474419237831913
0.014439107647291971
0.014264381386202597
0.014178553039542808
0.014125472021987663
0.013941679296196918
0.013781902821695745
0.013815386365986847
0.013714343047009667
0.013721890310875564
0.013698326019721211
0.013682563484561223
0.01383248880093145
0.013683201633456694
0.0136690667505788
0.013744310975222853
0.013740808322433854
0.013732946385539178
0.013636672033030529
0.013579784998151845
0.01355981231948074
0.013249266812663306
0.013212803592462333
0.01313128605330031
0.014078728941967714
0.01368988550468297
0.013600235511523142
0.013713446900550444
0.013631177431585977
0.013578353713647549
0.013549787191247258
0.013558563392816131
0.013416956061381753
0.013380147327917652
0.013245926728995983
0.01350554318587359
0.014238718168682865
0.014224589504293325
0.014423520476221191
0.014583994031336426
0.014582841866934626
0.01471217449909427
0.015191173964922205
0.01517088508058604
0.01506585170302123
0.015128566289626232
0.015078632294779253
0.015079648122501345
0.015020062037241542
0.014994750271938051
0.014998375512683152
0.014967498766777334
0.014497124120216484
0.014501121037454353
0.01446166291891132
0.014414207403976599
0.014482140782195155
0.014441279627393519
0.014395569399647163
0.014445228273713143
0.014406944408037348
0.014233642220398546
0.014227645685435159
0.014202762180208432
0.014174833431682228
0.014154427688399645
0.014047764272105186
0.01570115134342405
0.015683324147975318
0.015524128972855775
0.015537111501797417
0.015231598451203303
0.015179186513751414
0.01523004438882099
0.015174825682152011
0.0151598629114839
0.015205998228745752
0.015091104940951006
0.015005206709898682
0.014671875511188641
0.014589147145704208
0.014533160903543776
0.014362471036026659
0.014310524351491478
0.014377485822258299
0.014375949635633255
0.014411393056324892
0.014365890776345586
0.01430869543444628
0.014283009291689071
0.01403222403366402
0.01382477489318727
0.013780083707582004
0.013653427880816443
0.013689933165818844
0.013672879027698438
0.013613294870476928
0.013579834741845726
0.013616085935588449
0.013641082733511882
0.01353370051644609
0.01346866324358092
0.013434057216790259
0.013299209571925182
0.01324211371447227
0.013268644464277859
0.01324728296971114
0.013171920165513253
0.01312295047715597
0.012738256294667263
0.013135902616790552
0.013125290780319099
0.013393793852613505
0.01323948066320381
0.013185561517376418
0.013123689056019421
0.01308930187292517
0.013055716615430668
0.012989768402613872
0.013022119605320537
0.012990936245533906
0.012931988516674023
0.012844287902186391
0.012928266230141537
0.012907193512246787
0.012862200736892843
0.013621483489924872
0.014285023477591405
0.014274632482120868
0.01407124643881497
0.014111833412669611
0.014035239127564663
0.01398950484418066
0.013986331428982347
0.013956989754622479
0.01382774306724603
0.013629600390912598
0.013600066851784422
0.01357292464839098
0.013493748051991298
0.013451290147836279
0.013427836074312156
0.013221202907722572
0.013103581926513697
0.012849561869948888
0.01286649680145616
0.012846827212268538
0.012804655262071226
0.012432333529746032
0.012368195123021525
0.012380543142419586
0.01231045861566038
0.012304965651040714
0.012280924053002582
0.012241132383787795
0.01221825551700913
0.012190406695350018
0.01216974543224417
0.012083763969424757
0.012052969557353906
0.011990741910177806
0.011992309966578836
0.011976798585309057
0.011938603788308029
0.011613488431151115
0.012221022984755095
0.012176832879155452
0.012196582693411576
0.01234903532867142
0.012326138776149173
0.012287470474453046
0.012215578922308441
0.01220044711731158
0.012203882852216942
0.012192794679902473
0.012158584210666632
0.012168144876048018
0.01218567858876698
0.012351560720900438
0.012305586884099573
0.012261149500132703
0.012238155405251963
0.012170214972335856
0.012071058102411244
0.012018321095397282
0.012000832888605678
0.01203487743663979
0.012090775298732237
0.012143107680877485
0.01181038742304257
0.011800317093062474
0.011999272184475244
0.011935649001008752
0.011422572936836206
0.011256546361387766
0.011210223382561698
0.010738221133455473
0.010714918147834585
0.01072400587446767
0.010551870812981123
0.010614416472099094
0.01048000155824657
0.010342845308514386
0.010242643309648233
0.010838846711105578
0.01061493443919372
0.010677041912289657
0.010689507472810965
0.010645719731122985
0.010529987794311302
0.010463995958975604
0.010444357632419935
0.010493497961931816
0.010512220878067823
0.01053969972227884
0.010663361411714449
0.01057351625298184
0.010565568334810236
0.009282274831940461
0.00931688493645942
0.009341118171638246
0.009254522344303918
0.009211567580639242
0.00918057891736325
0.009269142075456656
0.009250332475931551
0.009256384157012349
0.009219859227716313
0.009194155564685936
0.009168289383309661
0.009147680011512373
0.009118390618213339
0.009080178843870593
0.009063434869849129
0.009398529239236583
0.00942918677534038
0.00947369901664823
0.00944625137011786
0.009448550803291485
0.009785599353814452
0.009841977078357432
0.009822966989887091
0.009743932249085593
0.009720253058212131
0.009690346807355492
0.009685026156448616
0.009649830052583696
0.009743678755680413
0.009736000041775269
0.009701907737274678
0.009650476818581336
0.009769832705085739
0.009871714685792976
0.0098492008324093
0.009843817267566932
0.009851032354963764
0.00987546754058496
0.00988308519910037
0.009606590941696186
0.009589145245205731
0.009580680381979715
0.010221598118119304
0.010428646780361659
0.010431604806840621
0.010508816681263577
0.010481449764690313
0.010474052482322816
0.0104589890495767
0.010302706196467525
0.010273678806718922
0.01025143629928164
0.010264549306882071
0.010224296056717633
0.010163950344219257
0.01035802506890973
0.010323820124208696
0.010328703438390372
0.010315952597080917
0.010301985815016365
0.010277398645301318
0.010241915728363925
0.010240896680724573
0.010224709247819258
0.010200307395314502
0.010177156976028796
0.01016905924972681
0.010163295523244268
0.010182251953904303
0.010248170258025631
0.010195554308288644
0.010173106342580165
0.01011256242211687
0.010150196832876495
0.010229249637537682
0.010182579002058555
0.010204935073465213
0.010190665756903831
0.01010547086496154
0.011282492915865193
0.011237354006473018
0.011303926266059493
0.011226849270162185
0.011292936760264317
0.011328852228872921
0.01190314519197935
0.011859938438716413
0.011791842949763962
0.011948711429739458
0.012003266021217622
0.011822971984165152
0.011817604645696419
0.011670441646588712
0.011610049207562985
0.011720440109520294
0.012104230680727477
0.012709687831446393
0.012534980314785421
0.012497336266861767
0.01250625019195385
0.012364635628697565
0.012315543954854666
0.012266500162106918
0.012494058027481474
0.012482126856178567
0.012511294843882269
0.012547399841156033
0.012554669357678324
0.012441878565213284
0.012727732204496287
0.014240009961852247
0.014074983148627032
0.013944653050685102
0.013749103673135993
0.013755790215904073
0.01387219515946245
0.01375685189389777
0.01374457436001659
0.013731990258551274
0.013688078486441949
0.013672223498320422
0.014277432344928582
0.01418280307250336
0.014087082826663893
0.014016875844402955
0.013992182838422709
0.013857639081698932
0.013410714785906656
0.013397275423670344
0.01339570414459158
0.01337799714514282
0.013432843620606061
0.013445988631888393
0.012430075179734101
0.012451546593765128
0.012442411847684225
0.01241607624497389
0.012434404539648275
0.012436394741686119
0.012311256607641341
0.012616022214224214
0.01263188422260278
0.012617370393165569
0.012669986665538386
0.012778890752141817
0.012749611823170713
0.012780968744784857
0.012646097986802187
0.012614563733626464
0.012673977586700125
0.01262367885366719
0.012603972327340607
0.012598029085181395
0.012560597141115092
0.012593348782324511
0.012583818968062505
0.012585359062563075
0.012550196439137096
0.012590046289801473
0.012582154175339763
0.012565233059041208
0.012530386194805457
0.012507495759805132
0.012560259351902796
0.012538087117302109
0.012541230201595543
0.012515370579246031
0.012432919057930496
0.012413270156322962
0.01240061619667901
0.012392317714704953
0.01231375368258553
0.01223493735850577
0.01230503200625616
0.012257063822385004
0.012210423213946347
0.01218588178299583
0.012156682536317872
0.012152932807882823
0.012072686757277762
0.012064730681933818
0.012110103238712797
0.012141255146343056
0.011868687662587762
0.01186297121131291
0.011760480703177081
0.01181384827351533
0.011855757316578747
0.012412714517880724
0.012422958088274028
0.012232041257817506
0.012189081371527617
0.012189790719724588
0.012215705404283152
0.01207818934599953
0.012033146819995838
0.011999685078987554
0.011883683517973406
0.01187286786731547
0.011943323566285195
0.012248988287642438
0.01191940342685119
0.012287546519428845
0.012196209008943488
0.012163772973543815
0.012140953323087985
0.012134753970391836
0.01227224232692001
0.012214875577140837
0.012255211524321302
0.012235443792305897
0.012194456250342059
0.012185904662540272
0.012174455644212575
0.012156184794777668
0.011938376060981479
0.011938995553663343
0.0116333274566432
0.011675467790175366
0.0116786865784027
0.011641637491993618
0.011541538125646662
0.011513342426613993
0.011510052814840101
0.01155199613256573
0.01151094813949254
0.011517347556851576
0.011521141595749539
0.011466613307314388
0.011440207171743688
0.011502977497306187
0.011436036267905271
0.011319084944627078
0.011381644802801802
0.011143573613614868
0.01112356877536514
0.010863447854642138
0.010853476730670174
0.01092047415853242
0.010834842490195042
0.010798333656432527
0.01110537153607362
0.011094497145111439
0.01108008390210312
0.011069166365182051
0.011048078725383378
0.011037155200069737
0.01100471576304945
0.010961903643345032
0.010955801932304238
0.010929964311661896
0.010906478018901844
0.010923306296145711
0.01089399132808194
0.010911657750348781
0.01089934414598652
0.010876875871762736
0.010829358198970226
0.010817544838641608
0.010819909783969104
0.010775835088711114
0.010769272484007168
0.010747695698318285
0.010788491697294988
0.010763508766418175
0.01075653314179015
0.01074666443052187
0.010694302565544154
0.010682342066569329
0.01064296603809957
0.010627654551205295
0.01062549849619088
0.010601936760857675
0.010582587443201296
0.010552375211918564
0.010553433179754679
0.010539541707855543
0.01051474058300238
0.01052655639066732
0.010521016283942182
0.010503089407008882
0.01049399965420247
0.010467894569817332
0.010453733676197246
0.010420852424921943
0.010199463994164656
0.01022955101222414
0.010092285685498218
0.010079398663986026
0.010025024672754655
0.009978176583613082
0.009966630442514564
0.009925881293131721
0.009841908205077585
0.009844135298631115
0.009817604347527363
0.010468486828118233
0.010775426319043177
0.010875942470608992
0.010858913267738962
0.011014581367973059
0.010956800227644978
0.010937539301827844
0.010916033501189321
0.010938434946149125
0.010816034699817411
0.010831331204633268
0.010814076850273413
0.010806022283369946
0.010787008240357545
0.010768677989216238
0.010755472721939456
0.010743830093746586
0.010710900057700376
0.010699931472591925
0.010672290520727627
0.010640299169715777
0.010622249879202014
0.010583808118614858
0.010573532343150146
0.010591633858642657
0.010575177575062867
0.010578842199862545
0.010565116452549594
0.010571754209966389
0.01052490829466549
0.010507327121801397
0.010466149780015015
0.010462408989884002
0.01025769429666083
0.010258480309034307
0.0102710260040871
0.01027220381842168
0.010245412811030063
0.009460022510991019
0.009448032978107238
0.009413290655498553
0.009427873687725763
0.009417096886477667
0.009407555780012122
0.009393573747311522
0.009383203783280537
0.009367433565298329
0.009358322434588399
0.00937816757842329
0.009372586858125398
0.009357531837494337
0.009339374160907922
0.009323432761488492
0.009249350334648104
0.009237345126943188
0.009241423573614316
0.00917249962156287
0.009166248163212936
0.00897742751690132
0.008958894982025407
0.008993057740555047
0.00903063840765299
0.008978499572629063
0.009001263616226845
0.008979292899144432
0.008965454913324017
0.008922798449833506
0.008914707688297552
0.008893178874487467
0.008881816704174048
0.00887040632357206
0.008861727580202025
0.00888047264000047
0.00887311586961643
0.008868858656249286
0.008851136160294794
0.00881985182542324
0.008859583193620766
0.009267564011844281
0.009293831252060578
0.00927801128486826
0.00925038332775493
0.009239584881997947
0.009225129699378653
0.009224733292571551
0.009195562965075892
0.009156918313701724
0.009151128696207461
0.009137966661868701
0.00913058217505323
0.009114865702275992
0.009085673813165962
0.009071642530761053
0.009079515020116585
0.009070061975599918
0.009056204175424262
0.009033534632910975
0.009018587370214255
0.009022429236888518
0.009011197449141304
0.008999287422030365
0.008981900900902713
0.00906093356626915
0.009036348563246014
0.009043252795148721
0.00904098645580706
0.008710362854217125
0.00946179554558442
0.009448825727325158
0.009523364915994236
0.009516673440051663
0.00947845296521989
0.009365832622462787
0.009773613769428936
0.009700107318482245
0.009722622502148679
0.00973356341807218
0.009722864384188044
0.009828093292698094
0.009551674920790423
0.009503377935025651
0.009494568485779339
0.009371246109449767
0.009383777156998991
0.009468950870536329
0.009344252739332922
0.00928999460958526
0.009387220256554973
0.009377745437829727
0.009344147539074983
0.009459416489545423
0.009454440720031694
0.009549028973182746
0.009925021831507732
0.009911360729917613
0.009970160035793816
0.01004600335613888
0.010124867587928002
0.010137363127588181
0.010481063660311847
0.010449645169297429
0.01060828523069701
0.01058195969582345
0.010519501918888742
0.010599573138581604
0.010952152748552133
0.010696997166644137
0.010784938973390076
0.010798505443758977
0.010742095007259263
0.01046254459763936
0.010445793458896822
0.01054035223189638
0.010540216865045549
0.010517331849290034
0.010523588438675964
0.010505773043163521
0.010445369177620706
0.01041057827019554
0.010382756643862815
0.01038512497486592
0.010380867830151418
0.010385149596324613
0.010356695559435226
0.010307536063640332
0.010301492297011166
0.010278595817785745
0.010255104458087019
0.010247718040436433
0.010252125015337132
0.010241895050028517
0.01024412033432906
0.010219851427133619
0.010212270840125019
0.010210478485108728
0.010260375714104684
0.010257092205133706
0.010277623623442771
0.010307863504448352
0.010294796213349161
0.01041595065742576
0.010392352756737683
0.01039389696679341
0.010389405553292326
0.010350491569707665
0.0103228511702246
0.010257784167054869
0.010253203313656275
0.010234968905563883
0.0102264111827275
0.010310372733829336
0.01026168534729805
0.01022459454648786
0.010209333483984947
0.010166003799348788
0.010164132997857352
0.010153970475062416
0.010157911056635197
0.010149054780745244
0.010176581505099149
0.010172324479823143
0.010165680204581098
0.010147627116072672
0.010150386146979854
0.010120059817020903
0.010110397900042093
0.010089560842137687
0.010073225468268249
0.010065599306226114
0.010067757821075418
0.010046013657782491
0.010033806624971822
0.010022946526315612
0.010010516330398062
0.010156874353042238
0.010154765918130491
0.01013857988746003
0.010139531488430381
0.010160315955087262
0.010145229602123319
0.010136353194587357
0.010129043102276764
0.010086806896635355
0.010075935851749466
0.010018141632119632
0.009994317718066541
0.009973679346611837
0.009970664846647737
0.00988783082852748
0.009915302528863372
0.00991027242883265
0.009904589018744124
0.009918947801793969
0.00990517477664661
0.009884687092028888
0.009864408825921583
0.009842860831088839
0.009820168326634062
0.009756327469812715
0.009743116561207018
0.009743062859204824
