-0.005301511846482754
-0.004427168518304825
-0.0006927873473614454
-0.011639693193137648
-0.01025739529480537
-0.00735944017235722
-0.00574572035111487
-0.004912672512647179
-0.005006970232352615
-0.005067413037812168
-0.00465280484604591
-0.004269556322049959
-0.0037924933385511395
-0.0035085528220709723
-0.0009555305937283265
-0.0009256673241479267
-0.0006793303445091522
-0.0009077630181165754
-0.0008994121457362779
-0.000776630582723079
-0.0007448597352777141
-0.0004576983220708231
-0.000722657233988381
-0.0006286440274561754
-0.000708511945189317
-0.000663864068176028
-0.0007584414766565064
-0.00010558222154564815
-0.004174763751749803
-0.0036046427274179166
-0.002791562157426597
-0.002786828257685005
-0.002852882816488786
-0.002782659568349897
0.0012553817329414118
0.0010980714359902783
0.001062195723007838
0.0011158407337811351
0.001121149840219005
0.0009977736891170672
0.0011028746647796309
0.0010018943760579258
0.0009743407021729087
0.0009127206419685132
0.0017039558143828208
0.001690087497371814
0.0016448083204826014
0.0016449666740931098
0.001604930327011971
0.0016087592919254404
0.0015753266171276877
0.0017680813420293767
0.0017504587364480058
0.001682673874760936
0.0015392415616588553
0.0015340763418128503
0.0012966750731846271
0.0012039782996615003
0.0014637399694038325
0.0019054451541541926
0.001969290709131465
0.00191956178050965
0.001853633593441373
0.001709698442965209
0.0015900762215702955
0.0013524394621594758
0.001190220109920655
0.0013085605549850454
0.0011069869835669782
0.0011444517791895927
0.0011171244321101575
0.0011095345329871246
0.0009761448298475552
0.0010604507628401442
0.000886747224189765
0.0007996693607487775
0.002179812159085534
0.0055211495717322825
0.005440246405214567
0.005675000953218572
0.005243349296240301
0.005126898725119459
0.0050290158622894
0.004980494581618318
0.004916916941214747
0.0048666607365902
0.005016319457106212
0.004952122754331683
0.004871665007360409
0.004369078535451631
0.004453145902753813
0.004406866105132541
0.004298173340314262
0.004265897088350214
0.0042104166516310215
0.004148243773670401
0.0035737726978609594
0.0035192444811033017
0.0035531219265976686
0.0034809534395163146
0.0034384146322326173
0.003418675519498313
0.0034049048259615885
0.0033641361295373086
0.0033660001262999354
0.0033723580208035817
0.002971387211396682
0.0029353992022235383
0.0028983127158426214
0.002947736573644163
0.0029221290110399423
0.002916667342870558
0.0029187286153293758
0.00289899670935246
0.0031241776458924065
0.0032256419035236942
0.003213624301540638
0.003172405100608061
0.00319630048985952
0.003252378897079987
0.003246149391073784
0.003240715882022074
0.0027589324982991753
0.0028375253186677584
0.0028130543455301363
0.0027698760669001045
0.0027141915059587522
0.0026950398275593494
0.0026623949019547307
0.0026006086499857695
0.00255862572703336
0.002574836877772071
0.002575727826500844
0.0027867786384174714
0.0026070788192501995
0.002590515975890101
0.00257430164940846
0.0025507276390428772
0.0024710961998477754
0.0021304041393376163
0.0014347440059871495
0.0013819114691060914
0.0013614467476246433
0.0013497548246583595
0.0013344133642445531
0.0013272528710151835
0.0013236703701270916
0.0013201837188149379
0.0013094758621203571
0.001302330347291883
0.0013091883168415651
0.001290413039385303
0.001392353174562776
0.0014852649438844615
0.0014608540473440943
0.0013634144817645806
0.0016530574343327146
0.0016413385538789223
0.0016796154818166556
0.0018382176373357123
0.0018297452023730736
0.0018646827920077904
0.0020145124691647136
0.0020113759473491845
0.0020322873568213535
0.0020211721909623526
0.0018780360652228773
0.0018869648951800838
0.0018766387870367497
0.0017943864492805043
0.00178410265293361
0.001762310506073111
0.0017961855127992012
0.0017823159230257667
0.0018050966941700625
0.0018231286786909045
0.0018140398113634533
0.0018106740438844375
0.0018783188096373746
0.0017772415912634895
0.0017551677385879221
0.0017478512631474165
0.0015364492738112676
0.001555056915881202
0.0015671694374212047
0.0015254147732639727
0.0015174141397902218
0.0015069014923976597
0.0014897600045706478
0.0014803752004694944
0.0014641921706773562
0.0014362408090946807
0.0014396180748233232
0.0014351105851416774
0.0014254811337697023
0.0013687529581286341
0.0015235398457643724
0.0016850830700664426
0.0016677132367840396
0.0017208872870550806
0.0017155315291518607
0.0016346306386595861
0.00161999307698245
0.0016107927432508081
0.0015666094099358525
0.0015115481389026786
0.001576951858658924
0.0004943168723694517
0.00046113247777352024
0.000433472770102647
0.000431917033841634
0.0004254650141010306
0.00042992158702201535
0.00043426400939203025
0.000445046014141958
0.0006460064537203575
0.0006744095252534709
0.0008067354525943913
0.0007308641008421552
0.0007276959941379797
0.0007361585317044011
0.0007348485053181519
0.0007391117640216707
0.0006440670285600296
0.0006408964938310804
0.0006111594260969495
0.0005954986286349347
0.0002378189484185931
0.00014903159360034446
0.00013735098031980014
0.00016013470126538323
0.00016159018202294682
0.0001543492827862738
0.00016300812253092022
0.00012590122157034555
-0.0003754878372602591
-0.00037708390039010694
-0.00030068631424769686
-0.0002931796152703699
-0.0002692553750583479
-0.0001941175445052451
-1.7460782733987528e-05
-2.0053960754727137e-05
0.0005461543895706913
0.0005450991291700203
0.0005448892936792737
0.000514546068438171
0.00048566053724737014
0.00047236895187234123
0.00046150145523908326
0.00031556858354475013
0.00031311869936875196
0.0003103971950737099
0.0008361996622732164
0.0008228109796704084
0.0008637689282398105
0.000843634144519795
0.0008110336013740382
0.0008195117327396972
0.0009295353341317552
0.0009109039097851753
0.0009137695579174975
0.0009201767085428546
0.0009148065654098565
0.0009105650106609302
0.0009087933159047661
0.0009070156729920671
0.0008949159364622627
0.0008925372914543721
0.0008893967783461959
0.0008847303666190044
0.0008941560239884407
0.0008990614895839942
0.0009162913096819971
0.0009195393539271942
0.0009175653015613264
0.0009134404374779214
0.0009095007941878108
0.0009082074476802007
0.0009497024940979946
0.0009116354557081401
0.0009059552436612445
0.000901505495778726
0.0008928509437394329
0.0008744915786254843
0.0008588110166647479
0.0008401705393655205
0.000910330522708474
0.0008844515188433568
0.0008821782897770792
0.0008783050537216429
0.000838149628720073
0.0007962693535049848
0.000796825042839451
0.0007922073276293655
0.000815448941426648
0.0007928397619692286
0.0007975436870814083
0.0007960474701758366
0.0007820539262639466
0.0012918953925209467
0.0012870601873362492
0.0012749408986110218
0.0012996175502103448
0.0012839294679496587
0.0013727196181426782
0.0014026819361044388
0.001393983100664228
0.0013849819912842764
0.0013719901578899349
0.0016062184444518408
0.0015924954913470483
0.0015883329626700923
0.0015825371396665968
0.0016056899888824301
0.0024775711249319403
0.0025484306690669897
0.002543812838276184
0.0025381021791076822
0.00252713158479763
0.0025164374327240986
0.0025089155951549622
0.002501668560510968
0.0025049124697621807
0.0024990845461733296
0.002419139840295243
0.0024009359987824763
0.002554710418715989
0.0024917840866030684
0.0020817766195481255
0.0020835171004934187
0.002078009146177325
0.0022648356520069074
0.0022094419120168903
0.0022070832954969293
0.002259943314226643
0.0022472244638922245
0.0022285946747628935
0.0022801820200851683
0.0023413572166579508
0.00237166620802234
0.002356506839137726
0.0023486616036237583
0.0023428262019149484
0.002291263082153262
0.0022886101192140036
0.002277034601466694
0.002270907014233536
0.0022698283545261287
0.002264463867393255
0.0022579211600011408
0.0022576039776916064
0.0022699109890169707
0.0022860072197558204
0.002280174722043005
0.002249286026311212
0.0022531702886109573
0.002259029745641342
0.0022506038854165455
0.0022129844476082234
0.0022013071097842975
0.0021995158217465414
0.00219037028298292
0.0021849571837452013
0.002179762259014545
0.0021774100702345125
0.0021689862758688385
0.00215981786629027
0.0021580068981534566
0.0021502025056301865
0.0020877585027710205
0.0020989192025394248
0.0020760404944482453
0.002071126020959736
0.0020653172522098126
0.002053521261256362
0.0020498726314274684
0.002048820955122087
0.0020437435820464395
0.0020399633383100663
0.0020045639794642627
0.002002392193741276
0.002115607713733428
0.002127507731508219
0.0021155832750308708
0.0021746106099213135
0.0021801353057751345
0.002343705106896362
0.002373425119003517
0.0023669985291311997
0.002387504065711481
0.002416161873297735
0.002408138397403111
0.0024037185829255143
0.0024875484396769134
0.0024974879416188797
0.0024978610287218956
0.0024905343821240485
0.0024920026827567237
0.002442629799763403
0.0024365387732689873
0.0024610669567865337
0.002457707366149843
0.002429895456733019
0.0024248986851601504
0.002405464623368112
0.0024045886917234667
0.0023641894817656036
0.0023534058126664995
0.0023126577710586415
0.002303461168038078
0.002399550524416082
0.002380408658411955
0.002374751047467598
0.0023583279271581297
0.0023525632458187094
0.0024421760808328663
0.002429314438060684
0.0024199038283681876
0.0023271538512807566
0.002326142234860573
0.002070354634601308
0.002066893891012272
0.002077473652093702
0.0020720489065269724
0.002001845039681789
0.002003562895190948
0.0019956800386645877
0.0019645887200800505
0.001942130717677267
0.0019413434962963843
0.0019356781719073709
0.001937762572985196
0.0019330678571413044
0.0019378771966489098
0.0019771569094694467
0.0019789452942602045
0.0019733281834784277
0.0019721803781397895
0.001967345581763103
0.00196585794780085
0.001958713728921259
0.0019440166178773773
0.0019398618981816438
0.001928681727535185
0.0019395929533576515
0.001953843614679892
0.0020779537028167167
0.0020408038790305436
0.0017948927241603423
0.0018443610530986174
0.0018317493570475893
0.001956105525120106
0.0019947360070635962
0.0019693493148128954
0.001968868834949718
0.0018673188838461904
0.001916890091478725
0.0019020703975990718
0.0019080427287866436
0.0018996927467873099
0.0018958781939873667
0.0018916322620843261
0.001887021109418601
0.0018673688870755527
0.0018617598579944005
0.0018874784195953643
0.001883060408508292
0.0018764537469170613
0.0018766753811871463
0.0018737573067698873
0.0018703281317130464
0.0018727213457536984
0.0018741433052683139
0.0018698057031718523
0.001865236305463179
0.0018622924889082067
0.0018332236533660606
0.0018300035190350207
0.0018270179794237522
0.0018359253521475162
0.0018413725425097615
0.0018345249984032183
0.0018191539634291607
0.0018127391717358144
0.0018130990669739206
0.0018125817925733936
0.0018094855450170677
0.0017710897908041203
0.0017629432425540982
0.0017949887804990636
0.0017906495407723165
0.0017878051900331049
0.0017829824237692714
0.0017763738229962603
0.001771791658552917
0.0016880157317242285
0.0016913457939354412
0.0019442937116691645
0.00195992535418827
0.0019778593083043788
0.0020128348512313764
0.0020085077390571606
0.002234183105574993
0.0023992614531258044
0.0023950389984629373
0.0024209436908813253
0.002414128616733423
0.0023323403962279524
0.0023319583809555265
0.0023163496360751904
0.0022855621096844895
0.0022821744473678026
0.0022569111920073786
0.002248805843016957
0.0022417786460079596
0.0022461549829394787
0.002242126939593397
0.0022466861496118697
0.0022411830290778195
0.002226093778273755
0.002224814755864684
0.002231803542377499
0.002225463252744661
0.002220724024880168
0.00221834375013134
0.0022162630494456234
0.002231665529206283
0.0022262194514453626
0.002225907963621997
0.0022173614461622453
0.0022269999223850172
0.0022241764353828704
0.002223716176614911
0.0022195800319246687
0.0022206985444193405
0.0022162022096685707
0.002207949466591681
0.002203418160260535
0.002184358503927293
0.0022165638222715676
0.0022157046771423923
0.002214651872129574
0.002215611839553752
0.002200900734521214
0.0021959352567200293
0.002196432877789562
0.0021356797988848
0.002131241865255024
0.0021561252062792936
0.002173575827907991
0.002370553221319892
0.002360130327433056
0.002557957239568587
0.002561632232297056
0.0025574892596926897
0.0025478575780685663
0.002543531221782037
0.0025317812040676875
0.0024965242907606616
0.0025575265515279996
0.0025539882769034837
0.0025513488568670245
0.0025420414663509237
0.002530341815787974
0.0025243548147369683
0.002522948834974185
0.0024736809939852316
0.002461648863084664
0.002456477905357349
0.002450083516091614
0.002480772881552068
0.002475460188981319
0.00246810786714575
0.0024979087333021105
0.002454202147283426
0.0024451135012106074
0.0024385243004919014
0.0024478802843328476
0.00244371937484416
0.0024453515369404887
0.0024407379692303554
0.0024621099175095736
0.0023901465069179222
0.0023900681792406978
0.0023958373708991387
0.0016069847496924725
0.0016954597638020054
0.0016916065599046199
0.0017318213322941908
0.0017313746274388957
0.0017287392469428674
0.001735272714482587
0.0017160096157468397
0.0017121572512181066
0.001708247123067825
0.0016889842288058765
0.0016919710292685537
0.0016448646836821961
0.0016416384039715766
0.0016399173069911806
0.001630968183117736
0.001615792484139189
0.0016420313478125194
0.0016305337023020154
0.0015895192929501558
0.0015977798770420222
0.0016149591066560497
0.0016316220398680274
0.0016288213492829378
0.0016267065958446543
0.0016231149628206365
0.0016466908986781273
0.0016493927129583128
0.0016522278097767557
0.0016557445757399917
0.0016425754594855642
0.0016426222165505803
0.001639761039229099
0.0016366259937667465
0.0016349713368981615
0.0016338727252549843
0.0016311496903817435
0.0015902810301049617
0.0015935743805005245
0.0015932157597231809
0.001595948911718279
0.0016026396069849474
0.0015833088802335424
0.0015901791162968013
0.0015877253208139948
0.0015655821775039144
0.0015663092546289853
0.0015633755488189188
0.001564796261325385
0.0015945045988030114
0.0015870373539895195
0.0015939118512592779
0.0015908827229395685
0.0014744531315120807
0.001459652558966421
0.0014910905705772133
0.0014903622878077644
0.0013048788704981583
0.0013013076264773076
0.0013130202350909127
0.0013180193774233989
0.0013086241026888266
0.0013081124210013795
0.0012981996180549747
0.0012467451953540555
0.0012668988554757007
0.0012630087799472393
0.0012615832034054127
0.0012581162299750033
0.001255067428912404
0.0012453512499079901
0.00124144221034024
0.0012340853353662452
0.0012294712362218509
0.0012278010146963218
0.0012214603633419682
0.0012118065721760034
0.001267139777528907
0.001259479147716644
0.0012615107341004174
0.0012847805412888426
0.0012840208126686558
0.001284428281794692
0.0012812775212472612
0.0012773772141805417
0.0012661933407749997
0.00126616091133912
0.0012602041708736648
0.0012506112605199006
0.0012476070586023124
0.0012470927630921355
0.0012464778580025954
0.0012436352968506982
0.0012351524091387927
0.0012345024892979077
0.00123632821636404
0.0012418052048591914
0.0012435529065355794
0.0012411625186370349
0.0012761167546865033
0.0012634038090720086
0.001258510258057221
0.0012868539172484527
0.0012831937051401778
0.00128650134470552
0.0012860632981398798
0.0012807624248243595
0.0012839552117662383
0.0012835030717525666
0.0012830514626572817
0.0014597356490297826
0.0014562977530619792
0.0014478171831745254
0.001443168329290538
0.0015113053293557084
0.0015132619632466978
0.0015141764301915828
0.001513933443096103
0.0015105064581138433
0.0015080752302948492
0.0015049942764259565
0.0014919729631841419
0.0014897767623987305
0.0014881765290598828
0.0015002242494988475
0.0014991640895852451
0.0015046700566669722
0.001652660538958161
0.0016564109284760314
0.0016555905665024677
0.0016514143569103584
0.0016530561822210568
0.001649860050090663
0.0016418273790122524
0.001612191063293802
0.0016081547022733244
0.0015959042710526584
0.0015911682644871
0.001591038354077186
0.001585288304225699
0.0015816704046880993
0.0015791283726840878
0.001607126646469051
0.0015967131757301475
0.0015904204762785521
0.0015923537885671579
0.0017043103225387567
0.0017042981639966142
0.0017037196496403348
0.0017505136086286264
0.0017445492473295123
0.0017404861493944012
0.0017389855683742675
0.0017365986634703024
0.0017253759351047993
0.0017233571512849475
0.0017247138906191888
0.0017271054658125446
0.0017240130156040646
0.0018219212537151877
0.0018679513427425649
0.00185498941712228
0.0018037027151149249
0.0018009825574416907
0.001788433527827752
0.001782490500135106
0.0017805086281248638
0.0017742051426394526
0.0018708995977494724
0.0018621270790095013
0.0018009261624213528
0.0018013547456678975
0.0018031270127865276
0.0017983245284402297
0.001789629639456282
0.001783875353143599
0.0017798468834276087
0.0017683698008505771
0.0017649974109976254
0.0017621663172489974
0.0017600835308921145
0.0017551440868573793
0.0017530708281113933
0.0017469234725374513
0.0017444569816995506
0.001736205108362486
0.0017349035277864485
0.0017309471181004264
0.0017247171013671698
0.0017164897439416909
0.0017794985584788257
0.0017773171810810473
0.0017604305633890027
0.001766301729504996
0.0017548274691201776
0.0017645635597433407
0.0017642570148048136
0.0017595705645571176
0.001753182456532137
0.0017179238532384071
0.001713156775590022
0.0017058132344332192
0.0017043944886263734
0.0017054787321930458
0.0017015359107880618
0.0016978836895015414
0.001695761542710986
0.0016847307623932212
0.0016783463997396672
0.0016442680462068397
0.0016418577762035307
0.001640096696770317
0.0016344151739758688
0.0016419675030987424
0.0017574815727111916
0.001761990631301338
0.0017559458522632297
0.001754818143256542
0.0017556685099416373
0.0017566026320139736
0.0017308983413674328
0.0017263895069474621
0.0017276710118483303
0.001724619768418111
0.0017204641510320728
0.0017431037249771013
0.0017243943887811936
0.0017213922474630463
0.0017151902664444814
0.0017151806455514792
0.0017072135848841417
0.0016986498866038084
0.0016983388189834032
0.0016919431703002969
0.0016924302090710569
0.001692188718457473
0.0017016174815492307
0.001719060543938682
0.001713567683216722
0.0016917561633740996
0.0016969166348653447
0.0016965615090271482
0.0016681171502744094
0.0016643286450254988
0.001658417897977836
0.001657160619172601
0.0016675672637788944
0.0016649832962984286
0.0016790563711321714
0.0016763007842458286
0.0016734447308842698
0.0016841999374727448
0.0016816896226027037
0.001679764041771524
0.0016933637151658883
0.001697525268837353
0.001700827463507108
0.001717980452930313
0.0017116958086984902
0.0017508341138921313
0.0017494074206451681
0.0017339870411761716
0.0017344505391563023
0.0017336401721442369
0.001733303266382578
0.001728361615618246
0.0017235093613128473
0.00172174171696428
0.0017171029916953056
0.001714470267018452
0.0017137183448707363
0.0017120232326192713
0.001710769624434423
0.001708276655735085
0.001707200467630545
0.0017039139491955401
0.0017071505897682214
0.0017051570667502359
0.0016881639093620246
0.0017033492096665808
0.0017016167648552791
0.0016980754712221306
0.0016870400462826137
0.0016846864021513013
0.001682480168243491
0.00167806030698378
0.0016774399486108387
0.001676802826920591
0.0016732113648578234
0.0016721151590041586
0.0016721556567063092
0.0016703821540775337
0.001665097642010303
0.0016625864989239598
0.001820175430577794
0.0018222251792899377
0.0018222179563905825
0.001821555516764451
0.0018192218869226716
0.0018566601738896624
0.001848284086049758
0.0018472906589250483
0.0018398473397753434
0.0018354074767737566
0.0018321877552252904
0.0018309644589851533
0.001833335784797089
0.001859748233169872
0.0018548543869607269
0.001852129151860168
0.0018974881324887137
0.0018960062465768388
0.0018935093172492803
0.0019074282503057486
0.0019056370630094344
0.001817062512359669
0.00182044098336865
0.001828892138223512
0.0018282609685480518
0.0018317468100961726
0.0018317231687741892
0.0018319017347387032
0.0018187926392724033
0.0018147412551141814
0.0018155875653128699
0.0018140614410377927
0.0018136269426133405
0.0018099711517770933
0.0018064907645173383
0.0018096765553005044
0.00180476734435526
0.001804579321140289
0.00180280568106157
0.001799516655869308
0.0018324789736352879
0.0018305358526394418
0.001829611844167044
0.0018285753154840857
0.0018224932311458415
0.0018221076586206017
0.0018208440789890285
0.0018120593046765123
0.0018098725662932873
0.00180484661537506
0.0018042765971980305
0.0017971844288125862
0.0017868725639310894
0.0017928838270189085
0.0017940800383794116
0.001730515769055214
0.0017192098107065461
0.0017184244570981537
0.001718854883469288
0.001717535822280705
0.0017204580633301569
0.0017205893400329283
0.0017121374315570018
0.0017163309971841983
0.001711708723261806
0.0017104954646626539
0.0017085536580571726
0.0017145371769184575
0.0017171688329835895
0.0017139378957638056
0.0017118532936854375
0.0017116331722449194
0.0017092923748354407
0.0017073342161321977
0.0017052293264382711
0.0016912916918760716
0.0016811369747446112
0.0016791851782165085
0.0016831019684635379
0.0016789188081251189
0.0016779998666289191
0.0016976065021164814
0.001676909327238625
0.0016688517745933507
0.0016657692321363968
0.0016648028581063112
0.0016775949157397194
0.0016679198074274586
0.0016617457904374673
0.0016597778553448996
0.0016599027877632194
0.0016574017931503216
0.0016645661865198373
0.001666584736421311
0.0016795787839745592
0.0016769824339528602
0.001697911716516905
0.001691000463183391
0.0016821827524390945
0.0016767066094245757
0.0016768349313421738
0.0016779720079456836
0.0017098105983115706
0.0017129118602677382
0.0016853265436131838
0.0016838594029745181
0.0016813277925982924
0.0016129674575631405
0.0016112208358089162
0.0016144123122137297
0.0016151830945193893
0.001619866357809756
0.0016179841266245462
0.0016220890799518
0.0016234287069315054
0.0016222592326272404
0.0016161744005766157
0.0016231009392465748
0.001615251561794139
0.0016133411562687917
