0.05595352500677109
0.04709610094626744
0.11247347854077816
0.09277467261999846
0.08302371498818199
0.08007551237408604
0.06912155880127102
0.0638389480817649
0.06158658089116215
0.08059212675487454
0.08257931633852422
0.07764202678719392
0.0725984022553478
0.06934353622297447
0.06552045815624298
0.06319754526895636
0.06034015543344949
0.05666571277144709
0.05145690748468042
0.0482037832871789
0.04926124037328092
0.0468149711985303
0.04518147111715128
0.043871299773454664
0.04886815539346291
0.036541228079133556
0.03486513446218201
0.0337816240860085
0.03227584533548603
0.030610536232650757
0.029510109430702865
0.029023877464968595
0.028941053328761717
0.02694099298678338
0.03015597586959807
0.029447932230510013
0.028487648919077683
0.028220125074044627
0.02858111332752741
0.02795462386977926
0.026785636448212666
0.025878239071083265
0.025106420227199444
0.028775432369568272
0.030446889440771993
0.029707237270640872
0.029597178863089827
0.0288748381972997
0.02959033143240957
0.029170622505868462
0.029645454931037055
0.029210408855194454
0.029077215003781003
0.025978589553216625
0.025471810313839712
0.024839816398493794
0.02436639258140246
0.024305032491210382
0.021007076670260454
0.020099899826998814
0.018477376929724627
0.01860705829994189
0.019017398550204213
0.02261920223514046
0.0222863731164993
0.018931538544233812
0.01863741278579895
0.018659462217592442
0.018558418507953825
0.01775061451620093
0.01785192242500164
0.016383909680944383
0.016448340828631162
0.016164444719130783
0.016278629592546296
0.015807976253790306
0.016221393338547864
0.015859874210002102
0.01566674945934209
0.015754188735750893
0.015290182938503951
0.014696614741044755
0.01487318999854669
0.014745272359098569
0.014737812815732202
0.01395412985417434
0.013349451815222632
0.013285690643876948
0.013193909417734368
0.012952917559932048
0.012673675535631397
0.012450654868296869
0.012451590145343628
0.012359768904647536
0.012477292065644473
0.012520744885346777
0.012210626295311557
0.012373163004998447
0.0123845498333685
0.011546019139690408
0.01147003425056954
0.011297439819527329
0.012077954855228121
0.011911233410327909
0.011151681744212383
0.01112546627496795
0.010724206301987303
0.01104617575311674
0.010367001781494098
0.010201853651737975
0.010234024618901973
0.009535730323976775
0.0095572767293146
0.009629245436466902
0.009533092277204808
0.009510047286032481
0.009082281644361374
0.008517792462097369
0.008423453971045089
0.00829781460852847
0.008143102587964078
0.008434238220845172
0.008687480944283905
0.008183671375736593
0.008304372952792734
0.01088168377269382
0.010931545015409938
0.011257683199491034
0.010936523821706382
0.011328045355212939
0.01125022563571816
0.011157510626213835
0.01103370479193391
0.011279681196470779
0.01068527359251782
0.010719490620769885
0.01074319461316707
0.010437603198199552
0.011330435361014678
0.011422456964579615
0.011571838076941302
0.01759815517197513
0.01737188224716293
0.01797015130246893
0.017626418568646815
0.01853034460559158
0.015996927674702444
0.015883643495390856
0.015779464703906947
0.01624303317238694
0.016285596954204316
0.016329704777389355
0.01641955166146486
0.016290551072151792
0.016154857704233833
0.01597251680755252
0.015837357196399848
0.015710071197479566
0.015454056090311499
0.01526555704691893
0.015171972692320354
0.015017841870830812
0.014975382505970008
0.014894320829559793
0.014768661080834354
0.014475548698101191
0.014666863963481902
0.014323586457169243
0.01398650408030816
0.014492897264732926
0.014505561519357328
0.014664662810448939
0.01464810963397599
0.014653819173774013
0.014559958393047877
0.014409498125775109
0.014351023139701526
0.01422013015994885
0.014108717049303875
0.014134698172771363
0.01421488876867742
0.01448081456260918
0.014562534503373008
0.014407761471434114
0.014324301245099088
0.014091557232640618
0.014448908328244634
0.014280668466916132
0.014537869572431136
0.014538484817816923
0.015187731267057332
0.015534703848688068
0.015493828267730362
0.015391041311877175
0.015277348175747028
0.014784862719615677
0.01468826131395421
0.014564446739597359
0.014507887633226338
0.014472419173347835
0.014394733427486624
0.014327402639241763
0.016050325172174917
0.015811141411966934
0.015754176565678787
0.015874068976823093
0.015898867393563984
0.015796206790996206
0.0157494978776889
0.015875327226240184
0.015981727145460676
0.01573570543750377
0.01571366759468627
0.015517908570540763
0.015812448150191574
0.015962007865127314
0.015950032836413698
0.015465530726078423
0.015403501937874934
0.015347897796522895
0.015266672113169876
0.015129952763276168
0.015328077957747157
0.015237657879737932
0.015136168409186308
0.01504839975709949
0.015083962382305527
0.01510988581822941
0.014814173649621964
0.014877869873317724
0.014931365864397556
0.015133394960407966
0.015045374584867835
0.016459113312637476
0.016652281491541684
0.016515562492314693
0.016476944312717404
0.016418705761352764
0.016365845377974135
0.016370278262171925
0.016315731023436354
0.01598628847586727
0.015883785534839025
0.015817628766419557
0.015778829589461515
0.015719160092344153
0.015642930116765423
0.015608447261414594
0.01563772313832305
0.015532254346922793
0.015325427711119
0.01527189340956855
0.015098337353322668
0.014970052576231239
0.014926673612308148
0.014874462979340178
0.01482248058891855
0.014791509106667157
0.014750450773191493
0.014644975530231634
0.014535181013510015
0.014559802435251738
0.014516056514174012
0.014457333613107998
0.01444907056643011
0.014390168675572053
0.014340321766864159
0.014166536977035113
0.014033968647277947
0.014000573017457467
0.013893140942801599
0.013808749524676908
0.013738174670177045
0.01386670245259831
0.013784049216116293
0.013721890378338267
0.013706650562113712
0.013668405889127882
0.013626130461385139
0.013544760078309412
0.013486123488388674
0.013129143165909869
0.013106064437880361
0.013035813481914562
0.013003824902918197
0.012793823361732645
0.012747983285508878
0.012589629306691568
0.012490096513848298
0.0121055803350909
0.012041622969562708
0.012043466742838644
0.012000435647882555
0.011535102155619944
0.011506522059199912
0.011460821140167122
0.011404522106124885
0.01137240695822392
0.011431059521273709
0.011406660188829519
0.011242370075501487
0.011150117942613082
0.011115909772917416
0.01109358097605987
0.011111881531998694
0.011042338874644569
0.01095564011767863
0.010932657327977666
0.011217642794626071
0.011238106382506151
0.01125042978357016
0.011904789970781555
0.011774685770491204
0.011739537975979993
0.011746536408546612
0.01171246071787527
0.011681889234522189
0.011614131969859567
0.011815799689247791
0.011806409687965789
0.011810476733523456
0.011752189743446452
0.011836600171748462
0.011814624861491693
0.01175988296084705
0.011696063394520126
0.01165788348642796
0.011619505767765699
0.01155782971675789
0.011599695769502994
0.011558392628815565
0.011949227417521335
0.011788327988093528
0.012277996100297657
0.012220702133553056
0.012142538587191028
0.01228449096267397
0.01245975416860402
0.012477919990231052
0.012615547768936872
0.012613569919533245
0.012502043765430593
0.012475688153435196
0.01247236799074174
0.012424996200271985
0.012461885914068271
0.012392278891304313
0.012626465679016912
0.012630201668112658
0.012668100150701368
0.012562759167187972
0.012477205152901683
0.012736924707733006
0.01274195302386019
0.012739555062130968
0.012714120128461999
0.012495746081155144
0.012422620793084618
0.01239380750096945
0.012359517676610011
0.012339271315423634
0.012321586476750503
0.012291538262845944
0.012163933590915652
0.012127179842502056
0.012033412843778948
0.012012942719909742
0.011961048254888328
0.011933670922755123
0.011892174414987848
0.011862354881946301
0.011750489671217714
0.01174601506414438
0.011706464922055583
0.011658834307726969
0.011624772157223594
0.011636525837251178
0.011589880194760703
0.011577166862001526
0.011539833636079308
0.01151073281790362
0.01147580690035721
0.011299412867477543
0.011272693212694385
0.011240169281831205
0.011208686078790298
0.01120221220585756
0.011177680498242823
0.01121355176974946
0.011423676065109712
0.01146541844473732
0.011632528248463407
0.011584658123704066
0.01155272529377966
0.01155477290446257
0.011562248504244395
0.011497012835613734
0.011526355211784056
0.011545604248531151
0.011488614450592044
0.011490053462503994
0.01146501585813446
0.0114773024486765
0.010035611764976261
0.009665961613594154
0.009555959330382002
0.00956875482555843
0.009495978264142646
0.009480063101026876
0.009505061982788696
0.00927153856491271
0.009185766563897368
0.009172921923241128
0.009177183029410159
0.009151452431419422
0.007872150523020769
0.007848535155271431
0.007678817534210206
0.007677092318910915
0.0076706414188384316
0.007655458896690129
0.007637446254285934
0.007614531016272682
0.007654122861567872
0.007718710965687886
0.007733325428297769
0.007717663884216201
0.007707493163841722
0.007719918259359925
0.007694747018181595
0.007784538147933294
0.007783112885225036
0.008099922083220582
0.008169563762420754
0.006293444882639363
0.006256588068828016
0.006363795288933053
0.006206706277776818
0.005981576926503528
0.006164798383308506
0.0056458514667594275
0.005991075895479646
0.005246182409799981
0.005254017747022994
0.0052065486893644475
0.0051751195900277495
0.00520221970003018
0.0051542688110575606
0.005154716813445286
0.005155598800634527
0.005073993493709083
0.005049052656598369
0.004602790869785755
0.0032154044669868483
0.002835312406986882
0.002733584670823756
0.0027013248236550866
0.002750398260556466
0.0027402622439220187
0.0028394780899781754
0.0027891335444720305
0.001931998554489425
0.00190286867780678
0.0018478934118594174
0.0018421363938887496
0.002710589926641989
0.0027035996865114862
0.002688277310240994
0.002656917652471891
0.00265670119094683
0.002651830204817755
0.0026461489926373778
0.0026841995972876607
0.002688586453318977
0.002668446538619639
0.0027296303264285077
0.0026426991532073406
0.0026392227003257415
0.0026551347310790527
0.002645237413680329
0.0027356543092741004
0.00272763843718514
0.0027416006453654593
0.0027229775470614167
0.0027065426990324558
0.0026837849023310044
0.0026824790719594906
0.0026816099371231505
0.0026940340563483727
0.002693172716611488
0.0027015559842366974
0.0027016123100778856
0.002688875315128343
0.0025745326434403093
0.0025797514261343526
0.002571727889374457
0.002563829530015517
0.002538519398214094
0.0025736631639301662
0.002565637806211094
0.0026212115484508624
0.0026180611675231053
0.0025841930644616134
0.0026036371062002446
0.002557605692726574
0.0025642589377551507
0.0025998918673272794
0.0025914353647860187
0.0025918879454918816
0.002614430069865067
0.0025793572312977505
0.002581934191351907
0.0025470927602281586
0.0025576172622589683
0.0025618272642207807
0.002567851775446516
0.0025690555128423396
0.0024981528120420335
0.002497488986969412
0.002495276994177355
0.0024779054690402063
0.0024624246873324665
0.0023891566439446306
0.0023930597407299725
0.0023936014440965794
0.002397402153885867
0.002443922857778614
0.002438803607391512
0.0024402579133956624
0.0024313992761376166
0.002423963462616588
0.0024215083443808573
0.0024304967054775317
0.0024137391007579214
0.0024001330902097
0.002411549975451683
0.0023986474626769313
0.002393836502781892
0.0024002405943637753
0.002421154193836208
0.002494787610841754
0.0025987480903746562
0.002708538003068538
0.0027195028387706323
0.0026552082651235794
0.0026260843913694736
0.0026295975684574816
0.002608069643589871
0.002648019681377747
0.0026305887227292177
0.0026281686837466784
0.002541391275329233
0.002530891232607312
0.0025199200709975353
0.002515032023294873
0.0024859232217624245
0.0025213274532177032
0.0025332947854641427
0.002493737829406317
0.002450313885750588
0.0024331633178778095
0.002446816613983274
0.0024404488282557947
0.0024444472392406848
0.002450358175395732
0.002442741257126629
0.002425903318075591
0.002432082930032678
0.0024185784044164806
0.0024629614856513985
0.0024553910953581197
0.0024389768866834183
0.002443197326649873
0.0024424923832386445
0.0024280419850381475
0.0024300807789093054
0.0024376889063060566
0.002447900852654519
0.002432112188373503
0.002358285358915792
0.002058586884756829
0.002134544616491213
0.0022464881773000584
0.0022404443211435482
0.00228241623120831
0.002295486955200207
0.002315198894276123
0.002301095038680474
0.002300736942807974
0.0022917807280174894
0.0022738180109012495
0.0022455724538794583
0.0022421672195803584
0.002186132056057488
0.0020138646484076724
0.0020114146667814083
0.0022977775886610344
0.002252580712614289
0.002166888570597305
0.0021749070884575306
0.0021434397149217525
0.002000242377819394
0.001991296480731665
0.001931240622768135
0.0019993279843415063
0.002032784923795626
0.002018053879558118
0.001999186068933448
0.0019859331430481684
0.0020087244820879246
0.00199673323144677
0.0020028854010312822
0.001997954356178845
0.0019889285787466674
0.0019967282808808244
0.0020332847709327397
0.001965063597664487
0.0019679433418951526
0.001974690544011525
0.0019779127569109437
0.0019783505546569053
0.0019924357640620405
0.00196756602809517
0.0019586992997210353
0.0019337492685793918
0.0019239041514889895
0.001966541717865175
0.001956421319594808
0.0019529296225213903
0.0019603670919634926
0.0019876184420423507
0.001979000733215953
0.001978333398935884
0.0020278674938558204
0.002006760422012583
0.0020111564398699955
0.002012889849729634
0.001970139155716365
0.0017285658890159412
0.001717612830158848
0.001699648697371292
0.001687133477587591
0.0017045470943326522
0.0017259163564962553
0.0017112771152491897
0.0017134723061651672
0.0017090096230669557
0.0016579009661682616
0.0016753730324293868
0.0017443097324111162
0.0018704140967631482
0.0018577868147673902
0.0018467185886655686
0.0018684212981726685
0.001856418608617886
0.0018396056217762921
0.002041506848117894
0.0020335833813655124
0.0020204921185557442
0.0020217072350658363
0.002021209022170554
0.002023281593240581
0.0016237243226534957
0.0015950206882071642
0.0015957256970565521
0.0015978898436883055
0.0015997957128631867
0.001538402873663198
0.001568502169093731
0.0014384202639611762
0.001427390379961111
0.0014705356449787462
0.0014752054385179592
0.0014738190548787536
0.0014782170643261794
0.00150444444312446
0.001491417237675935
0.0015081643336160961
0.0014998303625735968
0.001476824421255404
0.0014925592511436782
0.0014732773731497312
0.0014707057695370733
0.0014446096184211293
0.0014695042730108704
0.001489912923176326
0.0014683025631309658
0.0014439952576749792
0.0014016346873097897
0.0013993194463811616
0.0014551350135861435
0.0014470319040129612
0.0014275651906468583
0.0014099266252349677
0.001356683891551255
0.0013690200764829392
0.001321389034941159
0.0013302092264137796
0.0013159096340365991
0.0013279487583078673
0.0013282780818348538
0.0013338890450209618
0.0013354134071464085
0.0012109670975882815
0.0012140079617362339
0.0011655242106817214
0.0011770293500263124
0.0011811476247697002
0.0011743841810450235
0.0011777291460399455
0.001188900045031249
0.001174418765718111
0.0011994771754185762
0.0011954971328231073
0.0011775697634393346
0.001159157356495063
0.0011588195108203367
0.0011114285632133018
0.0011427735240027174
0.0012055648423859742
0.0011937893966036685
0.0012251731747922922
0.0012097900262786074
0.0012029125736945938
0.001230822205464935
0.0012590733424909537
0.0012528464875096262
0.001272299691971792
0.0012605544673645608
0.0012574183551015456
0.0012522764790461472
0.0012286420409916314
0.0010121773635541494
0.0010570539322722796
0.0010358310837545904
0.0010962425455879918
0.0011008184299937298
0.0010236731389110753
0.0009624729363634647
0.0009547190997336585
0.0008660951943304208
0.0008663128282981887
0.0008165634736610765
0.0008155983089642718
0.0010112769046076342
0.0010000264446132234
0.0009849588005212938
0.001019412093808726
0.001024942309731452
0.0010311908109202448
0.0010712589129322153
0.001101249946876676
0.001105344543474826
0.0011086110902806664
0.0011254758957307373
0.001135086597790322
0.001175417236892077
0.0011442391968868035
0.0011464242218177062
0.0011456116824800845
0.0011518598074731047
0.0011088105187246837
0.0011077136612070212
0.0011075592257220842
0.0011071855414592725
0.0010892714395130323
0.001083478379598536
0.0010615510544011403
0.0012555204859334432
0.0012616028608299693
0.001313631066465421
0.0013144128653905976
0.0013325956462783394
0.0013352855643249892
0.0013267705024790927
0.0013440424777581372
0.0013769952386219835
0.0013786714825118867
0.001382558679380534
0.0013437561330493625
0.0013538043281291704
0.0013544127650582341
0.0013524331095827614
0.001351379085859351
0.0013459245922953522
0.0013458224115625408
0.0013467446022581504
0.001328064317009237
0.0013249945092785572
0.001319733568402875
0.0013167221372942005
0.0013240194705473095
0.0013266314930505006
0.0012992068621258117
0.0012914260835133707
0.0012971671505962843
0.00135605753558663
0.0013365704001902737
0.0013345463888072022
0.0013289312170880847
0.001343787426257147
0.0013867128691843244
0.0013844547471642773
0.001406509343875267
0.0014357850092303348
0.001448083775390773
0.0014418987058600632
0.0014389847783244786
0.0014419211060157876
0.0014493095446611872
0.0014786535298634907
0.0015444383623534003
0.0015398317407775074
0.0015439758117080631
0.0014925651947159265
0.0014967355076752156
0.0014970010715019493
0.0014983324739808726
0.001596918158646998
0.0015747507191091466
0.0015477647278462029
0.0014735068825834738
0.0014745712501059798
0.0014737131600938355
0.0014744888464253484
0.0014663108788618377
0.0014699079094876062
0.0014920785145425906
0.0014916600645989565
0.0014784308932641666
0.0014555975982812617
0.0014068048326587787
0.00139894340906112
0.0013663355861114196
0.0013572382426487227
0.0014010428681293864
0.001398594786497329
0.00139287335726199
0.0013933521812369985
0.0013779648535880117
0.0013889122413073887
0.0013922485760969547
0.0014007368105676283
0.0014029054142522242
0.0014106182675954716
0.001410369964757262
0.0014058793497342857
0.0014082146776110244
0.001404639228901077
0.0014019313091859426
0.0014222949699239284
0.0014442220749190109
0.0014429850508675566
0.0014427805428865563
0.0014346072942563232
0.001421528371795215
0.0014237836093362495
0.0014199974129432552
0.0014081844647630128
0.0014016980247140117
0.0014031418887896889
0.0014042393983440683
0.0013969629916977602
0.0013881446432148564
0.001386498534369976
0.0014202731661733436
0.0014242013697725608
0.0014253097721604517
0.0014248669752817589
0.0014326134445828628
0.0014261273190307232
0.001405929596685926
0.0014184265247740783
0.0014128411104070999
0.0014349931551718338
0.0014353509266225388
0.0014359712260975392
0.0014190031217369483
0.001428575599112999
0.001428107043833803
0.0014443118029342325
0.0014431854653258326
0.0014406275577500435
0.0014545575988388103
0.0014400175034926964
0.0014604596213458262
0.0014651792399973994
0.0014642863987971906
0.00147174407361438
0.0014657256085242344
0.0014810950904028692
0.0014783144164547467
0.001503836851140816
0.001505191939510266
0.0015480451849693223
0.0015121597616507248
0.0015101866736946558
0.0015065183162188496
0.0015068360119766934
0.001502298861020391
0.0015057448695480536
0.0014389751082179664
0.0014399888384096862
0.0014528091695096557
0.0014624243206106747
0.0014768253131598804
0.001481776863373351
0.0014547605870456205
0.0014419165932909748
0.0014342560744367643
0.0014261817071185181
0.0014511734812038633
0.0014611181460392956
0.0013473358434526919
0.0013390098365681218
0.0013450193464380911
0.0013450386546153142
0.0013525518311776079
0.001350419792272623
0.0013557152295237058
0.001366971291996477
0.0013538918348415376
0.0013612397045804886
0.0013692720597326623
0.0013693659762935037
0.001361987717846373
0.0013631186849940114
0.0013556910310294126
0.0013535460299325232
0.0020389135441137296
0.002155480960562248
0.00215658963814071
0.0021518458678416686
0.002145732434968864
0.002150829327446335
0.002127797428548716
0.0020882645912158318
0.0020845483758265295
0.0020938297812771113
0.002104207576414206
0.002092428341286813
0.0020787503435847946
0.002087866896313929
0.002090125104702542
0.0020965438559458083
0.0020905940733310746
0.0020902783723732417
0.0020805195015991215
0.0020884413982735326
0.00208353428961794
0.002080554171193734
0.0020618452023413465
0.0020573407934193393
0.0020650028604471547
0.0020482434136504337
0.0019873170025763148
0.0019652377344838694
0.001942782541158518
0.0018776493416074345
0.0018864888346405782
0.0019304767043203603
0.0019347819614122272
0.0019447430115548336
0.001952659019007861
0.0019452369067470532
0.0019429791281862885
0.001949992714573507
0.00201258914351092
0.0020136808766653327
0.0019948560128188117
0.0019528469830994947
0.0019464331464072557
0.0019475955678083282
0.0019477373028609773
0.0018978485596547686
0.0019414920023740822
0.001916479333752024
0.0019253554162637044
0.0019226876066846701
0.001918370835794575
0.0018937859844774083
0.0020758885455641972
0.0020709994230382646
0.0020552224425987742
0.0020541443207338196
0.002097440829098697
0.0020825595141800565
0.002079979613102815
0.002109537600563723
0.0021098374744495827
0.0021227798758093577
0.0021310201058383866
0.002138901628864574
0.002166045458543332
0.00217232509399822
0.0021699662067080332
0.002161404341338536
0.002135361789402804
0.002137416155906969
0.0021327188922252503
