0.0006010327488183975
-0.005739953989783922
-0.007667420199140906
-0.006005416717380286
-0.002809820619101326
-0.0024482341084097114
0.0008341603097505867
0.00120847982664903
0.003675207309424877
0.004148824225095185
0.00394567993741172
0.0045819953710843735
0.004294007463613525
0.004023207425295065
0.001158069306256948
0.0007650557569885516
-0.0031567283084667805
-0.0035592554241271786
-0.0033088991564000025
-0.003439346031795832
-0.0038584899289575824
-0.003474700844178543
-0.0034226513744215477
-0.0033261465537361796
-0.0030680506002122103
-0.0027497770346666646
-0.0028543887539334324
-0.0024909392332433367
-0.00244551125409392
-0.002268521759223433
-0.0023636029927729396
-0.0023328464912165973
-0.0018807179003488272
-0.0037525188161193256
-0.003702023207248809
-0.0032324870856403295
-0.002668646542588249
-0.0018183984778797585
-0.0015802754307514984
-0.001519405091374476
-0.0015185878215734619
-0.0019109956662950295
-0.0019533341943646183
-0.001958384324744757
-0.001944973046192899
-0.0018747261232458685
-0.001127839802696447
-0.0010851802867457116
-0.0008136998780537393
-0.0007634869692207985
-0.0006878456635884219
-0.0007786953960158769
-0.000916068945554326
-0.000810023036319762
-0.0007659769481896151
-0.0006878560913416241
-0.0006939207498738857
-0.0007161017402738201
-0.0008285691020622223
-0.0008131430887991221
-0.0008021216936251745
0.001276549486358399
0.0012278160525056594
0.0012091447796242745
0.0014292486558781206
0.001407264525491272
0.0013838246154859117
0.0012079753054211433
0.0011672193292594918
0.0011316052298586243
0.0008638220517443395
0.0008081167606215877
0.0007491379424086399
0.0007378415516965718
0.0006404551311693234
0.0005457344491037776
1.4803474000357275e-05
-2.1904263029434305e-06
0.002789334065346339
0.002721639180643611
0.002658801749753255
0.0026286498460068694
0.0026005642931046344
0.0027808614994522516
0.0027373797034500927
0.002696211562370186
0.0025630014346957487
0.0038765120698371906
0.003862326465605293
0.003815834841768995
0.003952440574326118
0.0039426262294235195
0.0039033170789789834
0.003685635791043752
0.0036692163213653366
0.0036205700174101268
0.0035500170869992736
0.003529807770974004
0.0034727267218113422
0.0034693934360235518
0.0034122287848446183
0.003598507036691198
0.0035524436675936732
0.0035129600472005454
0.0034496195633282882
0.0034226747470413933
0.004128933175067048
0.004085479055476855
0.0040665478139999345
0.004216035755759166
0.004204291994938105
0.004869615950799895
0.004822525345508967
0.005049080193756434
0.0050463864991515655
0.005024858000792733
0.00521813594142737
0.005073681746305267
0.005052044495459998
0.005132353237915733
0.0051373275285290934
0.005394120000864049
0.0053562297826799995
0.0053622213575290545
0.005031658895614021
0.005201868343604255
0.005136723216423892
0.005102844277235264
0.005182964329791367
0.005131889436903186
0.005063329350708627
0.0053105805336394465
0.005247939597062053
0.005209244583427253
0.005152531142063229
0.005083533679581263
0.005044701936772008
0.005021389608046129
0.0049999118024840914
0.005294893852477164
0.00528407421421742
0.005624987620439456
0.005711333560106549
0.005673990979417359
0.00563957352637336
0.005530156694779487
0.005504992892678573
0.005441884369485478
0.005387926489638634
0.005381638190261128
0.0053131188430454255
0.005300877961155876
0.005601279308937052
0.005654251387609442
0.005800282479564584
0.005924760801387674
0.0060096056703618115
0.005943681949470634
0.005920373789467706
0.005905473461538782
0.005731484526391058
0.005698813003630015
0.005672023423912615
0.00560574081654054
0.005717262058607895
0.005552102153138595
0.005519098285817783
0.005386895312326302
0.0053478283180190996
0.005450712454526372
0.005395836481363597
0.005373799962357007
0.005315612144109223
0.005348532645813459
0.005330823285393393
0.005321503430325409
0.0052823677263843976
0.005239239883691715
0.00523653891634442
0.0052059670323821175
0.005147241752938201
0.005130369922090859
0.005085756279462976
0.0049970939211906075
0.005010901378002646
0.004876479465171403
0.004883133366402424
0.004857010053311816
0.004843723110235788
0.004803317271542361
0.004772562950014011
0.00479664703649517
0.004994695698188321
0.004977106593567163
0.004962029885138358
0.005077524005930617
0.005090009147563546
0.004983304123875064
0.004994595355092316
0.0049647631641159965
0.004940086470699021
0.004923094550160269
0.004957455986347187
0.004953273933057151
0.005147984615177848
0.005182782482611161
0.005106145827085131
0.005092196960673942
0.0050971526928368
0.005061657901635942
0.004927251985343833
0.004909908608178185
0.004898841420344131
0.004903991225170146
0.004924410936197362
0.004941598627440556
0.004892273335434592
0.004860211524566995
0.0049103709989470785
0.004901283249291656
0.004831769488314546
0.005090411511670607
0.005078157212925104
0.005065465590580264
0.005332567412133198
0.005360122060681189
0.005452349279948977
0.005361135541049634
0.0053469840380231575
0.00533504304977525
0.005292346839896396
0.0052665143478372
0.005272002668696075
0.005183751236008323
0.005106100884450688
0.0050783936264148614
0.0050414615312440545
0.005008824229426488
0.004980564619351451
0.004945178773554615
0.004918760047000757
0.004903756867142763
0.004881159870357628
0.004947762611697486
0.004925703337038414
0.0049992351466836985
0.004983147727949884
0.004944582796682712
0.0048424393773311755
0.004834329963228536
0.004855797265398517
0.004873728568839617
0.004867119716107296
0.004825685087102923
0.0048037884638461046
0.004744392654252446
0.0047389192567811565
0.004726593212191283
0.004730427521616759
0.004713399770069277
0.004685840132101512
0.0045958208344025146
0.004595384638378166
0.0045763197506531956
0.004552839133718677
0.004980645479751258
0.0047736973768889015
0.004766693303913753
0.004671629759508912
0.004666747444359128
0.0046532660907199494
0.004641283674706322
0.004636533911226075
0.004609280431177469
0.004583620591354018
0.0044850980232987525
0.004471498178259518
0.004470992858620115
0.0044380790273342964
0.004424860726029439
0.004431614736697792
0.0043930166811096535
0.004361340728740893
0.004332414168349814
0.004307695775385623
0.004362240771378494
0.0044099978535491096
0.004397015045211688
0.004397383071923759
0.004395510996347839
0.004327323869602718
0.004431158489962475
0.00442885319828246
0.0044134045235804786
0.004414687857698066
0.004394118197756956
0.004479865321944994
0.00439983485825282
0.0043375480705678164
0.004274002224051447
0.0042501010762223835
0.004242497532326489
0.004325240644328389
0.004328362818437126
0.00429324552885126
0.004263610434123083
0.004256026944362517
0.004247959809732688
0.004250869665185982
0.004298654782725799
0.004262869415983099
0.004254919793973782
0.004187396993237003
0.004155990217039955
0.004145622676620822
0.004145630736955024
0.004175390256257619
0.004218968587871322
0.004211046241380248
0.0041590439611023195
0.0051160909972834765
0.0051203489626344065
0.004927902061612216
0.0049129799651788
0.0048910054166896285
0.004877193402137612
0.004876347643292367
0.004867473782663305
0.0048573120746313566
0.00484188285247765
0.004790696185245252
0.004782486309350875
0.004737690798905166
0.004792925075553153
0.004748365763719322
0.004721899484624491
0.004709068087548554
0.004684942790657729
0.004670764247053102
0.004666086076050414
0.004648310053395452
0.004621352993656814
0.0045725564746241
0.004564431579015897
0.004551813925569007
0.0045467144560980745
0.004542722038872177
0.004523792592259888
0.004853278869455351
0.004917323719297189
0.004906541824270379
0.004870349855553666
0.004865692565663218
0.0046372651689420286
0.004629973476787632
0.004611838263280481
0.00459813686570136
0.004721580856000751
0.00230264589121766
0.002305532159976125
0.002340696859442007
0.002343203499103443
0.002333974081581234
0.002329884220531839
0.0020052457971882
0.002294628874375615
0.0022858663503781025
0.0020245682742105328
0.002176962370120583
0.002179529181626035
0.002160016379827042
0.002092723170507279
0.0020747495353154056
0.002038991876062939
0.00205957242844229
0.0020592828190978763
0.002104594308269156
0.0020978269282047163
0.002092865316042568
0.0021056845067897
0.002117397464287325
0.0020997297322646884
0.0020891967443503762
0.0018542443642123657
0.0019074949962397635
0.0018858374359290125
0.00188041448845323
0.0018764656833669302
0.0018848773561797169
0.001889057061865706
0.0018802850887851155
0.0018674972614569076
0.0018739985834454384
0.0018395409787801712
0.00183488510329614
0.001834795256759633
0.001810019997399871
0.0018037259159653458
0.00179810871701193
0.0017754490116185546
0.0018043328834676192
0.0018734285564531031
0.001881647381133639
0.0018938178551184996
0.001897665187239068
0.0018852642713802828
0.0019277863210685196
0.0019725672050688345
0.0027828151284555193
0.0027743281150129674
0.002742987398889756
0.0027637640277493746
0.002756215572172433
0.002757882002947281
0.002736164260673273
0.0027298388919417315
0.0027378415848664916
0.0027666942582580747
0.0027675073630927653
0.002749288716067831
0.0027435157488812523
0.002754740783691255
0.002765827941951806
0.002882772778427941
0.0028767984278405528
0.0029120733569890363
0.0029000722168807144
0.0028910784483037882
0.0028914065302964188
0.0028761982111994437
0.0029017051244442913
0.002883213596098828
0.0028751438007406215
0.0028582244567859423
0.0028242880230918504
0.002806938797025302
0.0028039187994734044
0.002796326365855158
0.0027874815798647683
0.002790777704565228
0.0027866346181285506
0.0027787998923020116
0.002741210677692203
0.002734766942690901
0.0027347611252757755
0.002789362156389946
0.0027780184685265597
0.0027627941630461784
0.002757460566192296
0.002759261242277402
0.0027490633029443835
0.0027301543929409053
0.0025661276764760003
0.0025646914959857035
0.002580142222206249
0.0025719024613970907
0.002540154026128102
0.002537119516719606
0.0025258551791130634
0.0025220780486986958
0.0025180000604245745
0.002504226560942019
0.00270447031442896
0.0026955279070065338
0.0026307080016042266
0.002614140392803863
0.002609638211823071
0.0026085045520846213
0.002619733253866682
0.002639691075148217
0.0027211358445714783
0.002736788889523408
0.0026817438651020203
0.0026781013067872996
0.002675721961756661
0.002696693234397752
0.002690693208316748
0.0026770199753603134
0.00268620874573268
0.0026829796428455756
0.0026708485925325217
0.002756058711971456
0.0027387585455885106
0.0027354600519174698
0.002731537031769845
0.002719462445959327
0.0027147866615256926
0.0027120436142317283
0.002693968004581507
0.002707516972423442
0.002725886899039263
0.0027388524795463483
0.0025375146172369953
0.0024477570145120453
0.002474221912257967
0.0024008512563061355
0.0024010237694933457
0.0024020700546166745
0.002393195730779551
0.002386832095808329
0.0023817958274185524
0.00234561755997036
0.0023300898327082856
0.0023199245299669055
0.0023209645715749185
0.0023922309387016923
0.00239224336092868
0.0023848045064883807
0.0023799714307339535
0.002363304911394795
0.0023478121569553406
0.002341948864355429
0.002332842765573695
0.0023305741382041675
0.002329174277031758
0.0023293888625138055
0.0023164694060890155
0.0023112798844312026
0.0023493627285810907
0.0023883976556028667
0.0023836340071730234
0.0023785002877587174
0.0023728271863054035
0.0023325749495831704
0.002347865171170351
0.002345663476612751
0.002252042117850742
0.0022454126641457523
0.0023633448934492216
0.0023467238210485844
0.0024201319556732743
0.002414776816533652
0.0022563790097888912
0.0022142470723168182
0.0022516345450015636
0.002247778438032756
0.002240218852282471
0.0022163286318163185
0.0022188204530620057
0.002230747475517119
0.0022185553635336963
0.002215916360369334
0.0022266562745886288
0.00223801190104579
0.0022254079519167633
0.002141533317360422
0.002139503514441112
0.0021427427842894576
0.002145583157623398
0.0021526032476738757
0.002140125962915076
0.002137642452426155
0.002132353978509979
0.0021280564298813416
0.002108263705921796
0.0021032806251231905
0.0020971703105516423
0.0020955462077283087
0.0020973584515169407
0.0021863930797506926
0.002174053114974163
0.002184329199635499
0.0021813782295536203
0.0021770250827199728
0.0021726474816741843
0.0021650020904542136
0.002157988283676824
0.0021551602770116494
0.002113309209444355
0.0021364892680891543
0.002263090279490818
0.002258468162686722
0.0022233011566241624
0.0022418729590160925
0.00226691035577965
0.0022622091729511485
0.0022618467179092785
0.0022610868388392414
0.002292223673405181
0.002376524889083272
0.0023718355971384907
0.0023681550098958097
0.0023507751742079253
0.0023536310309064602
0.0023464244793504133
0.0024030377253764293
0.002389283411732049
0.002385495478679277
0.0023887128946795595
0.002383340768414224
0.0023824948008237886
0.0023883559996437692
0.002385574287705723
0.00238004688801099
0.0023786898375160264
0.0024404696419113967
0.0024327262081382988
0.0024264281576890753
0.002419769747624134
0.0024165245662948896
0.002435426188806308
0.0025536791182512717
0.0024885238154873403
0.0024963121766211037
0.002504972756112021
0.002497871799469862
0.002490409749785422
0.0025129421419941575
0.002509342207736528
0.0025054296409227684
0.002386169730349152
0.0023745678587758557
0.002357369869812249
0.00236609850191924
0.002374741509657879
0.002374134423897823
0.0023696296736038553
0.002372200069011503
0.0023691223001327277
0.002365855793600818
0.002360934649270899
0.0023579329784474095
0.002353694940211427
0.002321145739709028
0.002227221555661407
0.0022192658043321324
0.002221809643707988
0.0022162135596476306
0.00221298166792304
0.0022137623734647866
0.0021801076039347344
0.002258493454653681
0.002316477640923253
0.002306168015260712
0.0022968698926802665
0.002283905697101033
0.0022849861881102666
0.002285672150200112
0.0016678788346098374
0.0017005927513988094
0.0016989890361381365
0.0016842347109307574
0.0016836996162185518
0.0016455431762756063
0.0019333572701567964
0.0019259394775675558
0.0019065824297196052
0.001901784254852733
0.0019012578024949812
0.0018969671006524402
0.0019001947691372353
0.0018943200796151935
0.0018909834882246967
0.001889167469548496
0.001850660461037124
0.0018490926048545105
0.0018549698637754203
0.0018841948018864026
0.0018762565310294816
0.0018681304578578848
0.0018534177603308057
0.0018549345649993417
0.0018481293589349052
0.0015217473909663237
0.0015038885397082491
0.001479259168241708
0.0014740156099675324
0.00146565935337378
0.0014572509196751978
0.0014482906217964083
0.0014456061678954164
0.0014445116370198506
0.0014635371028085366
0.0014758883538457605
0.0014772546005453549
0.0014866796771019354
0.0014289050590039847
0.0014177584100697424
0.0014171794907109447
0.0014299825217861007
0.0018591982234363953
0.0018024250735144585
0.0017784863891196101
0.0017608355908581555
0.0017511316965805551
0.0017963969461551057
0.0017896844789246707
0.0017854945945726837
0.0017665877202028017
0.001786562463801183
0.0018017581156012535
0.0017954251149773107
0.0017939052068850132
0.001779617114505972
0.0017883460847675956
0.0018174573177195503
0.0018079620325061588
0.001798287155217417
0.001822145933755175
0.0018206356807929744
0.0018163992170494203
0.0018345876014170441
0.0018290690181650218
0.0018139177633008548
0.0018256084334770442
0.001990405949712086
0.0019742320571431837
0.0019627412927787882
0.0019543960530017377
0.0017843499891900395
0.0017786253197453832
0.001774604463327558
0.0018012855389341002
0.0018882703019991538
0.0018740269318608348
0.001874491257738028
0.0018735071746536804
0.0018760907599614728
0.0018623701638110417
0.0018520786389380755
0.0018470593948580573
0.001828229267210224
0.0018306414850028205
0.0018286581207588646
0.001831432984560279
0.0017954361011273212
0.001804969518351566
0.0018148402073933211
0.0018162621416618796
0.0018203320370793739
0.0018164661956152355
0.0018145201035807343
0.0018130469214488714
0.0018098157232027
0.0018074985946639037
0.0018054482809941176
0.0018018243052082745
0.001796094104735068
0.001857998797404928
0.0018580163952631535
0.0018563311652905164
0.0018607139293269576
0.0018571144583381884
0.0018540801107531887
0.001849020591804519
0.001848271992203278
0.0018395186339610558
0.0018634802730185483
0.0018537536509296256
0.001892195483504551
0.0018753686872708193
0.0018789164155465353
0.0018611561086988256
0.0019037198383840658
0.0018994558611464343
0.0018939783588404595
0.001886070477016767
0.0019221112682667857
0.001925224382763479
0.0019286511432519934
0.0019270773586354802
0.001921331076613485
0.0019199961091625503
0.0019188986451850515
0.0019180377818668077
0.0019337946082599844
0.0019124012311711657
0.0019119314407747827
0.0019105430002824735
0.0018977881076855327
0.001897450352045848
0.0018906165234963542
0.00187970762387642
0.001876839693436671
0.0018979605901006747
0.001943498529520629
0.0019054869845068721
0.0019135171166567066
0.0019083753577246979
0.0018739718028423825
0.0018758279800614836
0.0017660275427973994
0.00176249311941635
0.0017608337170128565
0.0017722082785803202
0.001763970238535153
0.0017568117385187384
0.0017551204771329033
0.001752854704792772
0.001765011176638402
0.0017648484360203547
0.001763101369686441
0.0017583030929370505
0.001967429780527956
0.002242656680524974
0.0022471396744502795
0.002296632051560242
0.0022916544438929876
0.002292023199061079
0.0022882382688207046
0.0022882747458547494
0.0022837643149045887
0.0022830035048544205
0.002277068777450199
0.002290447657251478
0.0022832613086272813
0.002280969377037278
0.0022784027730770083
0.002609903957097602
0.0026032614231038713
0.0025994005458943583
0.0026130156868361095
0.0026099089914336476
0.0026004170655220056
0.00259912515839995
0.0025902225947395975
0.0025877111797153554
0.002586202225098484
0.0025811893562182916
0.0025784444387659867
0.0025849762122740765
0.0025798031174384555
0.002567801860210433
0.002564242473454215
0.002570713713803057
0.0025678631440690467
0.0025635290177431296
0.0025604717096318614
0.0025625620350271123
0.002632573726503644
0.0026277887921668693
0.002620741430942404
0.002617594910394992
0.0025969839553435154
0.002635091230609959
0.0026348125335374857
0.0026251625964323023
0.0026184574642129283
0.0026041240868272275
0.0025974387652448324
0.0025944254669707707
0.0025809392806995035
0.0025774038324998913
0.0025668177226804245
0.0025571292553520975
0.0025518428948200023
0.002514246418981339
0.002802729297773016
0.0027985941379772747
0.00279444910278392
0.0027902462326311714
0.0028074455288174547
0.002827342889177686
0.0028335760140669676
0.002817581730324432
0.002812796423536421
0.0028216596281768285
0.00281772277333967
0.0028155557476989197
0.0028043670022001453
0.0028044986904665896
0.0028093106517877013
0.0028410514915625153
0.0028513901456574797
0.0029046997629936415
0.002899497165218774
0.002935288338780133
0.002941463018322572
0.0029356177125595133
0.003019622410522268
0.0030136424754487936
0.003010261609314828
0.0030051526686609422
0.0029755514139126592
0.0029721048113102067
0.002969026371407307
0.002954815791427317
0.0029580708593974422
0.002955683198384081
0.0029506919447992138
0.002927491386584891
0.002923031305513698
0.002919750388041579
0.00291699582629799
0.0029116825162562253
0.002918216881972936
0.002912045899769887
0.00291268127183612
0.0029091288621018755
0.002906165488572741
0.0029064777281093955
0.0029004185732170785
0.0028972696243206243
0.0028953750927457143
0.00289540912439179
0.00288991025912503
0.0028873563316142636
0.0028855218958745823
0.002879054031032461
0.0028746424376793114
0.002872306006754908
0.002869084889986728
0.0029106272211607675
0.0029047199062011285
0.002901220445308005
0.002886464266772505
0.0028820389394433234
0.0028776357751510006
0.0028775280770227817
0.0028580283718425163
0.0028371695558681706
0.002834300054869689
0.002831423790211289
0.00282720271502736
0.0028224697633915607
0.002815678516184356
0.002814189981146587
0.0027878968543680873
0.002783840490709459
0.00275526396481431
0.0027509228168518807
0.0027470573636960245
0.002746930451457287
0.0027379419888539647
0.002745371969897863
0.0027428938359811564
0.0027408350764713332
0.002739372001283561
0.00273444655885537
0.002731925789246194
0.0027285320143925606
0.002723494764650866
0.002724039366259266
0.0027294540667456946
0.0027301727619705464
0.002727291307750278
0.0026255860783049047
0.002570514757161629
0.002566675240442684
0.0025651404428071642
0.0025621034024713874
0.0025732597071183166
0.002567205643171587
0.0025628407171338565
0.002560633916373861
0.002557346093298234
0.00254730156668018
0.002546190400730557
0.002560885597363508
0.0025624571038560897
0.002557770364982383
0.0025593600524657844
0.0025674698259818152
0.0025650526667245393
0.00257142587726479
0.0026095914651696702
0.0026085942216294814
0.0026053957299951368
0.0026016255515363216
0.0026019166076096016
0.0025998115585959608
0.00259849940968106
0.002595047563399215
0.0025811766311369484
0.0025828218247052623
0.002564285133815793
0.0025628492244736266
0.0025608944162085834
0.0025600430508535468
0.002556505029483716
0.002558563045055249
0.002540789727012237
0.0025385861108794317
0.002538759771895668
0.002536694018701503
0.0025459243553443258
0.0025460599423307606
0.0025443095257883927
0.0025498310079957293
0.0025467749880083296
0.00254484554576662
0.0025411918063874017
0.0025370800145700628
0.002532313010261778
0.0025318759577299247
0.002527800129825371
0.0025249402627487002
0.0025184794226522436
0.002514464391255517
0.0025172759581737394
0.0025467524373814225
0.0025242510062540645
0.002522471861044083
0.0025218154564347764
0.0025212614424842284
0.0025248303627322085
0.0025159620329910782
0.002513697191282085
0.002508287702541567
0.0025081215983107385
