0.01921529322862625
0.06075272460778554
0.10322754457592964
0.08254258162342012
0.07157275744248182
0.06429167341307869
0.056664143543457605
0.06105621891199713
0.05867846373002975
0.05200961856594816
0.047238185089857616
0.04106668270049759
0.05991321324836462
0.05346820927225052
0.04661630118789616
0.04607480086440987
0.05641870802113164
0.0505129357824396
0.0479599677142687
0.045895259505847365
0.043761414697986424
0.04221616949602637
0.043689451228904844
0.04898056362755596
0.05085705597705852
0.049146530951407766
0.04786488956805052
0.04576186932912417
0.04678813586166749
0.04520537745538017
0.04358489714650204
0.0459543484277233
0.043961976237102025
0.04333394624159804
0.042338543487454035
0.039897668219448346
0.03850917024905548
0.03755082056009903
0.03412541374273132
0.033452979183937526
0.032234772028113215
0.03158649615672697
0.031682678538014764
0.03075473084787113
0.03066245737515956
0.030055811472653224
0.029409003735054274
0.028726134107125035
0.028169531958410505
0.02749412379560845
0.027085549024587412
0.026581387869126307
0.025949278957408804
0.025390412885992013
0.024772328248738096
0.024135955502156543
0.023776931293782406
0.024487823175889878
0.025739687362026094
0.025292605763782162
0.02711906631743804
0.02673327467415391
0.02638315044077897
0.02729531361703544
0.027694189144037363
0.02719801986058338
0.026761695878710304
0.026785438555542468
0.01774648095264896
0.01739624216021234
0.017155174714490472
0.019023539197442988
0.018726053980031236
0.018222173457421966
0.017952130842834424
0.017370227342184203
0.017093845050952093
0.01688313373855219
0.01640370565473857
0.01609764987908957
0.016289399884621275
0.015428959778075211
0.015184491577937937
0.01509986961815121
0.015098212594450648
0.014584885871682789
0.014714587611127731
0.01446618713612478
0.015228562185398493
0.015031613321568042
0.01774860221453505
0.017652724533134014
0.01824478947147577
0.01796792482277132
0.017881286373267347
0.017767527029362313
0.017547165574945442
0.01749732300099408
0.01732726827642181
0.017408704020066803
0.017204939329816364
0.016975583794845477
0.016733457268576148
0.016651841232253765
0.017273030557092013
0.017030186391115688
0.01669478017747341
0.016741105771053217
0.01646363563883245
0.016990059245480558
0.016803172476491973
0.01660738603662147
0.01652546361085689
0.016485839079225274
0.016230391524380862
0.015909406994559016
0.01588860340539753
0.01581356177588792
0.015676447108126015
0.015180108879456176
0.015096305166495218
0.0152170941741414
0.015297768832111147
0.015246269344585018
0.015136176145807399
0.01501405275611053
0.0147792997288434
0.014702325057131854
0.014043706474834697
0.014639823482672237
0.014725284726988652
0.014510552439343224
0.014120808877476571
0.013933257515654308
0.013737155123047103
0.013776421681408475
0.013720825940675935
0.013669703378745774
0.014026984713979927
0.013780933833088234
0.01375829607668877
0.014283891020129414
0.01425261165119688
0.013805921923505654
0.014084552384614752
0.014707625300511019
0.01463003248165871
0.014733216573910836
0.01447913716721814
0.014208939486369797
0.014060689190189707
0.013970036416092362
0.014193614815171299
0.014068265737319785
0.013961695699179424
0.013841582412140407
0.013870095855134974
0.014146169094418603
0.014210471217302257
0.014221099277984305
0.014160686126913026
0.014223032019978129
0.014079878674947841
0.01398621092896175
0.014082675976804966
0.01392575258334742
0.014188737129318597
0.01102634656867123
0.010868616816108392
0.010755439613311287
0.010580030543699886
0.010448165068663983
0.010105498502065763
0.010454481906989327
0.009377420607713498
0.009206912004438858
0.009267556839792605
0.00920163381710784
0.009113731784034625
0.009010687501630258
0.008958257669851614
0.00888168516783858
0.008423811818394586
0.0085571602606718
0.008293440246576524
0.00824740902367571
0.008102819390726235
0.007926256467635057
0.007795366279989184
0.008086536555363264
0.007961474735263133
0.008083233414664189
0.008083457826005449
0.008061832684175804
0.008042872078272477
0.007950814533328666
0.008062072218492195
0.008242951441923597
0.008140519389708062
0.007986473603306146
0.007935356370941046
0.007872781541090682
0.007770779564595492
0.0074470245838733195
0.007558432736861279
0.007548653596285554
0.007526220621982181
0.007485192535616657
0.007466752637854027
0.00743890372331153
0.007340118012507449
0.007414982007311424
0.007380049103690384
0.007347789578150615
0.007374511314049384
0.007321502657420508
0.007273265955501898
0.00751489448519509
0.007474336045296782
0.007454814555015992
0.007435826535665997
0.0073509344117477955
0.007313363976728791
0.007326374334645358
0.0076392404562525855
0.007604388693718875
0.007565380058510707
0.00724410786324966
0.006679892864675549
0.006671267592608208
0.006623233438435353
0.006537779860644179
0.006527460282459526
0.006498869974909236
0.006660754956902893
0.006636887610711178
0.006599532208207828
0.006695011337180569
0.006696589119140608
0.0067034426840366194
0.006558747987853645
0.006702906811186367
0.006726583407487588
0.006702296688382956
0.006707686516106119
0.0066257515818027735
0.00658404091049189
0.006570478158593408
0.006467975569656124
0.006419366366365388
0.006320652159971249
0.006519206449630576
0.006652130026463791
0.006546040142055461
0.007017477997351313
0.00710944564635268
0.007034631756219167
0.0068633697680233665
0.006803715286122712
0.006695219847040034
0.007399472407774492
0.007406105942264586
0.007759474711554398
0.007652551673554802
0.007841608066705263
0.007736782260607123
0.007716307082732991
0.007733525870823164
0.007594341512001987
0.007544155545125469
0.00749399261322277
0.007238950897409029
0.007224401272790865
0.007148991617247128
0.006291540863247173
0.006409900643508077
0.006530120296080486
0.006477584458819149
0.007886169016585756
0.007828874650015251
0.007805561292000079
0.007821092778831631
0.007776689838862351
0.007658387594978867
0.007709870400058655
0.007692976044499049
0.007650581386769776
0.007628155521972746
0.007579187351351221
0.00811919326357115
0.008130116240888493
0.008050831272576718
0.008000395500907347
0.008158785022076979
0.008029806213115179
0.008020548677732008
0.008212745809441606
0.008188094030738648
0.008256329220021142
0.0082251979142545
0.008174637813253683
0.00814618417528679
0.00792254255247826
0.007863059732967559
0.007844153359388548
0.007800150884020351
0.0077705474496878035
0.007843714044561223
0.007738826057269057
0.007789898244420761
0.007792182165128627
0.00777386607200178
0.007317964745308035
0.0072549635203488705
0.007347242905123932
0.007395683354327209
0.0073603795658842425
0.0073461495572518624
0.007439085480200447
0.007350487199251474
0.0074130674788507106
0.007349307397895871
0.007231754952101009
0.007220290859068673
0.007158211395169461
0.007309348909066854
0.007301423276924364
0.00731156602079731
0.007578856507792477
0.007521471085946225
0.007638417020161686
0.007595405313896026
0.0075632755610287395
0.007533613229500574
0.007518124080542335
0.007499461526445662
0.008312825171312058
0.008335775508841356
0.008579834421791875
0.008650179452497015
0.008645081417332131
0.009151720872156339
0.009189447056320037
0.009173648440586135
0.009068122061525978
0.009235812327539365
0.009376466042016252
0.009664508413285266
0.009801794144773987
0.00977540166942108
0.009676657781710672
0.009520145714142498
0.009563220860117565
0.00960813146404279
0.009557434211774815
0.009530452723371604
0.009491526693682568
0.009425625150804704
0.009487510004530322
0.0076351008377808
0.007633679933850496
0.00759903928956091
0.007598633883290047
0.00768370268609668
0.007664025757608735
0.007648937733021083
0.007616962145734956
0.007645899759524129
0.007616450581809731
0.00760206217258463
0.007593109707647848
0.0078311943902101
0.007796630179518858
0.007928806221345439
0.007887523676664444
0.007899551411126603
0.00784431604467389
0.007871506539941949
0.007839178934457442
0.007826925871580266
0.007807498715110293
0.007786749231044869
0.007759242062623646
0.007736682749501514
0.007944454562411779
0.007931944535511548
0.007892929780019145
0.007853777152991908
0.007836052556059514
0.007820161872694048
0.007809282762574016
0.007806328006586978
0.007806996679950509
0.007797035365439125
0.0077783902999010125
0.007758833864967394
0.007727303725265694
0.0077136870167485985
0.0076776392012470746
0.007656965894760167
0.007676075344674453
0.007649561827018724
0.007580405947172237
0.007916367143632579
0.007895496922160619
0.007883727485255374
0.007871932630829784
0.007845381773462631
0.007825020707472194
0.007817672190522389
0.007802491219796511
0.007782438360897376
0.0077929295757141505
0.00760128582594215
0.007724407918396118
0.0077435455390191315
0.007758325640061753
0.00781657606018635
0.007808405009252186
0.007795992069798876
0.007799778472635205
0.007817008599976626
0.007804261967736101
0.007769524620756891
0.007732214921222675
0.007878009726333464
0.00786865405570667
0.007869953815226928
0.007727892497834634
0.007696164324856691
0.007682177600583133
0.007641794687204496
0.007652261674484352
0.00764678643247643
0.007649656752819454
0.00759160255256575
0.007622685653632501
0.007493234038211629
0.007483973938525945
0.007468846083407257
0.007444178519713354
0.007661455685716143
0.007587331987550091
0.00749834797961842
0.007481187167090647
0.007494360902933961
0.00748734079450385
0.007451407438788915
0.007436476436721736
0.0073864653896209545
0.007357937603151232
0.007372296478970149
0.007354880320255718
0.00736086440837436
0.007335755644434315
0.007308936487551921
0.007289051072890358
0.007221298096192984
0.007210171078654447
0.007195455888547605
0.0072227957458081676
0.0072030438847634215
0.007167867571234675
0.00720660858909645
0.007185878554605654
0.007228709795935795
0.007236280150901337
0.0072431690414247055
0.007206905049369724
0.007233644318300988
0.007201740228869687
0.007192542366642878
0.007175545037186461
0.007157322524918102
0.0071221477732817135
0.007063811070614488
0.007052342817020485
0.007032057068655555
0.007052026732192952
0.007035670109041644
0.007047261542531221
0.007053023738530856
0.0070402371152753955
0.007034803735129493
0.007020608787735069
0.00702042541417291
0.007259872027611525
0.007244736725003332
0.007244102163947128
0.0072312579825916535
0.007216999849866054
0.007206549438484762
0.007201635955837854
0.007130158837735329
0.007121464638716608
0.007118734095689013
0.007104290859011916
0.007238960554544493
0.007269608691596662
0.007211577601085081
0.007165558851655414
0.007074997569907647
0.006734177440901277
0.006737566593888054
0.0067221791230212555
0.006710367482799638
0.006618408313715205
0.006605672299335183
0.006703628167451828
0.006693310561457081
0.006604533802288873
0.0065989880156841745
0.006606315785946721
0.0065862918210733545
0.006591679199104418
0.006568480210206059
0.006554435815354928
0.0065268966734558734
0.0065141505650479735
0.006512308623665192
0.0064806116983114745
0.006454236219494862
0.006453231615037704
0.0064426938714071515
0.00643766202252671
0.006457740572097615
0.006466108559862101
0.006419229719420107
0.006408079997290429
0.0063965687947928765
0.006322943586800329
0.0062656239096713535
0.006271843281048065
0.0062349737792930845
0.00622162622608242
0.006197273992488702
0.0061932092926174605
0.0061600056525973395
0.0061876585071365345
0.0061832071743165755
0.006213836902667679
0.006198939163921511
0.006185696440431512
0.006162667854442349
0.006069820864458064
0.00604509624209995
0.006031361078643999
0.0060020189218145505
0.005993746712787968
0.006042263175458261
0.006011770600167256
0.006000956133628291
0.00598994436868879
0.0059923616570534905
0.005974961686477913
0.005961817927413294
0.005949125368487428
0.005959163102011965
0.005979084356879739
0.005966369526987543
0.005951986515893394
0.00594384256711523
0.005896752605170648
0.005869089598487755
0.005829294841455699
0.0058298929112293426
0.005815455350528563
0.005814049058129478
0.005816897541489308
0.005803533688574664
0.005837796777690832
0.005830330007342742
0.005835822204490234
0.005842623030678267
0.0058263137567059345
0.005831777665230338
0.0058169931327126745
0.0058068244637766026
0.005797350605393273
0.005785258654815087
0.005775417840942685
0.005769467350743182
0.0057590932466865365
0.0057415509226699125
0.005728294421739796
0.005729385812326474
0.0057557937851844656
0.005650955406157438
0.0056408107099572185
0.005656438801701471
0.005670738031312793
0.005670364873134236
0.005669862232662431
0.005666238731670901
0.005654322018652224
0.005638097873122068
0.005670036167491059
0.005661100347427542
0.00564535964788471
0.005631399394038457
0.00562456405285869
0.005602204947495212
0.0055982018952366415
0.005574524966835846
0.005566706410691308
0.005549073517757417
0.005545395218548848
0.005543944330719983
0.005537925502244805
0.005553331619786206
0.005552804218169077
0.005645366885839769
0.005632360807901261
0.005643700338117834
0.005619722913665595
0.00560098499247366
0.0055876674268802145
0.0055730405819890225
0.005564893892017518
0.005571549316121982
0.005541585170410005
0.005535137289714116
0.005536071539970574
0.005519784335268193
0.0054956364124758
0.005468992327235134
0.005477628641934513
0.005474814660074939
0.005615930700347118
0.0056071635686567155
0.005825724195991697
0.005794688694045813
0.005791258036446067
0.005785593068569541
0.005765731686631669
0.00575381004966982
0.0057506587909187685
0.00573663882942313
0.00572757526214218
0.0057144176608743165
0.005702100628616582
0.005680621948974799
0.005650041630405838
0.0056562645386885515
0.005658963126866647
0.005656797662412893
0.005663779856396652
0.005652688037451532
0.005607519798739722
0.00558760291250083
0.005579113548170156
0.005568561169132018
0.005576551636248051
0.005568381824232068
0.005531178445380645
0.005483480276861701
0.005472464261556716
0.005465295730894981
0.005416676159207285
0.004601727844055307
0.004567279725010559
0.004535484522248183
0.004546452860498003
0.004547619740338645
0.004546884383535006
0.004533059831333068
0.004531847660026853
0.004530113179449643
0.004517417957262595
0.00453342950952152
0.004520895029383524
0.004512519370155606
0.004456858165169727
0.004416375205058743
0.004410336330144174
0.004449573640002797
0.0044433833613725954
0.004431498791641503
0.0044246463464814425
0.0044150935782254
0.00440321838221792
0.004414378370535574
0.00443287289734846
0.004431896036117759
0.004423798430181053
0.0044343749666730554
0.004436051144440108
0.0044377501834535725
0.004437043471620385
0.0041637472918416496
0.004159819360673892
0.004154131252954117
0.004151198645024218
0.004142664018545212
0.004164435985780303
0.004163718644800659
0.004142185522407329
0.0041323840413574
0.0041064818164159075
0.004088312572198946
0.004114270463722335
0.004108054431318106
0.004103960338129167
0.0040951119885071505
0.004098004014187567
0.0040933787177869765
0.004092293771474304
0.004078873423710878
0.004075662230045541
0.004064627128364891
0.0041924516328967236
0.004188583257504761
0.004177859208460325
0.004177148721463345
0.004183006980718995
0.004191298839746392
0.0041752220590916345
0.004167495516477112
0.004159946680718146
0.004144382926478985
0.004219741605565182
0.004290555008582579
0.004298091831243854
0.00429230373439074
0.004290105851546551
0.004292062409006751
0.004286558449726169
0.004286781874409782
0.004279885520861161
0.00426505909214308
0.004261166505928916
0.004270037183582392
0.004262522342503016
0.004259313344476322
0.004234597575878467
0.004208225962130786
0.0041633696353646985
0.0041359826242158984
0.0041351760881347295
0.0041298055806687104
0.004121976175857428
0.004108522763480635
0.004103482067152348
0.004102196862851584
0.004110083842553149
0.004153413854836591
0.004161324794945044
0.004136736687186216
0.00415628937847214
0.004127231995418104
0.004200949340709953
0.004199653555301905
0.004193881488279648
0.004203198350551975
0.004197662087958807
0.0042016323648788895
0.004163403081492109
0.004172641791592953
0.0041710142110260775
0.0041368746344672795
0.004133166816470043
0.0041277966926611806
0.004161097323568071
0.004162899148203452
0.004156715954558861
0.004139268917139431
0.004156939023848362
0.004135600409282559
0.004129819130056692
0.004128221708876325
0.004186904575556074
0.004185405858189737
0.004167973807058498
0.004164255950909729
0.004155786800118827
0.004187618319656926
0.00417958928128218
0.004166093028180168
0.004150211764210378
0.004146631200426779
0.004129137906083701
0.0041084298450773556
0.004140256232013995
0.00413159738224524
0.004128586772972451
0.00411992537742045
0.004126502636050459
0.0041187194570653715
0.004103179579120671
0.004085642166884095
0.00406944308200985
0.004064092214341787
0.004103859066863869
0.004079536736568329
0.004075379266053572
0.00405877136197995
0.00408535994859251
0.004076981340201408
0.00403225512142854
0.003958918529946131
0.0039536314028025136
0.0039519183733562205
0.003947016694380653
0.0039351737143429235
0.003927630974868768
0.0039350085018686415
0.003989099528886384
0.003970945533071819
0.00397060263872666
0.003966155852132374
0.003949543644437641
0.003970020380496385
0.003963758275997261
0.003960689123546027
0.003967788430537782
0.003957167543101313
0.003941228540969262
0.003931956936845004
0.003908758802723113
0.003899203386250562
0.003892970921190524
0.0038706950853607223
0.003870318267950852
0.003889355392514549
0.003944175109866862
0.003919112676833217
0.003917358387697839
0.003915131421806702
0.0039058050407319096
0.003893186309956319
0.003949164374585756
0.003943833237548353
0.00394310830963076
0.0039357357255610514
0.003938894267018865
0.0040020575926958644
0.0039062976801403585
0.0039033951029474696
0.0038343939515904112
0.003837022776602298
0.0038373929681066333
0.0038324421563013574
0.0037861829607803935
0.0037859066770520203
0.003774792723320595
0.0037842419410486342
0.003762632268031017
0.0037575147767610648
0.0037432084855133943
0.0037455105075241833
0.0037430578518603294
0.0037487248495357782
0.0037037099436184107
0.003695489027701139
0.003668645740031155
0.003686813780459045
0.003677763669998325
0.003670055177643135
0.003672142487317448
0.003658119623915229
0.003656321445263164
0.003648754628208241
0.0036444414120237714
0.0036404299139360797
0.003646787487631614
0.0036486733736846456
0.003648408978980925
0.0036288483731020116
0.0036357034925166027
0.003622609192388731
0.0036108768658652847
0.0035875685506968785
0.003589129343544504
0.0035856564893869567
0.003579728964636262
0.0035528510389826328
0.0035502414581404214
0.003540043137176983
0.00352328119943195
0.003526229772642565
0.003517371813284961
0.0035167857121319846
0.0035130190734564658
0.003507725511702886
0.003496150330378705
0.0034900880996611007
0.0035193914412678805
0.003516164264594626
0.0035082633033269904
0.0035111316566123095
0.00350767070912677
0.003514717236785482
0.0035129299590753327
0.0035088873244370025
0.0035058451403285422
0.0035097443345543378
0.003500244731473011
0.00349709626889014
0.0034779207080282504
0.003654912015211344
0.003658253753529988
0.0036508857382808613
0.003598551989925587
0.0035483043690135536
0.0035427358928568913
0.003526204670003198
0.0035027825868358896
0.0034982016579698434
0.0034808390148660133
0.0034753993239845294
0.0034307319520178827
0.0034281062633340423
0.00342761878339841
0.0034373132512370975
0.0034357810181893608
0.003428043059804698
0.003346116823327948
0.0033432812335606704
0.0033431796056269704
0.003359862175798482
0.003353647266527795
0.003357096261940234
0.003344652250557355
0.0033426738388575242
0.0033499512691835885
0.003353792902180725
0.0033434072698222237
0.0033264437471973198
0.0033267539424301626
0.003343648921360278
0.0033593176745314603
0.003334055371129387
0.00339373360963732
0.003448007565483832
0.0034438114420652743
0.0034413636746193762
0.003427027483576046
0.003429875486118819
0.003433458027691504
0.0034442802696795245
0.0034218212579379594
0.0034168123124525464
0.003403780400230201
0.0033996220603329623
0.003395916546347473
0.003385998641347344
0.0033698352233434655
0.0033644151138731188
0.0033632024934310096
0.0033597127883343123
0.003359882818157904
0.0033553321999517864
0.003358173974087343
0.0033029692444760785
0.0033023396687388877
0.003301727212018169
0.0032934588489297307
0.0032872907893370554
0.0032884428619354357
0.0032762813284227194
0.0032751144315402293
0.0032726919978460153
0.003294877442257457
0.0033018488938563705
0.003293181545855575
0.003296272361083372
0.0029213993371169536
0.0029154649903720604
0.002908581841148053
0.0028999323894579195
0.0028935525896197863
0.0028937328771730746
0.0029156167679997573
0.0029114784015930625
0.002917435505170315
0.0029110601333679764
0.002824540777540022
0.0028320992892276625
0.0028445909702357448
0.0028435055778123198
0.0028717110131013307
0.002862846804476313
0.0028742542979937453
0.0028786903698494303
0.002874834767594315
0.002874561373863933
0.0028732751365360414
0.0028659426788244452
0.002862181464620839
0.002859637687688114
0.0028458904975151747
0.002831091188446349
0.0028229820910973913
0.002826855565638025
0.0028209122660608757
0.0028108062470858274
0.0028084818235536552
0.0027831143358395677
0.00278345724740211
0.0027808427666705282
