-0.028303779661655426
-0.017210696823894974
-0.019813310122117397
0.0672937186434865
0.05561599632104238
0.04842707907248821
0.04442866862518713
0.03864441206678748
0.03481070050038398
0.03315201829272238
0.03426355205010623
0.029948228862709727
0.028087408514693383
0.02814614099139969
0.0266485175525304
0.024898496675578995
0.025265484686113074
0.02103755529969931
0.020409023296087982
0.0224657462288936
0.022070719606497074
0.020833855899779697
0.015528266783803705
0.014386182799935344
0.017585629525666058
0.016690784289191168
0.021902338984156295
0.026718237517594265
0.024313227320089937
0.023588190670125186
0.022571032870473573
0.023448820483419255
0.024198962488513002
0.024331296185430673
0.02222422536578961
0.026983322578834727
0.026810379701936133
0.02679877656882104
0.02623525667295326
0.035335887816916337
0.035494816758381655
0.034535306790128874
0.033204761675072164
0.03232259065585418
0.03224328267843585
0.032335298594107185
0.0321140319016801
0.030704681915991322
0.0288350215018727
0.0284401176374077
0.028271797312369864
0.027520139246985747
0.02696852014115495
0.026488790462132216
0.02607019787371559
0.025647828024566968
0.025601503499462438
0.025167774192010203
0.024792998613944905
0.02493619572630794
0.024388433377739167
0.023881570328884424
0.023396295680868213
0.02292092404901409
0.022627579453965714
0.02200863500292511
0.020808196910793955
0.020506338374959177
0.021211754221336126
0.020331240832989286
0.02023628241214385
0.0200189799102253
0.019682727367113784
0.01923050854665539
0.01925269238908139
0.019619430466736497
0.018745905877902924
0.019501606111497264
0.01912832897214686
0.01900370353775353
0.018500596594360735
0.018260300156649166
0.017960283370311605
0.017805168238084996
0.01805980558517975
0.021493200456252567
0.020876219525234784
0.02157350238988156
0.020954995175513136
0.02069943476529731
0.020359387221422214
0.020165199028348096
0.02013629068065673
0.020388997027552445
0.02017488113051514
0.019806873982234567
0.019627350251836595
0.019408410567921978
0.018396200558636343
0.017916757449747467
0.017897861756329597
0.0181684878686425
0.016964242133186567
0.016571008558163344
0.017455841118100834
0.01641556290065366
0.016321865468786147
0.01608933103185388
0.015811455620198783
0.015699822797549084
0.015576331221382151
0.01514045921549928
0.014914399309067497
0.014353009833670848
0.014333803393348171
0.015197437537165426
0.014812397070118577
0.014849308496654178
0.014785052616692478
0.014516956932950508
0.0142979222010119
0.014480353323591332
0.014274957580416813
0.018531630417332072
0.01845523252868879
0.01820288511821782
0.01791407562086535
0.016195729474154454
0.015653889323584753
0.01548687230888045
0.015501853263809956
0.015232002238315877
0.015055731802469887
0.014361400048558926
0.014415573796106737
0.014420551120432749
0.0142356422679175
0.015187449138544569
0.015164149647379043
0.014906044628352258
0.01492305951435645
0.014937773048942858
0.019717719006520296
0.019748461389400333
0.0196490884895679
0.019500008432612747
0.01904018599275702
0.018873277735965175
0.01729356766678394
0.01702885301043558
0.016765318354469195
0.016643012601431785
0.016857913212983744
0.016617703775785152
0.01608378077313926
0.016008907539034452
0.01580226307151298
0.015587955843598693
0.015439526505360858
0.014743321524609054
0.014679519535778215
0.014388600908551217
0.014348416425935118
0.014313246339390235
0.014196409292642532
0.014185187912930906
0.01421403939076257
0.014262259897869643
0.013810444939607657
0.013579634632316174
0.013685689198102292
0.013560363100949319
0.01346806744407949
0.013305833396900987
0.01309308565660931
0.013405367725470907
0.013289764040840401
0.013208235019568216
0.012513791846059684
0.012638596533566145
0.012386621020805958
0.012296584436079607
0.01223410754186183
0.012042737239971766
0.012014294717891493
0.012443918449664748
0.012257876413369046
0.01224277006762803
0.012850240106988512
0.012649100565190648
0.012427892030245868
0.012454767396596362
0.012639480459350219
0.012463549294103043
0.01612489668495612
0.0160871245673749
0.01598643521176219
0.01577534027931155
0.01631840358721093
0.01835305517335511
0.018027106846341557
0.018014835774109433
0.018025773406193102
0.02002829981331782
0.01999551180108152
0.02017501352246905
0.0200173095419394
0.019920007550741352
0.019784685315209483
0.01745645827459286
0.01783150186946721
0.014385175591710727
0.014860556906994397
0.012282528557143239
0.012232618438752575
0.012295122037336986
0.012072821410475386
0.0119126509071315
0.011867487435864117
0.01185710542430739
0.011804690476646439
0.011868786385346565
0.011897956762368269
0.011864442615381755
0.011887066236380861
0.01180994862371067
0.011901964193639926
0.011826952786299737
0.011758269593448622
0.011589721318065226
0.011511637139909879
0.011534048189521997
0.011463455602245081
0.011451228130534492
0.011570066333106145
0.01155801283754114
0.011501485514263783
0.011461541263282374
0.011434406998766165
0.011506157994963025
0.010924058529660918
0.010938460097495861
0.010944201616827045
0.010959325443920018
0.010954614791274265
0.010905906372455702
0.010851569529251957
0.010805586542879012
0.010749707076814958
0.01081833619250085
0.010777436563720197
0.010744305819078818
0.010711816199216443
0.010683146421455177
0.010665963583164741
0.010647624561763352
0.010633504340472964
0.01058535243109908
0.010574367110138367
0.010542195959046121
0.010371456432484185
0.010285476433000788
0.010193065925043565
0.010095428522206178
0.010102494911809761
0.010133211893026897
0.010056285574748148
0.010108386181648926
0.010075922354870408
0.01000667586752963
0.010026241960504731
0.010013591407413595
0.010180991637222235
0.010141958669357175
0.01007721343035962
0.010025151931812708
0.009948000175021626
0.010196935155660112
0.010154567343436486
0.01015638880602754
0.010167945226417455
0.010133039892931692
0.010206129207315983
0.010168938036178847
0.01016080351939207
0.010097272088609232
0.010156707842725158
0.010103197995219608
0.010155562775165392
0.0102078618616373
0.010149043732444752
0.010226445663231666
0.010264836165909088
0.010253742463211927
0.01026621270530332
0.0102233016948327
0.010405577790799191
0.010375905594804847
0.010540691576607064
0.010495768503097982
0.010558975140879471
0.010299211665054344
0.010234620148414829
0.01022154412386924
0.010398161660417998
0.01042931895380376
0.01038594384174628
0.010186599681028063
0.010151131519195326
0.010134605120832307
0.010095133720497897
0.010043142125112405
0.009919792496481363
0.009848558893593564
0.009720644621562387
0.009716840692717226
0.009807385858342366
0.009871312037280394
0.009834715185661484
0.00992736172497148
0.00991001940682684
0.009750273900525358
0.01105742097013403
0.010902102558175104
0.010264453909626272
0.010214976221696825
0.010189919097994302
0.010157226462155656
0.010062218377468969
0.009992189777559909
0.009947162833087938
0.009901262708333412
0.009863040654402098
0.010261541809765065
0.010281667056915465
0.010182128228866895
0.01015322201342126
0.01012787622580604
0.01009312528040027
0.009917802055748014
0.009914986665237404
0.009937135775491414
0.009886609583867705
0.009824329667194893
0.009818950731147783
0.009893641357497316
0.009868907016530046
0.009842569609142617
0.009742851318774875
0.009727849577539638
0.009661192556202215
0.009624310636153528
0.00959520694813862
0.00968822617974119
0.009673430155580103
0.009705983582575588
0.009678799044337596
0.009668773125054854
0.00962496581414598
0.009614266072631454
0.009558836614905383
0.009670513268279876
0.009581605079222424
0.009492878293640886
0.00949017262737371
0.009464133762337687
0.009708802031562536
0.009905750732562885
0.009851171069297109
0.009817667201841048
0.009913627495685645
0.009957884038138718
0.010009484312588591
0.009878764169213048
0.009879615974530173
0.00989029993695597
0.009889443995595522
0.009847558984986939
0.00985514003665517
0.009914220363837285
0.009936092242751517
0.009926715409112654
0.010070568499259023
0.009893895865209374
0.009866631183205677
0.00981162393515874
0.009872090545427125
0.009934959989349335
0.009929498018717798
0.009847719976103855
0.009842012145206667
0.009855393326172423
0.009842022514691087
0.009749472300342246
0.009825737374253227
0.009817949713132126
0.009807073604710396
0.0097865621765164
0.00989391110771976
0.009863650453485378
0.0098213737196172
0.009789132562141851
0.009752740996407395
0.009715357062300482
0.009673330055941422
0.009660045232401281
0.009646560787266079
0.009632428877968183
0.009661859280654094
0.009646007641535276
0.009624662663484135
0.009602570015760637
0.009589291775162146
0.009607710284447436
0.009414624063678139
0.00938859303074005
0.009601069693038642
0.009562268775044824
0.009545329737773592
0.009439846391459453
0.009473713005821763
0.009511354713121116
0.00942682385803497
0.0094430253317114
0.00944890062992315
0.009512837229400717
0.0090382898121797
0.009017587119660785
0.009043311348474633
0.009057187182672668
0.009151853533896635
0.009157986364230049
0.009156367114049274
0.009291752628197938
0.009238032230222492
0.009200325264695082
0.009207358776438093
0.009198598152306038
0.009360076618494615
0.009339099765827566
0.009312735693552954
0.009319072532581596
0.009296537684824692
0.009288695004174823
0.009314048924181098
0.009262124007274513
0.009186166718596464
0.009136339024765591
0.009097360450735626
0.009212325774755293
0.009216243446048917
0.009169703531996443
0.009153182152209966
0.009157620859140493
0.009166499164341974
0.009171355798541465
0.009141602785813049
0.009109055851233625
0.009093887721373116
0.009092507934475063
0.00902517365491536
0.009097346442675656
0.009131647371508862
0.009131363629155684
0.008994019092742632
0.008980360598120407
0.00895420546623785
0.008988748024118996
0.0091868745396533
0.00921080585312338
0.009531606521057383
0.009819517140072453
0.009815049825890982
0.009872810245111687
0.01001904042445744
0.010072486784147587
0.010031730743774381
0.010004303837158588
0.00998904063120184
0.010124245227768095
0.010198173177956522
0.010121879010766412
0.010077344268151035
0.010024973073285365
0.009975877637486743
0.009967328853452452
0.009949571303281361
0.009949270541627813
0.009925632052449038
0.009905518633002883
0.00979396467561109
0.009754116117114086
0.009723096071737295
0.009723033398599134
0.009709886419870839
0.009715767523006331
0.009699724321302693
0.008788391595292478
0.008742406880774073
0.008740336846426864
0.008729642370089137
0.008686009037021871
0.008738322070596967
0.008525835499363392
0.008501127703502325
0.008468741825490154
0.008472469718551623
0.00845586633373076
0.008519918059612918
0.00850282168388777
0.008480823960610452
0.00839876630244782
0.008347041471709555
0.008345009738102427
0.008335765255644443
0.008314342508950436
0.008347364652078889
0.008361104487135076
0.008347680840849464
0.008333928871735832
0.008277309993632097
0.008253322291264957
0.007536298517443909
0.007489721445377825
0.00744199010610143
0.00732173687988049
0.007270246222326407
0.006777554173262379
0.00676240118001895
0.006745556339004606
0.0067301688104088025
0.0067197715297999195
0.0066777911641192865
0.006673405076666498
0.006732919970199328
0.006738272114941723
0.006704414594924113
0.00666683157289302
0.00665306362535813
0.006677519951875159
0.0066856373242911
0.006668190423000008
0.006648620620580911
0.006620988766758896
0.006669716995719889
0.006656882714982853
0.006656707901846239
0.006622865913193654
0.006608632342858153
0.0066072022236106955
0.006599159697055952
0.006585540307046183
0.006575312657546105
0.006529664228563321
0.006765011497473814
0.006775423801260374
0.00674931313822715
0.006782760250988983
0.006771937406249759
0.006763057761093926
0.006855243804802027
0.00688908711435781
0.006882800741531103
0.006880017440298374
0.006845297324218187
0.0068540982682873015
0.006834579151524246
0.006811499020572904
0.006807189037167596
0.006874610927054207
0.0069069890478903485
0.006874088182759732
0.006886923258391189
0.0068444391059102085
0.006822006136897269
0.006807597835906951
0.006783603170975659
0.006754321905968081
0.006751021746082377
0.006727728053413272
0.006725053105367704
0.006676061475926237
0.0066645017737157536
0.006659134418771277
0.006652939537323141
0.006661157937957612
0.00664755896945107
0.006641239401704912
0.006612734161455468
0.006632656179972832
0.006940735421734201
0.006947930584505395
0.007015057073836293
0.007127409888051857
0.007120785550601099
0.00708335603443419
0.007129275514397701
0.007118707313144016
0.007104385510610881
0.007119651183314751
0.007100122702208215
0.007108188411788505
0.007098207694793656
0.0070774946828403565
0.0072056385677917965
0.00727010630057738
0.0073445452087885065
0.0073273251012268914
0.007281387219163512
0.00721061277310341
0.007147212269783683
0.00714156818380549
0.007143010407423067
0.007146127110941533
0.007118267576492168
0.007163428718913226
0.007147633085275238
0.0071371601515912994
0.0071323628829334
0.007124252628888216
0.00721435731535529
0.007244918898572431
0.007261736413522905
0.0072566536786966025
0.007280585519986572
0.0072751332454471
0.00726518882125257
0.007252412618582826
0.0071848856254724675
0.007168593009023906
0.00711655632076605
0.0071071189982517885
0.00709137601448496
0.007097674531433142
0.007079453366342197
0.007075765798013842
0.007060918153309609
0.007043113656460811
0.007067882157480197
0.007069413073549071
0.007059192965209709
0.0069641824506627295
0.006959968770659667
0.006959531734094687
0.006952371135705089
0.006922667983101056
0.006904766087425315
0.0068888981342825105
0.006895351332809347
0.006882307270685563
0.006866187082644284
0.006868108239607489
0.006854377853323133
0.006850287426024931
0.0068359641038291665
0.006812991648207204
0.006817265334528499
0.0068060276972105906
0.0067569028971554475
0.006734431014412452
0.006722362935272244
0.006722450542469475
0.006693751402097579
0.006685207242625799
0.006697491880148989
0.006684567180034219
0.006679505241277047
0.00669286275668465
0.006682206904637251
0.006692520610904168
0.006680801364512132
0.006668022429597541
0.006657120571606475
0.00664206561865285
0.006628720805420232
0.006641949739419282
0.006580062168578214
0.0065785120713691865
0.00653768438316868
0.00651935726619926
0.006519490017134374
0.00650959484451989
0.006500055023849593
0.006482198229654399
0.00645857641455424
0.006448373178089933
0.006441241544370164
0.00643039398638434
0.006417344897172235
0.006364198590850511
0.006318557074053258
0.0063095425770814196
0.006280490741323574
0.006300641273955724
0.006288792253468562
0.006293348050652898
0.006253725696234349
0.0062544604653302005
0.006244214411542215
0.006207983930460366
0.006193131046151431
0.006028876203634928
0.006026517673490158
0.0060178121180333
0.0060015977774192635
0.0060026959061314335
0.0059858481088945195
0.0060048633862919915
0.00597624467918649
0.005964782836771032
0.005969982911941196
0.005945706695447534
0.00593464061502414
0.0059125560236495565
0.0058831222855821545
0.005833474130595733
0.005829673795668994
0.0058187078475700855
0.005752253529660972
0.0057492348610587544
0.005767441366140025
0.005920777593115872
0.005933596412824899
0.005927460519757507
0.005927617504991355
0.005900864846629066
0.005889207273587369
0.0058812861561082785
0.005887745401330853
0.005878608444643176
0.005876233728247556
0.00586456035172991
0.005852648083530417
0.0058462179270668
0.0058351994171655115
0.005826777910224189
0.005813823465423831
0.0057941539749769054
0.00586683862060749
0.005848942396395015
0.005837573914213178
0.005830091979021827
0.005809580017915823
0.00580327671447819
0.005780619555156075
0.005775871591650604
0.005773011714305336
0.0057363789799829605
0.005728907727403567
0.005734940081262483
0.005721545151011905
0.0056677579226258
0.005618305730559945
0.005642530958041771
0.005637317825131557
0.005629501757879411
0.005611330795020116
0.005646661359173208
0.00563352963064589
0.005625839068804613
0.005616056047709356
0.005622064060580991
0.005616277678981204
0.005613559020266205
0.00562684348680738
0.0056288439771822255
0.005640843733620691
0.005640748350760539
0.005643369847312935
0.005634518761423947
0.005595174143582445
0.0055852575166022034
0.005550277879860528
0.005585210530853441
0.00559848572027608
0.005592533706898947
0.005579203001752013
0.005568534012603549
0.005561883640117371
0.005582552317353431
0.0055669640456481135
0.005549460000657069
0.005498801246974427
0.005489842569052129
0.0054451639757494025
0.005442663196774894
0.005437576024365247
0.005461438998393478
0.005462201519963579
0.005459123184226274
0.0054570969401134374
0.0053635868155790896
0.005337376113493059
0.005308684649285653
0.005301881239830805
0.0052863232331459105
0.005309951264585686
0.0053036299386838
0.005304925754971917
0.005291071778628973
0.005258109075719247
0.005270204103275189
0.005271176186773057
0.005242630096675929
0.005246013765833996
0.005231385703860459
0.005219719560639953
0.005206730536272118
0.005205005314847866
0.005164681702496829
0.005147358048847746
0.005128463334504165
0.005158386868896666
0.005147688388838745
0.005132618005054787
0.005138744805090817
0.005135355286216499
0.005104141108653597
0.0050831537773951925
0.005071656247637779
0.00506348986386258
0.005058638999119224
0.005030152797984361
0.005028218463077351
0.005006516825638319
0.005004699115667879
0.0050018997447467345
0.005034108554163051
0.005029498518750363
0.005015746139006175
0.005028434916102224
0.0050214506915070576
0.005023367252165666
0.005015006425586935
0.0050056517535946475
0.00500049750143139
0.004992935379332503
0.00497029931825631
0.00496420390388396
0.005021192720071294
0.004993330660461935
0.004991893433940331
0.0050091698817617426
0.0050090979277734905
0.005027358180206998
0.005015757690275079
0.004995298836564749
0.005012703049177625
0.005008960891350664
0.005015261282216314
0.0050110106040535595
0.004996240692014465
0.004973528313993603
0.004964450485078474
0.00495917314870792
0.004942465699201746
0.004962969002165203
0.004948494079462073
0.0049517319750224855
0.004956731290024305
0.004953438185588639
0.004948195821534397
0.0049373515879172665
0.004931998865966915
0.0049186573899808106
0.004902273828403823
0.004882038684069899
0.004875203115306687
0.004867827374924338
0.004902526719886467
0.004885471727869392
0.004886509587853306
0.004872366889032005
0.004830159669143281
0.004826675013484345
0.004816628379352761
0.004818008707240669
0.004823759336523029
0.004789872338997982
0.004793598012753976
0.004804039025077884
0.0047988587347877615
0.004780242224077734
0.004756248759475437
0.004751971824696177
0.004753182854944643
0.004757619680694424
0.004768359362383722
0.004762798638604293
0.004755386533495901
0.004750391823997759
0.004740617708942471
0.004748533627358072
0.004734747787737859
0.004730937460489517
0.004709274682049315
0.0047060470013312195
0.004710158409794364
0.004713015216871604
0.004695585219721985
0.004670528947903455
0.004703437334965271
0.004690155534713607
0.004684252530360177
0.0046729497900408696
0.0046697513047379065
0.004661983547998013
0.004657744055866044
0.0046484094602599535
0.0046491732749594445
0.004650854441598838
0.00464439292870646
0.004652349797311962
0.004646961551106818
0.004662017111581221
0.00464842886409878
0.0046426420063288894
0.0046467198413434165
0.004639390848514385
0.0046408317021270455
0.00464606226819687
0.004637267942117695
0.004626983233495818
0.0046222742864188765
0.00462519790287108
0.004618190213822019
0.004627561807818235
0.004605363508031916
0.00459691909117116
0.004604379238792001
0.004615237396223548
0.00455715396613522
0.004570384254050018
0.00455891830583021
0.004607789723343007
0.004610455996959358
0.004609503930185497
0.004611341667506489
0.0046073106714020285
0.004576844603863574
0.004442940541445314
0.004460331848761428
0.004478579637858061
0.004473076614125624
0.004496592525435229
0.004487132324831372
0.0044828749380207335
0.004522226036856129
0.004518096312577226
0.004511997711000214
0.004519381381497558
0.004504703746704609
0.004512666338172805
0.004542142845320284
0.004520525894884367
0.004526858185063355
0.004528659230744249
0.004527711402858529
0.0045548874876506825
0.004529008511144358
0.004511597639051043
0.004522834000384282
0.00455165546617427
0.004565933092097378
0.004634811757094451
0.004635598004527508
0.004679084415509668
0.004673738314862551
0.004673629241816091
0.004670961810054473
0.004715990337619005
0.004701379299136182
0.004700846647563679
0.004883432111968527
0.004875182825120738
0.004869688967957894
0.0048699628151573525
0.0048570941282519275
0.00489777735351616
0.004904755438010687
0.004925568432852656
0.0049206403041672266
0.004930049659349136
0.004926094611285867
0.004951106684688462
0.00494651825125898
0.004934997534115311
0.004934368902438699
0.004927299500397772
0.0049333375347861644
0.0049513794172144745
0.004941358421326006
0.004940948110765157
0.004952328374077589
0.004942188957113151
0.004937222160007449
0.004941966046645326
0.004927430168402878
0.004913766697791293
0.0049125422567256405
