-0.019599324092268944
-0.03635920211672783
-0.02193479659035802
-0.02968725748360157
-0.05797852482646704
-0.049431980620803576
-0.05117095625610091
-0.045560676410483815
-0.03790318054379895
-0.034489774057874456
-0.03172703176339079
-0.029518522946790863
-0.02936486186185253
-0.02741325646832896
-0.02577463894158427
-0.024289900534580845
-0.02422787579093387
-0.02317497878194492
-0.02199877547827782
-0.021054065715621354
-0.019981977060193785
-0.019171037231622584
-0.018514534600399202
-0.017810942678479477
-0.017265962471495956
-0.016484556459882126
-0.015753770794877452
-0.01482890512501211
-0.014386187772227764
-0.014164458643907923
-0.014155639087221063
-0.013915979062651539
-0.013389062710784322
-0.013020156113530643
-0.012675362819411224
-0.009772322542581558
-0.009129033594753743
-0.008915699202752413
-0.008724461975361922
-0.008506229316969064
-0.008284278468289859
-0.008061124958763941
-0.008026202203340788
-0.007784514935661316
-0.0065636777150718025
-0.006313126058035353
-0.006449031662365694
-0.006388186813897586
-0.006240503731532953
-0.0064671488253938425
-0.006364115128235424
-0.006001382441817834
-0.00587095353155207
-0.005720238503470846
-0.005604126073324419
-0.005391949148983447
-0.005212251721692655
-0.005126992521227445
-0.005054059391356226
-0.005265356071549083
-0.004439127405696065
-0.004339836668574233
-0.004274913275821742
-0.004189731404991244
-0.0039016464958849303
-0.003823440892486343
-0.0040131747702937814
-0.003954300259584154
-0.004671933083695224
-0.004551148705322188
-0.0044545844987927295
-0.0044021320294856696
-0.004305101409585943
-0.004362700029741971
-0.0036893607994945895
-0.0036290438804932688
-0.0036690047686883725
-0.0036180208306730104
-0.0035701741557204493
-0.0035342803808075733
-0.0035200487989463774
-0.0035111627375625657
-0.0034701580845562362
-0.0020010471035835915
0.0011291303218418191
0.0017843026240977168
0.0030462360730532326
0.003724484032757708
0.003756504897157561
0.0037940778177241816
0.0036039448111652144
0.00362820636233195
0.0036003772334066903
0.003540169080645829
0.0033827498997804194
0.003314776281879008
0.0064201495563849
0.006355449216877762
0.006234787901048551
0.006195824231957042
0.00617825008264524
0.006115340676330468
0.0060299869543926545
0.005962964610773187
0.005902849794541191
0.005866674427813462
0.0058621751291125495
0.005804761923281394
0.005755978670045314
0.005715785310802951
0.00574159043208056
0.005739365998744161
0.005910391222610012
0.005849882943869533
0.00581455969322947
0.005704266122397056
0.005676874251379163
0.0056907693665189055
0.005647039519923668
0.0056961257420076235
0.005641555814139292
0.005598535307406689
0.005551402917086724
0.0035899065230041802
0.003568789463431122
0.003702149059124825
0.0035888727434212403
0.004085772793537893
0.004081129529871626
0.004152623968525932
0.004080224937448905
0.003945827000963515
0.003804027742303136
0.004073054329664625
0.00402929419172271
0.0039909592137950785
0.003959751957892514
0.003929140720442747
0.0039000817383306957
0.0038747009992556613
0.003870124047135114
0.0038390218073069146
0.0037910353758990076
0.0037002750927309473
0.0034864592612705143
0.003463116134706967
0.0032954855304450563
0.0032572139002970363
0.002862935441080487
0.002852300131101389
0.002943660388394314
0.0026270295630263993
0.0028844792501662325
0.003025965643445817
0.0030882527487567472
0.002453685837507159
0.0024887794390014324
0.002529766877714855
0.0025017199761350694
0.0025158629258111268
0.0025258089033426932
0.0028712939788113215
0.00282250191283799
0.0027679834105638896
0.002789066749602472
0.002763676328143991
0.0027968886279268242
0.0021981549877728547
0.002206400175825424
0.0016056357233442025
0.0016351634965462358
0.0017405947922013018
0.001731281081112856
0.0017184348480909048
0.0016980531545414171
0.0016756708004333043
0.0015789241385463088
0.0015383888547849894
0.0015306844407556783
0.001464541407751609
0.0026469836145054837
0.002323422563701868
0.0023096862252081703
0.0023001532988289317
0.0022860973386027677
0.0023393279901316017
0.0023307432261874023
0.0021151324290450873
0.0020949299878434712
0.002085569063771437
0.002010037111404021
0.0019776705061200165
0.0017630151912093573
0.0017640882245569455
0.001753569623602116
0.0018476351464331556
0.0018394518456353627
0.0014163516425286648
0.001349281758157307
0.0013462160063840356
0.001342951787934218
0.0012069402302424988
0.0011383494127977804
0.0011288445682844138
0.0013121268453440457
0.0012985224069876785
0.0012019749635958166
0.0011949962447564547
0.0011856947220318674
0.0011798932013748539
0.0010248896327333225
0.0009889560384061572
0.0009162578970861926
0.0009110822571105857
0.0009054630320827528
0.0008928144696943307
0.0008041441947629778
0.0007987736279653104
0.0008024477753100359
0.0007973865065165319
0.0007812368980061449
0.0007971728557560026
0.0011741167960021197
0.0015306023983026164
0.0015162456247788697
0.0015098469491867537
0.0015302697674518385
0.0015212859918757914
0.0015133643249535722
0.0014586455493084958
0.0014465234396931074
0.0013538399089703392
0.0011311488427046684
0.001146274879376625
0.0011408245881577446
0.0011462535736650134
0.001149001262765068
0.001162254379645274
0.0011717523045566276
0.0011223893621318168
0.0011152698945115576
0.0010956332639411675
0.0010931469296338067
0.0010691645291481882
0.0010715215029176053
0.0009427990833663145
0.0013137514636788038
0.0012754691242479776
0.0012891345357056738
0.001286807322997113
0.0012797218962712982
0.001276602455287836
0.0013265495473156
0.0013200670735244028
0.0013151629424328376
0.0012984773356346116
0.0012916619917639567
0.001429412930302188
0.0014560579457723278
0.0014336086780419852
0.0014354696494877327
0.0014107032669504547
0.0013568264073524725
0.0012475451666484002
0.0012454372887364864
0.0011929589704556371
0.0017203922919301804
0.001706520577465952
0.0017914637413384696
0.001794052993207726
0.0018119511924476928
0.00179316703007973
0.0018253129766531739
0.0018430068732281665
0.0018030224835957373
0.0017865323704299258
0.0017697649375366395
0.0017945646235550776
0.0017824260529388499
0.0017771100364600621
0.001768725268738446
0.0017576880438143067
0.0017569590074831686
0.0017059672163317432
0.0016355399117468055
0.0016199602930642729
0.0016079911843513023
0.0016081945054840553
0.0015979404453838526
0.0018399213765759072
0.0018439501870227428
0.001840164640671242
0.0018319813163395118
0.001820518672407086
0.001809989392141518
0.0017921159892328896
0.0018181043084993691
0.0017666212867292904
0.0017209265494602752
0.001697367476937564
0.0016920550465961593
0.0016686735977687686
0.001658972844923389
0.00160891368391649
0.0016070269973639702
0.0016056375836093512
0.0015912660441622947
0.001590350382561228
0.0015855264005949744
0.0021046239286968116
0.002101429205000528
0.002096473044933777
0.0021044512975043014
0.002103371315151603
0.0020909654467456545
0.0020669329407799726
0.0020522552915979136
0.001991590748188528
0.001801262714889164
0.0017443325874109904
0.00174148890660911
0.0017392867346238015
0.001711271118920982
0.001710885553173006
0.001671254356942381
0.0016676273556683935
0.0016196623059286377
0.001531251924240533
0.0015273624292052735
0.001511366247428791
0.0015588601946294977
0.00155675094892822
0.0015547088192968263
0.001469988679103277
0.0013263759099659417
0.0023763935478578286
0.0023645474876831
0.0024103986037205534
0.002401123489835301
0.00240353447923852
0.0023955859273484216
0.0023826891344255145
0.0023761431912557897
0.002381913733889647
0.002392964099923815
0.0023691008641684485
0.002379231350407763
0.0023255608043147072
0.0023195447519538006
0.0023132438592201824
0.0022498425280032706
0.0022338251792899974
0.002239452677471913
0.002237300704496514
0.0022292540141054655
0.002216315369307768
0.002209655277953093
0.002203408491634473
0.002207238921518083
0.0022625965631602107
0.002269836286510097
0.0022634051870214756
0.0022621427288958256
0.00223351556142754
0.0022264069128817197
0.002221475089744765
0.0022098598915560987
0.0022085116709094146
0.0020915488538653226
0.0020818453490943725
0.002076148470223417
0.002073113570203906
0.0020681000849649815
0.0020286363722989346
0.00202444069203766
0.0020187794736451275
0.002016024667470626
0.002007833216070582
0.001967303460735008
0.001962087128746503
0.001973613519440967
0.0019707022866722957
0.002273424475636907
0.0023507291963626342
0.0023697881452399054
0.002356564689720008
0.0023155565307290816
0.0023204908563496896
0.0023200627796960862
0.002311365286339685
0.0023237176491030767
0.002299922221469393
0.002293298086996527
0.0022861422182508767
0.002283518481441079
0.0022761204964082504
0.002264137692947232
0.0022563511608717016
0.002245531002554345
0.002241799622678903
0.0022734200025315583
0.0022775424160779685
0.0022856293964812935
0.002281814210697504
0.002301723358658341
0.00225845379002635
0.0022389106687863702
0.002234202254097341
0.0022275360029264616
0.0022224303712168217
0.0021607090914506116
0.0021552281930155336
0.0021437104628449504
0.002137107559106685
0.0021321937772602116
0.0020955999142309445
0.0020576698366334264
0.002057135581352299
0.0020506911406603977
0.0020455815783019405
0.0019550407932264645
0.0019945954168727313
0.0019883501628564283
0.0019944426094811872
0.0019912107639531783
0.001977719394427419
0.0019086564594698071
0.0019017365373185874
0.0019007489648999577
0.0018976971173087444
0.001895912955189018
0.0018954422546300076
0.001896977712373972
0.0019033013941350827
0.0018560416045798422
0.0018545745472233009
0.0018387089392938986
0.0018260093526633638
0.0017701992703554109
0.001763232756823687
0.0017585812567952376
0.001752654734092848
0.001748363395325887
0.0017178880282955028
0.001709970950674697
0.0017005250180714153
0.0016971759053896168
0.0016967496334420599
0.0016930047801644035
0.0016890601580562452
0.0016861013310976376
0.0016888945781901824
0.0016921121546127312
0.0017022823954863323
0.001697428566011808
0.0017019199082667137
0.0016998220893758259
0.0016804069059270434
0.001667687940473275
0.0016639093744569551
0.0016245409357840274
0.001750296683713984
0.0017494508732037012
0.001718147504030758
0.0016598442909502647
0.00166895341698222
0.0016706116471024695
0.0016681597662294345
0.0016226048538575278
0.0016151328897771027
0.0016119795547360743
0.0016807603891793722
0.0016770329072070414
0.0016741315247245925
0.0016704067006417874
0.0016771903751273765
0.0016272504866240353
0.0016019059447840202
0.001583868407533374
0.0015186029871333481
0.001511590700965261
0.0015037656556020744
0.0015005359908488681
0.001504497191392861
0.0014955271066423017
0.0014876894787994026
0.0014988811012326712
0.0014941974074844282
0.0014915120883396962
0.0014877683027568493
0.0015138224662371261
0.001495949801363493
0.0014890561549779867
0.0014993419404337994
0.0014939377498605266
0.0014533662176530553
0.0014218759327680659
0.0014324173851251072
0.0014353901119175142
0.0014332372622680393
0.0014299494985578472
0.0014145001816656122
0.0014164886094029446
0.0014107193487914202
0.0014079548234609835
0.0014044248270766613
0.0014144413541264764
0.0014080926988207308
0.0014269188185269245
0.0014152289351837763
0.0014006297744373346
0.0013993436694409581
0.0013948752889111832
0.0013863435568478985
0.0013831820323425502
0.0013761780485746138
0.001371473372034827
0.0013664081645843502
0.0013624306755446018
0.0013591763869156097
0.0013568192829050785
0.0013457893819333838
0.001338986039696771
0.0013284231310604988
0.0013255619801194264
0.001326018376844168
0.001312940760437249
0.0013043974248089637
0.0012487387163416304
0.0013701019971790421
0.0013645114361412903
0.0013909238264844654
0.001391787787602124
0.0014089958735324978
0.0014024195254376595
0.0013997949304576083
0.0013936835201221827
0.0013908628585637902
0.001388706428008812
0.0013991775886769916
0.0013920341099873282
0.0013896148220922065
0.0013260526871510386
0.0013374236141934406
0.0013217999178148333
0.0013200017261920424
0.0013174930346414758
0.0013153593698003868
0.0013242795429290388
0.0013224712907461424
0.001318057716814467
0.0013152184519886997
0.0013111851087869396
0.0012283284197520028
0.0012225981333273456
0.0012696953086279987
0.0012650006597288033
0.001293796377163267
0.0012516155216677114
0.0012463076164358812
0.0012446384558494458
0.0011962666723507177
0.0011936957826037555
0.001187198525903783
0.0011815483811346507
0.0011733343830813952
0.0011714678116091625
0.0011789715635481931
0.0012456197011615916
0.001241444157834923
0.0012444589271384055
0.0012554962071602833
0.0012610169246648096
0.001258153359427209
0.001260092354622582
0.0012616695205700103
0.0012882094887286377
0.0012927900316786946
0.0012877586548397798
0.0012961751206152544
0.0012947642487743133
0.001293419156051859
0.0013014993214835158
0.001292571933517427
0.0012806701355402904
0.0012754528901375247
0.001271630055697996
0.0012698038726569629
0.0012702409864979972
0.0012618274382558761
0.0014479718048659319
0.001487184945731922
0.0014857362552580962
0.0014823580870295776
0.0014676489800577797
0.0014675436671418164
0.0014680060298434868
0.0014676599075057373
0.0015385984937226278
0.001744474459197825
0.001744499448945245
0.0017650892210624388
0.0017615881261550427
0.0017646780534186094
0.0018120776657038638
0.0018213467286889446
0.0018163041865268278
0.0018128532202534833
0.0018073444715407641
0.0018046375530316656
0.001856916629281736
0.00185362636074763
0.0018509207431859596
0.0018239702168169239
0.00171348455157752
0.0016688589126344227
0.0016665842328023304
0.0016658183739102458
0.0016830339935862185
0.001684788428365314
0.0019216724217424757
0.001920129824286102
0.0018881810008224442
0.001883793432643872
0.0020842695316453147
0.0021140016953368895
0.00209952522904723
0.0022144501326317066
0.0022091080414351665
0.0022054060577548617
0.002203792939861714
0.002193850899015389
0.0021891238888006688
0.002187942963889407
0.0021866607787228974
0.002182806642465684
0.002178779703137829
0.0021754022618865115
0.002172034595668039
0.0021699071866423383
0.0021576095085468787
0.0021553590295453518
0.0021774367439337454
0.002180331649840586
0.002176860696157461
0.0021739477579131687
0.0021684266470076183
0.0021834336440674017
0.002176259674121798
0.002166552634072804
0.0021608877849830406
0.0021553465141208386
0.0021522531652917376
0.002149066681730811
0.0021774775843712707
0.0021714059136657953
0.0021678031726494315
0.002159564913007741
0.0021663928971699534
0.002164617428025218
0.002000821511586454
0.001997462416672055
0.00197924314398372
0.0019828944114425088
0.0019813726200779785
0.001966015197879439
0.0019525087525475852
0.0019310874099308926
0.0019051309753330577
0.0019107778175465012
0.0018881002596777968
0.0018766071914994404
0.0018740705103110068
0.0018683700929816274
0.0018675617595966068
0.001881946684463815
0.0018819931594305618
0.0018891275481022882
0.0018860212039886852
0.0018690338900090838
0.001857158498415176
0.0018566329249918153
0.0018453744558279406
0.0018359749906526036
0.001814340076531426
0.001701794364995228
0.0017161874900149263
0.001709033656248943
0.0017063847800497032
0.001700482598094462
0.00169225307344556
0.0016813419536343675
0.0016754617128324214
0.0016725302274536165
0.0016702531187725465
0.0016672015889065345
0.0016376141270731965
0.0016364343356900662
0.0016336637262585518
0.0016349301156193925
0.0016313270667560496
0.001623932653521202
0.0016230226840176275
0.0017128512756566707
0.0017155495232032431
0.001757357622018405
0.00174877756960554
0.0017484013611062576
0.0017527888766291143
0.0017508627956815577
0.0017484019796857085
0.0017408553134013816
0.0017378658337626782
0.0017270245392254494
0.0017275308837930686
0.0017306185186162506
0.001728276651922198
0.0017247368799800955
0.0017492444471069299
0.0017432082236413732
0.001745414144259039
0.0017474425056793342
0.0017459847961401886
0.001741547173141015
0.0017329298672357333
0.0017331076258720404
0.0016743035268648682
0.0016743184705387461
0.0016725731722495073
0.001653370005599181
0.0016510129153622835
0.0016502733240654898
0.0016455654161412483
0.0016483065691175916
0.0016325967343292483
0.001628341297475108
0.001630118186927716
0.0016288417298486596
0.001625877963075208
0.001623915878643419
0.0016556170517878026
0.0016583552632809845
0.0016358983328549008
0.0016348356339209759
0.0016329670032859238
0.0016350178513744138
0.0016332790901968741
0.0016321188533586278
0.0016108148304968713
0.0016102317447430241
0.0016077753672310276
0.0016100468232202049
0.0016680824357357543
0.0016663610815856591
0.0016736842538208204
0.0016716472648444893
0.0016685764732088974
0.001667142610266531
0.0016622203606091648
0.001860710980266275
0.001849622465226106
0.0018446820253908136
0.0017629331040414577
0.0017337963339753605
0.0016809773034869896
0.0016775513927818006
0.0016753652122882107
0.0018089848963663922
0.0018054116518959027
0.0018026731510899356
0.0017954792330331312
0.0017999068150747661
0.0017973430809006226
0.0017971632126934716
0.0017945394130113074
0.0017855356230590132
0.0018042606292169427
0.0018007497643159095
0.0017974100954140765
0.0017949680574082933
0.0016969602854476652
0.001695539078745352
0.0016941030653423702
0.0016918246557883821
0.0016010918941938815
0.001598997219215353
0.0015981164943848435
0.0015986649979133386
0.0015971047044250936
0.0016057815859273471
0.0016221755409705219
0.0016206178692756946
0.0016212467501964193
0.0016498426262590597
0.001648463325497447
0.001656574400744473
0.001654882368996628
0.0016584353635541271
0.001653957751127566
0.0016511555918344953
0.00164946160337767
0.001647949466019299
0.0016380540608414756
0.0016358460889836744
0.0016211215447233742
0.001386038949230393
0.0018337196710949658
0.0018310290777975437
0.001829275540535212
0.0018272978573293359
0.0018260400557158726
0.0018241693021763328
0.0018211762855629696
0.001808871650396801
0.001797094310444772
0.0017947491546241785
0.001784045346742001
0.00177960418766547
0.0017777036403392092
0.0017749162227859105
0.0017716321866000763
0.0017681656126482845
0.0017664279535513324
0.0017644025567719712
0.0017623427531943197
0.0017488492887496087
0.0016986852622475892
0.0016965871388599247
0.0017043037191326168
0.0017125582180662802
0.0017201967530083436
0.0017154335948770488
0.0017094416236706977
0.0017079818051287143
0.0017068940155586818
0.0017130711288181302
0.0017110779707783413
0.001709904751824309
0.0017094277687344109
0.0017121324362549938
0.0017116369514029212
0.0017174491337689371
0.0017172565268639471
0.0017082773101439962
0.0016923395255025657
0.0016919086097450396
0.0016911442921852707
0.0016922700682692215
0.0016903762020100506
0.0016893399218558007
0.00183264003968327
0.0018310490054590405
0.001824364227315392
0.0018206314121777057
0.001813783471712567
0.0018111692144180066
0.0017625822935678822
0.0017591757266533885
0.001761531314285856
0.0016663454420379933
0.001663842858710556
0.0016641621810378642
0.0016624293556754286
0.0016602799011355023
0.0016574882501229158
0.0016554034069588888
0.0016539601174288547
0.0016358512860711258
0.0016314587647611504
0.0016278071124226608
0.0016215072437971523
0.0016190670662149054
0.0016174904550166976
0.0016162394391763628
0.0015681841172674688
0.0015661768192452123
0.0015595019894568474
0.001553921456899794
0.0015558417202679602
0.001553165889634992
0.0015429120131204626
0.0015409660819023184
0.0015388493952309447
0.0015361414921506494
0.0015311913519790471
0.0015704713502652796
0.001594739300028917
0.0015892980585882222
0.001586301402845963
0.0015828905142320773
0.0015605501553039225
0.0015604658106744202
0.0015550760324331517
0.0015418314056751628
0.0015405393209927563
0.0015355194679158967
0.0015338261653977238
0.001531826559314042
0.0015300648254338342
0.0015290417341505189
0.0015337983448830788
0.0015318450368916182
0.0015415756001475214
0.0015305612286168012
0.001535061459369129
0.0015322335451516983
0.00152938294599802
0.0015302004843815132
0.001520106120259808
0.0014444563337459723
0.0014401733814510048
0.001398616998638613
0.0014002552066968463
0.0013853471398939956
0.0013831215556407061
0.0013842855839764716
0.0013828287416040974
0.0013803475933214925
0.0013719668766320279
0.0013704860498823922
0.0013705718748021564
0.0013650004672074846
0.0013815819277553678
0.0012173004693888934
0.0012200684225110872
0.0012177425092511772
0.001210843301160775
0.0012040795312688736
0.001198500121376207
0.0011895434124074742
0.0011808496465652287
0.001179011252957645
0.0011760551773286499
0.0011637020174517115
0.0011637864509953238
0.0011623950110878224
0.0011581921780506365
0.0011607197613520423
0.0011668452226486102
0.0011649103694248606
0.0011637860176406931
0.0011657731454873125
0.0011657091588577434
0.0011664374164707088
0.0011790500172016503
0.0011734454095889124
0.0011721072119028966
0.0011719392746085333
0.0011707154894410412
0.001169577745487769
0.0011669656245700231
0.0011716320981279406
0.001139878818575994
0.0011509594882522483
0.0011421163053541158
0.0011350944221289335
0.001134186069148941
0.0011321704898773967
0.001130626743043688
0.001133197614216974
0.0011256267974812952
0.0011242934902236355
0.0011241945925645975
0.0011237433053703687
0.0011229502222254442
0.0011200503664043585
0.0011196788942660252
0.0011186326795642582
0.0011177401689818327
0.0011154942584635542
0.001114908157235662
0.0011138831444853397
0.001112914122427777
0.0010537672046064905
0.0010606381581631662
0.0010608236638450822
0.0010618278331423407
0.0010412306450962962
0.0010455330357078269
0.0010411014069681688
0.001041785515206473
0.0010336525416936937
0.0010333301972240221
0.0010300685069163664
0.0010290090262914569
0.0010284193680335926
0.0009632122854890851
0.0009544443662335947
0.0009552648127769656
0.0009550874053112613
0.000955016439746716
0.0009536997100634392
0.0009503920307886698
0.000950531973426933
0.0009493927687392194
0.0009479304475911247
0.0009372359616870118
0.000952711860359511
0.0011706742831675016
0.0013313460072762685
