0.07542013376951218
0.09051264077425003
0.07998832501471043
0.06489924946799874
0.052740811758364245
0.06314498991040247
0.052952834230382
0.055750032938602895
0.05073732868768275
0.04478065622970462
0.05241026686659703
0.048681560402306215
0.044465500927929356
0.04998202578475077
0.051092162320856
0.04817331987707053
0.04691090455485714
0.04440663345648269
0.04231837313855066
0.040945741625147906
0.038751190623522475
0.036981209191372204
0.03554398317161636
0.03438262528739869
0.04933319590949954
0.04068675588092041
0.03932297528288991
0.038082032103155694
0.025083234650082872
0.023174063925961802
0.023724053397017986
0.025697326449903114
0.02364193428280379
0.023197579164324054
0.02208665618026214
0.02155520034500875
0.019795334481291074
0.02021757630297006
0.021644311794079833
0.021162720056386974
0.019650757113205526
0.018985082698596067
0.018237720730460493
0.024542282583812865
0.023847522639224055
0.023347430996240127
0.023163216338919775
0.022675765255390067
0.022566792960278678
0.022716234451817224
0.02575307543156667
0.022617840572734752
0.022555284611708297
0.02218406101773407
0.023563466795686883
0.022967167325285164
0.022261415829014912
0.022851714386873053
0.02261283934349192
0.021710983458448362
0.020806058907070206
0.021391978542808245
0.021010688735259443
0.020494599751411702
0.02010099603582849
0.019886931929209095
0.019652961229439807
0.01880622851878295
0.01969018644719782
0.020115705623461936
0.019878741738567525
0.019428727762416394
0.020424933144445132
0.019712474839761834
0.019155349089200344
0.018918343976914092
0.018729836148663574
0.01846799138002096
0.018133360953652283
0.017234447070132972
0.016889966016339984
0.01672939195701604
0.016539292013649592
0.01637036679860422
0.016113703480250253
0.015738576152843634
0.015114653575107103
0.0149846191287794
0.014726271506191942
0.014487852199146369
0.01512533151949552
0.015520823989263773
0.015428141864175161
0.01495605032204796
0.014917651952904015
0.014761035298189309
0.014762901279324538
0.01461213230357664
0.014437221811385811
0.014432702869370491
0.01438248693582363
0.014662297199552556
0.014638955374651288
0.01448828270769721
0.014573975972488579
0.014572970374382878
0.01592391192658665
0.016234696130353703
0.01608303139324891
0.0157442668889154
0.015568316161599257
0.015425616980373709
0.015266169358878133
0.015158166726241274
0.01493376157655989
0.015521403670740798
0.01548267084655303
0.01605570014026171
0.016991162779352923
0.016766674953228047
0.016575531887088994
0.016894680339979307
0.016791618941727288
0.0167096973415464
0.016527524267855486
0.01628784368027323
0.016042329718402457
0.016342324455622427
0.01630077073171447
0.016602571916816217
0.016548895804479595
0.016097277394124764
0.01643880617061156
0.01614429032326571
0.01610001402407171
0.01599642642039505
0.015916415704481723
0.01577932331476547
0.015686834904564798
0.01565000130993095
0.01563445143040898
0.015167495484913238
0.015289978927790382
0.015145978146907059
0.015007338306407292
0.014907862213408549
0.014908830315894055
0.014860685103754155
0.01476139599559245
0.014598068190109822
0.014438409616607363
0.014326417696400867
0.014283789551067348
0.014188295149388934
0.014102755641523296
0.014273097823386195
0.014281731430683169
0.015947620450519378
0.01585305577486905
0.015703611068873326
0.015355042922305127
0.015231390773867561
0.015313825614279387
0.015202823143221324
0.014983110665843362
0.014649890405260093
0.014634553795076485
0.014622823338200993
0.01459024433232329
0.0144785452957557
0.014313447384136988
0.014292168336985362
0.0142093941940402
0.013624106486635602
0.013513117166811823
0.013501021117249842
0.013528620647019604
0.013497794250602883
0.013461851691479537
0.013363272564664783
0.013010774417385348
0.012908344061021324
0.012790343583140412
0.012889399480843918
0.014081543492397687
0.014060519357440038
0.013825994689041363
0.013632478882971628
0.013720618639988382
0.013344198056407984
0.01318766458102041
0.013172429697408625
0.013040393466748268
0.013447645221253282
0.01327397333217067
0.013186475936346143
0.013127962734135423
0.013305025282890662
0.013206513393706688
0.013221376320726253
0.013221016932905024
0.013155375251793371
0.013265984687606357
0.013117566729772245
0.013076556127698395
0.013357157890994488
0.013299470956588674
0.013331253252040336
0.013404869874752215
0.013313602802921041
0.013230269477201035
0.013202573193551167
0.01319644628335404
0.013240901288761864
0.013130071843550927
0.013069301415032273
0.013132638127657567
0.01300331198381919
0.012972188409218096
0.012923425831022076
0.012856005634914553
0.012777604614291798
0.01272832959983003
0.012669533072589213
0.012666989887985482
0.012666805240661274
0.012619379770018101
0.012841078937776817
0.012779155492044864
0.012774467304001454
0.012757399120471673
0.012721719295257351
0.012682768973974854
0.012640718273611662
0.012580684293486947
0.012552714425283782
0.012517021916164205
0.012455978206775065
0.012396393774573269
0.012337760467506618
0.0122394860493443
0.012170654812612359
0.012137721946347763
0.01207436116662337
0.01190240090863511
0.01191390262305032
0.011863032011851533
0.01178386808706968
0.011727442767034515
0.011628423676023904
0.01158501569781427
0.011706429888456807
0.01169160061736896
0.011700630266083555
0.011610471830437058
0.011559958259896905
0.011543203323977758
0.011497896795304222
0.011503052068096268
0.01142454205281694
0.010245529075895427
0.010215310705233646
0.01031414071536401
0.01036453549269661
0.010325827249186853
0.01033466694942934
0.01036307588765339
0.010223368340550326
0.010068626893512874
0.01001968395377434
0.010061854377855681
0.01001953169550075
0.009995933491499779
0.01000962541716448
0.009968189929471306
0.009873533192989436
0.009900119459063265
0.009924986732083217
0.009764101524472471
0.009749197147794276
0.009705234244896188
0.009635794669449985
0.009592959952679446
0.00956357591849314
0.009590742879831493
0.009719098504221601
0.009730622134990572
0.009696175294162281
0.009681046562864446
0.009675069079844193
0.009644940278433259
0.009624857228844692
0.009734937872684778
0.009704654896459181
0.009611584704568504
0.009529324200441183
0.009491842145385603
0.009384740404707777
0.009326342349546993
0.00938712455163747
0.009369179466724834
0.009339487326713527
0.009327273133294504
0.00929439293593263
0.009473605249808476
0.009476390825979843
0.009458712493614687
0.0094145316094724
0.009435050837876787
0.009388808591705494
0.00941355650570002
0.009377784217164226
0.009402324065365297
0.00902050781409747
0.009012248835150078
0.009049984667075048
0.010675371738221915
0.010797738692662814
0.010740618778277164
0.010712781935739669
0.01070318166013342
0.010667052040160049
0.010604635413714007
0.01058291253367385
0.010493680632851218
0.010474307362378442
0.010492797534425335
0.010447465171557136
0.010360432252006528
0.010335068489422951
0.010302368013093744
0.010209682204764281
0.010358663738906853
0.010262812034825536
0.010235976053449815
0.010195991567265033
0.010158446586964487
0.010066995729478851
0.010057519825354307
0.009852955844158564
0.009765348435170733
0.009743165036612673
0.009685610062809056
0.009591676169804777
0.009578236294467026
0.009551587205109964
0.009456619603450487
0.009440678625320382
0.009414439755679007
0.00937885777748928
0.009331437467587668
0.009310162187114168
0.00928139461270263
0.00927696607002257
0.010241624607700164
0.010233703604365367
0.010193113752891335
0.010124907175308088
0.01016399597819044
0.01016686082812535
0.010128192252593496
0.010144981726435283
0.01017121876387906
0.010146900759041084
0.010117738047931018
0.010150919384970956
0.010116900143558543
0.01011949440237304
0.010112867985928359
0.010061895046333718
0.009980208098548693
0.009977340244616462
0.010072999096770155
0.010090198423267182
0.010033842075438552
0.009989023434211444
0.010010198757309423
0.009992191511057194
0.009952863447515956
0.01005393471476011
0.010028641373523248
0.009977759856642699
0.010117071156874616
0.010080727874380743
0.010043864530515569
0.01003204971717418
0.009904669984214553
0.009881306148768167
0.009858908139498308
0.009777808026607885
0.009733439281207
0.009673809066893078
0.009626115349064213
0.009649735267728686
0.00964265724709401
0.00951567916869979
0.009549923472232375
0.009643175881397573
0.009587654515071332
0.009534197464078562
0.009465664112611018
0.009394060170397688
0.009366061070509338
0.009341627322615233
0.009312677458107151
0.009223969565740647
0.009272808445904742
0.009259189666929275
0.009282912449111235
0.009276472463759273
0.009241270352380593
0.009230363635999822
0.009223008265169497
0.009217676464261354
0.009142135746812455
0.009147050359462384
0.009208717891455845
0.009193671507187
0.009163866702129734
0.009137307453006442
0.009109858564731925
0.009090692837229002
0.009044763897639672
0.009049592942619174
0.009357032584461099
0.009314996288262281
0.009581568563606823
0.00953289529278894
0.009538291509247645
0.00960032762221199
0.009534844440690058
0.009331094907391969
0.009322569546497489
0.009313867691567768
0.009293566829351507
0.009378738586010446
0.009318270473640654
0.009699637672545279
0.00969176506598821
0.009673895041132684
0.009643318582757722
0.009670231306603364
0.009640233211292327
0.009619918377468948
0.009595187239974943
0.009599104449710927
0.00955761218316248
0.009536421846382275
0.009512909420575139
0.00949081758755383
0.009475991074774285
0.009481528496887414
0.009480714443615259
0.009467045979713118
0.009442975196498872
0.009465841481965094
0.009436967544523635
0.00939895654954018
0.009374062145276257
0.009378088017236339
0.009969729177510281
0.00993269633379632
0.009900431741086848
0.00980955788351517
0.009889637801837785
0.009888892273665514
0.009846456870541758
0.008503812538258956
0.008489326948682064
0.008680312613766429
0.008744008861097004
0.008739698649966519
0.008695582610929897
0.008635234930077684
0.008593338507706582
0.008609456411652299
0.008560665159561848
0.00850301255869189
0.008478704078652293
0.008462260271778462
0.008435460252661849
0.008390240925359973
0.008338732512880998
0.008324570033819884
0.008286023933844422
0.008228562856194041
0.008216061523689557
0.008228376581337026
0.008210741900331076
0.00824894082791832
0.008232919523664353
0.008217515467121673
0.007929498067485408
0.007914160854066132
0.007939718836217748
0.007903163500989937
0.007893116701264927
0.007865333348995689
0.00783142716043221
0.0078062974862405056
0.007789359074814702
0.007763128948253163
0.007708891234162563
0.007675810086573723
0.007682582536743228
0.007662341193607944
0.007637088082783588
0.007668043604118435
0.0076153800533040085
0.0076031031785675175
0.007477866904324055
0.007454794828184184
0.007430956714595993
0.0074389970791441315
0.007445887465074733
0.007421387495744694
0.007399482046884706
0.0073916725009220575
0.007389569768131942
0.007377876824849156
0.007348654739763532
0.007316821660587926
0.007331880962779719
0.007319216076741987
0.007309317367940718
0.007307724287195864
0.007262037374237637
0.007248838692706001
0.007272337891948336
0.007266916141713407
0.007281054817924039
0.007265708980637689
0.007251113931699548
0.0072439038737760735
0.007181179321731225
0.007192979703234692
0.0072116284248542155
0.007166141861305518
0.007142736485426811
0.0071346677499682255
0.00712472346354487
0.00710903256556199
0.007101070171261994
0.007086340261000061
0.007069907670460772
0.007098154225199919
0.00705572350339058
0.007029585708145284
0.0070102566268046285
0.006973328020588127
0.007018801630416097
0.007015855713347139
0.006977437030337933
0.006969737765698599
0.006950718152962084
0.006941023426201156
0.006894752134245712
0.006867214055742404
0.006845279701220917
0.006847439152546035
0.006838873063672009
0.006833702339170941
0.006828293858330995
0.006810973652762631
0.006800067772613787
0.006849775015577406
0.00680753528041337
0.006807653716575985
0.0068301466492892045
0.006834239513326725
0.006809401519953652
0.006789610874270758
0.006762361529077667
0.006781248293485506
0.0067688420829073075
0.006823534992396073
0.006793486369171219
0.006759857663035565
0.007366674712014576
0.007354930325505129
0.008125911873393336
0.008141851471340151
0.008119838359474765
0.008423676649986615
0.008419011942981187
0.009312643710164579
0.009266964249556099
0.009247857745002468
0.009234516712665748
0.009343404668132048
0.009339737698966826
0.009379156416953553
0.009363319160519513
0.009350869542991977
0.009323514885218414
0.00932585365791273
0.00933290937312975
0.009315599347443842
0.009334071515052826
0.009317954017706818
0.009308470720093111
0.009296889640352739
0.009280737256739667
0.00925409276480257
0.009249404274195098
0.009236021188411976
0.009241912897024166
0.009227731451423233
0.009027263025677336
0.009016151837319146
0.009005925543652408
0.009003143225178643
0.008994691306073386
0.009024147669762481
0.009000652044204645
0.008989476995887268
0.008970922433416012
0.008954766024121211
0.008933770925948685
0.008923432397673106
0.0089036903305469
0.008911149054317698
0.008899203581782224
0.00885809623255627
0.008843099725308187
0.008828721780759675
0.008817825869317954
0.008811965505829888
0.008791574986851569
0.008773231294320945
0.008761270732768162
0.008756789453041213
0.00859502542752977
0.008567713352764027
0.008552109205512986
0.008486714036550881
0.00847415335021001
0.008449538077908863
0.008429336184519796
0.008416031943196912
0.008399539358094366
0.008402989083062513
0.008406687530120695
0.00839469842401797
0.008373363934017681
0.008363416002129209
0.008347981922416231
0.008327956202041117
0.00831281083122191
0.008299824028738077
0.008279622868337737
0.008266194630184713
0.008269215446300266
0.008262606102403142
0.008238708812702342
0.00822897280020509
0.00820634955910997
0.008206369391413651
0.008175762239757614
0.008143958009400527
0.008120581607622801
0.008116164592431935
0.008087796826076958
0.008075690358105599
0.008058491974771275
0.008031337508760098
0.008006243588050221
0.007992853469065071
0.007983326764289487
0.007974274355927971
0.00797142477647737
0.007953435351453628
0.00793379233210309
0.007931640759440292
0.007940461670416463
0.007930261934191302
0.007948766517160394
0.00792299073561074
0.007935914711956947
0.007919332733644573
0.007881229357298306
0.007876031050691804
0.007869449859791468
0.007879691311707597
0.007871297748171623
0.007862361450698659
0.007838892758955317
0.007841777031163998
0.00784107716118223
0.007844338994512383
0.00791410294351865
0.007886603872799818
0.007878003081745718
0.00786277655075118
0.007844222789875246
0.007855400619506006
0.007843507538911268
0.00782676805242323
0.00781380600533988
0.007811255020057639
0.0078049412430875095
0.007778587058611864
0.0077685655982535975
0.007762903348818921
0.007765714722775294
0.007755802348610537
0.007740003916178511
0.0077278403802572004
0.0077232959098694955
0.007712779590561107
0.007683432368333777
0.007667584992631455
0.007670590691852553
0.0076566614269322035
0.007646260120364582
0.00763702903377748
0.007630582020724136
0.007597181102807318
0.007619966112552999
0.007613623214459082
0.007577421450017193
0.007554163253988264
0.007595406739097564
0.0076945040933888145
0.007684709227569902
0.0074982768008194775
0.007466222658897073
0.0074496356766823105
0.00783257366594426
0.007821511582151086
0.00777377913969569
0.007806675430290137
0.007797832658950301
0.007778154225945929
0.007768197773904591
0.007730182269564812
0.007727637397175287
0.008463421390180872
0.008500892704014894
0.008507448719695724
0.00851418338998635
0.008562615594839874
0.008601112751685212
0.008588352728286994
0.008607823924905002
0.008581489757318721
0.008592883963015297
0.008594851199917455
0.008596731834239712
0.008577172643942251
0.008577297308652594
0.008566250353756685
0.008566022097858842
0.008580900872535217
0.008579183974251026
0.008578341811789026
0.008575157113842088
0.00857363520840642
0.008559709605517702
0.008546387443061427
0.008582107250194393
0.008594604142361212
0.008609758630696716
0.008604744400989243
0.008603059217839047
0.008595178090584223
0.008587433501636118
0.008578236517407469
0.00858484692974568
0.008581924719505944
0.008572643247092282
0.008557472685968308
0.008531778280261755
0.00849930145519583
0.008484304460252294
0.008469548204165277
0.008479973132027255
0.00849721441894421
0.008485678667607435
0.008462153354327052
0.008431196284867527
0.008433176541811652
0.008429746189300872
0.008409895991157981
0.00840786887982005
0.008408564056542077
0.008373998027567962
0.008357412900694297
0.008348816700467228
0.008384842605772823
0.008393235776308908
0.008371026871811718
0.008356189797502267
0.008345772555647429
0.008332263061181296
0.008335862418044302
0.008315441877344332
0.008315251379649226
0.008307471798079854
0.008294103059674752
0.008294639750742688
0.008287132713365045
0.008276942308961519
0.008272575884480791
0.008260553757137301
0.008246133931541522
0.008222882913791592
0.008223188226084248
0.008164283690837935
0.008163305299310138
0.008167244148846172
0.008152939806617337
0.008140625393778468
0.008138051668463766
0.008135684436575839
0.008157411500707342
0.008165583707260783
0.00815496251174291
0.008133341221782314
0.008117925204666249
0.008109762874029198
0.008116824721284438
0.008117679156420156
0.008111269905233653
0.00810742407603834
0.008097644545057427
0.00810489809286398
0.008089338864012832
0.008064845015818363
0.00803822061328995
0.008030188099881408
0.008025040670991844
0.008024114990727013
0.008012471854532325
0.008004471386698781
0.007999480209034668
0.008000295300250669
0.007984393751344798
0.007976112424070633
0.007940672243023453
0.007914257212847891
0.00791510330562454
0.007912699101407305
0.007923964978880779
0.007910107403591306
0.007903165597642954
0.007865714822169387
0.007852799419257235
0.007846888781992559
0.007844632525916887
0.007832756872643655
0.007849387923865405
0.007841903902101228
0.007850002982541
0.007853455788612093
0.007841963572114172
0.007824626458280765
0.007820015244200621
0.0078040948534011355
0.007818837108851538
0.007807077438163839
0.0078010324582470005
0.00781728556909102
0.007789484060860992
0.007758071115209863
0.007739274232298722
0.007597091482591247
0.007589496453363996
0.007618380393459917
0.007627270955232648
0.0076094747032375894
0.007608436480996164
0.007617893500747517
0.007674435468498677
0.007645464846578945
0.007638575957304918
0.007626253056605692
0.0075887200990242066
0.0075738803171092935
0.007559787149005707
0.007541447796553216
0.007524705633268532
0.007512222532984202
0.007516855390791414
0.007507683875847091
0.0075157088155926016
0.007508979143937249
0.007518691309971356
0.007514678178921798
0.007517153082164136
0.007484784818176686
0.007486684777236352
0.007458746118235128
0.007438271904376252
0.007433204790921918
0.007425800921426107
0.007419592675205921
0.00742597675162971
0.007419006830160564
0.007407290732554765
0.00738519138964921
0.007371966772176
0.007365115249450727
0.007321128577293978
0.007317721873377436
0.007309986822475052
0.007362064769921886
0.0073684110008585425
0.007356959872389435
0.007346130152409352
0.00734537678782113
0.007347326808705523
0.007349916668946626
0.007341068604481694
0.007317725009849256
0.007319361152270646
0.007316059763694528
0.007293023947378126
0.007308206630343346
0.0072939740509456695
0.007302993920180245
0.007292441980910312
0.007279818674520288
0.007240358045917767
0.0072247121356756126
0.007191082138201519
0.007179173465570341
0.00716336175980728
0.007164118652551504
0.0071526736306031175
0.007167787582186898
0.00715795666006243
0.007141217134475202
0.007129668914328543
0.007124163869868936
0.00711958642094725
0.007113682139189357
0.0071047326728555385
0.007099240133453694
0.00707965274011241
0.007110131666129571
0.007099075457104959
0.007099251695863281
0.00702592254208712
0.007015603836580585
0.007029101769763486
0.006974267798788383
0.0069679162117399955
0.006961913582306704
0.007156655634020448
0.007138647333727205
0.007131910213692986
0.0071261396543020866
0.0071166400659688515
0.007134943627062206
0.007134718197966759
0.007126942326207864
0.007121715509337627
0.007118375965281599
0.007161877205430677
0.007174211233943414
0.007166716915366767
0.007160523468381257
0.007170140763198518
0.007160393648127274
0.0071543497745287215
0.007122078850255439
0.007121446343888538
0.007120625753372423
0.007113913036646983
0.007147422093823376
0.007100713153968007
0.007102226778147777
0.007094491402811114
0.007087296344975653
0.007076585964731851
0.0070477285573513305
0.006931625999219481
0.0069229535512077885
0.0069151707982768856
0.006907001246983957
0.006890274196032569
0.0068819621575921565
0.006879380077951249
0.0068863604860014815
0.006873553689742201
0.006869680828576337
0.0068570648602479375
0.006856513688185852
0.006842470931506974
0.006829149567333692
0.006833297608196386
0.006825450379106597
0.006796408583588213
0.0067907829502418925
0.006783387893871873
0.006782190665833469
0.006783427302073321
0.006778560397397081
0.006773012585060903
