0.06258636713027954
0.04208841819005708
0.028384411183651537
0.024673962919041514
0.01976541658708205
0.015000746153028948
0.013772016478469595
0.012061422522593701
0.011027185095008461
0.009869652779095552
0.008985104902725045
0.007193002715491904
0.006371129778147276
0.006125411662893991
0.005863602644240019
0.005526418814791696
0.005209972838606014
0.005320508782843765
0.00507899881558842
0.0011037409415058344
0.0010307216057712633
0.0007820122200823589
0.0008156847319090349
0.0009265846660127862
0.0006645628012707813
0.0006295277093563021
-0.00017142674239169415
-4.5425788969090614e-05
-0.0006116573238008036
-0.0004961828841084255
-0.00042261459066139667
-0.00042005049137074064
-0.0004610472280867673
-0.0005021092186715189
-0.00033216097937030205
-0.00025700089070203444
-0.00013300694110129327
0.00017128652222872444
0.00020041146744915746
0.00012572412343593535
0.0001153431599266782
0.00011141807061544244
0.0001110208259805486
-0.0009244837904892241
-0.0008953807602823794
-0.0009178815776744778
-0.0010107384966128543
-0.0009778471350579577
-0.0010102753937826488
-0.0010251783273369983
-0.0015277745990785589
-0.0014951733179293782
-0.001501036642434041
-0.0014793815911451184
-0.0014969489561086186
-0.0017927577775257654
-0.0017964951106917175
-0.0017494404332325554
-0.0017150840474641877
-0.0017509024278222593
-0.0017788682396771502
-0.0020277957262892624
-0.002054052458788646
-0.0020102528071639916
-0.0019653968104676373
-0.0019258420263702023
-0.0019214394385070432
-0.0019161039925403086
-0.0019011650005787881
-0.001914142067363801
-0.0015574834417040827
-0.0010896561390637387
-0.0010948705921937538
-0.0017640159733127805
-0.00041052857972987897
-0.00036520044532507774
-0.0003610587186230056
-0.0003710244142629438
-0.0004377149577976527
-0.00029699467092912006
0.0007698131637259458
0.0007701928484767633
0.0007344450318019618
0.0009059807092639588
0.00090431617316553
0.0009102868169212267
0.0008580840220598803
0.0008868782667347013
0.0009300266300771099
0.000950690024862754
0.0009432164065203875
0.00093138848059161
0.0008820347397596242
-0.0011460030011413006
-0.0011350095746441489
-0.0010932470301208785
-0.0014876237370971266
-0.0014970837465726724
-0.0014830872063976135
-0.001557610377732441
-0.0014908785732247868
-0.0014058761996230075
-0.0016648881470036248
-0.0016178085177324696
-0.001596049680988215
-0.001528731450158614
-0.0016315579228089695
-0.0016438264574056153
-0.0016137853685160577
-0.001600071424069062
-0.0015572536016991638
-0.0015688325430483427
-0.0015733750230234975
-0.0016316935391248839
-0.0016426905190357886
-0.001695759671211142
-0.0017577898581633135
-0.001707660477612601
-0.001725811663739782
-0.0016510200251458119
-0.0016375167604743847
-0.000315879119159768
-0.00025565294708940266
-0.00036244575271848653
-0.00032907745041903025
-0.00032932152497255874
-0.0007312488702382331
-0.0008478402301115026
-0.0008379033423037848
-0.0008247620884892501
-0.0003864050797181507
-4.729891121054932e-05
9.322615749542578e-06
6.612201320455212e-06
-2.1556126204600706e-05
-1.1514128890249455e-05
0.0003529196237914082
0.0003087276536527438
0.000407764717134081
0.0004078121584425641
0.00039080348823786795
0.0004048834537958616
0.0004274714892744663
0.00038599892095903454
0.0004511347722480616
0.0005103940530054481
0.0004547923274151031
0.0006147135548557667
0.0006039122974228417
0.00024808373231678167
0.0002431584228983595
0.00040714779963452007
0.00040489244424093854
0.00038967958694669316
0.0003893437838437064
0.0005038883651059505
0.0005139220896275718
0.000548504933889855
0.00044213392202436744
0.0004589575387483965
0.0004379922867411982
0.0003929848226888579
0.0003918721226133434
0.0003383189833998166
0.00033309424626682993
0.0003732608659659969
0.0004015028915178147
0.0006337595845058764
0.0006272023022414508
0.000657634093335622
0.000649334370009032
0.0005418225917447018
0.0004929184174163784
0.0006554783294476296
0.0008087472999911611
0.0007835164031317703
0.0007741222120631804
0.0007716106310553123
0.0007620532300885915
0.0007434736178172951
0.001042562322214547
0.0010407165463732632
0.0010413272541526285
0.0009239439880066371
0.0009533301578998632
0.000941460504788621
0.0008865025229944021
0.0009044933402461178
0.0008916798117417396
0.0008832299057119985
0.0007505637864445205
0.0007459860408305875
0.0006606467046442474
0.000689409372549002
0.0007004941880022295
0.000683990851039336
0.0006934526893680657
0.000931452252143343
0.0009555836710933358
0.0008978903682674254
0.0008612562487181963
0.0008381844748108612
0.0008549897490821401
0.0010288373523863119
0.0009983030977309677
0.0009828726099528466
0.0008724344204613135
0.0009543925568179563
0.0009446833783710766
0.0009301798806445206
0.0009321094177446961
0.0009151961336195453
0.0008988122987668633
0.000880677733491824
0.0007947012045742998
0.0005751284402510798
0.00054240630000537
-0.0005063624826252474
-0.0005840517837813511
-0.0006248975867048392
-0.0006539964745464103
-0.0006335445582754958
-0.0006269937224325472
-0.0006226896153788813
-0.0006146074702939544
-0.0007686307885205084
-0.000781469293750043
-0.0008033467106562821
-0.0007740022549431007
-0.0007956322616805807
-0.0007944363571431469
-0.0008076600982860544
-0.0007962416126775864
-0.0007915649818816289
-0.0008206477671022084
-0.0009558874058742516
-0.0009485228073870293
-0.0009464356305090344
-0.0009586171880679717
-0.0009343640937849586
-0.0008858768397500584
-0.001014068635832615
-0.0012303800601822326
-0.0012503191137957224
-0.0012465236960873358
-0.0012436736545828086
-0.0012394137122042133
-0.0012650502592359816
-0.0012725237918202773
-0.001330227544079016
-6.648655067288613e-05
-6.466711487799692e-05
-8.094810825033847e-05
-4.049525624734676e-05
-4.707873978304722e-05
-3.160868758011466e-05
-3.9898560126583695e-05
-1.5103542376282485e-06
-2.0934025367479953e-06
2.062104041804026e-05
6.064259239875816e-05
2.3124094319019037e-05
2.9373922988076564e-05
-6.559208081596742e-06
-3.3395527796373225e-06
0.0002787605867950474
0.0002794450855576737
0.0003181659818525663
0.000350330741504741
0.0002798862553719677
0.00028149470910969146
0.00027433343204173207
0.00036463886961454685
0.00032982060976792044
0.00032545344863361866
0.0003086547059950911
0.00029325092050352334
0.00027875247361150055
0.0002582038498595847
0.00024464337052271885
0.00024252100266616847
0.00023401592980104314
0.00017857998426106642
0.00018249601294212934
0.00016415128945348486
0.00016435265222861168
0.00018221567688669804
0.0001785664208000517
0.00019311709083608616
0.0006474361944878849
0.0006505989123032936
0.0006595691919796408
0.0006501350470570693
0.000628860532335731
0.0006282335090528808
0.0007150900866801025
0.0007166944757387528
0.0007136172866024362
0.0007469917689741116
0.0007515898932284355
0.0007475930576298273
0.0007488808268354582
0.0007500080042805875
0.0007636018283951439
0.0007612809991187048
0.0007361816941966758
0.0007327309034404929
0.0007265658134030936
0.0007426416784930486
0.0007377022129058279
0.0007416923660620776
0.0007285794956213861
0.0007288823944922813
0.0007219386743455526
0.0007713338670754042
0.0007591862383897905
0.0004651967248273126
0.0004547398826063582
0.00046743829643673874
0.0004563937092423314
0.0004480586064363364
0.00041697547542530924
0.000478410048311127
0.0007197633283570974
0.0007429695386436697
0.0008054474546340506
0.0007978189193924723
0.0007936431788188316
0.0007976180286443024
0.0008750516712719011
0.0008949345636605111
0.0008893304154159377
0.0008887374567280623
0.0008641455016696624
0.0008382200224635494
0.0008235463612776475
0.0008219941681080089
0.0008132291849905888
0.0008168000327286249
0.00087997137433699
0.0008767945867246938
0.0008726148533841193
0.0008810780284896509
0.0008803216657817251
0.0009072210605732682
0.0009310228952410644
0.0009292541483240517
0.0008216737659466594
0.0008202344253991858
0.000827098016705406
0.000813694973244723
0.0009169347497513223
0.0009127561676139692
0.0009205550898168179
0.0009173154279104367
0.0008569807046535225
0.0008478572006973398
0.0008425419547168332
0.0008494675480404917
0.0008501593257175431
0.0007116259890126103
0.0006801730023277536
0.0006838549331635245
0.0006815442872434624
0.0007843983854161437
0.0006977670504606889
0.0006973042107189109
0.0007429700390152446
0.0007756960245928526
0.0007972573866421919
0.0007283381126262122
0.0007637798326666124
0.0007583089874366941
0.0007315122191406166
0.0007031186701072891
0.0006784705093685681
0.0006842592848688438
0.0007121839557419897
0.0007041393011413196
0.0007023750374682145
0.0007058045244699525
0.0006998382104416658
0.0006745516855441261
0.0006780314009391715
0.0006741464769192054
0.0006658328779132614
0.0006661133577170441
0.0006781609710302936
0.0006356548790697557
0.000583955540333379
0.0005774592256636182
0.0005753339706601944
0.0005766158265124907
0.0005878277878568778
0.0005741156591734534
0.0005763854952197714
0.000581052071927057
0.0005373659849392699
0.0005301930116183941
0.0005421416331102905
0.0005104142735727869
0.0005102343123915164
0.0005161495594953828
0.0005168431231904384
0.0005159052121473059
0.0005459703345361443
0.0005321207844841126
0.0005182501058931597
0.0005158314638609271
0.0005862354491755181
0.000582018302118087
0.0005711481296420706
0.0005977513530594745
0.0005940912450952679
0.0006125539324295039
0.0006105236346401805
0.0006210308643623309
0.0006196975421762263
0.0006135557183283493
0.0006126293392601422
0.0006081550545872948
0.0006027160965863408
0.0005919046726839436
0.0005818742161329068
0.0005771083189346696
0.00039766856781517823
0.00040856578748941927
0.000405134989315316
0.00039389772827298433
0.00038426439017851514
0.00038673481817062957
0.00032528899953508086
0.00035286487212532274
0.0003531768662124421
0.00035236534303285954
0.00035948634272983627
0.0003767901619635286
0.0003802889738518823
0.00038986176200110477
0.00045481997652558996
0.0004574734157194145
0.00046483528870341825
0.0006343972944795583
0.0006428488973970261
0.0006451863009389174
0.0006384546325817573
0.0006913850010213144
0.0006926211271860753
0.0006884865575638183
0.0006867503903704506
0.0006810447180979014
0.0006776818809719861
0.0006577819394445689
0.0007458528783620119
0.0007484744690915695
0.000748750935679279
0.0007492522308417375
0.0007502052559573628
0.0007506435259647727
0.0007533737367820579
0.000835537133193867
0.0008339940433701716
0.0008595780820918473
0.0008660651415133326
0.0008578083880808774
0.000840508847414392
0.0008413394630185632
0.0008508877566286314
0.0008495304842808956
0.0006273139116214388
0.0006163161271954668
0.000658626752851647
0.0006593493506804064
0.000657443955546784
0.0006558831248047443
0.0006517708365060095
0.0006517989290442227
0.0006307814851909242
0.0006454445033947801
0.0006627517127252345
0.0006600262090784529
0.0006369611460295665
0.0006478190004321926
0.000638026006540197
0.0005350216776489492
0.0005378130736659915
0.000537075448086338
0.0005434582028421332
0.0005441168875241059
0.000543613270283847
0.0005436022675132879
0.0005294715717463689
0.0005358165786151492
0.0005498258993464679
0.0005407727208993518
0.0005253916441463399
0.0005141124806339274
0.0003583942709888659
0.00035718704693135775
0.0003627074332900822
0.00035489077587167616
0.00035395365566312384
0.000360252767056827
0.0003494058522720828
0.00035447769204413187
0.00035176637134844455
0.00034595024121735466
0.0003091894768140495
0.000359132863020789
0.0003603295435449617
0.00035580222871089956
0.00033275288685481817
0.00032083718854130375
0.0001957065531208621
0.00017833536145725817
0.0001833936299129371
0.00016837514830509568
0.00017002333635361106
0.00014608882587568704
0.0001380685535038331
0.00013241183046288087
0.0001425485926723447
0.00014701055577544662
1.4183656672858176e-05
0.00015108778195994788
0.00014562410602555453
0.00018852734890308694
0.00018402519702426327
0.00018626322219135076
0.00018563499706977053
0.00018642165774590647
0.00019794192014320589
0.00019937852311557592
0.00019688910516914578
0.00019655128462138426
0.00019889953608552633
0.00020409706041634877
0.00018933110851306327
0.00018824529809838438
0.00019175662159770797
0.00019740580034599436
0.0002120981654261611
0.00020815580733944732
0.00025032955291787764
0.00024465558004728406
0.00023813150463761117
0.00023770489414790991
0.0002415628280443559
0.00023305046755756984
0.00024165319046533777
0.0003040639622285841
0.00029101120319093634
0.00016038204480356774
0.00016159579697430003
0.00016066501034434568
0.0001535826712803698
0.00019456560773658955
0.00019033676143406572
0.00018422696180745563
0.0001873583887978047
0.0001894555303851865
0.0001849879150754036
0.00011709497947718895
0.00010230853946042931
0.0001047526572038278
8.99859262489492e-05
9.049082042802663e-05
8.678431325507775e-05
7.877839408026519e-05
0.00012728196791321784
0.00013324080669167225
0.00012756344074701102
-0.00037280837877978886
-0.0003715993886884386
-0.0003699707133869705
-0.00036998357178632884
-0.00036716345398244554
-0.00036328950874641764
-0.0003651030342333455
-0.0003648310841977673
-0.0004368699696569073
-9.465177141998221e-05
2.2190057179987554e-05
2.1934254133763116e-05
1.3997344793425734e-05
2.0648532457216274e-05
1.7945819983193608e-05
2.368037599863863e-05
2.5744720779445863e-05
1.7529617822271764e-05
2.2850695869065468e-05
1.2907971058497593e-05
4.434760583792737e-05
4.7950131183748136e-05
4.730532068392739e-05
5.8309764731355294e-05
9.300276466445146e-05
8.494233498672377e-05
9.431342979951267e-05
9.697356596709156e-05
0.00016296714459885462
0.00017942594876184658
0.0001784466821243537
0.00017439222715175421
0.00012475006562706045
6.1463856128124e-05
-1.0225808541451502e-05
1.992806116992982e-05
1.5684560329660754e-05
1.1706697683493099e-05
6.4756688302353425e-06
5.548499686207245e-06
3.749987387123957e-06
6.996717931498095e-06
-3.5573986395605883e-06
-3.3955473663752293e-06
-2.3380274149554783e-05
1.9141336360770063e-05
-1.167477040003522e-06
-3.253165052753058e-05
-3.295790349710543e-05
-3.058426044294616e-05
-2.7590890474526644e-05
-2.671208602841964e-05
1.5924194517668678e-05
1.233783991063406e-05
1.9207308358982724e-05
3.020789414375485e-05
3.388961114170423e-05
-0.00021921230991398303
-0.00021635743995588382
-0.00020685564414587033
-0.0002067788144259948
-0.00018041011108283533
-0.00018639083053519876
-0.0001819481204824562
-0.00011637637620320312
-0.00011823092320757603
-0.00011660392551675631
-0.00011141677622250394
-0.0001140934308810231
-0.00013536813231308212
-0.0001344304961229746
-0.00013292143513925046
-0.00013856804563307823
-0.00014168507245173508
-0.00013429196482275652
0.00013175927206065963
0.0001317566619344197
0.00015416220636121314
0.00015274668750717382
0.00015142828041215509
0.00012865927922489553
0.00011195329898605746
9.222136484423533e-05
8.75541407248511e-05
9.814770353531962e-05
0.00010516607231384179
0.00010572133332695512
9.907643775154118e-05
0.0001971258328938461
0.00020191084080288621
0.0002028024168520272
0.0002188656817424929
0.00022022270038339376
0.00023314825925351885
0.00022125787149262908
0.00021329928390154118
0.00021264254690648335
0.0002615383045294011
0.0002613376636439905
0.0002653356533851141
0.0002848160779500898
0.00028691454544766895
0.00028111583951236557
0.0002804867955673749
0.0002689398882260193
0.00027624161630925134
0.0002736897884460631
0.0002709981490411383
0.00026689479599503345
0.00025384071049359535
0.00025546735606860207
0.00025525471900018714
0.0002374590144838196
0.0002260035384880862
0.00021683464885511965
0.00022066162642482134
0.00021853286648958737
0.00021644165071755807
0.00021821689191227217
0.00022589089033935695
0.00022167987774779742
0.00021893631825190037
0.0002177700255418745
0.00021545592172858325
0.00024457149107354724
0.00023366294954290515
0.00023599111570677298
0.00023530493369996897
0.0002262912949920627
0.00018779655823591347
0.00018329728759040726
0.0001833833345164153
0.0001840019388486782
0.00017153806519668916
0.00017504627631150432
0.00017029660111815318
0.0001528681864802933
0.00015995966957187133
0.0001514975452725969
0.00015034804030123622
0.00014670847964271515
0.00015589423464217123
0.00015489619401105984
0.00015698297597020397
0.00015612498305080962
0.00016427367744868227
0.00016142403763094764
0.00016144930687232435
0.0001878673850661567
0.0002248108222232717
0.00022448030347591412
0.00022146317847916065
0.00021955887296568318
0.00021300270466367404
0.00021794442900600067
0.00021978762458994857
0.00022254108818294143
0.00024949882314108846
0.0002562888214432873
0.00021512200036456172
0.000183705658538407
0.00019283324768521238
0.00018279680867912542
0.00018821830076098814
0.0001816110897180338
0.00018504433833758596
0.0001423485120589295
0.00014378456772952636
0.0001424479799589417
0.00014734026149780467
0.00014742374613526521
0.00016018518428560384
0.00016964288608783685
0.00012251042762739743
0.00012158905279492363
0.00012235643275264557
0.00012190192106451503
0.00012104705033398155
0.00012210777701531015
0.00012363409492671703
0.00036859254577820567
0.00039423826174303213
0.00039709792514576464
0.0003983984944834913
0.0003951271006122253
0.00039146457152397876
0.0003860395668150311
0.0003858066253199941
0.00038429309021499125
0.00038101684196165857
0.0003814563873989345
0.0003810908626274242
0.0003793260539050108
0.0003683121126254254
0.0003693774692597647
0.00037242542065445985
0.000357994213600132
0.0003570324556847543
0.00035329835198617875
0.00034987246868238857
0.00036128240391978747
0.00035896405944743404
0.000458035741748691
0.0004568666997143161
0.00045472975746196686
0.0004605194726618592
0.0004902727489538032
0.0004887404158321943
0.00048766463104261233
0.0004859576118754796
0.0004792323676174791
0.0004777640081585421
0.0004749262674471557
0.0004697156671074153
0.00046748605237197934
0.00046396122503598105
0.00046354150100238323
0.0004622808889810121
0.00046316167692860493
0.0004587034192469885
0.0004587560805581686
0.00044255528906352937
0.00041902406218784314
0.0004157281470486638
0.0004157443026883526
0.0004185107514667685
0.00041888416292749746
0.00041954931087078887
0.00045322398236159294
0.0004505392304237596
0.00045161640597297394
0.0004417249892302498
0.0004413219607921481
0.00044166833290371787
0.00043451759061684735
0.00045358249161250543
0.0004480599545651648
0.00044554181827561516
0.00044612743765575354
0.00044621183697286305
0.0004422593739735966
0.00044184770949143445
0.0004372826288892929
0.0004360269095087929
0.0004187501785908237
0.00041761110901600295
0.00040973635640090435
0.00042640219003365644
0.0004274681251288028
0.00042715429329336796
0.00042717383193236115
0.0004284346212587091
0.00042871934644584444
0.0004281030599353184
0.00044899936706908314
0.0004547787029000554
0.0004546245168989201
0.000458514538819346
0.00045791703390617665
0.00039244387551602933
0.00039438406342847906
0.00039416968101505873
0.0003935721636363095
0.0003945905983716044
0.0003918427103562338
0.00039459401162148883
0.00039436407809088887
0.00039260777029064556
0.0003966429408839728
0.00037317524914852603
0.0003696974529991649
0.0003718996447281627
0.0003660442609552276
0.0003659120047298793
0.00038984830070028584
0.0003482359782948256
0.0003291299290568153
0.00032991233296531187
0.0003219234460946076
0.00028736654326726635
0.0002856027354336742
0.0002688420339326142
0.0002626578312442133
0.00026203208332336577
0.0002622409955766521
0.00024213913058322944
0.00023962231467140882
0.00022632452588425332
0.00022975438152862034
0.0002251910499584003
0.00021351882935084177
0.00020620356282088708
0.0002375321299873163
0.00023173775117286535
0.00023360800608521247
0.00024161688596516828
0.00023736542233114696
0.00022715568453698714
0.0002204443854938654
0.0002168604206153933
0.00022833533971846118
0.00024070296269409057
0.0002657335487905472
0.0002617455971452612
0.0002596086165641674
0.00022333205682833392
0.00022479161991048518
0.00023159436241423077
0.00023112307670609326
0.00022755187360741456
0.00022873140646035935
0.000227860591726543
0.0002301445889176191
0.0002302433526887725
0.0002145340941006158
0.0002120360292656542
0.00020846472038551242
0.00020776469704916346
0.0002076376564593877
0.00020316245699944545
0.00020013784575326828
0.0002080623827814173
0.0002109691800455945
0.0002179485743051239
0.00021754416938629206
0.00021598583166284173
0.0002233418602312058
0.00021243070046768564
0.00022239631382838022
0.00022266883741833956
0.0002180869757056525
0.00018877384659817456
0.00018211665993450216
0.00018168223004826894
0.00018222713414603963
0.0001837135951363989
0.00016145735487673192
0.0001540978358373934
0.00015326784567374114
0.00015628890325242593
0.00015637235314231414
0.0001438769309503492
0.00015797105367420223
0.00015466246763801568
0.0001538778945682786
0.00015697313842491067
0.00017372672388338934
0.0001748356030569217
0.00017553650834636764
0.00018517144813391738
0.00019090259929450387
0.00018965873853901276
0.00018933278988697542
0.0001905745902058401
0.00019274295713612736
0.0001915247722468597
0.00018053881689293977
0.00020888934235500396
0.00020513184625891968
0.0002109995501667797
0.00024515555726285207
0.0002466709245252172
0.0002558552776261217
0.0002511727790421657
0.0002483768692745369
0.00026245022391922963
0.0002498563938136978
0.00024171056531687113
0.0002518423595966847
0.00025427755315027354
0.0002561151823795361
0.00026870597708722666
0.0002681621604145085
0.0002710835962261143
0.0002716053441116649
0.0002714542052960653
0.00027277748504083723
0.00027431160422328676
0.00027675054083252246
0.0002771957728745836
0.0002771609108106146
0.0002823123434014221
0.00023807801008846727
0.00023878539872472274
0.00023826823520710103
0.00024847808222589135
0.00025588173162608026
0.00025954862148931
0.00023668339353493048
0.0002467764913404154
0.00020876897144858574
0.00023287342374371054
0.00023317909284173508
0.00023196186770143488
0.00024012790303955107
0.00024064743248581184
0.0002389358694964571
0.00023652729433696227
0.00023330276502590218
0.00023200246648266384
0.00023393586656819478
0.0002333772911925989
0.00022351582947521798
0.0002220504562760236
0.00023438454691075667
0.00023471928984268033
0.00022879649554016952
0.00020035151327397915
0.00020112402941726933
0.00020041868683453565
0.00019292888996053832
0.00019230842530499267
0.00018732745752689453
0.00018458757909709994
0.00016954102562588428
0.00017161382899681538
0.00017000372424419492
0.0001631635944797763
0.0001699061370184226
0.00017315724735847665
0.00017516100129609868
0.00017252979020151673
0.00017450862864038682
0.00017381619851411056
0.00012301532763217646
0.00017282462669264932
0.00017226628655771473
0.00016429391828430502
