0.006079448387026787
0.0023772378141681347
0.004509268095716834
0.02307503651827574
0.01958697541461637
0.01674779665855957
0.020812626942642964
0.019007712408589818
0.016978777351323512
0.016958269174210724
0.015588485703725985
0.014370641859176638
0.01401293567947245
0.012887722572001317
0.01344359626091318
0.011777997735942548
0.011141727216050234
0.011718886123210386
0.011012613869388585
0.011081881158696929
0.011292923794826491
0.010741553757764883
0.01027423517856126
0.009807235454209147
0.012328532887085412
0.012353944596489544
0.011919466026094073
0.011516289942564666
0.011059202056397526
0.011007819253849915
0.010562781961652943
0.010239742283980982
0.009965362157826722
0.009670477690191807
0.010420324911845254
0.008843553941964325
0.008636670251833399
0.008450202339773592
0.008272265369669185
0.008045528092912807
0.007155102863699929
0.0068543993324436635
0.006714354134601308
0.00660149073777979
0.0046727620017760355
0.004737016343959964
0.004499302764997992
0.00458022926925748
0.004456477680068929
0.0044021930927342235
0.004363319959968345
0.004335526282787058
0.004213666183608841
0.004176016480249182
0.003986712069360821
0.003913131875155508
0.003819544161097867
0.003853908443766234
0.003994192000391193
0.003859272367677833
0.006462310219038982
0.006175310768340416
0.006099086030872056
0.006022537830778252
0.006491110619346285
0.007881856997585993
0.008066866288144783
0.008492394378940248
0.008138685023004652
0.007782325661588707
0.007718706495223966
0.007648388381324999
0.007554633471118976
0.00748953661318713
0.007392823782107656
0.007430369869160295
0.007442808459484531
0.005796348523014059
0.005729075399176508
0.005706039188540378
0.005633760166813039
0.005106675800276885
0.005056162769982446
0.0050886889212586744
0.004728984830022496
0.004293630012523799
0.004298614195663089
0.004397383049160523
0.004392202871612324
0.005981938044027589
0.005939376601694991
0.005855963017599987
0.005691768663924217
0.005633456914495725
0.005367853045906182
0.005290735995585396
0.005008193248632239
0.005601487999853696
0.005633807017147773
0.005494784852080646
0.005444122659694174
0.005395925537546309
0.0054202902978991345
0.005891284139666129
0.005892754907314533
0.005820652421440919
0.005811355455484266
0.005756894290610643
0.0056542516449222925
0.005549628129842488
0.005313264315840829
0.005273598818694636
0.005157371431108147
0.005122044801575374
0.004587299019476631
0.004710195782722738
0.004426043044200553
0.0043459813235994784
0.0043455772428084545
0.004579624208868942
0.004536760609895639
0.004523234653529876
0.0044788350704390795
0.004468991400324738
0.004448684316432464
0.004404812137890554
0.004357969043326191
0.004319237958113733
0.004285407225520779
0.004279513820030064
0.0042674329560020725
0.004226615848291061
0.004284515483226667
0.004691442026092704
0.004755714812156784
0.004734429889180132
0.0046838212071199205
0.0046246069524916245
0.004538785138824356
0.004433779922563331
0.004352159724155979
0.004277188250904096
0.004256931204508874
0.004255219921268972
0.004228548847668332
0.004231746877911088
0.004200663765840471
0.004184202704189545
0.004112760344481405
0.004121869562512929
0.004101048661189117
0.004020522740628461
0.0038458737569283578
0.004003925605924921
0.003982306542195894
0.00391011258381846
0.004459628437997926
0.00440940190799997
0.004390502382557314
0.0043610732166186215
0.004341279296455961
0.004083368963486246
0.004200732644055345
0.004198928676002348
0.004181188479849945
0.004152634532245232
0.004038441371709008
0.003945670680097474
0.003914432195939725
0.004277187929051649
0.004379125908768442
0.004297931706687606
0.004277087759257335
0.004501195816555989
0.004562071355725159
0.0052543417213545135
0.005603259074039954
0.005641259066207728
0.005919424796755061
0.004737473345581614
0.004780039048445367
0.004820926568332212
0.0048706602745211105
0.004846982809721263
0.004760174437016696
0.004519098040673948
0.00451139515179749
0.0044833551271554915
0.004453150799810442
0.004444292779854637
0.004412743286441883
0.004387410101088706
0.0045472254498667266
0.00449285634885876
0.004528715576215083
0.0044964783052916174
0.004499293567296443
0.004591632554694847
0.004548752321716161
0.004501426566840465
0.00447563829501551
0.004418461869575144
0.004383439715585312
0.0043695795910557835
0.00433504831617205
0.0042907967279127495
0.00426484893964348
0.004250422051442677
0.0041764724493813885
0.004153479227627363
0.004145879349380262
0.0041182984923451935
0.004081364660540147
0.003910281379615104
0.003986806919581589
0.004159185366274801
0.004168056836325047
0.004332441713668393
0.004118798550784541
0.004097838220644814
0.004091687427455061
0.004122312830509448
0.004104313898486514
0.004041553988742328
0.004041667090650579
0.004284778637052531
0.004111670924191311
0.00407264770494619
0.003848849383243558
0.003825057745967621
0.003773757903375017
0.003769042632390658
0.0037448947351728335
0.003695553197386731
0.003588999468651676
0.003908891361481841
0.0038986161567403773
0.003793817290658261
0.0037910258014259525
0.0037773988485970043
0.0037680384231546546
0.0039024240684162785
0.003880795463060836
0.0038302127666277217
0.0037853981522517634
0.0037696920754765003
0.003754160982357606
0.0037369656392436707
0.0037265060883946697
0.0036902908143954727
0.0036754422547794134
0.0036625224925711524
0.00386111490394875
0.0038498716420601285
0.003847063656479575
0.0038383114451471362
0.003779027949518463
0.0037744164424550588
0.0036266968872951093
0.00360020246968129
0.003511780130987735
0.0034711598109632286
0.0034182002322488557
0.0034024722954062816
0.0033911818951528933
0.003385052295053535
0.0033641092908130374
0.0033574244098079583
0.003339356938953709
0.003321473054110795
0.0034700850172639003
0.0035704146467408094
0.003557109325990568
0.003514420401320834
0.003511098222114251
0.003498234559225198
0.0034864945254209456
0.003417608944116464
0.0033950434175234723
0.003414628557520925
0.003403593763123481
0.0033936918988096173
0.003400579203283175
0.0034085829972785786
0.0033381683867694583
0.0033045077685237107
0.003302657754602477
0.0033329132967054504
0.003395596006257932
0.0033872241335686946
0.003344202142627231
0.003363014389132029
0.003365940775073466
0.003350418093747466
0.003356508910238098
0.0033431282695545483
0.0033402358866740085
0.003330327505684794
0.0033278548949116746
0.0033593995145789293
0.00355823054459753
0.0035547946145165947
0.003576269100521081
0.0035057260699476647
0.0035126902195318733
0.003580181005349986
0.003561469306597634
0.003502877755274258
0.003492644264042609
0.003481811293155827
0.003464781198230271
0.0034549544563659412
0.0034460796283661437
0.0034295350658505894
0.003430591232107054
0.00349451400163236
0.0034846876600876948
0.003498312971001997
0.0034929636070728516
0.003215593517034617
0.0031476524498836806
0.0031247718074572
0.0031080440821600022
0.003104055625399968
0.003092887238905575
0.0031127463673540127
0.0030917074071822284
0.003226098682678136
0.0032210447045641056
0.003474145377485828
0.003454472919054159
0.003451020808172217
0.003635681436785244
0.003617202293509165
0.003581124117057957
0.003571719866126287
0.0035433271445308805
0.003522510626050265
0.0035881196745964072
0.003489499075400206
0.003435008984333283
0.003268030892429518
0.003250195238167158
0.0032151088086285863
0.0031907406907568667
0.003240718601031801
0.0032659999033475976
0.003269585178521051
0.003254708776262953
0.003247080358988876
0.003236400847506294
0.0032361067851757017
0.003239731897255845
0.0032273049377565728
0.003200409730177422
0.003224370437940804
0.003215294454698599
0.0032107414024767538
0.0031842146597328884
0.0031748920989439202
0.0031497274094011347
0.003138685121261751
0.003141257221883918
0.0031347078703182793
0.003070281923930968
0.0030418968902339665
0.0030444242721466208
0.0030404714642332034
0.003035230934757556
0.0030290571229795622
0.003058290711906206
0.003066745266609671
0.003063463751440039
0.0029951075425487935
0.0029862723777501314
0.002971309528046748
0.002958033687203953
0.0029511740897887498
0.0029560901910659397
0.0029519759075588717
0.0029306286556884846
0.00292085400688223
0.0029152202095967064
0.002879792585490459
0.0029979369782659024
0.002912598316122577
0.002906843145556008
0.0028977227013414204
0.0030029529392031225
0.0030251877722227674
0.0030928931922860605
0.003131789951234951
0.0031004711996631285
0.0030918210382165122
0.0030935338966839782
0.0030811424105965084
0.003074103839830444
0.0031780642420653074
0.0034168892212437653
0.0034170932619084337
0.0034195116426399288
0.003450247199544263
0.0034062778408456744
0.0033741080988145358
0.003363482645904765
0.0033517001619605717
0.003343098130922135
0.0033331813454486547
0.0033264532218021414
0.0033044853005913745
0.0033006159778116726
0.003360053612725877
0.0033354953020930038
0.0033258708238605903
0.0033393019872829228
0.0033335880097329833
0.003493419885824065
0.0034862035844436976
0.0034784473108586456
0.0035040107807978245
0.003517311826243891
0.003554538553524912
0.003549661895189241
0.0035372714192764025
0.0035319481873681215
0.0034348894903141595
0.00341621799804594
0.0034105089260367
0.0034047955898723714
0.003341893247622979
0.003329446423120115
0.003337460819789232
0.0033250562065920194
0.003316793329568832
0.0033044421584862067
0.0033193080578242046
0.0033085998057191886
0.003304630995272359
0.003299045146542829
0.0032937565642453116
0.003286321503394684
0.003277923722536478
0.0031902536220595806
0.0031822568699691363
0.0030518792471884975
0.003049071504923534
0.003046223310060928
0.003082091136478232
0.0030719660190839525
0.00306093273523053
0.0031359467476547646
0.003129039903002038
0.0031262235276102376
0.003294041082583615
0.0032195865081783336
0.003207277324312823
0.0032163752054963197
0.0031717594273823423
0.0031727864408149682
0.0031454225906270717
0.0031404376247309938
0.003093907265981528
0.003078758242254323
0.0030641078897534367
0.0031163760133783936
0.0030991310178588214
0.0031612153157712024
0.0031544718906733084
0.003148901669126334
0.0031664954254171304
0.003162946613694996
0.0031544733777737676
0.0031537193812800207
0.0031470237540557524
0.003139325790115657
0.003132455179193568
0.003130409616566935
0.0031271528581164067
0.0031218976716104402
0.0031102583658884323
0.003090492081853624
0.003081707504630086
0.003076973359177579
0.0030656434470730932
0.003050701350636808
0.0030438766240542857
0.003088669232842906
0.0030797420820405023
0.003088316351067059
0.003083655279687487
0.0031486651509948105
0.003148369567604865
0.0031436402631060977
0.0031342424819152735
0.003142109328516726
0.0031742549330799003
0.0031496890106138303
0.003144324256090967
0.0031571094738865203
0.003146761987494584
0.0031267831416089994
0.003117933059369149
0.0030306067127935767
0.0030966138827352536
0.0031169741350607024
0.003111615462782574
0.0031016164203276084
0.0030877891833462983
0.00314128714894026
0.0031398841718207134
0.0031362550956792723
0.0033057639224384782
0.0033006252264994357
0.0032996517220630402
0.0033047160718242497
0.0032962941017634973
0.0033088150778237796
0.003310497964909184
0.0033482705349237754
0.003316291652490321
0.003310742764150398
0.003308913639981744
0.00329881519428107
0.003288955217711709
0.0033141090315484158
0.0033047729749657475
0.003297166115795802
0.003384442116277433
0.003377063757130289
0.003369837273005301
0.0033578136106446155
0.003351068774503028
0.003343849082858546
0.0033421770962156184
0.0033091883382025808
0.003269217079922505
0.003264012031247711
0.0032545315951173657
0.0032594831877018047
0.003304357574272346
0.003304883293100502
0.0032674677406908433
0.0032612370201464337
0.0032646337080790397
0.003260580805018657
0.0032529357142442473
0.003241573260387614
0.0033242790600317954
0.003317371957074845
0.0033353444798026317
0.0033583504472471095
0.0033661820022099563
0.003358915703027883
0.0034023837389303563
0.003394716240622754
0.003387871705815006
0.003385415884052017
0.003378927838193557
0.0033386419100517217
0.003297979274996735
0.0032827706310556634
0.0032581398980539786
0.003230776925679912
0.003221049544396187
0.003193912873534619
0.003160482749405001
0.0031908158854689578
0.0031898312901482194
0.0031821425968908503
0.0031767570999108818
0.0031711844466041257
0.003195233550000797
0.0031898242907612757
0.003184052751315428
0.0031823521844134765
0.003110393765782834
0.003114097431229637
0.0031070845357001583
0.0031251458002520055
0.0031196372887289108
0.003110802120649405
0.0031046383781477152
0.0030537962379795524
0.0030436087443221414
0.0030359589188944875
0.003044224021098653
0.003034722733681067
0.0030264791681237084
0.003005227728292885
0.00300349707494977
0.0030167957675536626
0.003012997013431007
0.0030001617265395177
0.002996826423461105
0.0029833030635872627
0.002977378364415152
0.002971346657380439
0.0029598607545179368
0.00295737765173726
0.002952806808197859
0.0028802064322624335
0.002919705447279897
0.0028057160513755342
0.002799364146369404
0.002793042638037186
0.0027915067932173356
0.002783629405565821
0.0027755111927474678
0.0028308665783488766
0.0028254591757721948
0.002822318474996565
0.002815202315149635
0.002821128043921049
0.002809802672020192
0.002807512368539769
0.0028033137695594353
0.002786586226415543
0.0027786868345828124
0.0027740978043414447
0.002769215537390431
0.0027589767045870677
0.0027547416623223174
0.0027502998236304146
0.0027547744427371067
0.0027630089313291748
0.002705998754807926
0.0027032094263069813
0.0026907509465198503
0.002688625339737521
0.0026725428851874862
0.002669213440769822
0.0026631030293359603
0.0026005274169186715
0.00260180376729789
0.0025986598268946458
0.0028610549800201788
0.0028469086026485326
0.002839748001380074
0.002832971121418381
0.0028253625474979217
0.0028184139529453503
0.002798650941832798
0.0028015733415904494
0.0028140761919777393
0.0028113890319911303
0.002801567582310926
0.0027883015910351843
0.0027987680810790706
0.00279447043323811
0.002796761475641431
0.0028067614964095984
0.002806465707420466
0.0027943549508474596
0.0027917827249404436
0.00278779390464756
0.002784383384847829
0.002782442708320972
0.002778911197663973
0.0027747770947798662
0.002766076606770126
0.0027646210856743497
0.0027595453891792947
0.0026726368024021707
0.002676817788955292
0.002673228478924357
0.0026741535144112496
0.0026830225293032464
0.0026821127468632426
0.0026760792519156386
0.0026716187821631825
0.002691658012825624
0.002685646556659896
0.002679877198769962
0.002649035426247456
0.002645253146163981
0.002640242471392966
0.002637558901772062
0.0026335481485008894
0.0026368880228774825
0.002634670177205739
0.002686674225307126
0.002680784620966963
0.002676216244091518
0.0026690622196320567
0.002664484932619398
0.00266201456300791
0.002725793297594633
0.002993202574753713
0.003020157467733003
0.003019605633987211
0.003055385662619458
0.0030512731116091223
0.003046182056305539
0.0030471845777172843
0.0030426151161244528
0.003037726589551895
0.0030323948840252956
0.0030285991152479855
0.003024083802252528
0.003046699923727071
0.0030537387693556086
0.0030495009608446067
0.0030449772678867813
0.0030433597262699602
0.003038353519094237
0.0030110223113173746
0.0030070884663884467
0.003002955179652337
0.0029978587240203887
0.0029921375052511115
0.0029900755506189567
0.002984502385319511
0.0029843372154109774
0.002996399864718546
0.002988011109489218
0.0029596223652628003
0.002958050015737896
0.0029532594042302536
0.002948315917953753
0.002944074208861116
0.0029300922454912883
0.0029274158287847705
0.0028926431165264806
0.002901203566572553
0.002894014315783598
0.0028920527327142382
0.0028884987631834645
0.002884132460269469
0.002960469167770149
0.0029730046975596025
0.002966303901310491
0.002978980911015153
0.002968906187085704
0.00296319128830292
0.00295811012071691
0.002977774610758111
0.0029701431798837214
0.002965414891381805
0.002963006725929371
0.002959643482612391
0.0029568582239264144
0.0029463563305680116
0.0029425670143986274
0.0029399010549802794
0.002934224831967526
0.002941874729405544
0.0029314257577245516
0.002917476633957513
0.0029243991066202116
0.0029216042805780143
0.002894350952521779
0.0028862454821903154
0.002878121391725279
0.002871547405472022
0.002864715242099036
0.002861040687727083
0.002816253155297597
0.0028087256494194997
0.0028067615296884884
0.002800149746121416
0.0027865563868358836
0.002779087948906752
0.0027783547713496476
0.0027706114514515
0.0027782113289010297
0.002774036354278789
0.0027665766173683467
0.002757628441582697
0.0027535813987711907
0.0027255695597199407
0.0027091229519167043
0.002649410251289192
0.0026463637603426006
0.0026476986749185047
0.002641641533751478
0.0026429397734496576
0.002648781798986182
0.002644895864450078
0.00263947354763635
0.00263918083284211
0.0026378017131151858
0.0026359349501371182
0.0026046778714757897
0.00259982390059012
0.0026022332348667283
0.0026066431364135285
0.0025779661332723555
0.0025761625901509887
0.002577350951250533
0.0025592725548222884
0.002555905014966785
0.00255408098154984
0.0025492523879737275
0.0025444757608216713
0.0025029535464025374
0.0025076504551538163
0.002497049093377192
0.0024962787053854556
0.0024989136156114023
0.002487931338235403
0.002489181155208844
0.0024828451265944177
0.002483306627736832
0.0024784637183159425
0.002541123570086312
0.002540351403087786
0.0025277693140030224
0.002520875691780461
0.002496489481961398
0.0024919361225369738
0.0024870051572734946
0.0024844179928301827
0.0024973691825014893
0.002493759523588396
0.00249869426305199
0.002502015770257117
0.0024990579288614316
0.002509422111742959
0.0025038155089843256
0.002480896484624713
0.0024907387544853966
0.0024854523623063216
0.0024844089720101846
0.002493894461025998
0.0025208887773128254
0.0025188800240777656
0.0025632146377469406
0.002557281895832275
0.0025480381899194416
0.0025473626793831566
0.002551572572693538
0.0025535687293756497
0.002549794054223422
0.002544703531868199
0.0025406567085926256
0.0025399783746008694
0.0025329882249227
0.002521456759309328
0.0025181884023173324
0.0025153120562129727
0.0024937908332128
0.0024942317017453567
0.0024676359087508017
0.0024833262695183704
0.0024803522797793563
0.0024981475297430954
0.0024965375421009805
0.0024993885609847907
0.0024991572480875628
0.002496786968209859
0.002496245804652382
0.002428801424533533
0.0024224391863285574
0.002415394321683888
0.0024145048305293324
0.002404373675001989
0.002409036930793434
0.0024052840440104777
0.00240161674362034
0.0024111242184388483
0.0023999468923074294
0.0023965720958537286
0.0023957650493908115
0.002390476301445099
0.0023940744819304603
0.0024061790641513306
0.0024034356900129827
0.0023999514304212446
0.0023989957288977604
0.0023947066527755557
0.0023897474339581687
0.002386877203660592
0.002386118514744173
0.0023907320709820093
0.0023887856093105396
0.0023859999813754884
0.0023807850019318465
0.002441685225083461
0.0024445950074819373
0.002442084642979676
0.0024505680883793817
0.002449391013509647
0.0024803627888314436
0.0024792046922195426
0.002491081489762455
0.0024889148315703066
0.002490241082687711
0.0024881800134473045
0.0024882344911654093
0.0024849491832300763
0.0024811650275047663
0.002488305839927861
0.002486664777877851
0.002491629218382913
0.0024859454988493193
0.0024841742605274685
0.0024719444832256962
0.002473140700587085
0.002472945417137254
0.0024675767048701943
0.0024629652029994273
0.002463256183805895
0.002454312393133199
0.0024482262856604397
0.00247784285652385
0.0024827524040724586
0.0024869183006245676
0.0024868249363640474
0.0024843488759470783
0.0024831265814734323
0.0024914780850662194
0.002484266588415117
0.002481883654757043
0.0024789988585256235
0.0024850538840110784
0.0024854063994670713
0.0024788715967774657
0.002484611353401398
0.002483892365159555
0.0024610908793865995
0.0024773989637251084
0.002477721235509222
0.0024747345344275423
0.002471176067438386
0.002471002414652312
0.0024645285240553405
0.0024603682871943144
0.002486463778986792
0.0024840892621796266
0.0024847079744426026
0.0024851596465327867
0.0024949534358735797
0.00248719209681183
0.0024897270426323037
0.002487796072080951
0.0024569634517888914
0.002462780927056662
0.002440010940214661
0.002351873554167433
0.002347247407716179
0.002377170361377722
0.002371825258425282
0.002368210931063855
0.002355758880055097
0.0023151996865962646
0.002313854525638691
0.002302461439099135
0.0022853236531149416
0.002284676889082079
0.002280923649675505
0.0022801415470913556
0.002278382532009254
0.0022714246341204555
0.00226912214596159
0.002265130240365768
0.002263109810839465
0.002263461402215245
0.002252321048627411
0.0022498030818667324
0.0022480788807839477
0.00224496640757159
0.002243457109386252
0.002250255913222798
0.0022464090547937745
0.002239708260351852
0.0022390190419833726
0.002243430867695283
0.002241334325733256
0.0022396670987928757
0.0022345065620110447
0.0022314917869733007
0.0022296153970399954
0.0022272792520005654
0.0022384310767329953
0.002235680229400866
0.002241330657482316
0.0022399710539794883
0.002236880811896496
0.0022190053585124003
0.0022145848149205706
0.002211606716898455
0.002209502670777582
0.002216544618992954
0.002212074566897328
0.002130314603459326
0.002127495359385552
0.002125229179142365
0.002123468437845895
0.0021216100536456933
0.002119100608540669
0.0021150510884717037
0.0021010112535858254
0.00210195093168332
0.002100459078223938
0.002098607130591408
0.002083842109469914
0.002093428466158841
0.0020872640348594093
0.002084675844542293
0.0020832779469014866
