0.011705764569342136
0.028614899143576622
0.026072829496115446
0.011702005192637444
0.0033333484704295797
0.0017767195323748252
0.005261274112854153
0.0036642722681992585
0.0018676452804356816
-0.002564314371821555
-0.0014392961359893284
0.0004178721529359999
0.00046113639005592876
0.004902710268894831
0.006942665437236428
0.006473930148572169
0.0052996711197516155
0.004471509502955565
0.004033896309556439
0.004162700741463118
0.00420156528178433
0.0036740864313248045
0.0032852102352383845
0.007359131244011222
0.012132499335656086
0.014587058207123645
0.014017761747319519
0.011953169347493558
0.016188535028292487
0.01433503837700212
0.014061084712011505
0.01524092335691393
0.018805429664686978
0.013173086618605468
0.01295518546248786
0.012450734452294134
0.01336074448619528
0.013272124315755297
0.012540722402627578
0.012597646425114715
0.011999045385025615
0.011954725284107718
0.008337379663399501
0.007906911664435428
0.007546315817466081
0.008687837998026065
0.00907413824218868
0.009057393238157484
0.008697871619369829
0.008287396991862818
0.00789359381843286
0.007724432430651807
0.006738373576404728
0.006809134017252781
0.007207491349877917
0.007049071241023112
0.006909554810182925
0.005721532362828942
0.0059778423533619635
0.005822427019278407
0.006366916299392013
0.006520860486604741
0.006295664496064996
0.006692761095025787
0.006354023164462745
0.006590475368230084
0.006472588569843479
0.006420390766478423
0.006186059281961722
0.005820661578261827
0.0064149143015836425
0.006198578786857626
0.004846276845971772
0.0052794781125461016
0.005246937071206043
0.0006325266115343167
0.001179035172427593
0.0011931697003944146
0.0007180932516348496
0.0008150447967726639
0.0004542101154717134
0.0005387292280007687
0.0002253062294108655
0.000265870277550724
0.00032363916601075546
0.0003916492388615786
0.0006212589016120664
0.0006107750749006151
0.0008478477196250479
0.0009182025230704547
0.0013200667517198933
0.001387507035096562
0.0010941187427577301
0.0011376502543785812
0.0012438463903284435
0.001135370632892797
0.0010836017282432552
0.0009674193358726083
0.0009563336073188073
0.0009683582921383293
0.0009692558389860077
0.0009212735254832878
0.0012527388781353867
0.001117195732825033
0.0009024977131597311
0.00045535960027982483
0.0005729457787108675
0.00041995410553239136
-0.00027207886874252766
-0.0005727533040241046
-0.00042833779246263944
-0.0004403822436162296
-0.00017343982880559604
-0.00021023051965091217
-0.0008885026884321477
-0.0009238338630256458
-0.0009952305428391765
-0.0009647741216281852
-0.0010569996564299832
-0.0009988550426754056
-0.0009524316625234506
-0.0009639531944696711
-0.0005698338777179893
-0.0005870285029523107
-0.0007419906965907814
-0.00033049273632804443
-2.407573583696241e-05
-0.00017704515737777734
-0.0001920414439295092
-0.00019569258616156904
-0.00026090285223979585
-0.00038256594356275784
-0.0002543240270417548
-0.00011124943546882135
-8.843691552208821e-05
-0.00011882745366829348
-0.00010353279176870309
-0.0001152471480924639
-3.203028505335724e-05
-4.5889263216356196e-05
0.00015370198730444638
0.0003068282979644702
0.0005114072559485442
0.00044939095868953567
0.0004052020444324186
0.0004993159261367376
0.00044594504563703945
0.0004903843627161249
0.0006008196983020725
0.0022803178995335757
0.0021689192588765786
0.0022300003036351402
0.0029778172274863984
0.0028627538020842723
0.0028521838386763973
0.002818923641165278
0.0028700323947086397
0.0028865118705046658
0.002961244159450869
0.002960986260003669
0.003000975694625211
0.0031980375571467787
0.003216483384986951
0.0032749452589390157
0.0029859550690687947
0.0029087419650227386
0.002875479922555052
0.0027796773535486
0.002768682192339943
0.0026214052810693105
0.002587298655186691
0.0026119664951356784
0.0026063368693877245
0.0025278130616061367
0.002553746936676111
0.0024286043704592596
0.0024079020462767983
0.00254056973196826
0.002532014615846692
0.0023252731372437607
0.0023105330266324515
0.0024776259765456423
0.0023913077273628775
0.002345736451900084
0.002382749137068065
0.002349492880879317
0.0023366983619548284
0.002360489831069512
0.0023899263316324256
0.0023505710612699683
0.0023114654886740005
0.002220282609178803
0.0019625611393232377
0.0020762188580985613
0.0020487748653086222
0.0019412729185934957
0.0019297855094808952
0.002415760657773468
0.002427189730806274
0.0024072930381276547
0.0024643874217728412
0.002584475880543805
0.0024926833952229233
0.002398085724789557
0.0024094500893148242
0.0023069843359669467
0.002263044279131392
0.0022996824054252432
0.002328138491360558
0.0025193162242577384
0.0025106226667906757
0.0024000175973343616
0.0023903578359886083
0.0021993696391799057
0.0021942532621324045
0.0021813934371690785
0.0021551637595237445
0.002176096191370356
0.002159985745410348
0.002152343418494463
0.002481885530082885
0.0024236013741919444
0.0023308156179544814
0.0022700973174586457
0.002179894628146439
0.0022497311846552074
0.00222232183244941
0.0022105187149443865
0.002178607633686622
0.0022161068407127215
0.0022074837772755717
0.0022812417046069004
0.002279301974091589
0.0021707107056615892
0.002201509792323151
0.002134105953105963
0.0021176955413450896
0.002058726326376393
0.002052971402129816
0.0020554743914167413
0.0020975688678522243
0.0020746953586363616
0.002097529185135259
0.002006544653274003
0.0019729545249317837
0.0018569660512777592
0.0018111438160215772
0.001785050375956524
0.001812371173524296
0.0018082506927073474
0.0018238453754632243
0.0018484581657823363
0.001936224381476969
0.0018395441900436549
0.0017588782399116081
0.0017992021514380023
0.0018591366194110968
0.0018472067512163668
0.0020858407124670995
0.0021141869658506123
0.002113179355803769
0.0020777656836833565
0.002163756489387719
0.002071678503702024
0.002103495291330066
0.0021811175646917875
0.0021399854350732557
0.0020740063897581574
0.002092303093026943
0.002063794696133934
0.0020628637110562784
0.002060706045452143
0.0022806766801760155
0.002262756709877232
0.0021204476762922355
0.0020912427473888935
0.002219589722444128
0.002252818977040501
0.002174931805036196
0.002314297502775082
0.0022709975816872525
0.0022302088645482655
0.002302269159974431
0.002289565470122747
0.002324947058829686
0.0023098854468332247
0.0023008336547718487
0.0024086853033487565
0.002407593698871064
0.002401860340924843
0.0024183201648443225
0.0024229585048671063
0.0023695641284575673
0.0023538489388972824
0.002498421810643677
0.0024886223859340254
0.0024983686112350265
0.0024473763178655536
0.0026848663984371025
0.0028887837727831047
0.002836401963360538
0.002772071113423427
0.0027638813730606507
0.002741922256937554
0.0026676044788925277
0.002662306441868584
0.002661704575335273
0.002653395783357339
0.002799816077270904
0.0028059905164888556
0.0028144710223177044
0.002820215389462032
0.0027938435486462966
0.0028013373835064047
0.003487259403657303
0.003480980505381654
0.0034384098841695973
0.0034271025201590387
0.0034415709210406918
0.0034653953343848874
0.0034607656932579087
0.0034229039594252803
0.0033611184700908137
0.0033442050998564797
0.0034275842248283578
0.0034189424391185127
0.0033557426805356674
0.0033260635807112375
0.0033322984535268238
0.003308565769357932
0.0031780319410924652
0.0031431099628384963
0.0031312782055814043
0.003092427366089992
0.0030845719663505264
0.003055725352460716
0.0030680382439140603
0.0030944966128168775
0.0031340818312053337
0.003128777861767898
0.003147125952248733
0.0031024051977643252
0.0031091668373170074
0.00308230046893173
0.002871130399403937
0.003030705869668203
0.0030836643673373843
0.003071834484430798
0.003025086925647753
0.0030051590958537207
0.003013861135844887
0.002662020413981349
0.0026713852080191597
0.0026169593882924068
0.002604528671745969
0.002585897411376952
0.00251017176481445
0.0025604108419343247
0.002612206372254553
0.0025632680456477808
0.002565848806474835
0.0024816147148764367
0.0024639589061665047
0.0023994721823901383
0.002395946940975237
0.0023754055546602974
0.002369900082276611
0.0023752026321261673
0.0023420614317040626
0.0023338768747792065
0.0023393395205212352
0.0022843945180796243
0.002259439291581286
0.002244619304547085
0.0022400256640004086
0.002216595603231541
0.002174671025064072
0.002189584646732139
0.002160857147521852
0.002147264654789084
0.0021514490411186533
0.0021334596669912932
0.0021475998700376886
0.002174245456895826
0.0021574676848575215
0.0021483684604649373
0.002155774275003571
0.0021617721755310144
0.002163052834340561
0.0021623748194877657
0.0021089408513276153
0.0021122291445839934
0.002110711512138693
0.0021110681285698525
0.0019864646230343336
0.0019312562474186855
0.0018668463792220152
0.0018640943010889666
0.001923067662792163
0.0015747310625513465
0.0016034271622937285
0.0016192578092863355
0.0016189734548725649
0.0016511718483130083
0.001772031706933899
0.0017271331386012531
0.0017087024678082389
0.0016999986804173545
0.001700499129876289
0.0017127295490212667
0.0017081937284035898
0.0017760930092837292
0.0017954034849316331
0.0018262935027407183
0.0018163249377231778
0.0018264960543820919
0.0018281488724328065
0.0017675586707577733
0.0017415018446627064
0.0016919325139443217
0.0017357792630675795
0.0017995831405113161
0.0017956573870181285
0.0017850241464261397
0.0015946414737449514
0.0016729689537317415
0.001640432939043803
0.0016206957639052823
0.0017499190911536941
0.001725341165759719
0.0017002741358198728
0.0016525671574718359
0.0016656412966608402
0.0016664972934930782
0.0016507169673269514
0.0016613080105941428
0.0016485824138452354
0.0016386908614145611
0.0016300903098123265
0.0016376169048257102
0.001638016956307865
0.0016397310989939348
0.0016118713332993505
0.0016016331092543429
0.0015748164766220649
0.0015676541647053953
0.0015707879386874463
0.0015734454049995338
0.001630622563405065
0.0015993057873421143
0.001610679836236496
0.001611670955054967
0.0016065077826822793
0.0016023120814090035
0.0015730212399559375
0.0015806065389200737
0.00158304702224948
0.001571208125166493
0.0015549365443091468
0.0015106437913543153
0.0015166004420055505
0.0014948006499972042
0.0014968099825135384
0.0014768061159874594
0.0014753061024569039
0.001481060239367238
0.0014789015053832122
0.0014899266213660172
0.0014722228736958477
0.0014428380284692705
0.0014417681989671411
0.0014443032569168267
0.0014434836000888818
0.0014741002616938197
0.001458176063970924
0.0014526542756082659
0.0014521281589158692
0.0014707221798934153
0.001440996113584939
0.0015002826452976488
0.001488507295926333
0.0015126791649269548
0.001501513396407581
0.0015101023974285945
0.0014951212726051458
0.0014921817477353608
0.0015051903184164562
0.001624181732196829
0.0016034685425122966
0.0016292167224427167
0.0015869091567890978
0.0015846470271829419
0.0015708419237109572
0.0015986406501274396
0.001579205134065329
0.0015898644720964026
0.0015787340125679608
0.001623330461731523
0.0016289128682692524
0.0016136037434071118
0.0016392134392631237
0.001646251027311695
0.001656298166510947
0.0016594847063142056
0.0016900894419946272
0.0017271239163663549
0.0017191071151393658
0.001744605398479361
0.0016918397954249667
0.0017077432653876718
0.0017073261822702064
0.00170030047919385
0.0016951439030770132
0.0016804610558184194
0.0016861881882195028
0.0016720986561295768
0.0016459822940705759
0.0016560327073380599
0.0016000395639051773
0.001597945470527803
0.001564380799616878
0.0015912094640605184
0.0016183047940290715
0.0016444102562187845
0.0016507818915251762
0.0016292790855008004
0.001667251076937782
0.0016675156544799772
0.001694805224103201
0.0017174478941364632
0.0016701505692869132
0.0017769907513920785
0.0017647086126552805
0.0017618589147285616
0.0017554695914441232
0.001748831290849248
0.001772593795401942
0.0017730357108230754
0.0017772635046707408
0.0017739030446572283
0.0017663345634494798
0.001764721943601075
0.0017710955373652646
0.0017648338923901467
0.0016859947414765957
0.0016876411247233134
0.001682429100111903
0.0017101918354071484
0.001703387134211051
0.0017117550726003835
0.001689799029839415
0.0016969350442078922
0.0016953558266513352
0.0017522973881568733
0.001701607703109413
0.001671797401178542
0.0016315235768542449
0.001633587646581753
0.0016203996443177181
0.0016246010979854121
0.0016296967811525352
0.0016125855690011395
0.001606831700321869
0.0015903334892087024
0.0015853791503921003
0.0015873401602865642
0.0015968534580294944
0.0015904348927631015
0.0015871687212717907
0.001589340276923599
0.0015747436238114916
0.0015853716672156759
0.0015846410533920299
0.0015843611055195467
0.0015730528553932418
0.001576103882041339
0.0014856864191582849
0.0015988803176802035
0.001684053086701794
0.0016805684562550478
0.0016972046767827899
0.001689780840327111
0.001677218614668784
0.0016592762414584885
0.0016563136569910052
0.0016394865282535929
0.0016251760991793072
0.0016124467386690962
0.001593771837089382
0.0015927642158271214
0.0015998240302193326
0.001643018862364095
0.0016361262308969059
0.0015106995114097894
0.0015083883355091138
0.0015789627564475818
0.0015826051989838883
0.001596072534822587
0.0015947718730603782
0.0016111980846400397
0.0016112388609123367
0.0016140822720521599
0.001592142440601086
0.0015933899900179393
0.0016130638590160114
0.0016067111107602823
0.0016365982280484239
0.0016417603449737678
0.0016436432994478437
0.0016467857852203937
0.0015829700546805556
0.0015749834361770982
0.0015583922497337322
0.0015632767611224849
0.001435191804694702
0.0014471559254833697
0.0014269049673564982
0.0014486630105015519
0.0014624440338886922
0.0014653636629362503
0.0014493114106193122
0.0014032027835977868
0.0013983045635727748
0.00139686706275679
0.0013891053596640157
0.0014170476414528369
0.0013599331940877958
0.0013601270984856036
0.0013549632566984696
0.0014289371421056592
0.0013922542445321073
0.0014876222858550437
0.0014883743159561798
0.001512893555203715
0.0015712393079931925
0.0015688933281968456
0.0015732297275764969
0.001563050564867115
0.0015838483632705886
0.0015892184044974701
0.0016012647656765183
0.0015996265652662627
0.0015912091742997815
0.0016308044794091376
0.0016328339315298498
0.0016317112364398138
0.0016245698846174524
0.0016792291453454735
0.0017073473692065665
0.00170420969924217
0.0017305993968445904
0.0017279542503991848
0.0017334357327592922
0.0017485722719481958
0.001733784044717605
0.0017319262903336072
0.0017383548984071227
0.0017178804734746499
0.0017086250925785848
0.001723175650663636
0.0016352094285977214
0.0016466363509720092
0.0016426450915403893
0.0016950949259308904
0.0017034754204873525
0.0016937183374256255
0.001685435437863276
0.0016834812477820572
0.0016874910380479298
0.0016847870020898833
0.0016909745675418098
0.0016992684965486174
0.0016995292708007553
0.0016902823701794075
0.0016756984057781804
0.0016670184484817094
0.001656946225840787
0.0015721928588624222
0.001575484195671057
0.0015523647934368636
0.00152878112899982
0.0015237392405730475
0.001519309816555574
0.0014933820591685456
0.0015176633183600688
0.001534308722587383
0.001524882810266463
0.0015639392857176905
0.0015592715335567815
0.0015712414882748955
0.0015938922038555515
0.0015920165090984293
0.0015945974807858852
0.001607463763785555
0.0016907056416893356
0.0017047453156593582
0.0017022496942606857
0.0017458596789759072
0.001727355172791119
0.0017566021140558528
0.0017680596328735814
0.0017612929695059317
0.001775151081264167
0.0017719296368618382
0.0017695955215839844
0.0017851784573723014
0.0018104971945548881
0.0017706040031577452
0.0017643891189667122
0.00176519460441694
0.0017873253934922516
0.0017659930697789868
0.0017724849390653838
0.0017517816770326845
0.0017533587368579802
0.0017622488789842306
0.0017603860274969
0.0017567952186185274
0.0017520969909835713
0.001753829769504705
0.001740023046003144
0.0017642656643585115
0.0017685446936768375
0.0017556500529613476
0.0017574028804392837
0.0017567679176793696
0.0017539648869897468
0.0017128846219572177
0.0017132431022306167
0.0017029451553979905
0.0016977408549543526
0.0016879485814456068
0.0016159428957163307
0.0016210300229382104
0.0016200260437788376
0.0016187939727634673
0.0016160331435610743
0.0016121256752560334
0.0015914267267657426
0.0015929143962009808
0.001561340576766067
0.0015651757158993964
0.0015619075036014973
0.001454988865052107
0.0014546063005560319
0.001447851089874428
0.0014669978888820552
0.0014684979007837404
0.0014803492616629237
0.0014709264344827822
0.0014676917144242916
0.0014625285483651233
0.0014421055409535454
0.0014449352640211466
0.0015008861487210863
0.0015005949272819071
0.00150679198021068
0.0015033372316729744
0.0015054312739505953
0.0015028459711031537
0.0014990850247786779
0.0015004257957080594
0.001511184814505228
0.0015274063204308622
0.0015273715577841505
0.001520264695052148
0.0015257684927973973
0.0015245710828620702
0.0015315512261374605
0.0015372842671902284
0.0015267044730068893
0.0015234183286269107
0.001548831720013131
0.0015529893345815403
0.0015288643142824742
0.0015126834972237183
0.0015132213839982786
0.001522360349500514
0.0015103363518182264
0.0015860352770347274
0.0015799813868363015
0.0015784286625019014
0.001590857312090075
0.0015904538555494897
0.001604600398024869
0.0016073297591701868
0.0016099165747669613
0.0017120540501707423
0.0017110889601076166
0.0016923247685013683
0.0017053378367637207
0.0017038145772939547
0.0017116898550931718
0.0017343893855496797
0.001706159982256107
0.0017109592986007433
0.001755636587791801
0.0017509742815747455
0.0017508407959030596
0.0017588415044547643
0.0018294106660067617
0.0018248346988021854
0.0017908354136998426
0.0017888258011745557
0.0017763470364826972
0.001793178739233919
0.0017929849232717575
0.0017844354771238801
0.0018181608900726762
0.0018309552016359113
0.0018267640210298153
0.001831081993408217
0.0018317102333324838
0.0018455332842158391
0.0018458579842106201
0.0018303589265556458
0.001924620287476932
0.0019179475849087242
0.0019229798126261593
0.0019219729288772712
0.0019148658389461265
0.0019191943704832985
0.0019041438176165542
0.0018962011229472628
0.0018955434049021892
0.0018875655490666302
0.0018867094796330888
0.001885501588585217
0.0019112121127966611
0.0019141729549442055
0.0019761608457254344
0.00197302535480103
0.001975754801252616
0.0019933490634025885
0.0019922743398394288
0.001979517733821203
0.0020124743802185114
0.0019916681078411378
0.0019896912409292007
0.001980906095345783
0.001979501624293007
0.0019833621511529714
0.0019920165005020843
0.0019844116031374113
0.00197198701610714
0.0019631505698634167
0.0019598722845433464
0.0019490831496344308
0.001946251886170907
0.0019363237904810467
0.0019660684563074186
0.0019695665651156095
0.0019512499888581342
0.001959818228738853
0.001957624253085773
0.0019477863981885166
0.0019482592791579428
0.0019638520525605795
0.0019609027523222558
0.001948618800860684
0.001951606656001179
0.0019568630026357745
0.0019733424433744195
0.001963154315097917
0.001962358292243844
0.0019664235161714104
0.0019625364285078325
0.0019585980738484267
0.00195866424895438
0.0019535262121078
0.001955872062228436
0.001957987301811187
0.0019522794640625199
0.0019522538074691416
0.0019496058292748637
0.0019540676881347903
0.0019291462828850744
0.001927537248794107
0.00190657005203486
0.001892625284064078
0.001889831030529097
0.001888885293424867
0.0018898972845583666
0.0018777101470346962
0.001895527479014916
0.0018893594704221933
0.0018688932915694359
0.001879036137273725
0.0018750248196942954
0.0018761850902382173
0.0018557210115093623
0.0018561927566236006
0.0018548352128312535
0.0018597886708367377
0.0018527216954810587
0.0018369628435365244
0.001831676015323903
0.0018424777730649895
0.0018345885204487623
0.0018290428232973258
0.001865909097547401
0.0018754146732353869
0.0018714450527548177
0.0018430995032608093
0.0018413682165889776
0.0018385596140934747
0.001840358907405582
0.001787192713481053
0.0017792670984348258
0.0017787852642355416
0.0017897620198614075
0.001787551187235368
0.0017953214698080908
0.0018036265691482789
0.0018032009239429565
0.001781575601319954
0.0017734121397205654
0.0017730285791944756
0.0017676546809683674
0.0017606492434784073
0.0017523620880048343
0.0017546726362845362
0.0017570463478241711
0.0017655287501150531
0.0017630656663560778
0.0017493185732275602
0.0017616940131747196
0.0017559972964001677
0.0017408717508172475
0.0017431317310291157
0.001746458322888488
0.0017238817806455517
0.001717512701910763
0.0017397677363394576
0.001741939120014047
0.0017495179628250661
0.0017637441200745354
0.0017802767483224978
0.0017758375872793507
0.0017637913720904988
0.0017686865334878587
0.0017745413380815301
0.0017709658800952879
0.0017668192366645686
0.0017711529161817537
0.0017382754325800847
0.0017759040839118402
0.001778632960637036
0.0017743590153680268
0.001790531748696699
0.0017876655792479024
0.0017886733540244913
0.0017559098345090905
0.0017576750334966672
0.0017535373509840134
0.0017414973758486144
0.0017331148679309908
0.001729886949366318
0.001728585896125882
0.0017267523456568907
0.0017279877230632031
0.0017288226627554738
0.0017275808249415264
0.001728690341096906
0.00172011362219169
0.0017183428959674967
0.0017269435631217616
0.0017256866838080006
0.0016988102658999852
0.0017222334759611573
0.0017141474084461572
0.0017152179034299066
0.0017158883727823558
0.0017128935845819556
0.00167077576022211
0.0016698097297361783
0.00167402932230514
0.0016231940610277713
0.0016538252117057673
0.001655203200005441
0.0016550428534029544
0.0016484066644375129
0.0016306483842978175
0.0016294196471725606
0.0016273205768863443
0.0016315847904722904
0.0016217628261604694
0.0016306824390378634
0.001745356684415417
0.0017213638221168898
0.0017244761666593336
0.001848422380241411
0.0018289797337432067
0.0019597359592780678
0.0019497771030743123
0.0019652100492499104
0.0019673500612776167
0.00197034430153714
0.001969319962809099
0.001966513004755237
