-0.010494329035282135
0.02650506794452667
0.047575850039720535
0.03866877369582653
0.040203261810044445
0.042140514456800046
0.03242089669220149
0.028932131956227944
0.0270648960256949
0.02435448547740551
0.02275517150216425
0.018826837167860218
0.016628950185674635
0.017085982253774997
0.0016150343144545297
0.00537681044079363
-0.009677961559241846
-0.007287866864843589
-0.007794177148025484
-0.009795425537352761
-0.008074678808704697
-0.00651913313397571
-0.006354681429608417
-0.005859860721975567
-0.005331583840485951
-0.003968231052298239
-0.0038553256017621624
-0.003096406625037822
-0.0017197152483277045
-0.001451105243646572
-0.0018219405355921502
-0.00286100534228326
-0.003052827056415162
-0.0029043296917474716
-0.0035335628296403855
0.0010661503167923624
0.000599804600872294
0.0006639947129700032
0.0005872502311831326
0.0010965321434480012
0.0027342877167809213
-0.00012583230611283493
-0.0002530227568720221
-4.041652557336693e-05
9.713435049533127e-05
0.00034651039118700137
0.0007946175925705265
0.0009628543986615775
0.0004340670420788222
0.0002658965554563139
-0.0003573443727173778
0.00023525747479343677
0.00021124556790002447
0.0010458936893635168
0.0007513728404384364
0.0005747840408922018
0.0005983209381971885
0.000441356506830049
0.0005362538387998931
0.0016127126520407977
0.0017521712673647747
0.0005975157125956479
0.0006183594341564455
0.0010774340874587112
0.001065802104263143
0.0010820213712251453
-0.00021235906067030392
0.00018240796550568464
-1.6965194871383025e-05
0.0006619580516355559
0.000846875653628053
0.0013294901526596857
0.001848651023858504
0.0018309667380526664
0.0016367078167508896
0.0017022255901852018
0.0019159417835255274
0.0014384304087821254
0.0021035057536209936
0.0022256423842828767
0.0020713557463661746
0.002036519810074873
0.00192704136688484
0.001939391746076153
0.0013475684126904022
0.0015492706744257238
0.001773381591192447
0.0018143318188010478
0.001737465581391007
0.0017193582658604776
0.0020561120890425118
0.0017693524852254864
0.0016236802317856004
0.00177422625772459
0.0016034271890627383
0.0027076206422055665
0.003482473369127102
0.0035020770667346596
0.003585927701788024
0.0033880302251436487
0.003332872447037303
0.003556502522963995
0.00406090434430203
0.003983894466156407
0.003986242909274363
0.004081418734505147
0.00434633438945403
0.0042953048886116086
0.004204213793855161
0.004202990202224806
0.004735520264408219
0.004684012634597258
0.004418023032740805
0.004360346249102251
0.004232785435682485
0.003586621616736183
0.003335130381224268
0.003418062152262747
0.003381810531330607
0.003060118079739663
0.0030260772165674426
0.002958465657174225
0.0029686438013619247
0.00302823074348271
0.0028946516492093614
0.002753644970824987
0.0027091799220215775
0.002645520065629553
0.0026104926077935575
0.0025004163075181608
0.002486174822093525
0.003416420998667977
0.003494866798743051
0.0034421398925284555
0.003467824573710781
0.003424904084879988
0.0033852340606297716
0.0037715386820407664
0.004265826092367727
0.004105731742522608
0.00397824110056628
0.003863113649007117
0.0038535589087081885
0.004014239688243333
0.0040189449528666
0.003946801957984767
0.003897392722727682
0.0035733385855369532
0.003588613662868739
0.0035515230099689103
0.0036309938510193647
0.0035831930201038046
0.004184145915817906
0.004079831631914263
0.004276373543036291
0.004270017118887253
0.003954671884745455
0.00392118021084359
0.0038848944372148263
0.003861627316605648
0.0038651982616966624
0.003602988898691271
0.003575788354061022
0.0036097763702414485
0.0033516940490359516
0.0035057690661696134
0.0035913210515337557
0.0033956068659548445
0.0032685464114525957
0.0032488925451254853
0.003219253058358485
0.0030919529946461704
0.0031260361185099328
0.0024516142688558572
0.0022123658983962905
0.002051840036105112
0.0022108442764179888
0.002349164107666148
0.002215623337866014
0.0022596873916062984
0.002273027748982473
0.0022525701940929914
0.0022520184015182012
0.0022450740367325177
0.0016883210803542333
0.0016217613387305076
0.0015051951179865437
0.0017450047335365705
0.0021996247085840693
0.0016755318477584048
0.0017459522053589664
0.0017308218596464543
0.0016552727092201494
0.0016704596788025446
0.0017802493512506928
0.0016520053052537264
0.0017075233103829735
0.001682118106113944
0.0017577395500848077
0.001892687475415346
0.0019318702276842215
0.0018296591539550672
0.0018418934475858794
0.0019681126611852434
0.0018966306341151957
0.0020794501569760962
0.0018385124550639803
0.0018177837112241177
0.001819510443601758
0.0017542445560987886
0.0017594634692562432
0.0018594077019842932
0.0019914790793217584
0.001857881252870484
0.0019760166377872576
0.0020056671858872483
0.0019632429701549542
0.0020106437166336265
0.0021349033981096005
0.0021979508218797966
0.0021899810274811217
0.0023240669622115228
0.002281665018277376
0.002297031931165192
0.0021182579726013724
0.0021956553744226035
0.002037077090343493
0.002015276354489498
0.002200974080630618
0.002565578474901068
0.0024116313795494878
0.0023655414745179623
0.0024564398281499106
0.0024369601298995474
0.0025158854481622073
0.0025380205123327706
0.0025550045930005675
0.0024840185578491655
0.0025752262037713088
0.002567633163353962
0.002398384284720687
0.002397185340983633
0.0022842126829763425
0.002453147000348082
0.002608300061760153
0.00251221648127082
0.002512578274153414
0.002477667515117481
0.002379310250282288
0.00214000573136892
0.002199574920629698
0.002259725373488641
0.0022376799996296957
0.0022559944777658172
0.0023923808639665367
0.002377986694153413
0.0023743393045828442
0.0023883842839769534
0.002359923096194577
0.0023623975627195676
0.002343059552101177
0.0025973357676312386
0.0023957445333838805
0.0023676981226945265
0.0023741193169980013
0.002363263408100575
0.0023145605690530575
0.0022669107669213147
0.0024436516844650253
0.0024151014204040807
0.0024314407322997477
0.0023845505762944215
0.0023814184966337373
0.0023454343203709207
0.002341546309543301
0.0021860421749104204
0.002121257879427909
0.0023747317742900155
0.0024608809856415197
0.0025801344522361205
0.00256867336455224
0.002536970337765627
0.00256436341011759
0.0025513459619935274
0.002645492381326711
0.002679582815236032
0.0025452622990592825
0.0023881754224433544
0.0024463464218946497
0.0024284921617317573
0.0024104836209093484
0.0023945041881705733
0.0024242023852270498
0.0024257935388250496
0.0024065574628341865
0.002400485249369496
0.0023872674301801083
0.0024114479098615413
0.0024066642180938895
0.00237893719018044
0.002382521475750077
0.002386715105410493
0.00262465717873726
0.0025716935961934756
0.002547612861734724
0.0023172452098975133
0.002348646068569067
0.00242210480419943
0.002392729959683493
0.0023737736905391936
0.0024441084068922256
0.0024133443900461373
0.002374459890564192
0.002364585092402108
0.0023545525092012664
0.0023084721004308353
0.002285372061323984
0.002503319027057052
0.0025038086863787613
0.0025272934470540404
0.0025012292158037935
0.0024936856718549374
0.0024650199205850333
0.002457252643071115
0.0023949361328418407
0.0019323989654256072
0.0019136222200780517
0.001883994810223738
0.0018858173865627386
0.0018796363125873161
0.001819364767569308
0.0017929923942301411
0.0018415431409075991
0.0018249040042091884
0.0019314570087035896
0.0021008346440513736
0.0019235049678183562
0.0019459175155429403
0.0019362480444696673
0.0018940071784959462
0.0020127861787107557
0.001944077856575326
0.001939002473887359
0.0019763751367134026
0.0019228595041136947
0.001920547106193233
0.001915603396235215
0.0019155150687356704
0.0019085365312639614
0.0018600224246313399
0.0018861463750826334
0.0019040641580344228
0.0018899622496604215
0.0017721341311288858
0.0017738237987165175
0.001777665511377583
0.0018412168519818554
0.0018439291758154067
0.001824667720453968
0.0018229419596098519
0.001815348660518049
0.0017953970696913072
0.0018147599365585217
0.0018099932126423384
0.0018159276537442583
0.0018399293046036712
0.0018374669155926538
0.0016125100892340643
0.0016242860036515118
0.0016656428666278896
0.0016599193545761234
0.0016566930881725746
0.0016530627615667028
0.001592467997649994
0.0015919740511735451
0.0016042312280387936
0.0015816294331218736
0.001601792955923134
0.001614882633217156
0.0016227793136016967
0.0016035861022942887
0.001598629806828733
0.0016105458543809914
0.0016496909812150225
0.0015948496455760362
0.0016113522610171674
0.001542205073156324
0.0015673687122148697
0.0015395910723525906
0.0015475979911701158
0.0015370588563961727
0.0015881263245351527
0.001522633400685118
0.0015265587268948337
0.0015495292573912663
0.001512069510780122
0.0015091075796745692
0.0015227688635967291
0.0015002125227692885
0.0014672087640963155
0.0016012995055194976
0.0015143802043650803
0.0015734016859202558
0.0014627541823206286
0.0015321632627764226
0.00153251937918762
0.001545931763829168
0.0015509556039292843
0.0016019149086787365
0.0016034451214392122
0.001600413908129411
0.001634709238767856
0.001702834756960271
0.0016926570800736163
0.0016798593362112183
0.0016853230121716904
0.001589376284955593
0.0016041766259436404
0.0016131302202882667
0.0016043789296191421
0.0016012595013273393
0.0016259622132836625
0.001641051838511353
0.0016465554432601066
0.0016805026682622255
0.001798920316175357
0.0018050014609500883
0.0018500411333958564
0.0018529433255871691
0.0018595620422781252
0.0018748697246135431
0.0018600159328133535
0.0018789535986186083
0.001931251242627047
0.001799114731720108
0.0018028813401688402
0.001731937351660775
0.0017310024616942292
0.00171714824732176
0.001718369503937135
0.001705475312959754
0.0016971446847231445
0.0017365650370544515
0.0017952106863958752
0.0017848629621575337
0.0017205437958035797
0.0017214619637927941
0.0017372315040338913
0.0017472379170552197
0.0017870832164604065
0.001768355506318528
0.0017677171512187717
0.0016908326492599197
0.0016664704056853258
0.0017121553623917602
0.001698414346220275
0.0017629828457260503
0.0019053039084884083
0.0018857687513999454
0.0018643501326489741
0.0018555118406715083
0.001853234652040343
0.0018449060047526565
0.0018794435902275844
0.0018540594937335277
0.0018586361570055922
0.0018480756293878288
0.0018746791464742767
0.0018977038631342012
0.0018823518636950335
0.0019038366962515776
0.001900050477497624
0.0019036001792727213
0.0019201609158680136
0.001923552747519184
0.0019198685124664386
0.0018625861047131447
0.0018175272280454835
0.0018069743615039139
0.001754469543146289
0.001742684668773173
0.0017533935220537546
0.0017592856200295982
0.001744514465609268
0.0017481068438271142
0.0017216298623702316
0.0017113442647881086
0.001717793013859333
0.0017154060482054629
0.001657498987834254
0.001660366496940785
0.0016363820220893024
0.0016272649904399612
0.00162549886233385
0.0016336813946655905
0.0016620824531541009
0.0016927547104098933
0.0016892681122915672
0.0017079427730932366
0.0017859537322378574
0.001811224978807451
0.0018524841463485378
0.0018756835899463144
0.001747404229291254
0.0018061241378587594
0.0017767950062788347
0.0017319311828462055
0.0017256072254598508
0.0017219285761159119
0.0018978761606738104
0.0018817418938112955
0.0019416843763528555
0.001956916099579793
0.0019654867969152692
0.0019674155788210516
0.002023505670894649
0.0020308076755697012
0.0020002524118306587
0.0020219290259354656
0.0020141289388167
0.0020128315935699515
0.0020111347047554644
0.002048155300616676
0.0020509814681385513
0.002045584314792929
0.0020379748395491708
0.0020579182767257657
0.002069277581330768
0.002060142408848855
0.0020854403763312743
0.002366045136148018
0.0023685770521172387
0.002292783746328197
0.0022802433698322785
0.0022600235284943354
0.002202975231016209
0.0021887861652207584
0.002198330623762732
0.0022171038249022483
0.0022132980008426686
0.0022634546966169536
0.0022584835313032015
0.002228921143930219
0.0022198598215371424
0.002273829084015733
0.002281975739892407
0.0022703005776289822
0.002271737180558417
0.00224995385672876
0.002347821469359335
0.0022918489082086667
0.0022748214398520435
0.0023097258147273788
0.0022576994622107343
0.002244320190414282
0.002234401238476732
0.0022307201127734913
0.0022419754435066283
0.002266767624964164
0.0022610914104635974
0.002247200947348318
0.0022419084253632844
0.0022930276170379147
0.0022687384841986306
0.0022718732741934095
0.0022785151196383765
0.002270637002984072
0.0022647493837394304
0.00226732701726417
0.002249632647028396
0.002270793038927355
0.0022911216921600087
0.0022851568226650177
0.0022986511968875944
0.0022823709467603387
0.0022701517732213105
0.002266559403591706
0.0022564031119530347
0.002291821620345781
0.0022940924000177322
0.0023004937673912094
0.0022985855914725425
0.002282080116333106
0.0022841048054546348
0.0022785618260124157
0.0022731826811371635
0.002268930714747505
0.0022595240471397194
0.0022706610669324685
0.0022708331429517337
0.0022590832422301403
0.002243583517565869
0.0023225246117399728
0.0023235726081952054
0.0023075037152377876
0.002295397192962627
0.002326115102048325
0.002262537371310271
0.002258013049795408
0.002297952291457882
0.002269686994012684
0.0022928820138711824
0.0022977502469545058
0.0022953901365582157
0.0022731301863015032
0.002267073570512644
0.002362416536997395
0.0023702551106444805
0.0023898244147202313
0.0023886147489397417
0.002390615158980473
0.002376515653851703
0.00235383469976484
0.0023889266636659863
0.002356039930217976
0.002355867192352747
0.002440215979131431
0.002470126741234572
0.002381326247738005
0.0023641941526740848
0.0023656288316797895
0.0023573744817803953
0.0023614235162592815
0.002358835060405544
0.0023004913254380263
0.0023131163881011407
0.002310153747834435
0.0023357533169005265
0.002327313827279592
0.0024079016298703213
0.002503542456722669
0.0024913959965390466
0.002527989290924764
0.002446941617307047
0.002464875654545692
0.0024606442597562735
0.0024667953531836953
0.0024475087188299024
0.0024300975130927315
0.002391420605779674
0.002380634053363471
0.0023795457618717678
0.00238171255787504
0.0023683218757194176
0.0023729657164251136
0.002368170890622984
0.002393066810035644
0.002381404967527822
0.002382110310248277
0.0023801978694276077
0.0023723407772373592
0.0023458720683638963
0.0023424162870778155
0.002328817336175781
0.002325023409001714
0.0022869869322036528
0.002329203898420996
0.002326073513887588
0.002341116998925853
0.002355563192505567
0.0023211106376219847
0.0022709164026375565
0.0022767344744571297
0.0022880528278647087
0.002268673162923966
0.002264142568924636
0.0022913655396653698
0.002295659536018831
0.002284957029063552
0.002332984112929545
0.0022453354736171596
0.0022423710155930086
0.0022406992210392716
0.002235761906723146
0.00234867965617164
0.0023462452142775543
0.0023264930264639337
0.00231598381537979
0.0023359725908984027
0.002321890500597566
0.0022952948079457774
0.0022453717099041445
0.0022451416211267746
0.0021305376191132343
0.002104244200673473
0.0021155073447551177
0.0021255459398669815
0.002145124076545766
0.002110255611162004
0.00211881656047983
0.0021184412701749514
0.0021042600233559007
0.002097980724827966
0.0021102155716009358
0.0021272478173358085
0.0021305566728895067
0.0021221361961407522
0.0021102389147981807
0.00213454948902446
0.0021199444869987208
0.002120509939353635
0.002126839445753368
0.0020954554909580598
0.0020801491909685156
0.002111913241219617
0.0021474937054542995
0.0021499854855633674
0.0021304159309399433
0.0022136148215971653
0.0022144281402098937
0.002255406422295124
0.002263897202423574
0.002301086690543441
0.0023836121282017598
0.0023766265910009216
0.0023885096067222046
0.0023665356619501136
0.0023622011836229263
0.002360101514184659
0.002332348845867296
0.0023386275150142073
0.002333101176734553
0.0022897707709509715
0.0024182622935743354
0.0024603460958481185
0.0024644091398161516
0.0028113782631767753
0.0028174947319475328
0.0028162778701038378
0.0028106791799034085
0.002805442429990399
0.0027934124869048926
0.002754383747400405
0.0027636510164589386
0.002761561868302796
0.0027676568836473834
0.0027676425750364506
0.0028165532956370854
0.0028250332732765145
0.002832379104115048
0.002824424774770536
0.0028014433034781864
0.002795089437557924
0.0027963388400057006
0.0027965971984176136
0.002813333863780679
0.0028114127110804112
0.002810900670908191
0.0028142545005733453
0.0028152167685284958
0.0028180572379959755
0.0027925398183241672
0.002764809779082184
0.00278890113042134
0.002781553257350833
0.002761543906167551
0.002765670849364662
0.0027398760749353214
0.0027406295715321134
0.0027286291171809774
0.0027316645013094813
0.0027137939597693295
0.002703806007181444
0.0026758787018099335
0.0026434189357116087
0.002640963718397549
0.0026504146765660153
0.0026331036484651014
0.002634016870707727
0.002633355206690805
0.0026333965885703557
0.002629370619415639
0.002626622384166657
0.0026526913884839408
0.0026367255627378987
0.0026338932019869046
0.0026260977545667836
0.00262000916509806
0.002618876896042658
0.002625170993828394
0.0026995545989722722
0.0026652414392699855
0.0026594048860381606
0.002642558458625268
0.002648686408861357
0.0026564666819384472
0.0026528380160551783
0.0026644598935187487
0.002619718074783111
0.002571890790626382
0.0025227078633473167
0.0025206722092424535
0.0025181099303822983
0.002546807266123821
0.0025468409868112545
0.002563660266224751
0.00257972279688058
0.0025943647120671006
0.0025830307155229088
0.0025680521509449366
0.0025667655398391885
0.0025579557113271437
0.002546857595984535
0.002540938816266857
0.002520700020910727
0.0025155799861504295
0.00250247495379953
0.0024853843556651126
0.0024915443092870613
0.0024933223529888483
0.0024953216313133
0.002479266547474083
0.002483684533324718
0.0024798223895036494
0.0024715794394140566
0.0025164968943965165
0.0025069471759444685
0.002475348483512811
0.002472974321923485
0.0024704868579574035
0.0024384695320417635
0.0024299684945808804
0.0024417373717846446
0.0024309324471907907
0.0024328713651334114
0.002473500363423574
0.0024703783748154283
0.0024527740306581843
0.0024656444137350717
0.0025500425537853416
0.0025545287543921468
0.0025622081347118713
0.0024801497649334695
0.00232424169869795
0.0024524746712417784
0.0024261562133842418
0.0024147639017912488
0.0024166720746318427
0.002394490913571817
0.0024078089226870296
0.0023107880493245772
0.0023065215579770146
0.0022814864102841765
0.0022774084811629275
0.0022775141615207282
0.0022707724315258627
0.0022585731542693666
0.002259136264962341
0.002256092022272401
0.0022570219077942795
0.0022612447825162345
0.002242789662608648
0.002244594498621043
0.0022478468137642096
0.0022444997104566163
0.002213479529799596
0.002208674775664059
0.0022082210615353448
0.0021131365664396697
0.0020776138519150284
0.0020753547735519002
0.0020429558232260715
0.0020557996097320726
0.0020679201248587726
0.0020638620745887758
0.0020518455459316532
0.0020301657250749996
0.002039601190018485
0.0020315045594062435
0.002035956609135157
0.002031821062283855
0.0020125144623378104
0.0020333789065390974
0.0020474242663975524
0.0020532503391497226
0.0020543286166061713
0.0020493304453624967
0.002043048470309273
0.0018000447926996529
0.0017944730318419117
0.0017885064879014428
0.001785012848042019
0.0017773795460106644
0.0017669913848489774
0.001746864269375742
0.0017601848289265792
0.001658230421132945
0.001648064187343003
0.0016416133674590188
0.0016218396760979302
0.0016208781157219575
0.0016149028852715723
0.001620067113982976
0.0016276452474604354
0.0016399824279460507
0.0016397177391155242
0.0016440704125681009
0.001638953657282771
0.0016360619704452488
0.0016479841044714527
0.0016532420022667379
0.0016137453780958424
0.001614645396120896
0.001624066932837591
0.0016202824489809984
0.0016232107807462408
0.0016185929007846943
0.0016188556752486526
0.0016177388761546914
0.0016138446480389748
0.0016119080028306988
0.0016149348644025844
0.0016063344793673647
0.001605475766605269
0.0016042942806167616
0.0016227935381583308
0.0016331909336653133
0.0016302481056698986
0.0015629109835572294
0.0015607451885969218
0.001556638254645282
0.0015513784473491735
0.0015797097679814437
0.001579747718422219
0.0015624544972391153
0.0015041265372361945
0.0015160822075625296
0.0015164026758861355
0.0015137119024838002
0.001478529870990891
0.0014742348554886136
0.0015122830264759659
0.001529577104824098
0.0015274620493083311
0.0015041030723156055
0.0014959190047442704
0.0015154052151101214
0.0015218038316891706
0.0015139655108678768
0.0015093644951920755
0.0015230460313546477
0.0015189037302886456
0.0015375879391100714
0.0015217125686975775
0.0015121654565176564
0.0014915218593661121
0.0014895091542267015
0.001479988425810726
0.0014727924242278697
0.0014758664156540632
0.0014838655124778679
0.0014828128415651674
0.0014811492601095443
0.0014785844695063162
0.0014759199116745553
0.0014606397256091894
0.0014628286861007908
0.0014550508632805586
0.0014549471287712845
0.0014509857897909589
0.001442362200541991
0.0014382939015086954
0.0014312613762378216
0.0014262471234798664
0.0014472485620844915
0.0014445902637790853
0.0014420085616102135
0.0014355231700874749
0.0014528964826334306
0.001452864674304229
0.001447563005986535
0.0014077380973562628
0.0013934660615124326
0.0013942479242075175
0.001379224784271127
0.0013816729524133984
0.0013772394112602923
0.0013751524152997362
0.0013718411222020653
0.0013649144198677357
0.0013560327030904434
0.0013669813587265129
0.0013552223179993112
0.0013261679839017798
0.0013297018722701153
0.0013223144324056894
0.0013352848541493244
0.0013541764574210378
0.0013644208957710418
0.0013720918288103155
0.0013695962641782707
0.0013649951188886252
0.0013687378083833785
0.0013672589147890476
0.0013469894278620822
0.001343175089641224
0.001337531776642094
0.0013298339692338983
0.0013923730900423819
0.001395612814037205
