-0.0066396016627550125
-0.008894182741641998
-0.009487542789429426
-0.002981666103005409
-0.00584095623344183
-0.005534505338541099
-0.0004653075011447072
0.012482586730685499
0.009647408034652472
0.008266260466453703
0.007611489597669181
0.006465004412278246
0.00599687299524833
0.00469916188934197
-0.002898579703469295
-0.005106066086548655
-0.0051775682368315765
-0.006065734717259674
-0.005968870251672342
-0.003798429305399102
-0.003559336664197458
-0.003963664341110573
-0.0004904268668421228
-0.0004961031791754061
-0.00062899013237956
-0.0007575786331909944
-0.0010174046973198912
0.0014052206293101717
0.0022524195005341127
0.0021866466605945704
0.0020455409448914
0.0020276547681229813
0.002043856905348709
0.0021705096138508197
0.001753299039491039
0.0016967920016975626
0.0014956403557382725
0.0011241162324157096
0.0011856704877573072
0.0011484810327202452
0.0011135296330654202
-0.0017348145795336289
-0.0016177294045602048
-0.0015971906832419327
-0.00019105551536599823
-0.00020910705008761918
-0.00018136306486364064
-0.0004160156965312749
0.000636019200319425
0.00036404571865740134
0.00033900961324644265
0.00014691145537104868
0.0001310152411288415
0.00013297113208946912
0.00010033724954285314
5.5423412847807015e-05
5.0850083864824396e-05
-0.00011979629136661363
-0.0014034451764018735
-0.0013726584035540605
-0.001449387670999708
-0.0006938056046945142
0.0012295310441459155
0.0012567378148490283
0.001204927673935538
0.0011668220549429173
0.001124249192370746
0.0017987333364241451
0.0017967270302636155
0.0017529214930336954
0.0017292479474741015
0.0017055397554642002
0.0016626830578929548
0.0016413420553241553
0.001640634104804026
0.0016052926043517192
0.0017282102077539705
0.0016717648174528251
0.0030787244968450986
0.0030194246646715337
0.002841762895092494
0.0028517192840809007
0.002812373573674233
0.0030832259859273434
0.0030651830451841862
0.0030534229033570425
0.003044871349960556
0.0030904447022508945
0.00307152463598565
0.0030328316118627043
0.002975676865310602
0.002841489678542932
0.0026995280367121646
0.003723429445955462
0.0041165117762223735
0.004048744049589343
0.004043392315405964
0.0040401898010227035
0.003960195615509294
0.0038725841860459804
0.003822803126240617
0.003815225880334237
0.0037753249017931454
0.003720596850533706
0.0036073033795373556
0.0034720463357010675
0.0034515203397960377
0.0034276974528179953
0.0034357448112463016
0.0034061593158529295
0.003392314688426271
0.0033830843737866116
0.003352794166794254
0.003358408047073605
0.0033263491647536818
0.0033121176486144385
0.003564222823947837
0.003431500277717742
0.003927560854572225
0.00391269670686327
0.003934989480676752
0.003783325221398054
0.003755627846042066
0.0037048010659636965
0.0032537745826716927
0.0033466319910362475
0.0033158679494818028
0.0033984201940637513
0.003220272557295039
0.00322066335141293
0.003192210107072521
0.003162164128270823
0.0029991447167347723
0.0031328361887803893
0.003122320289227958
0.0030258339184997506
0.003045544824735906
0.0030143459926555375
0.0030476031934085807
0.008584725767219649
0.008615823138876606
0.008496108931473826
0.008531298887040373
0.008474271570368482
0.008409195147516141
0.008382906559256836
0.00849914499662732
0.008438949337742458
0.008373712264486436
0.008242501180780135
0.00840534522295026
0.008316843773963488
0.007703591570996701
0.007672369459572613
0.0077108555889982494
0.007651207509326788
0.007660258270058154
0.007322122152977475
0.007250804739760501
0.007193192748966781
0.00633174006406428
0.00628184946155693
0.006192588754635017
0.0061494712517632085
0.006124518418713358
0.005655603906893297
0.005619516078998765
0.005714244152486091
0.00571016802782919
0.00642662554033365
0.006375328220476448
0.006311925230133942
0.006275548483997763
0.006104692073755103
0.0060141654652893966
0.005956149235907761
0.00618789021883571
0.006008217519090004
0.00623314196652953
0.006232217774364344
0.006239512458825513
0.005945666295637207
0.005891088633649383
0.00585595971560169
0.005879341275509455
0.006163333788004279
0.006041599270479603
0.006064801793573205
0.005950091589367829
0.0059429443605440455
0.005902169591915181
0.005855233654083682
0.005837187694926322
0.005156728153143868
0.005149792559751982
0.005107570669526913
0.004809303739007607
0.005126760966666911
0.005115570984271474
0.005113399607915346
0.0050952553174644045
0.005018527560544506
0.005089224316821751
0.005193262029987217
0.005024059676269673
0.005274097674263639
0.005081596990888873
0.0051030412402798325
0.005045295341031828
0.00506244252290482
0.0050312516748062825
0.004757453815450241
0.004736214497349135
0.0047180721298710265
0.004696887069695989
0.004907557300025328
0.00487270758511582
0.006351378941087193
0.006341992643733234
0.006350705352897874
0.006230952062102366
0.006059099702076306
0.006031202836506315
0.006017733434823136
0.0057157821392725995
0.007167821023026011
0.0072550623007644624
0.007180521280113832
0.0072031182917113344
0.007149086036662436
0.007149544601910248
0.007107101448962983
0.007094314795683448
0.007142457647553767
0.007644321355301302
0.007615724518265921
0.007528082795033701
0.0074438817794098685
0.0073708125571405065
0.007172595804904524
0.007151262797807321
0.007115555500480881
0.007092994690925694
0.007066460345973912
0.0070278247819179004
0.007004218735637409
0.006956596890426409
0.006928253952256245
0.006900883253139915
0.006881051451425571
0.006864854924060644
0.006838634827764613
0.006787618837082367
0.0068194678879009785
0.006796114925862192
0.006878616419384818
0.006850831742096581
0.006862499302513384
0.006926679418617063
0.0068935563999573506
0.0068174450762569115
0.006792318302252296
0.00677803397383921
0.006746945576907039
0.0067193787017048616
0.006664508039535954
0.006627030626932819
0.006572451450865029
0.0065491005030775505
0.00651340134300308
0.006494337588692905
0.0064801308516717546
0.0064648952903706225
0.00639614021347371
0.006350865894078668
0.006307507425789152
0.006316000492935557
0.006280458707783437
0.006058304070289272
0.006038390397306729
0.006241964353655114
0.006341674321344667
0.006323268754552472
0.006302228680119466
0.006272284571951267
0.005940210461003621
0.0059183897010876224
0.005886745482699706
0.005857526415262525
0.005828052430177241
0.005605117447224968
0.005564717805410788
0.0055340711005308525
0.00551636743904842
0.005495547341598549
0.005463134863749798
0.005338606758493604
0.005337819370862033
0.005326679496647565
0.005319957401956582
0.00530668952069994
0.005283640325540092
0.005753017585017302
0.005720382791296894
0.005710882576666797
0.0057243351930853364
0.005732935672490218
0.005758146270757332
0.005792688879404122
0.005751671771740872
0.0057077575227315195
0.005682147310954862
0.005684081854153758
0.005665724137511543
0.005661581353959711
0.005800174032009294
0.005777598296684947
0.005763764867822206
0.005764972605766171
0.00552075574519237
0.005645891895413956
0.005632298306755562
0.005580084832655751
0.0055570730669513594
0.005535758100673238
0.005518486040698827
0.005465270480981869
0.005557627273706862
0.00554951834161661
0.005530564000014453
0.005511554216004213
0.005497542466220522
0.005460567783934148
0.005714508435565555
0.005720851469309967
0.005696127681417098
0.005673176988233619
0.005660315197770585
0.005642751554028919
0.005604571768376625
0.005686104737812107
0.005670145974549168
0.005667296922395113
0.005603321886535377
0.005582232218892846
0.005556280121701423
0.005543566000691004
0.005523122437666898
0.005662708640572555
0.005652862475155806
0.005636002579566682
0.00561722341309686
0.00560865802237387
0.00559468400999937
0.005572579136804037
0.005559310768882578
0.005524557111688893
0.0055543594132453225
0.005464492377884912
0.005453894404222655
0.005393065413653416
0.005367442291268773
0.005348586037143836
0.005335017184253263
0.005425900315299387
0.005794269931386863
0.0057715890494048116
0.005822224738377624
0.005855510503681367
0.005859741340151293
0.005836883192700124
0.005750867509089311
0.005745630421484936
0.005599646229568562
0.005578253181312829
0.0055562203965166534
0.0055239374195234815
0.005504713542684167
0.0055020979289685445
0.004885790339422666
0.004881607141510006
0.004888013265101431
0.004932032807990562
0.004825569415584441
0.004800949230875495
0.004794682802905296
0.004783808060142532
0.0047670460115997945
0.0047022962999061545
0.00465585310526444
0.004645069312369302
0.004635380806113153
0.004630408639779384
0.004572371556092048
0.004480091283399785
0.0045011754754930204
0.004507532374821925
0.00451263804848681
0.004497574265660665
0.004491722507324212
0.004661996764284668
0.004658528564868457
0.004649800093667899
0.0046428646469405446
0.004598450268011746
0.004598687221237501
0.004588524418460456
0.004576674629334984
0.004598482939941395
0.004623283662513492
0.004604067847078155
0.004615408457869493
0.004599360937913741
0.004596232116069506
0.004568196304052652
0.004543001922477005
0.004549754478652025
0.0045355088078527514
0.0045378737607236356
0.004526330931992894
0.0045728376705237595
0.004684914730938682
0.004659726340077956
0.0046156476248014645
0.004597741429659294
0.004592535733382997
0.004614806794579128
0.00461212579950735
0.004604685513017062
0.0045930064062703
0.004587514463175333
0.004676545154192814
0.004682646957334736
0.0046660213423799215
0.0051935233922107615
0.005183807155869965
0.005161338995459872
0.005145925219847764
0.005132522614076154
0.00514522775424388
0.005056424540678532
0.005056911944018827
0.0051127090445588054
0.0051061550099363445
0.005091008591271715
0.0052279152664769
0.005258089404281107
0.005233382192117014
0.005198241323135639
0.005184944778864847
0.00517124405112844
0.005158239007146494
0.005133868420671208
0.005125214087240819
0.0051304575533817
0.005125616231218188
0.0050987296144025095
0.005089397849988099
0.005075807862253304
0.005064560628882227
0.005094222888886956
0.0048294338564195865
0.004943769171404711
0.00489109448843851
0.004895313664059936
0.004891444463438625
0.004889668384523371
0.004868941862283319
0.004819162241635259
0.004911638642252212
0.00496535183545779
0.004926328000079211
0.004917642695173268
0.004872616129639361
0.004887709480338824
0.00488998793935978
0.004880095130757127
0.004864640570015281
0.004853834211705057
0.004840936208615298
0.004789230582682043
0.004838101915686386
0.004788159541780903
0.004784711186663657
0.004770446779879972
0.004759329499880487
0.004752583229808385
0.004699427048472879
0.004719416925099163
0.004694694939212655
0.004676476162238369
0.0046756557765337435
0.004703259425118058
0.004731473113725317
0.004728299388760556
0.0046776344610136395
0.004645942614612964
0.004635435358162982
0.004618459043907931
0.004612390083579638
0.004573332262341398
0.004585884322266963
0.004542307950032406
0.004533019348244769
0.004522377490028027
0.004512057523903271
0.004503853538289697
0.004490239956787388
0.0044798585075791425
0.0044251200625408165
0.004425037824233864
0.004417025699303118
0.004410372857451262
0.004392889404055676
0.00438561090794432
0.004379200378715008
0.004376926858763117
0.004364232855485809
0.004373390184376213
0.004374585746128987
0.004365803516440674
0.004361338827103044
0.0043421115562995525
0.0043331499814909516
0.004327100110728291
0.0043166810503342985
0.004310488737494526
0.004298924306516058
0.004408466961824567
0.004394077352168543
0.004383924107367729
0.004374441131845671
0.004394291678849254
0.00420919041756962
0.004190915514639643
0.004170831645175754
0.004170355304183482
0.0042129291987648265
0.004202981840595985
0.004190870948281527
0.004189120635899969
0.004195199569527091
0.004183188691780844
0.004179694606744201
0.004183673950394265
0.0042058108755699325
0.0041946803335022615
0.004182654191878321
0.004175787601773411
0.0041653153608511235
0.004144524518541516
0.00414452416518434
0.004135323433519214
0.004130112515318808
0.004162987132613056
0.0041567261700563955
0.004151749415899996
0.0041349098034136784
0.004078672688696571
0.004147389935647672
0.004122831333815771
0.004113010782815659
0.004114141220670455
0.004098405686760342
0.004090743996355145
0.004087694705528822
0.004076305359645421
0.0040685844629440695
0.004062740878547177
0.004064101054287885
0.004113926878331267
0.0041065142480776326
0.0040630921084368445
0.004059436036572463
0.004058820500656814
0.0040555641238859685
0.0040496685244833805
0.004056900722855925
0.0040443735085538115
0.004092866303265955
0.0040865221335198544
0.0040724467978911355
0.004068904899275812
0.004085883518962512
0.00408045914482127
0.004179999384479918
0.004172671506214814
0.00416471883566146
0.004153537813211999
0.004148151829363829
0.0041517709243291
0.004157758232122275
0.00433609069006847
0.0043877348622958666
0.004376779941142876
0.004423645035843624
0.004440376939421186
0.004434910669942453
0.004427449763873781
0.004417331722421069
0.004522556863440717
0.004473028989215484
0.004455104794563136
0.004448530173255318
0.004441242521622393
0.004440022209275446
0.004438346221473019
0.004424481664409387
0.004416387849635264
0.004415411590601377
0.004399443405989083
0.00439909739855378
0.004203546112808069
0.004082443801439136
0.00408575898073685
0.004080619298164484
0.00415772438081999
0.004143720885105119
0.004118360897160935
0.004112441044293479
0.004137766020005853
0.0041221346496912665
0.004115513070619501
0.004085260339011434
0.00407267964107803
0.004067241557079298
0.004080930083830114
0.004071605988614003
0.004080358637050565
0.004058350035637537
0.004045220902540511
0.004012834704573935
0.004036782400603423
0.004034361552092329
0.004032408163057079
0.004029516552234453
0.004030329397654915
0.0040279031241888625
0.003914117356657691
0.003910511328302813
0.003900365673069585
0.0038455085461413497
0.0038465248933179396
0.0038432011623774744
0.003844982012858552
0.0038332662757148135
0.003786967131407116
0.003774595867096403
0.0037736412912580267
0.003767961798313199
0.0037654171008989798
0.0037672240673259456
0.0037602199010690826
0.0037291471674222483
0.003454314515537828
0.0034515121900534932
0.0034619109939911493
0.003439438419632236
0.003442297344449655
0.003445696583604709
0.003405392126890148
0.0033984782912272853
0.003393472588561639
0.003388685701897229
0.003355973136908258
0.0033524268115631478
0.003345071637324535
0.0033272043441417696
0.00331588720695598
0.0033084737723504077
0.0033055830736624754
0.0032996961488317494
0.0033386844377306596
0.0033153643134627773
0.0033024755883581266
0.0033045398639341304
0.003214845375430381
0.0032059935052336963
0.003201600011615316
0.003208657004028551
0.0032222731350407233
0.003171107225340108
0.003145435756379262
0.0031165449011409723
0.0030947439245051097
0.0032057530259002767
0.003209727230970978
0.0032088043769821118
0.0032050406142514116
0.0032077761443071308
0.003198979301050916
0.003183594916662104
0.003174587363313966
0.003166650338228215
0.0031499424622079284
0.0031577848490563698
0.0031472591892040508
0.003136996409714379
0.0031676262251858064
0.0031622294695892055
0.0031589183298977976
0.003161715079362399
0.0031521604211816674
0.0031449453000941875
0.003111137170274503
0.0031229366530534765
0.0031288690453927593
0.003126541799756465
0.0031259543881185844
0.0031380048953938136
0.003097556301439534
0.0030664172898323193
0.003077439658818414
0.0031006085343448816
0.0030906443693179122
0.003073117077038707
0.003070239147652435
0.0030642852297216847
0.0030322783488170623
0.003035748446286434
0.0030326431919586736
0.0029836886525654804
0.003005166886722789
0.0030249747262007065
0.0030199850552589252
0.0030183670385585297
0.003016001056184298
0.0030188322321290403
0.003014354322130357
0.0030076498518754853
0.0030034634121383474
0.003004196293082361
0.002998264800530834
0.002994480870919909
0.002992663076225725
0.002986650218048411
0.002983515676429461
0.002982801702282326
0.0029800041043632143
0.002975071399461177
0.002970299773234985
0.0029869506236917445
0.0029831248870010154
0.0029760249425311676
0.002971367188506963
0.0029681701047108724
0.0029629855458542095
0.002986629643191971
0.0029853381615248427
0.0029817100729755716
0.002911912242799433
0.002910307462117379
0.002909878205670257
0.0029055442094967766
0.002900597707117579
0.002908287870049773
0.0029098097416613666
0.0029140654877519868
0.0029115383272590722
0.0029087943087003597
0.0029053967184650776
0.002901783177659927
0.002890038397323141
0.0028733034862062274
0.0028729312488211586
0.0028819996369787034
0.002877167388343568
0.002857105562928755
0.002854362057254329
0.002847489973023738
0.0028390696165112627
0.0028340262358988256
0.0028139838979453708
0.0028100064971048563
0.0028092654502711117
0.002800552121148123
0.002741052792504828
0.0027387274952024874
0.002717277918119897
0.0025049923614240415
0.0024938253957740644
0.002433812733429465
0.0024231089254480617
0.0024204347106171298
0.002415572794162575
0.0024264103552832992
0.0022606472542384104
0.002258460654160628
0.002258503868515727
0.002255277272240829
0.0022512626534503016
0.0022479101642173473
0.0022428415760999574
0.0025364023323592513
0.0028852265897521636
0.0028855617271608836
0.0028740064487389853
0.002879120393534382
0.0028804937881795863
0.0028715283891445342
0.0029443537174379092
0.002923757450583769
0.0029179507762104426
0.002911019735602274
0.0028957334163202324
0.002855330699511776
0.0028502550045988407
0.0028439768290288723
0.0029611031560048996
0.0029568963815988026
0.002955529100774595
0.0029550035161451287
0.002953942041680798
0.0029527731268720898
0.002949567881966912
0.0029614437980642265
0.002953448369777425
0.002954017407541135
0.002951451076092419
0.0029483201978620344
0.002943720480972677
0.002900744269430554
0.002840269156276735
0.0028374855833438475
0.00285324442391193
0.0028494603422604342
0.002847358111853386
0.0028411298887736688
0.0028368045111658016
0.0029607470043364376
0.0029463976563699934
0.0029370494636607445
0.002948963679222505
0.0029395747607752266
0.002928019323164556
0.0029228806455053216
0.002921039751188508
0.002918026496834394
0.0029086605814102576
0.0029055801844949615
0.002902644547034323
0.0028978863558129808
0.0029054768193155565
0.002904738643146031
0.0028940400443905044
0.002890030769059492
0.002868436756027628
0.0028397880466621925
0.0028350984963917054
0.002831307726900703
0.0028301707850555947
0.0027620746524964048
0.00276317012086521
0.0027431951673042346
0.0026504653332581926
0.002646460425670502
0.0026601860013416977
0.002660021312319049
0.002656567975984296
0.002650546047846812
0.0026610371858079205
0.002658663473298675
0.0026859794768285925
0.002680316507463698
0.002683444130710292
0.00268260656831562
0.002674642027624499
0.0026716742589153394
0.0026818293035057073
0.002810083768674275
0.0028094050935453495
0.0028069867147212713
0.0028032693861146114
0.0027503807845392345
0.002724512601664633
0.0027212846359227884
0.0027150789558251513
0.0027079972538440636
0.0027060692062646366
0.0026982444832770033
0.0026933651109230738
0.0026788791996046587
0.0026682399863409284
0.0026723055904639016
0.0026673486659738953
0.002656328368134289
0.00264994213415906
0.0026474434300522184
0.0026401657272676956
0.002638881261112669
0.00263653872676236
0.002634973708371504
0.0026319100604128448
0.0026277791701228557
0.0026320521244542704
0.00262850114636132
0.0026268170414897427
0.002620324088594362
0.002610221443238611
0.002613272215220317
0.0026037602283294358
0.0026109153318777316
0.002626709263640156
0.002625762348388733
0.002626142147744725
0.002623015376368261
0.0026139866324212855
0.002609812167089692
0.002607897113065824
0.00260051823387655
0.002671206723039571
0.002667841367299336
0.0026665625418243366
0.0026552291336670326
0.002656638660315901
0.002636258031736451
0.002619030324785056
0.002607634085742549
0.002568158599878302
0.0025539544367584794
0.002546994022298003
0.0025413431125864
0.002533982677877325
0.0025329218529529718
0.002549169573699799
0.0025431576772718995
0.0025386089063713633
0.0025403361527995528
0.0025642951839335553
0.0025624659037901186
0.0025639405553446446
0.002564287047561439
0.002561470271656295
0.002572630459715403
0.00257547660794832
0.0025756404996492227
0.0025212387937537557
0.0025136466778721014
0.0025060482284467753
0.002502309642508215
0.0025047316012205504
0.00250365158052515
0.0025010513118875134
0.0024981830324842073
0.002494612822857243
0.0024812278340419617
0.002474335296331744
0.0024704927783368593
0.0024656708998985434
0.0024714864149665626
0.002462015784620214
0.002439323476517415
0.0024256835685468343
0.0024266253144745982
0.0024219221003130946
0.0024383609665033644
0.0024352194811545543
0.0024323332400779303
0.0024356615013251285
0.0024331731331507012
0.002432174090129752
0.0024297736114401586
0.002422163989592949
0.00241402341016698
0.0024139704639487315
0.002418135284039744
0.0024270713222280384
0.002420056967273295
0.002420416358287066
0.0024119695514511455
0.0022754837983285895
0.00222497429655154
0.002223082884366368
0.002202122004475821
0.0021987077050682935
0.0021965418552603003
0.0021915998385764615
0.002191787636674154
0.002185066924973894
0.002192384589657018
0.002171831852928925
0.0021695887288077434
0.0021671260497763438
0.0021416985855152934
0.002139634837411905
0.0021367554935213112
0.002134669245182893
0.0021317472729046293
0.0021275407555742345
0.0021261456269646532
0.002117284717476118
0.002122416272360245
0.002120160666711683
0.0021189498041034515
0.0021183750029585705
0.002121305915418099
0.0021201205063644587
0.0021265864971547564
0.002124071010141047
0.002124076479795053
