0.28312861919403076
0.2364385575056076
0.19590113684535027
0.1867010772228241
0.2183297375837962
0.20026962459087372
0.17662516795098782
0.16739846848779252
0.15438303984701632
0.1430396783080968
0.15615750787158808
0.14119304458682355
0.13610589903380194
0.1259043671190739
0.12238564505241815
0.11791237093069978
0.11139057129104107
0.10507211199422418
0.09890588151756675
0.09538700815201516
0.08913880512541669
0.08218669755708265
0.08057750445247319
0.07021366292610766
0.06745282674315745
0.06507589211859914
0.05554917520411048
0.051905068849887846
0.04818464914181582
0.04605151616006851
0.044946463218366275
0.053074065842806856
0.05149852549520268
0.05465724872026062
0.05279496546912319
0.0514906776905362
0.05414123080156157
0.050878724340015134
0.04795875746640378
0.046934926058960776
0.048827999177211465
0.048600299451716775
0.05258522863732652
0.06006400588796372
0.06330535013694318
0.06082276226655443
0.05987535441818182
0.0585812702299837
0.060973248882219194
0.05939327712700355
0.05946205978174335
0.05853223634602607
0.05708582101700206
0.05587919609282504
0.05596284100153882
0.05437380608922817
0.05337139023949616
0.052189257603643804
0.05149295880304028
0.051562026425524314
0.051071826706550284
0.0500021020231384
0.05009437786793568
0.04961685415787191
0.0487455621460509
0.04785287362843083
0.04685632692074731
0.04611316235547048
0.043722560562725575
0.04293360795930658
0.04258001871251812
0.04108039316504377
0.039183110967781896
0.03667051530132691
0.03528988142007668
0.0345679818253432
0.035125500367333494
0.0348522370869789
0.03428663139929996
0.03376428211498776
0.03289611731860333
0.031887658243348084
0.025169168765257516
0.023258590555804624
0.02228999565637043
0.02420679465921104
0.023907504708569675
0.023904453908103744
0.0239488257172828
0.022962572142625093
0.02112695379132082
0.02075885548456623
0.020546170848203794
0.02061438447256623
0.02108174217573834
0.020782000802879803
0.02130838440332031
0.029749450080962213
0.03186645495239647
0.03081353084820481
0.029633531114086526
0.028894336717836214
0.02159754210599485
0.022092184020827233
0.025451522693916612
0.02392683758304639
0.02359703920902341
0.023256059407060044
0.02295897909101439
0.02235163571648637
0.022083499897105105
0.022061568936250657
0.021755865133743287
0.020088406356618467
0.020313784957799175
0.02016470812730747
0.0202835381121801
0.02010279749676649
0.019995744120872905
0.01980089507650678
0.019559649145612357
0.019536245771403615
0.01951243533685264
0.01885752758942546
0.018015659671084646
0.01786621898141376
0.017801572690586926
0.017476845971243687
0.01769735567235891
0.017632817051494297
0.017542666760908286
0.017425009366334954
0.017824444991063837
0.017835158276958054
0.017296005589955987
0.017532297812850924
0.017651694005125795
0.01758601985664088
0.017643001304739832
0.01737201936602435
0.017313236903569763
0.01721873705379562
0.017349094907533284
0.01811926861229386
0.019311005764717427
0.019400665072445474
0.01827869597488915
0.018292560553078197
0.018077317083564907
0.015332612774908454
0.015040289186321111
0.01496118109131513
0.014759519347594457
0.015441705747657738
0.015352533013822571
0.015313684910678192
0.014552821764793212
0.014419827744973917
0.014134874026058253
0.013876173651042574
0.013539255958878343
0.013397710483544089
0.01330288864314421
0.013303679375993947
0.013203456528002342
0.013097632019696936
0.012944183136347605
0.012983589649431904
0.013212579720215337
0.013144940856778843
0.013013562734433744
0.012882207283437953
0.012894868866765306
0.01385979006865196
0.01357855405975981
0.013850034456594865
0.013912603075961396
0.013558354879099907
0.013459241791214391
0.013307239548997832
0.013240427981325244
0.013064782990173251
0.01292241874414133
0.012140500782107998
0.011769250571046799
0.011987505923896882
0.012073543205104306
0.012105665554011638
0.01179112288610717
0.011701552065684236
0.011362512862736684
0.011512949401657521
0.011732272491742362
0.011706905081295065
0.01158420367603553
0.011508632883864474
0.01139208526030711
0.011289049943806103
0.011420417923945948
0.01132844114879991
0.011301244399279814
0.011232849493797133
0.011229725599097216
0.011274984277921134
0.01155292917183123
0.013014900528461406
0.012782486853001727
0.012691309273412298
0.012707502074495329
0.012610591865272688
0.012259017839755457
0.01223308796460956
0.01199275213968289
0.011985192574603976
0.011950916370282104
0.012243747849592502
0.012392593326619544
0.01224153854705599
0.012154726143291406
0.011993390572261571
0.011701643619023549
0.011666782673306345
0.011575290277375791
0.011454363996163027
0.012148467511705148
0.01214732877635255
0.012015797684924988
0.012040194820441876
0.011929433623774237
0.011931419542897913
0.011870115362147913
0.011804547408683634
0.011848925127305553
0.012720995491489468
0.012721811069996444
0.012659364090132139
0.012662396829833581
0.012601796469931745
0.012837932206942562
0.012871076204597627
0.012863110025963678
0.012843020097927472
0.012866492404652105
0.012714373273299835
0.012663002158098728
0.01220304338894937
0.01329966680514778
0.013272670322064192
0.013252393219620006
0.013182270017812468
0.013091140888660925
0.013354836720163424
0.013307538029726786
0.01318712619398083
0.013161690979814027
0.013042908003789312
0.01296519249083851
0.012929012633511329
0.012874537127432787
0.012920492290790382
0.012716079210304449
0.012736932343994582
0.01265190399355948
0.012660649690759506
0.012399128187864445
0.012293903392125702
0.012307715537495675
0.01230641605538494
0.012272807034336183
0.01210976476184819
0.012469874711635345
0.012482880177607453
0.012460878339381969
0.012387658221731821
0.012322294673852067
0.01298863559058576
0.012960604907485847
0.013057539539535182
0.013018261743127379
0.012703687133635422
0.013073579291400267
0.013329117827515651
0.01332324016126018
0.013344094845499003
0.013425813618659905
0.013345183050568235
0.013231633818375292
0.013290731731405856
0.013189040759080579
0.013224091814891713
0.01340365033375087
0.013278383518880676
0.013434072093623156
0.01342748919920207
0.013334640319462292
0.013303061111936796
0.013277532973861163
0.012803828689880226
0.012902008571739624
0.01286429484054583
0.01284841392983356
0.012675268512154647
0.012832828813866642
0.012787249120578296
0.012784900981856794
0.01292552087715363
0.012897199764772162
0.013445493950158914
0.013414805080185858
0.013360270820453263
0.013310427265913373
0.013286221702880685
0.013297635684113145
0.013266458322796678
0.01314019950149475
0.012439878682799829
0.01229746195336851
0.012257726141543577
0.012312935481531898
0.012365402876852066
0.01249889029524006
0.012472646151980729
0.01248667158299977
0.012440562322377589
0.012409915697998
0.012421066102725586
0.012428479009696923
0.01240174883253318
0.012939984722867275
0.012907101590892592
0.01297891891879838
0.013142532728788625
0.013199939555279405
0.01318215674255044
0.013056543404499764
0.013019329654771388
0.01304676709352227
0.0130355429793035
0.012999582408605532
0.01297570840961538
0.012918934664635909
0.012892632304830618
0.012815710294722359
0.01276138565195995
0.01276482751467158
0.012652060392236219
0.012627254080478288
0.012615736817606171
0.012484698240545447
0.01242717863554719
0.012507016132407116
0.012453755582306832
0.012645696939165195
0.012622799834033187
0.012542809191809999
0.01250962607894505
0.012483576800597456
0.012444969100136994
0.012426194545534801
0.012403399605656151
0.012186554941838833
0.012190404496400695
0.01203390604584186
0.012012121626909514
0.012408033394556277
0.012404541299286314
0.012376602528567435
0.01243663915615342
0.012413552885000418
0.012442216958199198
0.012380072472257768
0.012321736434650614
0.012257851289994863
0.012422792800546931
0.012407179932547184
0.012367930633370421
0.01234590839646958
0.012300369057756421
0.012265198372188018
0.012259124962306207
0.012594837359675684
0.012521720073865502
0.01272879947722079
0.012670063767612412
0.012627848937481376
0.012454946207283277
0.012418569192397116
0.012376460322905519
0.01231920340364106
0.012299801779897817
0.012243342188653788
0.012210752568551293
0.012436317317755083
0.012399059449192838
0.012208336032927031
0.01226835557135286
0.012259156829279718
0.0121160887793304
0.012112705970648674
0.012085893986272878
0.012126147068819187
0.011974130008975159
0.011958804603384826
0.012049954866898466
0.01203945318977876
0.012043682683867926
0.012081157812716292
0.012023504280933796
0.011989984558554503
0.011961872893365196
0.01193359801071036
0.0118707035753885
0.01184925544390608
0.011812471248860281
0.01176161700557434
0.011720214953101118
0.011686766353596235
0.011647906757308825
0.011613542671936254
0.010513333463267095
0.010501343302287481
0.010315727490940558
0.0103279272103155
0.010326484189752272
0.010291454604140401
0.01027401744233187
0.010195233401076469
0.010344904501182148
0.010356911946477932
0.010627249380024779
0.0106132001706606
0.010659693985506377
0.010633119100045997
0.010632544558163433
0.010602557951308907
0.010731717359298069
0.010705049641666398
0.01068867217714353
0.010627811499183404
0.010583081056444128
0.010564479920791871
0.010416591177068007
0.010470325608374883
0.01038373845467197
0.010351976235407597
0.010204556685355665
0.010263592634406186
0.010206156636107053
0.01024096476923053
0.009737827143726861
0.009794432797368233
0.009761183550139314
0.010088740221054458
0.010011836805299002
0.009988717067212664
0.009966512069032733
0.009865189986872813
0.009799721915567033
0.009803839962241113
0.009764561521539908
0.00975073177772634
0.009739831627545707
0.009727910181591762
0.009679944024631565
0.009570869753564913
0.009546899245214308
0.00955204496958141
0.009661747290115392
0.009682523479506842
0.009669588683489428
0.009782208546589644
0.009649830540035693
0.009630918874894558
0.009606263809837397
0.009593574047732327
0.009683801192425156
0.009677858563640764
0.009648404275903199
0.009543234450635886
0.009554102208722853
0.009518967405458162
0.009511265545306383
0.009478118080378333
0.00948427513880252
0.009388040007933316
0.00929996345284944
0.009273803987794132
0.009265655295776706
0.00924847983833574
0.009712986240866209
0.009708897103352014
0.009710484931106602
0.009683883981425735
0.00964111617138384
0.009570152959396743
0.009626905108362598
0.00960807686932965
0.009543164585505191
0.00963041609420907
0.009602005999538112
0.009527650419543813
0.009436821552881301
0.009332434517134624
0.009357859012509446
0.009346265860593036
0.009315967798041074
0.009290590785479533
0.009276258455354298
0.009256954611548426
0.00923498867317914
0.009198026821991336
0.009161076271887433
0.009112268238186163
0.0090947998609638
0.009093759228929323
0.009153059874125352
0.0090799219666982
0.008865516386394117
0.008854525317236456
0.008838918063080832
0.00877308895420265
0.008748580879165857
0.008773702002492133
0.008657388713188644
0.008615628801469473
0.008618010210992847
0.008604779387414134
0.008617412057174418
0.00861507563023687
0.008600455423244384
0.008567653491693066
0.008563339354983206
0.008727512731672911
0.008708856786736151
0.008727499071109875
0.008745473602399037
0.009121799304130132
0.009095392896727254
0.009149389062184593
0.00912891344247771
0.009106350953435535
0.009140504953647835
0.009125020662609395
0.009102786656516097
0.009097032197269235
0.009077020309898673
0.009057910158107713
0.008504508172084686
0.008389529257652937
0.00840010358637178
0.008335527591386204
0.008337419512399568
0.008316315899561878
0.008293921981103344
0.008282529647782835
0.008250388352236331
0.008199944464956307
0.008152142417311414
0.008208984971757406
0.008188069945283446
0.008225296060053386
0.008216097655141186
0.008099895283057188
0.008088677161294893
0.00808368112993518
0.0080467255873732
0.007964114576449419
0.00796369120700821
0.007940346803904192
0.008046399016522888
0.007880934902325987
0.007915708394765839
0.007856469618327718
0.00784202675775462
0.007824811832961123
0.007827124113660456
0.007795402429670418
0.00779159884695373
0.007810361378230065
0.007848693064256465
0.007851049099131513
0.007815252149213614
0.007796772058735427
0.00783758148641532
0.00781339260270944
0.0078089449497069025
0.0077985279890372
0.007771679582040679
0.007762255765827194
0.006494219589759017
0.006480665141360664
0.006521635008950338
0.006430900978817764
0.0064107581411053955
0.0063974650018757025
0.006320732967197575
0.006349790550254041
0.0062728122092735985
0.006243543916837851
0.006231068521294469
0.0062262562036949735
0.006206228096757441
0.006203478895463523
0.006194500803075773
0.006198577860379111
0.006150424380085152
0.005975453548528186
0.005906717265428121
0.005900727157227187
0.005971880352005294
0.005929277704340429
0.005919044889913424
0.006041624332413738
0.0060229707987717795
0.006011112126082937
0.005995219301821425
0.005947538922926253
0.005961134710967137
0.0059675112157785894
0.005959624973050391
0.005948931932697515
0.005944629246658637
0.005991957631499058
0.006007836887752633
0.006029146006872006
0.006020042024884424
0.0060135580986833805
0.006065291760532649
0.006066408402347444
0.006104779913152523
0.006089720188736205
0.006038014614106022
0.006031284104580603
0.006040174476151517
0.006000457832572533
0.005944303086539578
0.005925596097046664
0.005936790778965162
0.005722085062961917
0.005733743475108254
0.005786245430080212
0.005781579129971793
0.005767457800209068
0.005867797170825254
0.00602024634450352
0.0060580105935435676
0.0060212513930713975
0.0060697144214641435
0.006071199377721099
0.006148532712368931
0.006142207744405987
0.006111967127998733
0.006105688725826355
0.0061009248575099664
0.006344260498691453
0.006368549621305702
0.006305072228588786
0.006297831047527356
0.0063065593708112495
0.00630627373719
0.006291806319979258
0.006285367120097024
0.006570333474203843
0.006559226181072747
0.006528324873598119
0.006494371358221785
0.006489119851694393
0.00634497683308218
0.00632826733257823
0.006407281565217956
0.006409069074401313
0.00644512211629411
0.006353785828502437
0.006556410993906427
0.006541118644236121
0.006511051321831742
0.006519667734057165
0.006519624173227321
0.006824916631183654
0.006725821110583012
0.006706881573667156
0.006684821980467097
0.006660869692825664
0.006639070458664305
0.0066516667110360075
0.0066517283616799655
0.006651230912994345
0.006669153970186712
0.006958273267651825
0.006984929200917192
0.0069293787720498086
0.0071138606578851436
0.007114294629756383
0.006759085675589268
0.006779034684110101
0.006750341021655247
0.006609991857827701
0.006576792192313941
0.006495860945973874
0.006485768833030582
0.006504123246450134
0.006502965569887293
0.006510415364532073
0.006503509664090663
0.006496468957333172
0.006485647244335779
0.006471465006682789
0.006486884670698885
0.006473140123760993
0.006464996835278768
0.006454391973042461
0.006439813202141543
0.006460194170440109
0.0064645275210235475
0.006445116519919193
0.0064235114557178175
0.006429065360396143
0.006411547940692332
0.006418669552052349
0.006402162907055113
0.006349813226338566
0.00631875510493848
0.006297149560107132
0.0063507961132162165
0.00637654396074345
0.006362150482517281
0.006336200820222289
0.0063351084997916385
0.006356906220803274
0.006376315204838473
0.006389301955737129
0.00656257264191725
0.0064792399017831095
0.006505878987844052
0.006492688277277282
0.006494531199170822
0.006583937709789205
0.006593967826713402
0.006573961012897617
0.006467934373325339
0.0064237382174849155
0.006421967804117604
0.0064071134814096846
0.006407834794223866
0.00642485939058813
0.006426736427923919
0.006423701425458058
0.006412489050030964
0.006400701267373122
0.006420290596467238
0.006417209653165545
0.006381822288987761
0.006382541725171454
0.006382356049062752
0.006342970330378086
0.006330804247939657
0.006376325996326323
0.006378478362669485
0.006380665158327529
0.006224978390296931
0.006212053876445047
0.006235773588213662
0.006248043900995976
0.006220435817137027
0.006216212288592329
0.006157623677743069
0.0061531584588389344
0.006156017171542647
0.006143639666707152
0.006137745948691077
0.006116754979528831
0.006172688445113991
0.006234295835614124
0.006228394148938892
0.0062197492581017415
0.006226403827689392
0.006255625622237159
0.006246294050851941
0.006246544783584207
0.006238735435840879
0.006207756780195426
0.0061973071130278605
0.006182431059716352
0.006179549995176548
0.006190502627952074
0.006181489440189134
0.006169568904509188
0.006152417367958389
0.006142063781396551
0.006144799629449144
0.006180455017462426
0.00616461739433937
0.006159899763386722
0.006137381949785611
0.006138220891608306
0.006339580319633987
0.006322396486184443
0.006301066136543921
0.006297751223937661
0.006300835107511587
0.0062297391380427775
0.005964640341271439
0.006090714205880307
0.006085667654803965
0.006146731730713734
0.00615486073544418
0.0061482411281146305
0.006154792334710856
0.0061448337615504925
0.006139370104111095
0.006126806317185439
0.006118390153181937
0.006259781949936307
0.0062524209182889395
0.006329463813766346
0.006335018850819374
0.006351175449990941
0.006368490559825333
0.006394116319936026
0.0063841811265503146
0.006378943875080498
0.006368451769980582
0.00635709948040227
0.006332705538317726
0.0063195854872417166
0.006308930727647289
0.006299290388583815
0.006293546600486075
0.006272658781977422
0.006254800557203431
0.006272818209219197
0.006229845273618985
0.006254853315536113
0.006225009310487262
0.006218812767599768
0.006244188878347806
0.006223375482787816
0.006281438498380083
0.00627445802061369
0.0062316268586343725
0.006217917209211012
0.006216059410401856
0.006186077644036342
0.00617825553291642
0.006167754235843369
0.006157735810683015
0.006150121304841064
0.006143122443906549
0.006125468522727978
0.006052469796142411
0.006021220329691195
0.005939502226209792
0.005975155365704861
0.005966773338388507
0.005932746619394397
0.005894256876369984
0.00588490285627497
0.005885943319959936
0.005884632599833798
0.00587622336324647
0.005880637579656144
0.005865826428662024
0.005853269186310945
0.005865027111278027
0.005845845250718511
0.0058549153856514696
0.005844454908876813
0.005854168321817557
0.0058416133694653115
0.005843242096435865
0.005839649796302465
0.0058020288851776194
0.005795350474007351
0.005738731751384744
0.005675391886139033
0.00582447079793622
0.005830168066306857
0.0058435811315844825
0.005840076215529482
0.00578927641690742
0.005931148551993939
0.005939185716817466
0.0059230646704351445
0.005937724893466737
0.005938764469090761
0.0059416563119993855
0.0059326770040586735
0.005951290652298606
0.005937924016995632
0.005992525219181692
0.005983666628720535
0.005989474405187529
0.006037102482117283
0.006066124727227588
0.006070276139358345
0.006074297056179601
0.006058881787500516
0.006057657250826053
0.006028486222397374
0.006027165305374088
0.00603016907832055
0.006016815135546553
0.006002025251371824
0.005994226600497554
0.005970039637405964
0.005927299257310598
0.005899061914693633
0.005860493384355188
0.005867404004739294
0.0058662996084097516
0.005858770496496085
0.005859484447648044
0.005860508929463494
0.005850065243716697
0.0058404490801642435
0.0058437697433563335
0.005824290874039024
0.005816698461874627
0.005805644345800032
0.005800349342119273
0.0057925510972068
0.005782047083344303
0.005774567584217132
0.00576253833818702
0.0057355615374298724
0.005738731879725125
0.005738165882042984
0.005724316251002281
0.005709708841193352
0.005691818741559587
0.0056885823433134005
0.0056652245527577
0.005650986574458829
0.005643006913111176
0.005641012346232951
0.005631887221669379
0.005665699238368892
0.005663733936989321
0.005661012878934995
0.005679123460565807
0.005678668980702461
0.005674989836411209
0.005633255352037489
0.005610027412234715
0.0056052072857317985
0.005587806428691422
0.005577445173797433
0.005595772907102781
0.005573924833963815
0.005561699407361491
0.0055405584658545426
0.005532877299264468
0.005525887985324502
0.005523707966365313
0.005527236155034806
0.005530676294572872
0.005531331325964052
0.005504105080870081
0.005498948567189162
0.005485949884746632
0.005474316570047415
0.00551909331896831
0.005513680327054024
0.005503313008537799
0.0054955001477034904
0.005484777148202635
0.005482570810513112
0.005481807264804274
0.005472245301298801
0.0054578451795158625
0.005443904783301013
0.00545778354158589
0.005450915438282007
0.005441319677077275
0.005438069248201985
0.005467204218965061
0.005470411906430467
0.005468361527903714
0.005465332579196718
0.005459238936614084
0.005450071009828383
0.005410799870011934
0.005401342433724191
0.00536418553234342
0.005319936233474657
0.005309799406683374
0.005326039285917696
0.00532744140463694
0.005323808589471599
0.00530920166047792
0.0052957023896059545
0.005276707839531431
0.005272345515960021
0.005267012132309492
0.005269922177597404
0.005271381537324658
0.005150264385115499
0.005127179935520687
0.005094793703785391
0.005068691873874789
