0.0035756181459873915
0.036859608410547175
0.028516044898424298
0.037444402324035765
0.03770187252666801
0.034565422185031426
0.030081806791713458
0.026658094513954383
0.023729908675886688
0.02167131106199866
0.020146407361607995
0.033229170098470956
0.032047669952070076
0.03018357575250169
0.02847765975457151
0.02676697372568443
0.025291228236811653
0.02286830425299214
0.02089872861688491
0.019894712862359092
0.01878162191133015
0.01795357522686296
0.014337783604181222
0.013899670757818972
0.013392843832172315
0.013039068489214755
0.012337909909547312
0.012378390105682077
0.011967780446381469
0.011250703420486277
0.010560362924934457
0.01016643760985145
0.009831366524261234
0.009366163156976528
0.00912425630303915
0.008540080553093752
0.00868016392671148
0.009753206119057724
0.009456868203051274
0.009235147047126328
0.008987430279029514
0.008793228209427517
0.008646873996357584
0.00908394148152891
0.010044599585576776
0.009780220589241353
0.009653719298209278
0.009510066095033985
0.009312180616834666
0.009161195793935536
0.008935581774914261
0.008755246307733819
0.00853641746275739
0.00836282473517878
0.008253677239606206
0.008035402098341778
0.007979048181933365
0.007895564118556093
0.00819557988506858
0.00809725892580244
0.007954859519105089
0.007918163844604148
0.007799568337532036
0.007695949626325343
0.007417364882712717
0.007300165293124892
0.007167684563789995
0.007097244038933253
0.006953153505414126
0.006842688182459055
0.0068369803070203895
0.006727419035112141
0.006599379788944183
0.006434474175136227
0.006482659076841389
0.006354641883487378
0.006192504703507533
0.006130320533389475
0.006017424655692596
0.005950292623220991
0.005860650357357285
0.005827810681749036
0.005815356464500796
0.004794475199784811
0.004759667846502814
0.004601463647900504
0.00455423058338056
0.006542027196578756
0.006481369488917861
0.006463068289072049
0.006352079786586768
0.006247160948596404
0.006162537137842787
0.006133351114572418
0.006071076942892736
0.0059506045952955385
0.005982390910057989
0.005206780960739854
0.00514369774478837
0.005138931679395305
0.005060440779511827
0.005122186255373414
0.005161909396450099
0.005116901578176546
0.00495395899510323
0.004893252788580493
0.004910383327552592
0.006652362257377843
0.006723472871156198
0.006689012735879661
0.0068010302299756275
0.006785813056986441
0.006731671163084173
0.0071394581796915225
0.007289904856563602
0.007225563922428335
0.007155015695296521
0.007077988974398841
0.0070193120012845625
0.006888022258216786
0.005003287438441596
0.00521609586593979
0.005168449248758994
0.005098076278925874
0.00501223935042083
0.0060903110609465015
0.00614859833024184
0.006104089104585791
0.005915619735270202
0.005446544401938601
0.005469740059418131
0.00543418426394438
0.005552578181112636
0.005527158442526813
0.005511273698977995
0.005457001570531465
0.005478929028617709
0.0054307172445307314
0.005392690584267256
0.005384709021503415
0.0055459669659374934
0.005611686676783792
0.00559877268349535
0.005496425519733496
0.005473184381067043
0.005444285050481968
0.00542547310023282
0.004580227999683099
0.004590986632683778
0.004580959310043532
0.004570401190281506
0.004540957900139294
0.004589788385991204
0.004553297735964726
0.0044346330061484735
0.004392169123892907
0.004368475320490363
0.004486337984028362
0.004537813400838782
0.004492431788387855
0.004442794645585282
0.004812470843399117
0.004786139419149724
0.00504243784472981
0.0050343498192252055
0.005005816980366157
0.004980242871170046
0.004932313368496615
0.004936581449189413
0.004947211941018595
0.004908507929855636
0.005063182272362209
0.005066650198794626
0.005067696589061856
0.004957639576952548
0.004989873277602879
0.00510567436794282
0.005090995305806381
0.005063194584363371
0.005036716643275141
0.004944028323154849
0.005053166972388654
0.005031144473516335
0.004999030955887801
0.004829315288960607
0.004751071593407316
0.00471748590047974
0.004686670913653591
0.004672083819183937
0.004646556754154641
0.004619061253151813
0.004617642994817477
0.004535280275995694
0.00465594564724224
0.004634852567969759
0.006255686083890681
0.0062159881920458475
0.0061164441881625285
0.006074492665284195
0.006272042044412357
0.0063616205138669535
0.006349415885868912
0.006294394533338786
0.006233717026913015
0.006222821173562726
0.00617315062789352
0.006099144977899692
0.0060387931581843916
0.006076986431850983
0.006051052925527265
0.006021148063566967
0.005986362455963119
0.0059704632433996265
0.00595919244867197
0.0061920385187814045
0.006161999865850831
0.0061313523987704364
0.006103017272469671
0.006070546749436866
0.006046221136867185
0.006044347250772752
0.0060480585317999195
0.0060264229109634445
0.0053332674901078745
0.00531340324709066
0.005356681916700152
0.005330235627313905
0.0053144357096394645
0.0053234512912003155
0.005240025143358284
0.005233844990502329
0.005207861348916173
0.005186489364020344
0.005012905964952336
0.0050120232949280984
0.005194984267076243
0.005182907212916426
0.005450805400439271
0.005424716352414784
0.005423500698870838
0.005376463882663105
0.005346582596630543
0.005328609064862142
0.005310999072924236
0.005318697291316097
0.005327885524784063
0.00545475693463466
0.005450055075341359
0.005430342227860817
0.005826993797805095
0.005802235465313377
0.005781860127085689
0.005737756853260915
0.005746632110836512
0.005720762975158775
0.00571736507927446
0.00568818762918073
0.005647849792227574
0.005621730987499734
0.005608158921981245
0.005591235578516477
0.0054695030227600045
0.005458799801944579
0.005881785577600203
0.0060483796663273305
0.005977777063910678
0.005952844896374194
0.005953464198060811
0.005954788976803815
0.005940733187669984
0.005927260275765384
0.0059083315068681015
0.005943596149515612
0.005922206954088651
0.005896401686239157
0.005878067562944548
0.005876602056566472
0.00583163854902014
0.005834088204418156
0.005789002197456139
0.005773849754108375
0.005907303737729453
0.005898862297662686
0.005872440308060806
0.005852755102305752
0.00583879485699382
0.0058280002244828185
0.005800220559608546
0.005780543489803172
0.005822261020999649
0.005830767644311726
0.005845454159218962
0.00582866481440791
0.005735230571057614
0.00570905387507377
0.0056988789151408556
0.0056742501689078925
0.005633258383528774
0.005615963429930464
0.005596311584535051
0.005579260270522185
0.005560062031423759
0.005261054598266032
0.0052376806654883395
0.0052441341852506
0.005215029337906798
0.00519740202000392
0.005195644481916096
0.005204709808270808
0.005185659274917809
0.0051403438012176846
0.005131885173642031
0.005106608565117433
0.005085623787719726
0.005078642007314948
0.005054787634332056
0.005012075327510313
0.004974844213082458
0.004944226775933202
0.004930178237160684
0.004911406605789344
0.004954284839310477
0.004934825780866148
0.004996634155977515
0.00499225744389803
0.004973673529243693
0.004967509469879142
0.0049496213493282724
0.004947626943326074
0.0049550555211356805
0.004946101996002728
0.0049471369356842675
0.00493081389964017
0.00491001702421136
0.004938071950857104
0.004923511243657447
0.004903112287073774
0.004899207267369028
0.0048922312154900255
0.004857278520123938
0.004839856771558892
0.004805680357921682
0.004796205174115615
0.004783883540843868
0.004814819183646069
0.004841915885844032
0.00483301053229778
0.004830028820231843
0.004851380848558617
0.004851391219084236
0.004844071465082708
0.0048318213754183145
0.0048218107575782165
0.004809685068165645
0.004797840795382918
0.00480005454046375
0.00479937631958138
0.004785525516060783
0.004770425539431419
0.004756948719584121
0.004742319111645384
0.004732058269354017
0.0047176414549000185
0.0047059255270191684
0.004691910580016258
0.004693568318657833
0.004692607211204036
0.00469014486529849
0.004680933891968624
0.005118694857332095
0.0052031751762623675
0.0051412061786113026
0.00531993345486655
0.0052912969706424805
0.005277451832064778
0.005259985240921747
0.005244548578125117
0.005234837670190661
0.00521959034889924
0.00517012219345307
0.005163166090448054
0.005138828499317435
0.005115278660544693
0.005107735584765163
0.005092942251125952
0.0050779614064063935
0.0050571513496196485
0.005055877672832165
0.00502449856206882
0.005015998035553208
0.0050500939049721175
0.005100074326148511
0.00508646784194563
0.005055298070980329
0.0050423082660688455
0.005144210585823484
0.005128199211936023
0.005126508401693978
0.005111889416293708
0.005086549038376354
0.0050933024720335165
0.005116995059764915
0.005122602655319499
0.005110802581780994
0.005106834472091686
0.005096002221015954
0.005087723418803175
0.005079292157416696
0.005064214131420071
0.005103601479547104
0.00506654442022374
0.00503516798984422
0.005032800778280945
0.005241389403467528
0.005242990288724498
0.0052257059005198555
0.005229460431706233
0.005225246238993451
0.005205756592442328
0.0051897003438717525
0.005133023445540821
0.005245440645885367
0.005216419609770937
0.005161145536283801
0.005005278249387086
0.005015068943503227
0.005033166651237568
0.005025027374875906
0.00499989844528352
0.00502008110422019
0.005012065461886342
0.004995930269113196
0.005023371007922215
0.00488710775998175
0.004884239911249149
0.0048776357075054596
0.004869420581325025
0.0048600266229335875
0.004834671878382906
0.004824551547135182
0.004818405202095826
0.0047950436392405925
0.004784947438065915
0.004814626226918461
0.004797540042437658
0.0047902362659454824
0.0047663677966868715
0.004755693874793764
0.00473977766478331
0.004723545567709707
0.004713465140017774
0.004708705047735531
0.004687606801416333
0.00466995516530965
0.004653509878584088
0.004648924444260026
0.004622245018063401
0.004605789035041302
0.004605648757980977
0.004594406084114095
0.004577379877194241
0.004581304128129907
0.004494743752729849
0.004491646084508871
0.0045047607226647015
0.004487810104390371
0.004479737564673624
0.004464605820056464
0.004433960613096133
0.004433906805081661
0.004502145498394137
0.004476973198105169
0.004458379064159043
0.0044460551182151226
0.004431480333084795
0.004439024854694497
0.004425162336595206
0.0044177836600724114
0.004410864924648193
0.004432543374142044
0.004425241720463685
0.004402713771445741
0.00439482470380223
0.004385193120856221
0.004391211821240613
0.00439369495615298
0.004488694641264879
0.004490925215640825
0.004460856403409482
0.004369765134455251
0.004362868858152067
0.004356305715774372
0.0043433922050032485
0.004351448540627542
0.004331866528152585
0.0043321520173725415
0.004320232483888433
0.004318116112954667
0.004329359594383275
0.004317637221230575
0.004250619857895753
0.0042432132814677545
0.004238370455924368
0.0042331991176637294
0.004223802402107551
0.004225650862873304
0.004220079004995552
0.004206702377087268
0.004331368617439531
0.0043323218504444415
0.004354669104486673
0.004336554154510413
0.004355610635019257
0.004342053365866534
0.0043183970589970415
0.004311612925205803
0.004243898350191678
0.004238968604712643
0.004222070592312284
0.004178138537378891
0.0041661063071797046
0.004138267375564425
0.0041388446049238645
0.004151201145279973
0.004141615904219617
0.004200103905218064
0.004180954889637756
0.00416933810681682
0.004624392198099982
0.0046113886280255405
0.004601106312409519
0.004611923438400784
0.004649675071452245
0.00486108644029874
0.004851840286907793
0.0048379471326619496
0.004826280059773611
0.004819095345197917
0.004835113943045142
0.0048352883352381386
0.004828711315555942
0.0048487784745402975
0.00484030328675544
0.004827348413167481
0.004817848838820447
0.004789959526553444
0.004778381361900449
0.0047649483426696875
0.004750634130045494
0.004785806454078248
0.004778582434693708
0.004776620065915386
0.004770668079806652
0.004755526970742111
0.004693845037423576
0.0046856563013686296
0.004674518752154556
0.004668984632171777
0.00466573079054017
0.004655902483684705
0.004903250641259009
0.004890761766757967
0.0048698541835206985
0.004830845956527316
0.004821569580181524
0.00480745560433902
0.004799774997581417
0.00477902631783317
0.004769706551285289
0.004758708611260276
0.004756914791233334
0.004706029330839315
0.004692995601180245
0.004664975571605555
0.00464055767228425
0.00465224588703615
0.0046497772679361836
0.005806982574784068
0.005798045153855563
0.005789321621680262
0.005785752258291428
0.0057783070131376514
0.005784557666068902
0.005779257071496514
0.00577439234056182
0.005759548678518896
0.005752751594058415
0.005744184829301695
0.005752777815162561
0.005717873403346208
0.005714621250373621
0.005716205266981898
0.005707841296207456
0.005701841783996948
0.005688914784849772
0.005692469877526969
0.005670476674697851
0.005659804631193973
0.005642404724627945
0.005622354546770937
0.005624569583456691
0.005610469526320807
0.0055977883717269325
0.005592123289678671
0.0055633913725014195
0.005555974729176469
0.005547496476143156
0.005537871108206398
0.005516837717911329
0.005507780764414945
0.005508167752434456
0.005500450985314649
0.005526359450636206
0.005545449423226544
0.0055412732594427834
0.005520227330231059
0.005505705284442909
0.005486781182053353
0.0054571958361432915
0.005446829230146575
0.005433921226753886
0.005423388133450266
0.005409960307903157
0.005408652351552151
0.005391363821197621
0.005384079772702647
0.005374750323686948
0.005358177375964818
0.005314921233967027
0.0053000177574252984
0.0052759124638225895
0.005264764282306469
0.005255802590926508
0.005243240460223151
0.00523357755111143
0.0052237585956702035
0.005210072411438004
0.005202426727281727
0.005196050536540038
0.0051868377156952805
0.005183177669345368
0.005109357144945667
0.005081973590987774
0.005073943305744826
0.0050674142083536045
0.00505819807377749
0.005054572226846948
0.005049117406701845
0.0050577141093470735
0.00505154443967212
0.005042756315354384
0.005040982412033947
0.0050396434725668935
0.005007171416657402
0.00499947264765202
0.00498528251384962
0.004977763223228355
0.004890513509264717
0.0048886834930079075
0.004878965599423025
0.004852962293161384
0.004853638975449879
0.004843896413269729
0.004863187559949024
0.004869534126320776
0.0048566568286300005
0.004797058670262995
0.004806551740765209
0.004806537336355798
0.004788453509112356
0.004788974583670137
0.004776733182805271
0.004774899946583811
0.004766584370701346
0.0047724854454596
0.004756017903245083
0.004761351006118675
0.004755184722316174
0.004739883838545423
0.004733536982657635
0.004754119620363918
0.004743110193962745
0.004718174304628395
0.004711767124875878
0.00470164176286444
0.004695251159622177
0.004688771753482668
0.004683285089619325
0.00468150578964159
0.004685784999115473
0.004678322390703745
0.004668478870599829
0.004660500062753124
0.00465559576134065
0.004646802153028952
0.004594733757406577
0.004552569534424187
0.0045411676055378165
0.00451117338867334
0.004501730251342629
0.004494658858929325
0.0045019109615683315
0.004493317205711635
0.004488429844147007
0.004475030132123581
0.004400272688568984
0.004395200589809932
0.0044213949255921935
0.004426926315787106
0.004449215000179715
0.0044425409680136415
0.004435318122916448
0.00442941745452973
0.004421156443180467
0.0044202354063437475
0.004419620793028731
0.0044172128371854314
0.004401333696398413
0.00440519762302453
0.004407523479177433
0.004405118071550644
0.004400114671264458
0.004392311924153014
0.004385716824657846
0.0043781162532353195
0.004390949817423429
0.0043837585340092975
0.00437449168322893
0.00434910623000477
0.004309450431638724
0.004319500433840636
0.004313668633435485
0.004309579905697695
0.0043054510985891525
0.004303700565613957
0.004299044926891944
0.004298446472834932
0.004290001240665806
0.0042294550970345375
0.00421942069413627
0.004219274032830634
0.004214432623565542
0.004214122679572497
0.004201021751448678
0.004217459726276956
0.004225112417712574
0.004211771681374155
0.0042262750765522765
0.004218259071475283
0.004217400581563297
0.004188217765300928
0.004182302404701316
0.0041842255876551665
0.004174717813231042
0.004168642975634261
0.004168210492175718
0.004161342494933462
0.0041540172591512355
0.004117467994795956
0.004110747334173237
0.004093828022210286
0.004085454094336356
0.004074006265752565
0.004075940969193528
0.004070784485140616
0.0041046181501462635
0.0041020160237413466
0.004097145905268063
0.004088572709144217
0.004082607406387591
0.0040121968835535714
0.0040953733152225705
0.004089097914148559
0.004081855383110155
0.004075976848202415
0.004079241823849485
0.004080636890531843
0.004075918683121459
0.004072792655484261
0.00406038054293142
0.004055229594459164
0.004091013394219819
0.004090693287800639
0.004090708098235273
0.0040849477657666855
0.00407468217776254
0.004078076664559073
0.0040808413611611765
0.004073465733851164
0.004068708627222543
0.004055204750191915
0.004042187991692175
0.004029337547318692
0.004077696051156076
0.004095830159676365
0.004087658501820651
0.004085662888904885
0.004079711204753483
0.004074067786796145
0.004079582874475176
0.004061854176422211
0.004068355636426826
0.00405184000831907
0.004055491705529565
0.004042922418267956
0.004106387319072488
0.004093791232761675
0.004089695000808411
0.004087899304737037
0.00408045220631526
0.004077732925391949
0.004078648735787775
0.004069302897467071
0.004061714212913304
0.0040678866452360666
0.004070454812232834
0.004071490233360223
0.004069814388208461
0.004062003003110006
0.004056622124774829
0.004054173621824677
0.00404159486705454
0.004041208963888453
0.004058396228400378
0.004052454270555288
0.004039129422774643
0.004026852857728456
0.0040149361362029285
0.003991819389386402
0.003985339981063123
0.0039837603779740325
0.0039788781804093905
0.0039749732672968085
0.003963743438754255
0.003945716775588016
0.003922262477911788
0.003911532984739416
0.0039164046037392505
0.0038734468982684496
0.0038661549302250807
0.0038783779536257575
0.003876982103681563
0.0038726040929931978
0.0038677599020946313
0.0038479681826899315
0.003843986883553258
0.003843203194565088
0.003836428710132724
0.00383268372569171
0.0038459924907383422
0.003842169742719656
0.0038342056563516382
0.0038434109381307708
0.0038362807337836615
0.0038334932490632027
0.0038308769922122464
0.00382993519052287
0.0038201164511260438
0.003815380389675923
0.003802274191576231
0.0038404467822740042
0.0038338868109047824
0.003826322669460241
0.0038044211164239955
0.003796341831446822
0.003793425236358595
0.003806990351658221
0.003808558644469053
0.003808778722196125
0.0037989859134273537
0.0037943361087462804
0.003791098331011823
0.0037932466179767376
0.003785915567531313
0.0037902815318657723
0.0037863216161506323
0.003786681050574655
0.0037439862297289858
0.0037394421678734243
0.003741497456247211
0.003737356395376452
0.0037329878136560407
0.0037224595863290405
0.0037206369501178115
0.0037339574797775324
0.0037294254950489165
0.0037283028809847654
0.003729192016704405
0.0037228071394381653
0.0037132565072041457
0.0037090766330165
0.0037115728646211184
0.003708026751157588
0.003698859284254692
0.0036956954630633283
0.0036836398611392335
0.003681418281953409
0.003677377672954039
0.00373502422835574
0.003735721430567593
0.0037385109390499663
0.0037368697382185825
0.003669693880478551
0.0036880432734862755
0.0036618316742163897
0.003655992328577446
0.0036558014716868894
0.003647965260338735
0.0036561471984496523
0.003666400734736947
0.0036615742552512805
0.0036576698497659405
0.003667133594056866
0.003663411755604624
0.003658871912654418
0.0036563685535762475
0.003657918465231168
0.0036562695932765557
0.003652204894973214
0.0036481541873864764
0.0036465582967285144
0.003644291293458392
0.00363938875046569
0.003645625353682265
0.003653427812873447
0.0036505855329230074
0.0036442846157318924
0.0036250997107323433
0.0036203776863550645
0.003615951108279251
0.003620117548255776
0.0036163118225010712
0.0036124497594033087
0.0036097453830248186
0.003601232662272852
0.003595959364389102
0.0035936382120668243
0.0035903195121126646
0.0035985091484728856
0.0036029426138078514
0.00358678025778431
0.0035861833257146807
0.00357252970956077
0.003569060523726938
0.0035616874569733073
0.003557743094300938
0.0035596907181559144
0.0035516360327621003
0.0035488458313537997
0.003545967069565637
0.003550509595277443
0.003536115530284618
0.003525701056947668
0.003519000110389532
0.0035090950626619766
0.0035012812705106137
0.003506251350096237
0.0035095240387747963
0.0035039555696736537
0.003488567246680901
0.0034924781179513434
0.0034864223732028843
0.0034763766216578808
0.0034796088283104583
0.003476734069348587
0.0034704076268516557
0.003465873892753368
0.0034579085149481197
0.0034509768720941813
0.003448732443962885
0.0034529965213636925
0.0034500358222202677
0.0034462747306780914
0.003441341059067496
0.003439347818994805
0.003430612173771238
0.0034303177427357587
0.003429044534992592
0.0034239848964011275
0.0034268410825602476
0.0034235084421588608
0.003396661224112876
0.003393639959880581
0.0033974885675367053
0.00343263581859216
0.0034310829347800813
0.0034274842250539045
0.0034420392627426844
0.0034408053724980627
0.003445155033633209
0.0034316331094898073
0.003462434601260147
0.003458181938749214
0.0034496913992960046
0.0034465819683766733
0.003441436606655596
0.0034412492163235935
0.0034372767228457142
0.003433930131184746
0.003431347823702607
0.0034285931569702274
0.0034154295587603637
0.003415153745757906
0.003425417618871781
0.0034231708284691207
0.003426079180834614
0.0034202171311826187
0.003417049904156732
0.0034139854757266183
0.003410406406304073
0.003434668279656368
0.0034291744880190407
0.003426896412548611
0.0034236368440920795
0.003429978899597565
0.003427179411715628
0.0034022931204823956
0.003408628179148721
0.0034005828845906972
0.0033925575757394353
0.003388695858966042
0.0033794867734073986
0.0033762276422493126
0.003372259785282056
0.003329367634812958
0.0033267040607267056
0.0031737836287962706
0.003170634576985407
0.003162872266036777
0.0031586647186747563
0.0031457088914257137
0.003142567750785853
0.0031406868430190185
0.0031354322112114716
0.0031334261527673946
0.003135610170921834
0.003135169086022174
0.003129586467204661
0.0031340256051687566
0.0031292330489513308
0.0031287209235144864
0.0031247601586063345
0.0031207391218311437
0.003117250251953047
0.0031089482346479897
0.0030977940814939345
0.0030977709885442856
0.0030948382773203715
0.00309238019913512
0.0030844029011646737
0.0030725561023021136
0.003074867580815545
0.0030837503579935303
0.003081644640204279
0.003082382099089012
0.003050063594590577
0.0030520448408991574
0.0030471095997096766
0.003048465395813587
0.0030467954143620817
0.0030409918889935375
0.003037895482129969
0.003034825396903586
0.0030340020266769203
0.003031261299036662
0.0030059282007547923
0.0030066686407197434
0.0030132185802273304
0.0030073120120709283
0.0030051986604410865
0.0030045230827888698
0.0030003470960768583
0.003001521426063652
0.0029892215145843845
0.0029856977148331383
0.0029866328219237365
0.002983958746231756
0.0029655638658043445
0.0029474404837620295
0.002934774007289288
0.002930665837889495
0.002928617397502869
0.002926676348149769
0.0029712056265129945
0.002975043496002828
0.002970770134467079
0.0029686489045509293
0.002960158428332775
0.003016854375064126
0.0030004567050712833
0.0029955625483499
0.002994249769580105
0.0030000393063916828
0.002990679757190613
0.002988871286007003
0.002983782857309139
0.0029828109198269132
0.00297951140498784
0.0029803098616883413
0.002977267076539106
0.0029768397717286807
0.002980417796230241
0.0030054151865165847
0.0030012401689883763
0.0030024443138436004
0.0030036118322458163
0.0029986030874862707
0.0029940053471337797
0.0029947005563519375
0.002993569552066311
0.002992793666282074
0.002991579025962364
0.0029909696345817535
0.0029877769169705617
0.0029888334489917958
0.0029849514035517797
0.0029821026860101093
0.00297580187566727
0.0029792331699354654
0.0029742505011054418
0.002969877843851089
0.002967170764687874
0.0029693301252744606
0.002959243775177226
0.0029707096299737765
0.0029597621858333755
0.00293227814953823
0.0029298345750729594
0.002926648837456011
0.0029259132225123827
0.0029186227323989024
0.0029127525069169457
0.0029105312795277834
0.002904219442497964
0.0028948134961442676
0.002870175862555731
0.002865380970077313
0.0028647048833314497
0.0028614814841395756
0.0028557721609987342
0.00284875381519337
0.002848537566151188
0.002856438757144574
0.002856530602825659
0.002852877425516965
0.0028521248735904566
0.002849806823225899
0.002846940099197359
0.0028466139723794773
0.002839830748751115
0.002833586937830049
0.0028355312588325145
0.00283405819886448
0.0028316907574083955
0.002831713181014401
0.0028326680467507456
0.0028360049959190873
0.0028383969700440394
0.0028295842550819343
0.002821563857514888
0.0028193905354391663
0.0028176464569139846
0.002813395131305352
0.0028093611289419255
0.0027797773809792787
0.0027744337748684227
0.002772027938552946
0.0027182590436183153
0.0027063644237907834
0.002701659615433522
0.0027251155411172146
0.002767775521523539
0.0027657177593175043
0.0027635883855474884
0.00276475507659294
0.002745213619140175
0.002739548990955567
0.002731807372582942
0.002724982427001012
0.0026516153362885586
0.002648685166055598
0.0026675646522693265
0.002665460834700872
0.0026633074935938235
0.0026585064676938105
0.0026564198013955247
0.00265442347555791
0.0026556115204474603
0.002651699210082749
0.0026517367833211835
0.0026548061321212896
0.0026527089518608065
0.0026532586014024577
0.0026487582705127795
0.002649502730893316
0.002646678788348197
0.0026469623908740216
0.002642203526529833
0.0026368278003549937
0.002634813001001913
0.0026105006912131574
0.002609223362929528
0.002603153403264588
0.0026005983961305506
0.0025957413176059133
0.0025927089052483108
0.0025928187188276022
0.0025870253336195983
0.002584707979757472
0.00258354149386017
0.002621967020675476
0.0026180824627758076
0.002625432028905045
0.002607733979409194
0.0026066162908088973
0.002626835545014137
0.002622814673392481
0.0026210942123695634
0.002618578640929203
0.0026162836203004686
0.002613793059945067
0.002606248712429952
0.002604714369761703
0.0026027226690274164
0.002601277510540878
0.0025960099569212673
0.0026043898272110925
0.00260130156285443
0.0025972158898768805
0.0025940565578559064
0.0025839591229574613
0.0025842245204470626
0.0025822710077875615
0.002581673405328307
0.002582173908356696
0.0025777146203973
0.0025754920186981515
0.0025657169776000816
0.0025635630343223844
0.002566262562598803
0.002564043360441728
0.002574491886692138
0.0025583967447922414
0.0025551294734473293
0.002554483667292953
0.002552672074522343
0.002545942685896866
0.0025440377227857938
0.0025651200184831336
0.0025541397717475703
0.0025500594333534594
0.002545920805694345
0.0025407839674390035
0.0025384713169530463
0.00253614517943996
0.002502841797555244
0.002528067439483044
0.0025196682252931085
0.0025177262509093806
0.002517158471891306
0.002519631554098076
0.002517386060364771
0.0025183956065201107
0.002516545630333913
0.002514275901920636
0.002510916327043899
0.002510445684226049
0.0025078294488726635
0.0025058905589925864
0.0025018564141743743
0.002500374474542197
0.0024985639019580214
0.002493528695448091
0.002490690566288921
0.0024885519155060953
0.002486554608808294
0.002481758840324158
0.002478366854363584
0.002476591434458435
0.0024650404915324575
0.0024630879884688837
0.0024601833765821026
0.002458674827239882
0.002456819955060245
0.00245913100462554
0.002431818973812143
0.0024378896375101353
0.002633386098019645
0.00263147735042098
0.002633140411346154
0.0026312260262626804
0.002632658350011216
0.002631184042262183
0.002628470933355626
0.0026270644776435923
0.002624035913925077
0.0026234106002467803
0.00262090362232883
0.0026121904729090825
0.002610801519395375
0.002612243499810256
0.002610757477319806
0.0026078157938217383
0.0026061433493547695
0.0026034473727654514
0.0026169254828055373
0.0026151162570936717
0.002615898102964339
0.0026172867026477663
0.0026134497057134077
0.0026187141476462145
0.0026165347423695033
0.002611679880201787
0.002608407251508068
0.0026071988721727505
0.0026053074100133846
0.0026245992416471273
0.0026237327767211797
0.002622096273058333
0.0026203403658235547
0.0026180017366545173
0.0026182039772866964
0.0025885633061098886
0.0025888919524951633
0.002585522668105135
0.002584333926549246
0.0025835326980623258
0.00258120411242237
0.0025704831157097982
0.002568035566761716
0.0025658033623052997
0.002566318205786002
0.0025663827042787064
0.0025791805550970034
0.0025805228181574255
0.0025739486268862074
0.0025737653418075727
0.002573208422997994
0.002571375352679528
0.0025701163526525668
0.002576359669636398
0.002574119585682501
0.002571527634326483
0.002570639266133722
0.002568504932973024
0.0025664300003253406
0.002556234075451317
0.0025546800303187824
0.0025512872659547298
0.0025504445221922927
0.0025463983995652425
0.0025433009007275052
0.0025447178570922177
0.002541438569876442
0.002539833752377421
0.0025282785712118674
0.0025290059312659437
0.0025280902921624264
0.0025254760273877262
0.002523308688601529
0.0025064431588074703
0.0025115165526432225
0.002509885912035751
0.002508751853643577
0.0025067899114805314
0.0025045014291010972
0.0025046899532083517
0.002502626256343204
0.002499285860603837
0.002497581316965986
0.0024955165087276816
0.002494354630306922
0.0024871102563963155
0.002487130780508524
0.0024852899101476737
0.0024828665821124427
0.0024816285611302534
0.002480304647677455
0.0025019363213331083
0.0025009182778280062
0.0025014931664711056
0.002495702303150781
0.002495719982336085
0.0024972673583688915
0.0024959975260540257
0.002491532173441551
0.0024834366208949413
0.002482537743988215
0.0024777821981214667
0.002481589641397318
0.002477002454816619
0.0024751541542353873
0.002474420689580915
0.002473035365287071
0.002468356714557305
0.0024690277405782406
0.002461857749319803
0.002459998934670159
0.0024592699660440378
0.0024541890346827114
0.002440432683223256
0.0024448626198548713
0.0024382707002649404
0.0024420301477441116
0.0024394837976254237
0.0024372248955496995
0.002424979242389012
0.002411668361331832
0.0023993609446146874
0.0023994945209594564
0.0023945555147746314
0.002394373517400399
0.0023926445031347337
0.0023897640156437623
0.002387921608789761
0.002382083557164908
0.002379447702797858
0.0023791141320338672
0.0023809760463259803
0.0023789691266891556
0.002359658000733495
0.0023565436572352263
0.0023716559778472596
0.002363708972767002
0.0023871891841556296
0.002382519850036959
0.002385041205875884
0.0023825171287084924
0.002380474428678315
0.002374925837245633
0.002373398986880936
0.0023678945632147827
0.00236647841909419
0.002367794131364757
0.002364049600052503
0.0023609510429049973
0.0023599545815025076
0.002355777013108278
0.002343700038270268
0.0023401179323520372
0.002342734490231721
0.0023421186828649606
0.0023432862364512292
0.002346437989345283
0.0023412748312789554
0.002336880106888086
0.0023344768494641
0.0023332435059406843
0.0023379743258656405
0.002337744015237664
0.0023362050255141
0.00233753993185808
0.0023445596518931497
0.002342388295228774
0.0023376865997031676
0.0023675832919312426
0.0023709289186797694
0.0023691949275948506
0.002367419711810395
0.0023657761051189864
0.0023679687959866687
0.0023654965383782763
0.002363483300902014
0.002361962115075714
0.002354494281817251
0.0023518932431769507
0.002351528537992157
0.0023512353375378676
0.002351053750878854
0.0023487911817495094
0.002355128603260643
0.0023567384480211884
0.0023548474263119503
0.0023422532274276217
0.0023424864576359894
0.002338039774971561
0.002339034257289572
0.0023429729760496842
0.0023397429496759903
0.0023446759824457
0.0023550572223594557
0.002358448023767063
0.0023543265212741644
0.002350563205355165
0.002351450244654717
0.0023527530353063095
0.002349724497383741
0.0023502411917595257
0.0023564996324172255
0.0023608733192278806
0.0023590333833846265
0.0023567054708370587
0.002353105503124974
0.0023560801818187115
0.0023453219749628796
0.0023415792285592435
0.002331359979167391
0.0023335261965104835
0.002331236977574
0.0023296605944703786
0.002332191051220411
0.002333770681149887
0.0023329283459748184
0.0023264076444102742
0.002309364272353467
0.0023089959005133253
0.0023081447465812966
0.002305376867353478
0.0023018513199585425
0.0023077782937836076
0.002305793205886438
0.002330910027410512
0.002330361365330089
0.0023276693755298703
0.0023265951015680763
0.0024755063133304624
0.002472623249976541
0.0024759957039055757
0.0024747567115546596
0.0024761497969741173
0.0024730296013325053
0.002469897648626475
0.0024680721783116376
0.002466032976114287
0.0024599665195320355
0.0024571712087625656
0.0024674954439833268
0.002462462412904903
0.002438691293580958
0.0024353654406987176
0.0024342874104380085
0.0024326225991451863
0.0024312344363990046
0.002431114608797231
0.002425328064909131
0.0024220128180468727
0.0024276840187823444
0.0024241152028602092
0.0024212605258284096
0.0024198540952108513
0.0024152508914225355
0.00241452810240067
0.0024150706992513474
0.0024190449049977126
0.002416958243673823
0.0024139911672525346
0.0024132832070835344
0.002410048853732597
0.0024043672658374373
0.002404431840271915
0.0024022759958782936
0.0024054902877049815
0.0024034988104810946
0.0024022579532605266
0.0024018310850081447
0.0024018626346877826
0.0024032912907703406
0.0024011704512604077
0.002400207686763999
0.002393665863780389
0.0023943933345402985
0.0023894799496777617
0.0023862608994096963
0.002385909836097244
0.0023832780953222427
0.0023819056776040394
0.00238482489054585
0.0023833357847079235
0.00238340828650188
0.002382160527646361
0.002382045950744623
0.002381108503827686
0.0023708019096680224
0.0023639395446234694
0.0023607591390407815
0.0023616027930831933
0.002362222957013945
0.0023600506502278714
0.0023562901115273815
0.002351534022834076
0.0023440578364996886
0.0023418081792768203
0.002342134229850506
0.0023419560371523984
0.002334504939720149
0.002335229995710264
0.0023268495434108265
0.0023241265858548904
0.002322783944382869
0.0023181907520195277
0.0023166464091985157
0.0023153040119180813
0.002313868552845392
0.002321269430338631
0.0023197481415995667
0.002336928472137271
0.002337768800859508
0.0023372395016650446
0.00233702998970556
0.002373054033876312
0.0023771968692412287
0.0023790598160957563
0.0023894635334677354
0.0023910028954106967
0.0023851993588970997
0.0023778768404800377
0.0023762522347979425
0.002376515569926289
0.002374271278742561
0.0023744560490810596
0.0023832339395364736
0.0023802920511949927
0.0023841792057442794
0.0023721561525522398
0.0023750048137076486
0.0023772890075921638
0.002388346428625832
0.0023844704916083123
0.002365934752259931
0.002364206897469235
0.002356656190034129
0.0023550116145048495
0.0023534067441158724
0.0023530853136751436
0.0023531258098163587
0.002352895186928602
0.0023520987401741507
0.002350400261508272
0.002349232894440683
0.002350068805208463
0.0022951427694302734
0.0022010389213650366
0.0021999490606883472
0.002192754059318754
0.002190644100709404
0.0021956513214337467
0.0021902650260483564
0.002195376315168562
0.0021953476750861973
0.002194146618552444
0.00219559952289432
0.0021953604096287944
0.002179981649738935
0.0021786975322807237
0.0021859117879851043
0.0021835523992031237
0.0021817851380939762
0.0021802238260362435
0.0021785255974872027
0.0021770522358038617
0.0021763806694748093
0.002175332467353919
0.0021736158410412053
0.002172568979572577
0.0021710796109132924
0.00216733955519996
0.0021658256827529728
0.002171472117710193
0.0021555856136235636
0.002183012596703359
0.002181562271952526
0.0021807598118830387
0.002178892757213509
0.002176282610872267
0.0021753428513815254
0.0021715369421242818
0.0021699211647173955
0.002167041502560891
0.002054850814355932
0.002053542650309828
0.002052411094074589
0.002058820167322121
0.002008599648243861
0.002005761680421288
0.002005775391337092
0.0020067158251691696
0.002064029412686622
0.002063482458583484
0.00209010410182729
0.0020871198231328532
0.002088019903574889
0.0020862897316330014
0.0020860861676675097
0.0020843275958999036
0.002078984690695406
0.002077600042819921
0.002075261745322793
0.0020761228325381063
0.0020740215426377794
0.002073161588548933
0.002072943599589783
0.0020719079262928727
0.002076210724994003
0.0020738431845797895
0.0020721888050472333
0.0020659033327065646
0.002064853846351994
0.0020637332310606492
0.0020608963392634598
0.002060423319394788
0.0021072892121384275
0.0021015416669438046
0.002103970482880752
0.002105760529057043
0.0021040507202195204
0.0020941943526811622
0.002089109626652986
0.0020877580962952755
0.002100497335813775
0.0020946528692553615
0.0020937520506135367
0.0020872157313130447
0.002081792510463523
0.002083086350927361
0.0020825199970687528
0.001997880016805664
0.001996988259217065
0.001995963814033599
0.001997814591140913
0.002009391609844158
0.002009447182780374
0.0020046413650671286
0.002003225228152898
0.0020044280802750817
0.0020013705568889587
0.002002674520515157
0.0020020591387732364
0.0019995746315870275
0.0019971164506497443
0.0019914265908180565
0.0019900720938832565
0.001988817564580923
0.0019860426768318357
0.0019860202290933058
0.0019940931171903535
0.0019877507052714536
0.0019876578644847692
0.001976750197684812
0.001977265741940443
0.001975445356797143
0.0019962428301143437
0.001994405948861998
0.0019932876602541225
0.001991929255737724
0.0019914824609322548
0.001993373363479892
0.0019982555347146345
0.0019929253516859334
0.0019948819490278416
0.001994175789179255
0.0019920298386003183
0.00199436002109541
0.0019954711761299595
0.00200882221279528
0.0020067022370521934
0.0020075330640530725
0.0020051104661252626
0.001982743194718932
0.001976391584129148
0.001974771354390147
0.0019737082402467776
0.0019715072568655635
0.0019713980211231827
0.0019839920475035935
0.0019834537439836833
0.0020042506433997687
0.0020280442602009165
0.002028034221136839
0.002029076910994613
0.0020282491045200595
0.0020267903554222404
0.0020255351526786806
0.0020274441123266105
0.0020228568777178723
0.002022026129409544
0.0020194638061512356
0.0020182239105248348
0.0020182984257943147
0.0020137089615754836
0.0020126196531293525
0.002010513864116241
0.0020102834254653824
0.002011970213842446
0.002010904363072739
0.0020132646689297196
0.0020123268496816224
0.002011139834361708
0.0020102318413211142
0.0020082933813093283
0.002012558187348112
0.0020123499351366674
0.002011098258539193
0.002008712642637282
0.0020079453089944833
0.002009217716608653
0.002004960657914032
0.0020015716653930004
0.0020004967891938943
0.001992980185550543
0.0019900660260566607
0.0019898290559504845
0.0019885405684282645
0.0019869939989173983
0.0019746649636048653
0.001974228683077344
0.0019720719339605458
0.0020888225359757787
0.0020878718874951206
0.00208707202843736
0.002086326138807591
0.00208153936762526
0.002080044255213347
0.0020769939800917517
0.002076055657657093
0.0020793383770121355
0.002079483612164009
0.002077901960289877
0.0020733807656405675
0.00207572813110995
0.0020723076220773217
0.0020711723921928464
0.002069170733076211
0.002067301894794176
0.0020673373763944584
0.002109420584113604
0.0021074738279166076
0.0021057322452553585
0.002110757668089424
0.002110668431845111
0.0021093229863829374
0.002107275910546919
0.0021057404339729214
0.0021032181922676523
0.002103140644900185
0.002102753957105538
0.002099628564469205
0.002101621674329165
0.0020992730801824883
0.0020944929484733596
0.0020973152632692126
0.0020960440865174907
0.002096941195645673
0.0020961857094048716
0.0020907595311768627
0.0020891202424051596
0.0020873074446808447
0.0020857835115216873
0.0020843641819662155
0.002079688427897834
0.0020786475528721997
0.0020545792232527136
0.0020532917571744204
0.0020522598447986523
0.00204975112600258
0.002047903496541739
0.002051204885296959
0.0020492765749012803
0.0020480145455957876
0.0020491434851200776
0.002048500750560428
0.002045806401624544
0.0020497094521094647
0.0020487180095382913
0.002048958600514726
0.0020244268688786623
0.002023729259859088
0.0018876415800051045
0.0018867046625060495
0.0018848441614129526
0.0018833630006829646
0.001882174925951289
0.0018954989538044313
0.001893784145116438
0.0019002545997286934
0.0018989383381814347
0.0018953482928330183
0.0018973207736771782
0.001897635916994915
0.0019065492986884817
0.0018976667605064299
0.001894663207015719
0.001891139670898351
0.00189077445440195
0.0018903376728291433
0.0018887411405772957
0.0018873831595584971
0.001886495737228525
0.0018863421483195316
0.0018767543773219285
0.0018710972133978811
0.0018657236094683247
0.0018563117031478557
0.001858076167025221
0.001857467882977845
0.001854881206879862
0.0018538080734907464
0.001851698874055113
0.0018507933210319381
0.0018496221073732292
0.001848740505191778
0.0018462143367759737
0.0018494125740848386
0.0018487515437640367
0.0018478503306626178
0.0018469589127392428
0.0018461806811504728
0.001844294185729695
0.001842530311057973
0.0018413403495468527
0.0018401110722717092
0.0018393893070332995
0.0018388556435682904
0.0018383371191901757
0.0018373786148013441
0.00183683927153957
0.0018355604397436965
0.0018267742949818438
0.0018268092269971697
0.0018328359834659535
0.0018328647577934268
0.0018508266522160323
0.0018575652849002627
0.0018566103459408802
0.0018562951523681296
0.001858696080571768
0.0018588324855124115
0.0018580654677541346
0.001861868880709672
0.001862180178663871
0.0018618211752174734
0.001859782334628011
0.0018586871921710288
0.0018631206800067653
0.001853598422832671
0.0018349971121664477
0.0018439738034442925
0.0018432026490634323
0.0018422251588562015
0.0018369235224322239
0.0018375904703747269
0.0018366277946078888
0.001835534597599226
0.0018440131282344968
0.0018423582214592258
0.0018418622140824537
0.001841228977128029
0.001844779693897408
0.001841282264347242
0.001849337657393049
0.00192365409450747
0.0019243762415994765
0.0019237920760091448
0.0019217167260004904
0.0019206850510377104
0.001918320164897744
0.0019615873251173817
0.0019613209782279304
0.001960904545057111
0.001960025179188064
0.0019574516383202246
0.00195598982782447
0.001955273726953227
0.00195303590833112
0.0019529156987165
0.0019369410270672234
0.0019358287247283916
0.0019334642813831305
0.0019322662797618597
0.00193262638787032
0.001926908452935181
0.0019262750732050064
0.0019254493527722824
0.0019241446186169838
0.0019176274120731708
0.0019155786416807706
0.0019197809698618363
0.0019263661092474445
0.0019227418872796002
0.0019212757656486648
0.001900907919522098
0.0018959243098310033
0.0022059320550279005
0.00220477095032925
0.002202267865009993
0.0021998803989028283
0.0021985582223000557
0.0021976763786775897
0.0022017641360495234
0.0021993620144648575
0.0021964423029999
0.0021947391105074927
0.002193280814182429
0.002191992985405124
0.0021834446030499183
0.002178120066814064
0.0021769247977516675
0.002178303427751989
0.002177417296279493
0.002176080623898081
0.0021728734148140174
0.0021703894786236954
0.0021693955402600756
0.0021673262745406725
0.0021707461356883363
0.002162689110461852
0.0021617270623918283
0.0021584274390318453
0.0021583360174524634
0.0021575549761571333
0.002154435784192087
0.002153726461877064
0.0021531860117299318
0.002153760493539587
0.0021768044392297594
0.0021764597172495783
0.002177955241999806
0.0021716619627849144
0.0021708852029582045
0.002170551097387395
0.002175894131635948
0.0021763925616905618
0.0021740245800289325
0.002175955372030477
0.00217477335246246
0.002168786992020024
0.0021737170097277827
0.0021723362919258034
0.0021692465579860433
0.002213550303808392
0.0022106154860220477
0.0022072926832262924
0.0022052634169570508
0.0022049992634655484
0.0022042396512339107
0.0021937805061092086
0.002192096155108368
0.002192029151716275
0.002184819346835409
0.002183195107180845
0.0021852962540042636
0.002182166433442425
0.00217725756281645
0.0021791632791256462
0.0021739896885202546
0.0022135450978237026
0.0022097853895596
0.002205602043170876
0.002205744522724969
0.0022046490201904642
0.0022040053069822194
0.002202513936764177
0.0022018398787163524
0.0022026343638345343
0.0022014754094035922
0.0022121064039470183
0.002211100278256278
0.002209719509907918
0.0022086631725613823
0.0022079914936114628
0.0022070574482959933
0.0022029752668356554
0.0022015058074978176
0.00220017320596828
0.002198010884557905
0.0021973790546699424
0.002195212603583772
0.0021974330979100914
0.0021964187256024643
0.002193424318972131
0.002190023645663439
0.0021921128334630026
0.0021907472346294862
0.0022015215380315435
0.002201006327240638
0.002204823007582526
0.0022027266546435138
0.0021996234628450444
0.0021983067459379452
0.002196942531832756
0.002196054338399267
0.002191774136904844
0.002189234326660231
0.002188668819421922
0.0021716985671162694
0.002167169340473231
0.0021660439146980385
0.002165186539643177
0.002176584756628022
0.0021754222693495823
0.0021754943052687257
0.0021738241370619672
0.0021711647468322373
0.00217035067043328
0.002166294553334835
0.002170886843159047
0.002172981996520386
0.0021711418093616416
0.0021620513495121843
0.002168383347409302
0.002166766714701785
0.0021631787078441925
0.0021613407217291334
0.0021609058457416233
0.002164574325812414
0.002161563979048235
0.002155957852245295
0.002146328986735861
0.002145940491219932
0.0021456711575613256
0.0021447679094763437
0.00214369314885619
0.0021430458695881195
0.0021413959987795516
0.0021397859429778546
0.0021373810187935494
0.0021294603625222714
0.0021271217250652145
0.0021277202682349877
0.0021269019456924922
0.0021278872063454817
0.0021254238711968707
0.0021237358324134306
0.0021232402471326717
0.0021278220005795582
0.0021274300291063003
0.0021232322646354226
0.0021222813324235585
0.0021104545784971125
0.002109663596900023
0.0021095411448997323
0.0021113246033612493
0.0021094550409017196
0.0021241374931200005
0.00213423006038585
0.0021321575788741374
0.002131357880019717
0.002131536421985336
0.0021318268847744966
0.002130949606952154
0.0021417113417455482
0.0021158367601216773
0.0021309624337570374
0.002129981909667962
0.0021146159726332676
0.002114505950449675
0.0021132918109859652
0.0021206525346482764
0.0021191788300250385
0.002118552289475058
0.002115596211570224
0.0021144860652113954
0.002115994035591502
0.00211536378890761
0.0021144285975852567
0.0021136726090068324
0.0021118785677543125
0.002110810688732006
0.002109626473565223
0.0021092821051634267
0.0021101684973862944
0.002108688593433752
0.0021174694612731085
0.0021149434212512914
0.002113087268008971
0.0021117645001820927
0.002126096095146758
0.002125666491175275
0.002126768492881899
0.0021257683733452767
0.002125125967684303
0.002122875574235297
0.0021223620704653692
0.002121535617018022
0.002145417041140909
0.002148036920447907
0.0021667032373886967
0.0021668777551225016
0.0021651310119678874
0.002164127684552832
0.002162910692322394
0.002169570061179635
0.0021664363125456156
0.0021663848612258054
0.0021653518343694696
0.0021655677517400567
0.002168116878435036
0.0021676190903937268
0.0021651931113316285
0.002164239567160887
0.002160831390269099
0.00215784928687142
0.002156041423107994
0.002155957808742154
0.0021552543389790004
0.002153012038559996
0.0021506654356520678
0.002161291546819925
0.0021599273149968093
0.0021593637413934554
0.002168828086323803
0.002167991952523869
0.002164257381706492
0.002157284736641626
0.0021397773695994355
0.002145584982994511
0.0021441753010712
0.002144318079739849
0.002144891479320618
0.002143068712713215
0.002139281965651787
0.0021380687534454617
0.002142919492221515
0.0021558526702631572
0.0021549422229567463
0.002142751414037651
0.0021419074177626497
0.0021411497890594243
0.002150187385260306
0.0021502503529969024
0.002146350408376933
0.0021390757323990687
0.002139341946923143
0.00213563799667367
0.0021428776154045364
0.0021426585642058
0.0021402715202059014
0.002138803720069382
0.002137180897478452
0.0021420400105690122
0.00214201459468911
0.002145299284848887
0.002144400716189732
0.0021431964261112357
0.0021420835329229912
0.0021461955692153637
0.002150262068733711
0.002126508578140197
0.0021256632430681714
0.0021258085410197757
0.0021251508104346657
0.002123018309145391
0.0021211046976270884
0.0021196869122243568
0.002119424807720015
0.002117971762807029
0.0021136858385494566
0.002112895084700147
0.002111312605700861
0.002111906724766911
0.002114526100091985
0.0021134172825400597
0.0021180652503884675
0.002121066476536536
0.002120342138375315
0.0021195544687327428
0.0021058383087322447
0.0021012497683351636
0.0021010097007156895
0.002101072079758757
0.0021007773073213622
0.0020992866442937964
0.0020963757658032213
0.0020929553568093135
0.0020926455394222835
0.0020922285773814185
0.0020908325851997827
0.002089742084144433
0.0020892346541367514
0.0020883864994359607
0.0020968014159918735
0.0020958254937689814
0.0020917171904082776
0.0020899712461490624
0.002098382929726023
0.0020984953835451697
0.0021045493720079494
0.00210415282802772
0.002100637484197584
0.002100170234832157
0.002100727418214242
0.002107373690805202
0.002106860145230921
0.0021077538830453846
0.00210570045758803
0.0021049897131124474
0.0021152621434906
0.002106172465514925
0.002111857071568516
0.0021110012255403455
0.002107760087080607
0.0021007195500318283
0.0020991911995500642
0.002102066847435426
0.002100752845798317
0.002099939220392337
0.002100390344586193
0.0020986805964392607
0.0020996437646022457
0.0020986007280320586
0.0020951503404501555
0.002095453299320329
0.0020944963838364834
0.0020944445692694805
0.002089142514404533
0.002086713095881847
0.0020796386213985285
0.0020788600365592757
0.002076646509996345
0.002077006343724106
0.0020775915536916877
0.0020756712427991413
0.002074522677521491
0.002073737967763779
0.002071299094353938
0.0020704592319995586
0.0020658227827738017
0.002062461520545868
0.0020616680015934133
0.002060824291632744
0.0020604392904706808
0.002062802476244382
0.0020679362027885046
0.00206922567395879
0.0020680446289426464
0.002066940003688394
0.002071826126970244
0.0020712133669769286
0.002070055074020565
0.0020695283688509708
0.0020696777709449336
0.0020688336862944466
0.0020707049611449705
0.0020701279170956027
0.0020665811904806578
0.0020658740569045415
0.0020653923616595344
0.0020647669867020694
0.0020650882003476314
0.0020662326244241173
0.0020565683682861133
0.0020574622940159374
0.0020567812119376703
0.0020538043364691175
0.002050338957405299
0.002049368538143691
0.002048378920946484
0.0020431173965616825
0.0020416468205335142
0.0020390428451587703
0.002035043426900294
0.002034167614589686
0.002035651869335728
0.0020381341428783494
0.002031382001665969
0.0020316659460217715
0.0020298242859770285
0.0020284341069881076
0.0020294618617033734
0.002036027314082625
0.0020320822422352355
0.0020302315879850846
0.0020285278552902254
0.0020271039982220273
0.002025268325062764
0.0020322661981382896
0.0020310619443312623
0.0020303679233162767
0.0020274799219069553
0.0020218387894751226
0.0020146067892771115
0.0020101612334292693
0.002011006767894347
0.002011044666887643
0.0020106378317501115
0.002009832203035471
0.0020086793179992777
0.002007030072613415
0.002000242981200065
0.001996556380096884
0.001992550038240945
0.001991680768954927
0.0019929935492416593
0.0019915280305844636
0.001987334540045403
0.001986749398082697
0.0019870471035478452
0.0019847335028502387
0.0019828433890954193
0.0019827210786274377
0.001981939757614715
0.0019801477039092788
0.0019810714399187655
0.001986586517362913
0.001991149233076615
0.001987736384317799
0.0019883879541461895
0.0019868960685202417
0.0019834742758642917
0.0019813520347194383
0.0019807464832888133
0.0019796312792609073
0.001979300372792349
0.00197734480338651
0.0019772090295991206
0.0019756514542245396
0.0019753489369064626
0.0019870963154581985
0.0019858037303160593
0.001985277079855299
0.0019824767014055876
0.0019819183323908527
0.001978183779965786
0.0019765604728895444
0.0019756121895580002
0.001975073532419273
0.0019732813864788102
0.001969255250773609
0.001971214279830166
0.001970959021499091
0.0019698255456618314
0.001969390003902473
0.001969942190393922
0.001969696643654454
0.0019468960168002687
0.0019459327980018274
0.0019437288066545641
0.0019432756859865848
0.0019406505095022782
0.001939945594107172
0.001939075100201575
0.0019377206176359625
0.0019227965413629424
0.0019195921651237995
0.0019118849118751084
0.0019096289082260094
0.0019086233832362378
0.0019098376824249227
0.0019076854551042144
0.001906785707488461
0.0018935330370175262
0.0018933420319898573
0.0018923947071349814
0.0018912904068368558
0.0018916295938096015
0.0018917535828627248
0.001892785724838708
0.0018921998035244974
0.001894275580811154
0.0018922098262139841
0.001893521568096459
0.0018946507217784997
0.0018941581199889226
0.0018860064452248127
0.0019118325991181735
0.0019115369063348272
0.001917707612003542
0.00191278683434369
0.0019123130515705715
0.0019117200123869582
0.0019116451926775694
0.0019110616549110658
0.0019112733884979914
0.001910704231419625
0.0019094792650393223
0.0019088126873943938
0.0019081520906027503
0.0019027029547824244
0.0019014053769250967
0.0019005375955383284
0.0019010832790672541
0.0019002350173167725
0.0019003606129019402
0.0019016478002052296
0.0018990274149124258
0.001901153275984357
0.0018990239337058595
0.0018984576271503491
0.0018986536480655567
0.001898168656593801
0.0018960241455691488
0.0018946884018702338
0.001912253366856713
0.0019107225899517965
0.001910456572927216
0.0019083136766219258
0.0019044243558869176
0.001902039455477432
0.0019169521205764197
0.001917154312889256
0.0019164751322307228
0.0019240317178525932
0.0019218673391971305
0.0019213371531662021
0.00192094034032133
0.001920608933703645
0.0019222649113468143
0.0019210010819665224
0.001920281916968925
0.00192140131026244
0.0019210801147768143
0.0019200369495536137
0.001919777325860346
0.0019145586370483256
0.0019161661748447007
0.0019149165073670022
0.0019132432097397679
0.0019136230787821016
0.001912803376573813
0.0019113828112397068
0.0019096940576952865
0.0019084450684311173
0.001906995856555564
0.0019054334732090963
0.0019023988335450596
0.0019138060902779684
0.0019138225507136022
0.001918483770520478
0.0019200707840200293
0.0019197499068309603
0.0019197361872722296
0.0019182788828582666
0.0019178858647256436
0.0019154473883387494
0.0019185700753198234
0.0019380473556367015
0.001936875181507743
0.0019361630973109957
0.0019330258284736338
0.0019319988031207926
0.0019322304553824046
0.0019308633569139182
0.0019325311213463747
0.0019322652639456232
0.0019314511900620564
0.0019291023673810492
0.0019278395676112997
0.0019249004845747998
0.001924056414802065
0.001923606671510875
0.0019237516857162123
0.0019233430949039414
0.0019212210640856579
0.001910398286202692
0.0019142769426260028
0.0019141372782714872
0.0019146984632886109
0.0019137990523644547
0.0019155934093234533
0.0019144488287579987
0.0019241511415157373
0.001926409032901764
0.0019259824903504429
0.0019243286029605468
0.0019232790214722046
0.001926003694888816
0.0019254823018143535
0.001919229150511618
0.0019188746516689095
0.0019195481623384544
0.00191704853304305
0.0019222627776019723
0.001921136065943633
0.001915971599985262
0.001913227519802153
0.0019137587081593623
0.001914683059867591
0.00191591450684257
0.0019138464214905084
0.001905401568541991
0.001904157145856964
0.001907627096919988
0.0019072598272797218
0.0019091285938140365
0.001908359923799805
0.0019066695220370964
0.001906452300014529
0.0019051013198679936
0.0019031390047985178
0.001901808844794605
0.001901267514671972
0.0019007376724683347
0.0019022367545828843
0.0019286789461570469
0.001927117368323637
0.0019259204014641137
0.0019263945895424844
0.0019233529344782107
0.001924287235023105
0.0019232731138044833
0.0019217892233100652
0.0019179758323156222
0.001916883907219429
0.001922653502835636
0.0019226798914824968
0.001922994941276395
0.0019266218258527554
0.0019253524254105423
0.001924179249695727
0.0019236913084457114
0.0019209113881476596
0.0019172673326942604
0.0019161095733300146
0.0019155876602438735
0.001913246179583347
0.0019105622678696923
0.0019123093948624716
0.0019116215993705186
0.0019082194478194218
0.0019066939052132205
0.0019052162278800204
0.0019040235733304531
0.0018964255793949606
0.0018965153413226118
0.0018954791742751228
0.0018952770799408325
0.0018857429124979983
0.0018847868971230226
0.00188423313405517
0.0018838286058579414
0.0018867087777503886
0.001886014272034333
0.0018873846569597505
0.0018888434685930076
0.0018898968484482707
0.0018924828296791242
0.0018913447354247089
0.0019923611473957052
0.0019925465537432925
0.001992529372144573
0.001989975929671166
0.0019897739728805966
0.0019896210477029982
0.0019889266766970823
0.0019882606691887903
0.0019909913509159475
0.0019915034080363863
0.0019904824107563673
0.0019883407020801205
0.0019867874890072273
0.0019862995485744423
0.001983151188323142
0.0019828509991050456
0.0019816484242784
0.0019814668696611663
0.0019825475674891224
0.001983238630656683
0.001983228129092626
0.0019817906601694744
0.0019813106154552332
0.0019810941999606996
0.0019878974454523362
0.0019901710960567084
0.0019885232055264573
0.0019883363790491183
0.002068530563069101
0.002062200414081016
0.002060157657055419
0.002056785221574503
0.0020522887596612226
0.0020561297169068887
0.0020550134383622632
0.0020573690648028687
0.0020527399863515612
0.0020538273521888005
0.0020590402495805514
0.0020662220290297993
0.0020652044842594526
0.0020633544025680556
0.002061334288327142
0.00206365207655833
0.0020610000771295674
0.002060059938920579
0.002059302342219742
0.002059519999946417
0.0020588781111769558
0.0020571302093390404
0.0020569464436261636
0.002054620448835069
0.0020539695541113164
0.0020490105625735376
0.002052162362578197
0.002049912208768588
0.0020493948255160487
0.0020515266702573996
0.002047840491350132
0.00205098115716534
0.002050401463281197
0.0020494799207752185
0.002048846763266506
0.002047336824975495
0.002046394152105308
0.002043109333294831
0.0020419765905406164
0.002041048639675488
0.002039555863348811
0.002026445344213422
0.0020253151485004946
0.0020247312129705606
0.0020277623479948137
0.0020270422913242297
0.0020194239347622275
0.0020182636717230953
0.0020177851874030608
0.002015969474336363
0.002016546016531671
0.002015642682127758
0.002014465400425194
0.0020160464501885675
0.002015828984428218
0.00201578954870038
0.002015324204920642
0.0020117079928564647
0.0020179003055216973
0.0020173617672722575
0.002018279554224148
0.002017614118102074
0.002016758335116631
0.0020163718778140223
0.0020156796965118337
0.00201496877623978
0.0020118896232250655
0.002011217532080075
0.0020114442621569652
0.0020102892482614237
0.0020095564279288248
0.002008580041364144
0.0020070384487972086
0.00200859823728984
0.0020076637677711308
0.0020088710126281305
0.0020095370294311568
0.0020095286447318443
0.0020087538582007234
0.0020066627343295344
0.0020069360627985554
0.0020070550113760665
0.002006209342202732
0.0020055804019118357
0.0020058697047583315
0.0020054230221600304
0.0020038451063610864
0.0020022764251189304
0.002003560063921085
0.0020029991000405844
0.002002351881183803
0.0020017574591180004
0.0020007839882387377
0.001998887056698282
0.0019976335707615326
0.001995850485065721
0.00199313367730203
0.0019891077724532324
0.0019882526521436163
0.001987404014735161
0.001987288481124461
0.001987320269049367
0.0019867830776117254
0.0019843419244878267
0.0019799009904288463
0.0019794312553639594
0.001980557874924731
0.0019794983144224053
0.001978214398350217
0.0019772902733458837
0.0019760313567459774
0.001975594911240268
0.0019767344061512146
0.001979196237335541
0.0019847075058456068
0.0019831620651128323
0.0019828698830476913
0.001982307493638089
0.0019831454311606063
0.0019830034341889098
0.0019826634611988547
0.001986170785566437
0.0019853942653436014
0.001984843269661598
0.001975170179789624
0.001975308689799652
0.0019772519442133162
0.0019759423540039248
0.0019761713972365567
0.0019763893722382505
0.0019759856713372323
0.0019613807922054267
0.001959527369224322
0.0019650446428702167
0.0019663877274832594
0.0019656418818386023
0.0019653849385798386
0.0019726142345292633
0.001973290400332728
0.001973835609501884
0.001972528389065303
0.001971316003366662
0.0019693580734194875
0.0019692922494332164
0.0019745780354151043
0.0019780158303178835
0.0019766488358819354
0.001975996344384032
0.0019741069207484057
0.001973315303902787
0.001969715058703933
0.001968942112636653
0.001970560075500168
0.0019700144390352825
0.001972254890301153
0.001971953982184405
0.0019712649118122823
0.0019704432184667947
0.0019703841672554998
0.0019533028259381136
0.001953815981637643
0.0019473658848344992
0.0019476049611900199
0.0019467768105802853
0.0019451657082496506
0.0019460973973528324
0.001946578696190003
0.0019473496247743463
0.0019458024746326183
0.001945356647013963
0.0019441267183415046
0.0019433619568609722
0.0019436193704811635
0.0019411209554882282
0.001935947480057552
0.0019390067060249116
0.0019396178309379214
0.0019365296647943832
0.0019357399305616322
0.0019344684106994935
0.0019349981246689874
0.0019346360805550826
0.0019375982833752903
0.0019351955789565893
0.0019343388785849841
0.001933698770312865
0.0019333450460253703
0.0019339986630851093
0.0019316145947729981
0.0019306889932431482
0.0019288052534343271
0.0019279357853842192
0.0019201317556771125
0.001918220458232118
0.001917319518881348
0.0019178625136191188
0.0019157378568666085
0.0019138853048447462
0.0019138178356970202
0.0019131611259578208
0.0019122727902936838
0.0019118018024577297
0.0019095389971779445
0.0019044967070180258
0.0019031908447197138
0.0018968702251367696
0.0018949598740639932
0.0018988693779926518
0.0018965548464577756
0.0018949508602219651
0.0018935119383315956
0.0018915628431034907
0.001891020790548842
0.001890118556166201
0.0018892943630566819
0.0018885604730469044
0.0018879078746619814
0.0019032218423519558
0.0019042645782319997
0.0019030403975010138
0.0019028937165213708
0.0019034777556993948
0.0019022314098896193
0.0019011615964945607
0.0018999344305017172
0.0018983941133766265
0.001895855188062585
0.0018976684114123592
0.0019036978473852835
0.00190309339438974
0.0019026550050744585
0.0019022343952648506
0.0019012741855650467
0.0019040734589546424
0.0018955437090304968
0.0018996272445702162
0.00189669049201385
0.0018966347566688013
0.0018979496069666077
0.001904274295498116
0.0019036133651147112
0.0019034966878566102
0.0019025136438969806
0.0019024532947498607
0.0019020317060607463
0.0019015866306040705
0.001895595622758525
0.001896230596019135
0.00189456256029522
0.0018941230467117804
0.001894678402395903
0.0018933079071024631
0.0018918898953393397
0.0018915647326002206
0.0018906407706011734
0.0018883399475963327
0.0018883144448197053
0.001888154112923919
0.0018973800743069486
0.00189331261822182
0.001893137293331631
0.0018931856256239326
0.0018924281139296789
0.0018916247548068663
0.0018905005765801639
0.001890087433636201
0.0018895119756314185
0.0018883246995231445
0.0018880386347225019
0.0018882828313072752
0.0018878589933975535
0.0018832696275637906
0.0018814805157502323
0.001880339688976182
0.0018808800708243773
0.0018804685215399928
0.0018800296595162852
0.0018793387710257766
0.0018782789642601005
0.0018786234516174757
0.0018783204537173976
0.0018768345471062782
0.0018761530781672324
0.0018751247251359785
0.0018752942977234663
0.0018744954391655977
0.001868793413172248
0.001868431939951438
0.001867369825468447
0.0018669515072621762
0.0018665577144034258
0.0018666811996281849
0.0018656727110149816
0.0018638118084812277
0.0018615165787738625
0.0018610784571995028
0.001859477784926535
0.0018583421499318946
0.0018605050956347117
0.0018751754331346431
0.0018650935467004672
0.0018632086171478895
0.0018634809214741158
0.0018631016157376816
0.0018632203513813707
0.0018628142917331586
0.0018618865493846984
0.0018606704035955283
0.0018602368738967973
0.0018561606178635662
0.0018733644740328878
0.0018733068665249787
0.0018730572617413883
0.001872293245722364
0.001873109905221034
0.0018721574774980172
0.0018694322414163072
0.00186818495682423
0.0018593573158031513
0.0018582286132720165
0.0018620703173962358
0.0018569276527527186
0.0017726993979965812
0.0017725264137820457
0.00177180965628877
0.0017709275629827115
0.001769050891312343
0.001768387686358326
0.0017681531226884989
0.0017671386782608664
0.0017666125386032836
0.001781008139812162
0.001791751524536495
0.0017908351736031884
0.0017892361587369674
0.0017885893231441552
0.001786754094141809
0.0017860105315580601
0.0017855177317499667
0.0017711661270395811
0.0017701867147105778
0.0017706410220626279
0.001766607125286077
0.0017674046611658113
0.0017737527935375195
0.0017732127774145155
0.0017705887949159525
0.0017779891023164442
0.0017774953930227058
0.0017771206509719294
0.0017766175234056767
0.0017756811102131553
0.0017725218124547458
0.0017601592791181974
0.0017596256305498694
0.0017576876813871643
0.001757415010258141
0.001757101124993093
0.0017557801943364247
0.0017509920457786823
0.0017505811740871054
0.0017487626413625619
0.0017485839143460353
0.0017477006296746733
0.0017471816460898314
0.0017471018773918521
0.0017459675634448394
0.001749131830201244
0.001747053764965943
0.0017459178846394386
0.0017532222915871347
0.0017527071093079378
0.00175208522852298
0.0017519242581667995
0.001751103796451319
0.0017532696381402217
0.0017538515499743047
0.0017517492253640821
0.0017507888857422403
0.0017533620078080874
0.0017546877377871263
0.0017546255496614647
0.0017548186664824348
0.0017526745248112583
0.0017542580757327925
0.0017539604027453097
0.0017531338812220155
0.0017518477251531135
0.0017534862167544723
0.0017526223729769335
0.001751905244388137
0.0017516053237335602
0.0017508184166893227
0.0017502417272791258
0.0017503812145162642
0.00174932512752571
0.0017490858725099367
0.0017477741279527314
0.0017478619757992715
0.001747749863498385
0.0017471780646932447
0.001747502257285705
0.0017457081944625022
0.001745134655947458
0.0017452643650411853
0.0017445405854758865
0.001745057005002253
0.0017443944082313745
0.0017438487743912524
0.001743415747673983
0.0017427838487532737
0.001743052747070139
0.0017421115555616281
0.0017432404675096157
0.0017418390247666594
0.0017411226858932952
0.001740522626063759
0.001734142545172119
0.0017399253180955124
0.001738712434495781
0.0017389610609846746
0.0017355381123709992
0.00173724749266932
0.0017359336893760426
0.0017421855088664937
0.0017418001070804428
0.0017427398882747876
0.0017421168175695326
0.0017428810123786534
0.0017425153933661604
0.001740954285732877
0.001742728426748684
0.00174190499206613
0.0017414119338443116
0.0017286840205614933
0.001728111646690953
0.0017268210140232144
0.001721552694468029
0.0017093116978385
0.0017086335249068467
0.0017050881635796188
0.001704997362718515
0.001703977263058584
0.0017058179520588893
0.0017022681592612973
0.001701286014354241
0.0017005434557493125
0.0016990738133800156
0.0016979725188501508
0.0016971546480540967
0.0016932693271141757
0.0016927463409050262
0.0016923396056376084
0.0016943512157233153
0.0016931653277974413
0.0016926542438627915
0.0016925020323916209
0.0016927544647219986
0.0016919465834317514
0.0016907917009659544
0.0016905910109966166
0.0016994529452889762
0.0016972812506284981
0.0016970908505170408
0.0016854173807085962
0.0016843523767876315
0.0016838018950620529
0.0016850126798616583
0.0016846444644887729
0.0016848696299095163
0.001684241469259305
0.0016832911639860033
0.0016826514658120962
0.0016912606404875209
0.001690905757034585
0.001688735399833494
0.001686430314067326
0.001685474960327368
0.0016838602063514122
0.0016831109268889072
0.001682308222798985
0.0016819365168185085
0.0016850431265083303
0.0016843658754413825
0.0016838747220645233
0.0016864474863807688
0.0016860623959042422
0.0016877562210689922
0.00168419329624384
0.001682745473042607
0.0016851179755033652
0.001684738760076485
0.001683649807873941
0.001682756641919205
0.001682515103871875
0.0016809894428890368
0.0016821675545199291
0.0016809617213943992
0.001679981736874266
0.0016792016991934104
0.0016794620930176037
0.0016787962975105698
0.001673219421209205
0.0016727864482723811
0.0016748019580057779
0.0016984889585948326
0.0016981434331312486
0.0016988128409955478
0.0016947581334844758
0.0016932680190748738
0.0016908280797752052
0.001686569574564906
0.0016863564543312998
0.0016860362193784205
0.001685784008013193
0.0016850053513988714
0.0016842206428106844
0.0016832690782363506
0.0016821560610063276
0.0016922714100065747
0.0016930798844798957
0.0016923788058361474
0.0016925405742212114
0.0016877935868474501
0.0016900768428785083
0.0016903490771063303
0.0016855072473826896
0.001685202691166878
0.0016847300430264142
0.0016850410056077204
0.0016816040303860218
0.0016776649939357865
0.001678186143024598
0.0016778278898497247
0.0016770257806065735
0.001676671487164433
0.0016761799083724303
0.001675260554453138
0.0016747562612583965
0.0016743679352071207
0.001690989774047026
0.0016903522989000028
0.0016898272219813728
0.0016882537590671295
0.001687294480940406
0.0016868045163552304
0.0016875037980901644
0.0016875615517840479
0.0016870417161516636
0.0016853446805698996
0.0016826349760217909
0.001679353244565842
0.0016829174480467019
0.0016701031102990564
0.0016703100477641652
0.001669952583404162
0.0016696713820868916
0.0016679008574375582
0.0016680782577526087
0.001667701782854273
0.0016798975431451659
0.0016791398620017973
0.0016777077652245249
0.001709731436614076
0.0017094210075042832
0.0017093974421428949
0.001707085636612804
0.0017058888741747933
0.0017042914437162
0.0017035694777987622
0.0017024019213129017
0.0017021405985638476
0.0017019948833156505
0.0017024674771471409
0.001700784003746308
0.0016883218288169834
0.0016837298504336945
0.001683216307402601
0.0016821526294989535
0.0016813610708391797
0.001679619686651184
0.0016801442495150032
0.001679491031200392
0.0016792152891608497
0.0016785729890283652
0.0016778461177580487
0.0016759718188531347
0.0016755482278553728
0.0016750046993079682
0.0016745071777167933
0.0016740434143783015
0.001671873688074495
0.001670620566467062
0.0016690908101102775
0.001667276507018516
0.001667523884236758
0.0016770285058970605
0.0016725928458987919
0.0016721544507811753
0.0016722215559217205
0.00167179822638683
0.001670291002633232
0.0016692887581700715
0.0016727269321619434
0.001671898177665956
0.0016719817544784538
0.0016718304036783516
0.0016711999208410741
0.0016756967966983303
0.00167487343584338
0.0016745841120177059
0.0016739878608457144
0.0016737868575300548
0.001672347615667437
0.0016710052511462786
0.0016701492862697862
0.0016704955115875587
0.001668494527931743
0.0016680580991624639
0.0016682316174271635
0.0016676590860578765
0.0016672594814433942
0.0016681968811288821
0.001672185654552026
0.0016727833639856148
0.001672007373577171
0.0016723055416648278
0.001666596887633938
0.0016651266689542141
0.001668121692595129
0.0016648359596186772
0.0016645170751197727
0.0016615257390685525
0.0016609238676985308
0.0016605852771536507
0.0016605941606963094
0.0016602635944488995
0.001660058213863546
0.0016591134488719412
0.0016610517704103535
0.001661313451848495
0.0016604592051541727
0.0016618560043342025
0.001662055683169689
0.0016602922653041624
0.0016594967225477028
0.0016589750619565408
0.0016580034914270294
0.0016581363136441212
0.0016576330069007007
0.0016566437130133885
0.0016566881774658275
0.0016509568939664246
0.00165042100682112
0.0016549635875277326
0.0016533257293257458
0.0016531214357304181
0.001652151030532664
0.0016516715136164072
0.0016507762760596153
0.0016432942845221855
0.0016439295920839233
0.0016447692607960242
0.0016440586989087407
0.0016391620795554631
0.001639176346547642
0.0016378741277854093
0.0016375342888075625
0.0016369925179633628
0.0016373083313860946
0.0016366456442728455
0.0016365555324091736
0.0016359269120945652
0.0016349690427290553
0.0016342567084172272
0.0016284550228973672
0.0016280105491503223
0.00162737862205847
0.0016269245820539262
0.001625969613319712
0.0016260345334047838
0.0016236993311383586
0.0016231588771028823
0.0016227855303822493
0.0016234585347622045
0.0016234827027145037
0.0016246752942163623
0.0016230518198880354
0.0016204778358697722
0.0016280644583809973
0.0016277718400077622
0.0016275044121135196
0.001627341807919252
0.001627810586742524
0.0016269207517575163
0.0016315780458619309
0.0016262532636131348
0.0016256664603470012
0.0016349200675450871
0.001638221196607893
0.001637636681818386
0.0016367299949042859
0.0016374826673302902
0.0016373636408253444
0.0016355042966541141
0.00163499021845845
0.0016340782041012944
0.0016347383285852692
0.0016349911284945537
0.00163524069496155
0.0016347545735651578
0.0016342789152854525
0.00163606720377764
0.0016388946026968344
0.0016369139375099877
0.001635183096066386
0.0016346646699456025
0.0016341536072705645
0.0016336584941627767
0.0016364405090991743
0.0016357799530478602
0.0016365184674838901
0.0016358086238668346
0.0016353491637144553
0.0016345319141250697
0.0016341093184073178
0.0016336211868834176
0.0016340410689330575
0.0016339334740705018
0.0016169326295668181
0.0016162293406944675
0.0016188493611626813
0.0016185567381725272
0.0016187206244777706
0.0016186100980786736
0.001618845902552841
0.0016176152174146915
0.001617072784518731
0.0016168336862460112
0.001616252475984237
0.001614899830623538
0.0016145403046087972
0.001614175471688207
0.0016156979896364465
0.0016171192770439904
0.0016196374613950083
0.0016180571682339001
0.001617176494184238
0.001612642691941224
0.0016114760129636858
0.0016104089513013739
0.0016124891805633485
0.0016106054360733003
0.0016087807857109472
0.0016104999985217688
0.0016078760660529056
0.0016073922446837303
0.0016065321045272629
0.0016057432398764817
0.0016036255382884548
0.0016040057473732648
0.0016032157215377359
0.0016025096935476013
0.0016043641908687935
0.0016042218629443265
0.0016043088175713932
0.0016038516340612175
0.001603019537994952
0.001602466247743767
0.0016023669757505936
0.0016022481997899256
0.001602072957219625
0.0016028286634806462
0.0016023400725845465
0.0016027726343682787
0.0016019599123001267
0.0016022950622131848
0.001601040343646757
0.0016014131030043148
0.0016008359823476148
0.0016007551959289045
0.001600243861343162
0.001594933181882182
0.0015949725215370554
0.0015947775037528644
0.0015942652371571653
0.0015923368031421595
0.0015919563770423581
0.0015351780317723303
0.0015348451323384386
0.001535190403788361
0.0015338234590932206
0.0015326126256541648
0.0015321703888633753
0.0015315638779798766
0.0015307985606675541
0.0015302478210173676
0.0015311463836969739
0.0015308657286924644
0.0015147732966038251
0.0015142847715278777
0.0015125424918356317
0.0015113813606664529
0.0015107399100544943
0.0015122482332269645
0.001512021313649135
0.0015112337450925682
0.0015037133207140769
0.001502618800289824
0.0015012874099199415
0.001502847948352676
0.001502818087014131
0.001502590097355575
0.0015018118264759025
0.001500757927378771
0.0015017082505560555
0.0015012912486406574
0.0014961915012764709
0.0014910874843114116
0.0014901441974590906
0.0014895751791110968
0.001488398726068045
0.0014432467134742988
0.0014478906651900123
0.0014538044552153556
0.0014542018940747385
0.0014541439691220597
0.0014535208952151588
0.0014517184912720218
0.001449914807564194
0.0014488623456849058
0.0014555469394788014
0.0014545720778072638
0.001454476455516234
0.0014543734710661621
0.001453787581447107
0.0014529297839415397
0.0014461527136803106
0.0014459177943505173
0.0014463290206567772
0.0014397800247905202
0.0014338618892755465
0.0014319564293850554
0.0014314394400178443
0.0014290490008227461
0.0014300292156563229
0.00142943532296093
0.00142823660479642
0.001428175097969902
0.0014356129282599947
0.001429456982828104
0.0014269828668487944
0.0014268870270228219
0.0014272390159233083
0.0014259559417741199
0.0014264362898847751
0.0014258956085709085
0.001425537846619587
0.0014255279062332655
0.0014242855355814288
0.0014276659472904699
0.0014271906947772816
0.0014263227846106675
0.0014249641435218857
0.0014243614585304622
0.0014234134235043608
0.001423436274086623
0.001422768339063122
0.0014226315310086545
0.0014223294813239173
0.001416460004195683
0.0014158721582851975
0.0014144642946977027
0.001414488559959881
0.0014159638745072183
0.001416089722632988
0.0014118868297721538
0.001412732897465047
0.0014115781273353815
0.001411487780424478
0.001412057128199732
0.0014116298405701373
0.0014111008677659687
0.0014105830920559943
0.0014102642855320115
0.0014099523353577564
0.0014116998390376815
0.0014111554554694784
0.0014106069836979868
0.0014089610636917244
0.001408724368513104
0.0014082730591948808
0.0014076235641706167
0.0014062509247125428
0.0014050407528958815
0.0014056801397363606
0.0014056787789861903
0.001405296339999064
0.0014056903167129298
0.0014053234134534399
0.0014058909534619792
0.0014054346958592883
0.001404778069727556
0.0014038900778013902
0.0013995209190816836
0.0013988105179334213
0.0013979721189427623
0.0013997269575226857
0.0014035806978541297
0.0014027888384058797
0.001397168045749924
0.0013949873336372518
0.0013948187230114902
0.0013948237162600813
0.0013943358454895263
0.0014011000946270763
0.0014032956242993333
0.001398773790666376
0.0013995535979709523
0.0013990388922480819
0.0013977626173180895
0.0013977080183870678
0.0013976085172075368
0.001398142414925953
0.0013962682269733654
0.0013963366203493782
0.0013953312979224826
0.0013947007263038179
0.0013946920519001872
0.0013967864446083728
0.0013950635999052062
0.0013951637083492098
0.0013953664992649877
0.0013939001925616038
0.0013935108683279145
0.0013890979515540681
0.0013886489517949924
0.0013881820137245974
0.0013871616240125637
0.0013872075022831891
0.00138674072494297
0.0013869594169304692
0.0013870175182492154
0.0013871006209738095
0.0013878610851912104
0.0013875527995350014
0.0013864654110779594
0.001383797114026979
0.0013833441463479304
0.0013823075754181337
0.0013820145233590414
0.0013815864746660833
0.0013815339224585816
0.0013758072313652448
0.0013742783361693311
0.0013739614249054486
0.0013746863742239179
0.0013737343439625433
0.00137372000905651
0.0013735623491056778
0.0013747538116734889
0.0013782175095882262
0.0013777462256464538
0.0013771420881259426
0.0013744038229962794
0.0013801572975291026
0.001379185935832615
0.0013766028113594525
0.0013761981109266291
0.0013759238091307462
0.0013754489638825556
0.0013750502823044247
0.0013747999655616696
0.0013695394116273343
0.0013755765032363837
0.0013755071117472592
0.0013742127401668032
0.0013737642710463646
0.0013735873350464497
0.0013731505030051042
0.001372253126830781
0.0013717798191788995
0.0013718831411715171
0.0013718664564965446
0.0013714911030717107
0.0013722556227655056
0.0013786510715893352
0.001378584094894609
0.001377929981985692
0.0013768563566299268
0.0013764541881570954
0.0013760904491242148
0.0013757575455235608
0.0013756032071902552
0.001375689617608717
0.001375581423873181
0.00137537013680745
0.0013729195557376675
0.0013712140847436957
0.0013706721497046086
0.0013742624305778934
0.0013745240999296887
0.0013774265527269286
0.001377208336835631
0.0013780777990585245
0.001377144391178745
0.0013768392639580082
0.0013765854787241964
0.0013743808954916324
0.0013730628965510229
0.0013727639824936018
0.0013745682941117851
0.0013732619426330556
0.0013724823027098398
0.0013717883451331747
0.00137687982336089
0.0013763438967361733
0.0013737615826519456
0.0013731141976131831
0.001372855319226748
0.0013736512893740608
0.001373502643353472
0.001374167920585613
0.001374079222851466
0.0013743286396843122
0.0013676336528721394
0.0013673994796700834
0.00137114337467027
0.0013707502567571544
0.0013699900189277866
0.0013711075133949996
0.0013691726461674508
0.001367499861798278
0.0013683656011633327
0.0013682980909713626
0.0013691331928886298
0.0013686859237378236
0.0013714283133093562
0.0013723469100092802
0.0013719066031695306
0.0013712656430232575
0.0013672619305353274
0.00136727155845538
0.0013670421491363434
0.0013668469000284007
0.001370147960265893
0.0013696630729155422
0.0013694379921052717
0.0013690725304587382
0.0013685901886786051
0.0013683990966595247
0.0013339202628661392
0.0013338714108211886
0.0013269742403474948
0.0013261375398348734
0.0013257482061983551
0.0013182884821571232
0.0013174023977101136
0.0013169776293991433
0.0013168549162059617
0.001319072134806683
0.001318971339531486
0.0013184756130155619
0.0013180710926850602
0.0013176163258385577
0.0013339022608931986
0.0013335690348137814
0.0013329324066732942
0.0013330465915291703
0.001332979744787878
0.0013320532376452482
0.0013311050927228936
0.0013308468852352986
0.0013301390744062352
0.0013295321845064683
0.0013292326677825064
0.0013292727697204758
0.0013292682787601868
0.0013288937591009872
0.0013297559209857724
0.0013309352994215994
0.001329995851662861
0.0013294109782091483
0.001329685295881338
0.0013295954533926414
0.0013288631025592291
0.0013295694364672908
0.0013299205383444693
0.0013297295836217442
0.0013292021512720696
0.0013283457577275353
0.0013280979283918622
0.0013275985206901823
0.0013270748136969086
0.0013263709964060851
0.001321237005107062
0.00132217011215436
0.0013226634669256912
0.001322021312671177
0.0013214498901689188
0.0013210570254536137
0.0013180202727722844
0.0013154904436712066
0.0013170006155315058
0.0013159603097890643
0.0013165618311003094
0.0013161699434583339
0.0013101607975851634
0.001309545544107606
0.0013096255852976585
0.0013100934027686687
0.0013099321833510266
0.001311673736057709
0.0013128311223118874
0.0013125956884125533
0.0013124031913062653
0.001312463319709757
0.0013075840373693796
0.0013074914274430198
0.0013082049493833036
0.0013110116282375314
0.0013102395411681345
0.0013105950446587339
0.0013105110053740902
0.001308886843361546
0.0013169510045558494
0.0013146127539055905
0.0013142757763372622
0.001315612262905024
0.0013155743763370866
0.001315453540604842
0.0013154559128130238
0.0013132198786034721
0.0013141977128364266
0.0013132782055140907
0.0013128488468482787
0.001313411960416941
0.001313206294018523
0.0013081370771330326
0.0013081105527860376
0.0013086548964143059
0.0013084793338319536
0.0013077558157365689
0.0013016507165163214
0.0013012073443817455
0.0012984902751500644
0.00129770627584274
0.0012971928142489135
0.0012972749538449305
0.0012978545728210256
0.0012975378027726275
0.001297567262275088
0.001296459297672766
0.0012954578148151902
0.0012951791916884362
0.001295619073090128
0.0012950721276721662
0.001292385164318161
0.001292041039618686
0.0012891139531860537
0.0012887499174588815
0.0012886134949578658
0.0012900410470307105
0.001289964926889145
0.0012892588909299732
0.0012886917664980465
0.0012893158620941511
0.0012899303497604564
0.0012893778315667848
0.001289348701219884
0.0012907417814560834
0.0012896013616479356
0.0012888908248261891
0.0012892385797427235
0.0012882610119239724
0.0012886402483777196
0.0012883869504897168
0.0012899551742852683
0.0012896303214797397
0.0012895819431845944
0.0012900794833163882
0.0012855351844269487
0.0012853795897636378
0.0012850634536362522
0.0012842338207240274
0.001284870655738694
0.0012833039644297305
0.001301539633372138
0.0013011230731142024
0.0013010016970132375
0.0013001734229906876
0.0012999907816745844
0.0012996923618645848
0.0012996747899145667
0.0012994746578118901
0.0012993083229950256
0.0012985832402115738
0.0012989832000179565
0.0012985761646145345
0.0013121523508078507
0.0013119385729122893
0.0013106134953710148
0.0013109755274624136
0.001310181374233854
0.0013095631450181838
0.0013081285575974278
0.0013081301803960358
0.0013078824220055984
0.0013076112102725008
0.0013107767126083816
0.0013112435976048295
0.0013075640815358239
0.00130555217166056
0.0013057584535399994
0.0013054721181073362
0.0013051943089077403
0.001304946475758323
0.0013060969485118716
0.0013048834469961883
0.0013047850981167863
0.001309652958225359
0.0013095689795016878
0.0013091445473211775
0.001309605769879448
0.0013113007470841784
0.001310686111870744
0.0013107960906136695
0.0013109844436883674
0.0013107095539484329
0.001310046603560163
0.0013124158199274358
0.0013118972708614
0.001310911617012115
0.0013102800965783144
0.0013124045823413746
0.0013104711956455205
0.001310128262501114
0.001312286775289427
0.0013135093352296713
0.0013133141979461299
0.001316200988032627
0.0013135276128287217
0.0013127999958246733
0.0013038447275140052
0.0013029534659313525
0.0013024477861669536
0.0013003353073735415
0.0013091873968706545
0.001314195359948724
0.0013131521087917063
0.0013145232462250965
0.001314301430261522
0.0013142894497808239
0.0013136818520857918
0.0013042791366853171
0.0013042419258277654
0.0013040749114333824
0.0013038139886035905
0.0013033128447535822
0.0013033208873993315
0.0013043389146199765
0.0013011015856974472
0.0013006456841763371
0.0013005540985478329
0.0013100269531424603
0.0013098084986378471
0.001309318017249772
0.0013090502327906507
0.0013092018736005845
0.0013084093236519565
0.001307813746260401
0.001307438971461636
0.0013072276174666319
0.0013097289742648132
0.001309834547047997
0.0013092021130061715
0.001309874298375052
0.0013094975151526384
0.0013094357249832046
0.0013096134783922902
0.001308262379850696
0.0012963179352882585
0.0012960934450493334
0.0012995183735940328
0.0012989401446935815
0.0013005550402291133
0.0013012617025332145
0.0013002209568512499
0.0012995240135931228
0.0012971556375553045
0.0012974547677548863
0.001297614813410084
0.0012937161665915646
0.0012926051310918575
0.0012923588084494068
0.0012920252104995297
0.0012941534886644695
0.001293857171476664
0.0013000360019948746
0.0012998069912904318
0.00129926487571079
0.0012986558353684505
0.0012969966586514824
0.0012960730069478377
0.0012877994881355223
0.0012876448373644923
0.001287341415132347
0.0012888095676622546
0.0013363748352423896
0.0013368404469562916
0.0013385561712728642
0.0013388900821106778
0.0013574104402177632
0.0013581389293796345
0.001357192704454154
0.0013629259049820147
0.0013627665007416555
0.0013622996618339444
0.00136163867801771
0.00136378740334494
0.0013602738468506956
0.001359678788092789
0.0013593748712450364
0.001359515253341427
0.0013589379832926914
0.0013584209891388311
0.0013596476830698163
0.0013578861619257534
0.0013574938577434218
0.0013571141233699006
0.0013538169495835185
0.0013487395167525453
0.0013478953187208145
0.0013473828400115588
0.001347493824588789
0.0013474196043280378
0.0013467927937821829
0.001346098321955157
0.001345484766265831
0.0013444399693165775
0.0013458073567853986
0.0013460061072100404
0.001345705769378579
0.001345302581401738
0.0013448199937288316
0.0013445707356922252
