0.008685700595378876
0.01809828852613767
0.02469062153249979
0.07249364331364633
0.0901724925885598
0.07813771002526795
0.06651288317516448
0.0679993186559942
0.06090822517871857
0.061029769818891175
0.06390086530397335
0.05950389752307762
0.054963821445458694
0.05384795085216561
0.051234150334494175
0.04895912661381503
0.04970339853833946
0.04169134954970917
0.03957164484600069
0.04482394005892619
0.04239897020637395
0.039490482215668345
0.037679972915308696
0.036319966923911116
0.03520561211357394
0.03369540125519657
0.03128878397442998
0.030193263446061127
0.030706513275314738
0.029861928870706184
0.03045370014115178
0.029482967465424514
0.02941156057332752
0.030148181843105706
0.02927654262910235
0.028649163575578684
0.027425037076586466
0.027296022122475103
0.027002053234900812
0.0273882315036977
0.024129825060732572
0.023545741681605142
0.022988603660699235
0.021937524774370505
0.02030273445795857
0.020360212296277203
0.01943388736375103
0.018911416669689804
0.01835890703718178
0.017980940154908844
0.017426546975352366
0.017479041581402333
0.017166904146843413
0.016737230747557157
0.016957236436220612
0.016197761111247364
0.015856807456343783
0.015728734038036186
0.015397822118635905
0.015154523102253608
0.013920486302888616
0.01429780120203744
0.015199137239505939
0.015221201169053804
0.01530754210508541
0.014628139087311752
0.014612356706707297
0.014383366067414641
0.013795434476508358
0.013604648741663916
0.01332432084907648
0.011520621624347839
0.011536314368493398
0.011640121554179733
0.011751783389052813
0.011646956812390787
0.011010582752089992
0.011209988638705606
0.011197260676271978
0.011245200711584151
0.01131220943530135
0.011272693548704974
0.011240335560398215
0.011839045651996612
0.011920823002921757
0.011972290240950747
0.012046189832538148
0.011956699696772337
0.011705432782441164
0.011024877134132305
0.010953328447573326
0.011536543084163292
0.011457948922551172
0.011322177757239453
0.011227746964019989
0.011101668714377639
0.010678301426957412
0.01059880176490887
0.009993711050483392
0.009624670132289239
0.009677908512850416
0.008906601414477756
0.008663275244963674
0.008786737530248325
0.008701100076201703
0.0087068946167139
0.008572221984246018
0.008406766041485299
0.008733057578369466
0.008708086993801196
0.00852712625107545
0.008247908324815036
0.00823837133551327
0.008121902897002419
0.008100695342552078
0.008491075458900574
0.00864705293078244
0.00869464483395798
0.008904035983626577
0.00893363536360543
0.008961767420558198
0.008938823717294216
0.008872564974515098
0.008809683280531317
0.008279759631333282
0.00800957070438074
0.007826134950391861
0.007271217957027112
0.006849818084335242
0.006681458422476924
0.006771142984772186
0.006619173237315161
0.006374284891331734
0.006376948682332618
0.006364235793572494
0.006342489118126976
0.006682072761485461
0.006624434271026671
0.006521839522507175
0.0080606618054799
0.007896106605316368
0.007898189453489532
0.007395035341889728
0.007301323874130974
0.007192633625467576
0.007178709237617726
0.006992904076469131
0.006941470869538693
0.0070661225748093175
0.006756744916868451
0.006885809501047908
0.006907472528861166
0.006858495356251982
0.0068302459087252855
0.0067949783977103205
0.006766595571097224
0.0067414781774977756
0.006729555807190612
0.0066143206367996745
0.0066626503451160425
0.0067527007277807735
0.0062881763099601334
0.00624454442572087
0.006048019216607577
0.006012462570432976
0.004623610679684818
0.004392660109304067
0.0043978096625200015
0.0056952506988583226
0.005837978525577405
0.005654042816807535
0.005650463557096917
0.007370795064402377
0.0074683055441294366
0.007388400914020494
0.007401986179168275
0.007171296080302318
0.007219291666741141
0.0076469287121047535
0.007181259834346517
0.007777015079877203
0.008547893867833037
0.008491872942692637
0.008457213649022816
0.008483633608056568
0.008559968988635239
0.008544486579534771
0.008191765821908434
0.008104911102227079
0.008042829027106855
0.007922459707818533
0.007951496524852093
0.00793910451526225
0.007938106989679042
0.008024050978877179
0.008013304678704302
0.007959170188199763
0.007862814960664311
0.007831288109300652
0.007862617209581514
0.00782372298913242
0.00685532227631089
0.006932334644564733
0.006935220108390213
0.0069435171938944315
0.007038926580866821
0.006976957814633627
0.007061795305915207
0.006895207362027745
0.006895230607443011
0.006937198702219587
0.006699655232338903
0.006806776868658153
0.0067515850229578605
0.006737387167824496
0.0066972475719942835
0.006683269598939955
0.006652345743187651
0.006624160140265959
0.006647756960078631
0.006337905022093334
0.006315749988999765
0.006310155534655284
0.006182275781304468
0.006758571695639394
0.006750368452138604
0.006847176668663064
0.00676204718488744
0.006702713369209639
0.006604116974958897
0.006576504740474646
0.0072721995532216855
0.0072036030016736
0.007423737420740119
0.007341539768908581
0.007277267114141412
0.01015499056299303
0.01014883632851554
0.010100356122711672
0.010101915284975806
0.009811836500721406
0.009700273219189403
0.009564132252173714
0.009507389799976836
0.009567817650371936
0.008444572380378178
0.008513585348883943
0.00911066751463346
0.009438338235020636
0.009284852799844454
0.009263662307242314
0.008905001731935461
0.008705549759746302
0.008425572832279345
0.008421758753684117
0.008462179339842342
0.008166190543637951
0.008130702930844199
0.00822789347730577
0.008204952282902437
0.008111450850487267
0.008080920632114144
0.008027128027716764
0.008004486911385408
0.007991802989841349
0.007921720180862797
0.007860270870064122
0.007915483239768109
0.007545101214027792
0.007497155020783255
0.00747293513353832
0.0072653340150162105
0.007171803793910702
0.007157233374362643
0.007181470980867744
0.007301620463252284
0.007362245243685924
0.007375628220111025
0.007307603951942708
0.007323842538765953
0.007311986605735853
0.007227241885996434
0.00710939786324776
0.00708587063157833
0.007139001777998035
0.007265777570902912
0.007261802741898768
0.007174658761875363
0.007161016663102883
0.007126816633618293
0.007176076060827591
0.0071969575176346065
0.007266064439377538
0.007283327638929299
0.007259879198721358
0.007245911144563671
0.007377527657686888
0.007236986247009681
0.007226891459043447
0.007212428158331674
0.007147664092064816
0.007019546680942348
0.007004889612481315
0.007002985115987476
0.006326819001925268
0.006278199888841651
0.006251325904521726
0.006218347624230609
0.0061988560785163896
0.006144822775977707
0.006087247476478715
0.005973169071482308
0.006488463108963183
0.006424796069964824
0.0063103834269170435
0.006347968636928213
0.006311441451177855
0.0062844286803053935
0.006248993183726268
0.006214498140598207
0.006211800360654462
0.006174658243681357
0.006144706719809347
0.006092135527421933
0.0060915493935223735
0.006060081935133099
0.00603238659610591
0.006026580685071678
0.006200592743522118
0.006206368092128166
0.0061262687599827805
0.005906931993197758
0.006109088128272296
0.006045177155139561
0.005970882594348427
0.00594938133835643
0.0059525685981756385
0.006109720645616635
0.0061332712609060615
0.006153191459096167
0.006145682551643443
0.006138680547064455
0.006060529159968121
0.006092158506077752
0.0060869337584772195
0.006017437739658732
0.00568979265969166
0.0056208649413049035
0.005578723739599806
0.005589367477707509
0.005725895552876117
0.005720627539832058
0.00588257738739636
0.005808724726150204
0.005799911183264533
0.005457763598758349
0.005518960651542271
0.005531617172592912
0.005147148523408556
0.0051320031528113465
0.005159049317561016
0.005183396701407219
0.005204527794446149
0.005118740847085485
0.0050826910089591965
0.005091247196551613
0.0048019634301928555
0.004998854318094818
0.005015320619851399
0.005009098778788821
0.004849527904454625
0.0048253909123239964
0.004817508276082561
0.004804488905239846
0.004784135454293445
0.004758123931411984
0.004736577241192443
0.004725313024063366
0.004638459110528372
0.0046288438428259285
0.004670378500784631
0.004651391751518318
0.00465722135944209
0.00501016260641808
0.00509781959159613
0.005098866310075297
0.005101293615112317
0.005068011447077417
0.004951118247267093
0.004937029423881699
0.004866485894219328
0.004858181097825545
0.004847036982942038
0.004832622118418019
0.004435120030062863
0.004402351152340665
0.004401577769541155
0.0047550001165614815
0.005637405209272398
0.0055481817341349205
0.005533624455345495
0.005560271780349764
0.005498455833767003
0.005499529717691286
0.005496186272928195
0.005354578467057352
0.005347784178179695
0.005317974199050201
0.005335688980426864
0.0053238421886731046
0.005239681619218349
0.005142822120193226
0.005114596988752723
0.005129847423515716
0.005069856473010773
0.005072067782469314
0.005063636530759968
0.005031942378097212
0.005045542574814694
0.005025219761643713
0.004914665926701354
0.0050793777033631545
0.005062296111131178
0.005012472792227254
0.005056938714923839
0.0051589547371572436
0.005175329060331808
0.0051501401989625184
0.005339562718426197
0.005330123126548936
0.00532464970146301
0.005287417366979187
0.005276471276500381
0.005168145504143169
0.005142449257001403
0.005137071372420058
0.0051489376842276
0.0051273749461068635
0.005124631500670637
0.005199384537568761
0.005212219256978281
0.005246211089163331
0.005498656669399812
0.005481856763022788
0.005482049002035435
0.005472690490635951
0.005427596812686318
0.0054049892233060245
0.005377017908031113
0.005328256854330061
0.00530995850194249
0.0054144079517624445
0.00540755993888163
0.0053938967545496255
0.005369342795267833
0.0053539547766864445
0.005374617727323913
0.0052998962444111165
0.005288135513293793
0.00528659828301668
0.005289616047992321
0.005697699373192701
0.005858714091024508
0.006004638033443355
0.005998056947404529
0.005927591600452346
0.005981195938816232
0.0059786616150152684
0.005939998685634946
0.005900643401973995
0.0058965645186648385
0.0058633112386764835
0.0058675895567604115
0.005927288446844991
0.0059799088737213174
0.0059570521612913215
0.006015441426106188
0.006013095243624939
0.005983112274043371
0.005934392501771435
0.0059342426285331155
0.0059244065114304615
0.005910982506629649
0.005877471718932351
0.005864121532810216
0.005864949429716556
0.0058372683977454334
0.005667114934473576
0.005679060179830465
0.005726523829558611
0.005705419378293618
0.005713062352736041
0.005695631976785162
0.005682833560723617
0.005657066793167851
0.005521418634751501
0.005504459771280913
0.005458382677094618
0.005447292134398585
0.005424825757409171
0.005409657319987266
0.005405642339639417
0.005288524593139754
0.0052210592427337
0.005224499761507922
0.005241293960004756
0.005231596047322689
0.005229173938987112
0.005207242943602149
0.005229061129530282
0.005137140243277818
0.005032017063639947
0.005021774861418021
0.005245100369550351
0.005441447433856733
0.0053410091008666664
0.005331213148014115
0.0053184721661509
0.005309417746880513
0.005322990611672836
0.005318769317796495
0.0053034500994881524
0.005301835578608582
0.0052934013972324905
0.0052866901885434735
0.005275195084650952
0.005252228649513907
0.005263127768715917
0.00523956952328828
0.005224101232358626
0.005204030493019609
0.0051961579958743915
0.005187513088403707
0.005178549850607612
0.005152465382598699
0.0051459702685886285
0.005133188231506282
0.005113956047302355
0.005202666922424979
0.005205930496954182
0.005193163247197355
0.005303848653060115
0.0053254731652379855
0.005309108014906311
0.0052911044317408415
0.005188619161950045
0.0051678475832700795
0.005161448940274234
0.005159630294868036
0.0051475402339405466
0.005091976710452615
0.005081535748561421
0.005078726743569837
0.005088194724390492
0.005056029392938998
0.005052437941013714
0.00503575226824436
0.0050080183102900805
0.004996798138017756
0.00490711435199168
0.004880852202281637
0.004884898015355837
0.004869200150128972
0.004862123956920289
0.004860310206459595
0.00485658146173247
0.004918539160813365
0.004571547930215611
0.004548330185526415
0.004678755344973047
0.004666927769223309
0.004668047869038378
0.004702458527662783
0.004685401993034315
0.004666530100722501
0.004643054776284283
0.004634665322464244
0.004626358313154617
0.004617879871010031
0.004606792727014818
0.004620222667335359
0.004609236587657651
0.004611477550547336
0.004700568300556445
0.004688237753713416
0.004698250053733658
0.004753701076514178
0.004708512900938729
0.00470329103093609
0.00473573798750638
0.004742232968301559
0.004773199199098128
0.004768958459596487
0.00477479452574468
0.004719484695987359
0.004681324728330122
0.004640737294712339
0.004617504654347245
0.004613445822324128
0.00459708639557322
0.004564058352466756
0.004613230546730194
0.004644151380465245
0.004621906786067941
0.004620015179441016
0.004600450201009896
0.004593200567796876
0.0046065383984448
0.004579181245243795
0.004603883373250402
0.004805281615024349
0.004824077388183184
0.004807826049437403
0.004841341184048976
0.004834597993764171
0.0048308712369449095
0.004846191567903405
0.004815785926667011
0.004751277149367636
0.004736507393150913
0.004720749981037688
0.0047282984615830475
0.004703816922651286
0.004790067572100084
0.0046582360946355325
0.004679323921893219
0.0046595103347174946
0.004612187508429621
0.00462231876264836
0.004728566838910641
0.004702075217993075
0.004678837676879418
0.004695093263576335
0.004709042168697192
0.004701346034100261
0.0046719452727632055
0.004637910230813303
0.004606657924889533
0.0046605252947756505
0.004627408238529922
0.004630494676702625
0.004492732369937334
0.004489989411431112
0.004496870086981387
0.004334669013393411
0.004330976733351644
0.00429991524723857
0.004370622240315091
0.00435350784991617
0.004288187963963512
0.004279526751486661
0.004278087647940897
0.00428117517575398
0.004276901232709624
0.004286112291615941
0.004285768100549218
0.004251388839428669
0.004248182884407228
0.004219265508061542
0.004313852204178613
0.004316811397904881
0.004305376334958337
0.0042982935389214195
0.004300102952971032
0.004290465527840235
0.004291179974734814
0.004275192451671332
0.004284692697931062
0.004269120185557794
0.004275199388951581
0.004301493992421628
0.004389511036053839
0.004390250488095613
0.004373569289282723
0.004367269463485834
0.004353163646433662
0.004329736681914666
0.004319592572258997
0.004283277284840177
0.004296926239802176
0.004267495360240461
0.0042556416266154645
0.00428786430877568
0.004276128407112275
0.004248265406617802
0.004249897770742239
0.004258752750607781
0.004311714958195427
0.0043096849602053235
0.004307819324661471
0.004319901838380508
0.004310281403815644
0.004311270508089877
0.004304970435885269
0.004290696533414234
0.0042893592974069476
0.00431622728324471
0.0043124281719676034
0.0043088426845081665
0.004359383341130904
0.004365137489505927
0.0043888207275624425
0.004388508430400342
0.004376654861765707
0.004370268679813614
0.004342917039564939
0.004339186112938373
0.004341149654066023
0.004353600259030787
0.0043410694903829
0.004372587123378231
0.004367812868432359
0.004362378830477563
0.004331650040633454
0.004335507913264991
0.004335437560515059
0.004331073110201979
0.004326709488022072
0.00430801648326451
0.004305281200195597
0.004287072073460564
0.004288206629057055
0.004282242824479124
0.004317902470617715
0.004309137289754831
0.004326722982590647
0.004331436504099446
0.004281575281322463
0.004274326464167657
0.0043149007984058674
0.0042962783171802965
0.004277118665450807
0.004270059505905146
0.004264330646802427
0.00417966284341832
0.004164022595237494
0.004142422209649039
0.004144162380234851
0.004173167200438127
0.004240128559351985
0.0043006280829033
0.004294999287567764
0.004150460777436235
0.0041376375040076945
0.004133111454503383
0.004107468375556517
0.00410700120231981
0.004111541075385158
0.004125419151891645
0.004132540903588046
0.004114893002127809
0.004105633289437584
0.004102914639120547
0.004110591566816146
0.004085288807382025
0.003973254395628539
0.003965601666525161
0.003974430898571946
0.00397754792900646
0.003987243788120427
0.003974409032600209
0.0039801288750553636
0.003979545886825202
0.003924921355164594
0.0039099280584291105
0.00389902217116637
0.0038498774925604597
0.0038559110985823025
0.0038479187183366372
0.0038383251400187345
0.0038076252564202807
0.003806823817516089
0.0037923085427926093
0.0037821047890540848
0.00376740577995247
0.003756103129740424
0.0037708573262859647
0.0037825054719067414
0.003772604158551149
0.0037673852950061504
0.0037664166240639722
0.003768142142305142
0.003783304801039111
0.003784742023259001
0.0037717342096927156
0.003768071531583801
0.003766248472372361
0.003761107529704172
0.0037614804696250444
0.0037545059374462964
0.0037232311493205624
0.0037818786047057297
0.0038212714274736457
0.0038426457246056762
0.0038928774249975128
0.003916632052562978
0.00391974768703185
0.003909073870070163
0.0039006682128092524
0.00390277668572416
0.0038963388814910235
0.0037671873001074428
0.0037509381635124996
0.0037555340146038538
0.0037467578725996803
0.003765826499625659
0.003730104168335849
0.003677392985780549
0.0036598401162112265
0.0036886398699599696
0.00368817842898379
0.003676171901479461
0.003647107560103486
0.0036379112694212507
0.003636030542824588
0.003616986088149794
0.0036162713709518486
0.0036352962808841598
0.0036364684518137057
0.0034813073018637257
0.0034583880512384885
0.003471979399577786
0.003478088514561184
0.0035008218941617437
0.003507301541787775
0.003495551489291888
0.003575661904721271
0.0034378418897332555
0.00343876367509197
0.0034310208344535092
0.003417612437750416
0.003505378442026547
0.003524175558445253
0.0035406185540616036
0.0035385871643749743
0.0035156365620999377
0.0034645065904327136
0.003460830784415555
0.0034560691158514534
0.003467858060610269
0.003465341933687151
0.0034578828893580926
0.0034553721452366924
0.0035591517038472548
0.003560599823987079
0.003567330261382883
0.00354517827982595
0.00352210899381937
0.0035227321732707127
0.003513816990120805
0.0035430430312353507
0.0035463112665330507
0.0035370291220662223
0.0035240766786349344
0.003505200644093895
0.003500139190722477
0.003505146428266986
0.0035004519989060285
0.00349423510264768
0.0030498001967182546
0.0030469126985737927
0.0032407246283331094
0.003234910061547894
0.003216132597736695
0.0032273317300999574
0.0032247612274986653
0.0031887944090992354
0.0031837649955960843
0.0031849730551783456
0.0031945096264298224
0.0031913347114940266
0.0031864015244289995
0.003192053938956373
0.0031854225416401713
0.0031964495929184553
0.0031850262916861454
0.0031944824596002513
0.0031801115786227675
0.003187284355424878
0.003183056763056184
0.0031956565848027998
0.0031795050791440533
0.003192041847697881
0.0031892468067580663
0.0031929259401594777
0.003200770920513175
0.0032665465783006933
0.003313338495995246
0.0033079359519525646
0.0033022100041859835
0.00332243515545557
0.0033194276118079557
0.0033148644896098126
0.003333874664063876
0.0033508015571897015
0.0033585832922391366
0.0034945100798807823
0.0034978971000138226
0.0034960460581997866
0.003476614035553842
0.0034693859957293867
0.003457156449526961
0.0034865937599437395
0.0034708065131951924
0.0034432485691301574
0.0034447818546701784
0.0034383680839537756
0.003435085746533948
0.003429111173558105
0.0034292690881065927
0.0034286968469116356
0.0034311856609220417
0.0034269072971723543
0.0035231030077286763
0.003522324520120032
0.003527787338265384
0.0035250280333316707
0.003511508460264553
0.0035056286814759293
0.0035030400105822888
0.0034887163284049905
0.0034819299900396812
0.003477894746861224
0.0034758389045836803
0.0034805147412165717
0.0034718337395839324
0.003484104981217919
0.0034852827431366444
0.0034868841534555603
0.003494187015537417
0.0035096339590007146
0.0036390515014759857
0.003633755195835546
0.0036345542651939843
0.003630098335991686
0.003628073763308541
0.003624203697485886
0.0036230306894244743
0.0036244330297972305
0.0036391258406389543
0.0036418358003794844
0.0036143987771782445
0.0036110807063084714
0.003595269736205603
0.003593486159472352
0.0035869596198908333
0.0035765432311936226
0.003571622460495168
0.003570362561026986
0.003561951867052576
0.0035576443167715465
0.0035414051318639925
0.0035471074981492973
0.0035388632681762067
0.003542237346599792
0.0035468862788453014
0.003533909938651549
0.003588482770013674
0.0035941555042882153
0.003583596712043737
0.003594690596860531
0.0036075728193388753
0.00362150544967045
0.0036224224203546137
0.0036030857250509995
0.0036142302922988335
0.003592201313213162
0.0035872154694816614
0.0035862009888922982
0.003600817038780745
0.0035987358340641936
0.003583520154632875
0.003580749184345006
0.003598363023454281
0.003591572388075774
0.003576442580529519
0.003570680811552236
0.0035542710425605253
0.003561590305275326
0.0035327345156680482
0.0035217831136166618
0.003528678967200114
0.0035245824178488693
0.003521196292488732
0.003516111304073431
0.0035127341182781724
0.0035159190105008543
0.0035150429280757334
0.003503600496097915
0.0034998342826892976
0.003493546710688543
0.003489052582216104
0.0034825089690931404
0.00347748918121859
0.003467721861775925
0.0034620348039973454
0.003461074496513025
0.0034949665421152073
0.003502546373754745
0.003503806150325772
