0.03332645446062088
0.015970208992560703
0.014529659878462553
0.010811413452029229
0.027237514344354473
0.02701872241284166
0.023418355252943
0.02163176444203903
0.018778737622778863
0.017247733458961273
0.014978476305259388
0.014963517081923781
0.014044352482804761
0.013037768805709976
0.013801871384202967
0.0135800598997294
0.012926016863073323
0.009461162740511718
0.008136250014649701
0.007954214106402579
0.0075477913805198915
0.007199071675447906
0.0069639442748060274
0.00661441143020056
0.006786221740185281
0.006588228261400081
0.006472290484193112
0.006327042860934381
0.006107564715784973
0.001261562539917987
0.0012189664075776812
0.0011250149506271219
0.0011878568218568993
0.0011558410782267201
0.0010904845552835865
0.0010598449518658668
0.008064551830772726
0.007632053182952893
0.006092166656526387
0.0057367511301602385
0.005674297444957552
0.00556066118723572
0.005969188152613986
0.0048216721020354365
0.0047663661436830726
0.004497148218240212
0.004151423095815213
0.004099152711688122
0.004015948211017529
0.0040484301117591215
0.003663879951021113
0.003257515143662391
0.006569335709004748
0.006401523390774276
0.006191320935353619
0.006085567786245966
0.005973109411695924
0.005870035861597113
0.005667392261724065
0.0055690051534033735
0.005812751652434424
0.005656114082075729
0.005749544038962995
0.005628453565161461
0.005318298891132035
0.005203719762781177
0.005151457720999402
0.005073181789855987
0.004566787919403788
0.004698388479546725
0.006556680313830538
0.006710024108218784
0.007513749228540269
0.007444484883647725
0.007429099676396859
0.0073120459445900395
0.0070774205760710945
0.0072852858982146215
0.006906608577446608
0.0068564586879263
0.006790195794232339
0.006759353125985456
0.006613707799953688
0.0061505009237033175
0.0060666892604786
0.005986285129135167
0.005906623803556698
0.005945381441113039
0.005917305328087728
0.00591162101389293
0.006052951798704708
0.005952062074787246
0.005882721461332158
0.005803466056577716
0.006344825783799026
0.006231240940324667
0.006160419990400055
0.00612516614218652
0.007261558505852011
0.007239370694583386
0.007044633572114241
0.006973735658814727
0.006883795857412717
0.006865948408293275
0.006844040433209578
0.006744857930396601
0.006667820002298366
0.006569833911922252
0.006501176975143612
0.006454077485958244
0.006399288085568908
0.005836700948611507
0.0057238061737990165
0.00561475034046453
0.005585871000723027
0.005527647350577475
0.005544619440516438
0.005431761130805039
0.005360971811387577
0.0052579418797679064
0.0049027615565793315
0.004854322057259955
0.004928259391289757
0.0048852048312546725
0.004550181042947183
0.004334797607996051
0.004315152193271392
0.0042753952733365595
0.004212588811620106
0.004300102884885645
0.004206684695060234
0.0040419217203682516
0.004037211762168691
0.004041374024732421
0.004016572199201194
0.003987256513592403
0.0039642789473662695
0.003971015256427552
0.004331904635598354
0.0043294263321655355
0.004324113957511762
0.004282768032598226
0.004236239669909186
0.004211965063988265
0.004221406690728508
0.004261300273850992
0.004352057329457682
0.004374602142699539
0.004415156998438761
0.004558131279537936
0.004698836032108184
0.004658360103087416
0.004633137873107835
0.004608364434041565
0.0045727265085308616
0.004560111123166838
0.004524419496802592
0.004459800122528334
0.0044091802483308155
0.00435930442047647
0.004337981033547106
0.004357688986707734
0.004148119164023143
0.004135473468340937
0.004185438168049985
0.004141534866157277
0.004112959155463618
0.004393437076167114
0.004344151909326153
0.004341832218468411
0.004121232488826137
0.00408356661727986
0.0039046127583307042
0.0036856170657223923
0.0036637958123306356
0.00360790852951886
0.003678690895877699
0.003704365532762016
0.003705699327919223
0.003698448754733855
0.0036611230250775534
0.0036370057909739318
0.0036175224645178475
0.0036281412702550953
0.0036075021091301626
0.0035678353642311514
0.0032674545564464618
0.0033583138516097653
0.0033473039654812707
0.0033333171749486334
0.003253398890516719
0.0032367822309259907
0.003202919715570803
0.003191579308119033
0.0031692041374466236
0.0031398094942773195
0.003314508521982891
0.0032996999034184257
0.0034462222494039485
0.003476838950998505
0.003451844648153197
0.0034288202679522246
0.0034105251362751606
0.0033601598361955713
0.003353103481838369
0.0033182006186309658
0.0033407659835015366
0.003324218809760053
0.0032692254234765058
0.0032876260532149005
0.0032728392833855924
0.0032555479401238326
0.003704343889592431
0.004129063036782821
0.004832487477701595
0.0055855851777220885
0.005570620681608307
0.0055797598078197366
0.005549033804577037
0.005538453705457665
0.005392580317568795
0.005437630369975819
0.005406444705516024
0.005397515116168913
0.005382015342338413
0.0053565875534917
0.005337178436827363
0.004984416319049723
0.004896729762739322
0.004874300237181115
0.004864767691883731
0.004843620059733449
0.004813489111070225
0.004853997408211768
0.0048906572677478236
0.0048517488160653
0.004850615139699938
0.0048284672837432645
0.004748505257460543
0.004732220507136556
0.004685922958832795
0.0046673010464148325
0.0046212429795738676
0.004614102827356561
0.004595989698583899
0.004650756735816555
0.004684288659547984
0.004628048648910009
0.0046252536086831275
0.004630678099815726
0.004604710436228386
0.0045747624900239914
0.004551233587407064
0.004555757686395348
0.004448837847348845
0.004404416655014538
0.004383362838484048
0.004369538145914721
0.004398518032170478
0.004402696930890785
0.004379155245593589
0.004324334354658646
0.004295432516576542
0.004092012275282719
0.004065587752300872
0.00398854337861999
0.0038830269709726447
0.0038607118200756595
0.0038456321630359635
0.00385328383853821
0.00382300009764817
0.0038119711459660434
0.0038092315302572055
0.003796061303106733
0.003782310757953281
0.0035461403806124423
0.0035392617543863274
0.0035696822233670465
0.0035796000999783156
0.003573247277865802
0.0035098671998239593
0.003481435108944891
0.003472998148347066
0.0034513914062316857
0.003434965433720771
0.003429806645549326
0.003413175126322841
0.0033610457022785994
0.0033481303613747356
0.0031243471561619466
0.003240914148927792
0.0030505634830049234
0.00304556349530475
0.003028547141421786
0.003017131145694492
0.0030128738835506143
0.002976672083727163
0.002968292652142048
0.0029170542023348412
0.0029174192673250194
0.002908442263750305
0.0028925548658332435
0.0028892093360618214
0.0028887213721869487
0.0028596002469628724
0.0027844977017114007
0.002776839880720833
0.002765366065361679
0.00266112780060916
0.0026655478538992875
0.0028583194294603763
0.002848146930157496
0.002615629500133146
0.002605174711534925
0.0025933479160190906
0.0026899449340108588
0.002622529215401051
0.0027865846726894154
0.002827900666829921
0.002746477776592
0.0027571395572601413
0.0026935101628882737
0.002699978686782014
0.0026750693324944378
0.002286318497977077
0.002799800289338221
0.0027889835613589143
0.0026839853589354723
0.0026978650191846446
0.002691253981906662
0.0026780133290033657
0.0026612954170996544
0.0027729114937353103
0.0027650330286714568
0.0027623929305220733
0.0027387813087516527
0.0027433049531793716
0.002730159257389407
0.0027138757267547438
0.002704783554592265
0.0027237025796351027
0.0027194925322006984
0.002689083135390871
0.0026280532133608624
0.0028487942061873875
0.0029778821242331427
0.002974964697167363
0.002975891348398005
0.002946005091216649
0.0029350507613183597
0.0029115490749104965
0.002882515572461798
0.0028608355917275623
0.002994604263283333
0.00298896091455104
0.00298551696005616
0.002943416529766113
0.0029389425960535133
0.0029600917298416305
0.0029558260585341063
0.0029581545924924485
0.002948124156815044
0.002944546078911768
0.002877831497458481
0.0028852737609345084
0.0023660675486876794
0.002354747520040175
0.0023421217139227004
0.0023545830162687285
0.0022712293640273326
0.002268045148148012
0.0022601154955700447
0.0021986511227901095
0.00219553016574355
0.0021774151947148387
0.002151993541330297
0.002148788980227279
0.0021483046430988448
0.0021736035440354557
0.0021414972884020427
0.002112848503607008
0.001827673976656565
0.0018237969902467448
0.0018189456694655119
0.0018216079816159168
0.0018525699626235363
0.0018484767644116175
0.0018830872854392372
0.001924118622432267
0.0019070761895295222
0.0026901528241737383
0.0026650056842607624
0.002798587843304623
0.0027360615410209834
0.002650047109868453
0.0026545753212338058
0.002623441229683633
0.002669299323178735
0.0026804397914202147
0.0026319890088067027
0.0026496144676624775
0.0027088724527496197
0.0027083079643093135
0.0026822681632000735
0.0026627138196345925
0.0026492861653407843
0.002598623008541874
0.00259185349325007
0.0026033771767887235
0.0025831652370811504
0.0025677467096879266
0.0026124386362201273
0.002609077049317353
0.00258387890039503
0.002599736156351078
0.0026183593952440686
0.002652570099633777
0.002645200128407417
0.0026237295618817135
0.0026175235926744044
0.0026113506760403757
0.0026003620192830965
0.0025090417696935906
0.0026351100306826153
0.002310073686544991
0.0022967051955319145
0.0022820060596905464
0.002262282358569284
0.0022581261011890654
0.002241759460839668
0.0022362493371398786
0.0021882475296166296
0.0022046448629003666
0.0022001448486610163
0.002197598875652959
0.002230691682546234
0.002235431508547021
0.002228585175726455
0.002202879074366139
0.0022027078611742126
0.0022442077393137545
0.0023597018386617525
0.002373801046048956
0.0023669814639075692
0.002361192200211996
0.002353311553403914
0.0023579735368904112
0.0023234926962455676
0.002363370158786388
0.0023594256309255697
0.00236328147538132
0.0023569583177361145
0.0023531255453800586
0.002356979199940216
0.0023604090370458607
0.002345859991381662
0.0023454176518228516
0.00233973096188663
0.0023339578950941848
0.0023544533691591428
0.0025045366812886643
0.002817873869992644
0.0027927672819894993
0.0027821294140433395
0.0027547331800918365
0.0027833657688453466
0.002780211387270023
0.0027620764829752757
0.002761343304151293
0.0027549449339572484
0.0028139752770916333
0.00276179863090686
0.002767884837293758
0.002759838407368272
0.0027543307748540235
0.002749312633783937
0.0027623189958930015
0.0025290659995181076
0.0025491994513496758
0.0026424120502561146
0.002689559312033703
0.0027077617913194574
0.0027191524723732523
0.002733706112496632
0.0027002949657465945
0.0026923519779477865
0.002685889693085586
0.0027010973068332432
0.0027141037109723438
0.0027580167678658255
0.002754374815761302
0.0027604386666059714
0.002727379985301406
0.002724841605727722
0.0027177989840450434
0.0027129867879485707
0.0026861000692826446
0.00268189068058879
0.0026773095984353877
0.0027001634489588013
0.002701380059706248
0.0027029794280129535
0.002696917635144958
0.0026732011641239437
0.0026825713829577466
0.0026796307705686463
0.0027109938839353503
0.0027174848655811636
0.0027097221596990265
0.0026964122442013016
0.0026916027677934573
0.0026865878694701394
0.0026786405530582185
0.0026679897516251293
0.0027187748470951637
0.002718901540267091
0.002711220961336459
0.0027072664984548293
0.0027066758120047173
0.002713030039982562
0.0026386138375507503
0.0026030325392166513
0.0026012263736600255
0.002597191202980219
0.002567518134674868
0.002178706766446352
0.002174473401182835
0.002160344191905198
0.002153502276231386
0.002148814142935072
0.0021441159766986432
0.0021425273057272295
0.00213870667663927
0.002134298711234382
0.0021313040805641483
0.0021256442604659065
0.002139026944958285
0.002145870918024423
0.00214614322147571
0.0020009482972902053
0.001995277160757996
0.001992298230676308
0.001987517187481392
0.0019834520553558845
0.0019540314226851956
0.0019371680273734615
0.0019376631003866283
0.0019360002452844098
0.001978192117090989
0.001970948320340607
0.0020139820949917416
0.0020116579958290508
0.001995869402190736
0.001992768530197299
0.0019713046036165444
0.0019275874287626308
0.0018001435465003048
0.0017945924390457843
0.0018025870883807986
0.0017971982378284102
0.0017941760805639678
0.0018045374959768834
0.0017992800619643457
0.001859607040107254
0.0019504608845916141
0.001970104697707262
0.0019703600373983574
0.0019646542350496795
0.0019498351357565538
0.0021702959830912217
0.0023450751649621592
0.0023132315959477827
0.0022954174548545266
0.002290755700514242
0.002282684792864605
0.0022767897927244603
0.002244767744471048
0.0022548156888070117
0.002232289768964055
0.002227735267134447
0.0022197921108613235
0.002207647303253364
0.0022048100284443022
0.0021975898713938857
0.0022053565833090164
0.002201939121983723
0.002191280466735914
0.0021614325736036967
0.00216451508155025
0.0022640419378973944
0.002353208578969119
0.0023675772035198746
0.0022996854393366245
0.002291473586372361
0.002282692381728009
0.0022695151176805504
0.002259259481011319
0.002224445549535127
0.002283413020313673
0.0022784096248909236
0.001976588078152864
0.0019757592168331917
0.001984633850082033
0.0018606553632737866
0.0018667225525793938
0.0018761137952659416
0.0018794524777885461
0.0018826198458692547
0.0018857526342158126
0.0019027121440920115
0.0019620419975640616
0.0019560489595048373
0.0019647480325005427
0.0019476682395593605
0.0019404844192324946
0.0019939252432390046
0.0019974457067274297
0.001991079538055806
0.0022377103853672927
0.0021709680195462484
0.002168918666813385
0.0021679750256135308
0.0021648508756482283
0.0021444085389579416
0.0021431932684249414
0.0023037383252842024
0.002303136917886543
0.002274962798423804
0.0022471603675252735
0.002249276472154738
0.002261429457780362
0.0022572717950681883
0.002248524673698334
0.00225851941346106
0.0025622391293344763
0.002575229059704033
0.0023987459963851344
0.0024112122024627677
0.002417338958386494
0.002433574822600076
0.0023459590135001085
0.002330751739307172
0.0024465353906956843
0.0023978184506335694
0.002400380088037543
0.0023917618139096676
0.0023803036995385485
0.0023740438042542506
0.0023556924308846088
0.002361318595639709
0.0022939856325405778
0.002333280781430407
0.0023801381248158685
0.002381422267073142
0.0022803478941541026
0.0022846026691097413
0.0023679289583799995
0.002364336597696963
0.002355915650109223
0.002370268700257416
0.002440113958955215
0.002441943074506826
0.0024368594826178905
0.0024312762122620304
0.0024267900577029785
0.002423542028271872
0.0023990966629633707
0.002405448606690009
0.002405783460560101
0.0023894256798787264
0.0023840703122216056
0.0023736701790534817
0.0023640745519174847
0.0023576735091235066
0.002366662865165516
0.0023579967010192064
0.0023520984170162513
0.0023105329988654067
0.0023071291874844873
0.002299498466260334
0.002272575255677024
0.0022712144640600206
0.002264245753083647
0.0022486592426675805
0.002248626442427632
0.0022199830943756475
0.002210774685469788
0.0022089079899551157
0.0022037606805695212
0.002202581515990992
0.002198419799849608
0.0021954134038490885
0.0022132664695184816
0.002232647797788671
0.0022294120559052683
0.002260668359941785
0.0022679298031094445
0.002254965009995585
0.0022788427820419855
0.0022681269442358315
0.002261664519759496
0.0022571712699914802
0.0022423259640799065
0.0022362629386342707
0.002230827647686481
0.0022119564849997883
0.002304171776209986
0.0023136415592436765
0.002305591037751788
0.0022946839529354186
0.0023447759510361907
0.00234054200879832
0.0023483739766258322
0.0023771830697248203
0.0023725710390289094
0.0023846579879166388
0.002380650115777634
0.0024115460471342046
0.0024107062878278565
0.0024104665811991235
0.002408166905793866
0.0022131009706426092
0.0022099108034970578
0.0022095922305994343
0.0022319463101997503
0.0021751206934246415
0.0021736987137721156
0.002171140784377341
0.0021621167461988037
0.0021338742487515363
0.002129696911281732
0.0019931926684699903
0.0020658480984734194
0.0019152007806153466
0.0019036200005535138
0.0019137273431829491
0.0018989559650859637
0.0018957441710701862
0.0018814259727470341
0.0018701355595367847
0.001866449868155645
0.001865136566966478
0.0018559303617763292
0.0020472398022674744
0.0020235681491764107
0.0020204947581019725
0.002023009297643775
0.0020227060451266763
0.0020195641339887526
0.002021035967815786
0.0020260933319551895
0.0020195234381844194
0.0020132157821103843
0.001969873692316759
0.001967057523329243
0.0019868246125347966
0.001990771527278528
0.001977418251626948
0.0019697964973961236
0.0019707574174461897
0.0019635337068890247
0.0019535069845873425
0.001951351706712554
0.001950539170447765
0.001950987678272775
0.0019483768356756029
0.0019443864110613176
0.0019426259184506564
0.001938554015202512
0.001956478012083899
0.0019448069903086013
0.0019254502679360763
0.0019228159438615315
0.0020586397975374347
0.0020545969715155873
0.0020531712542549273
0.002051887560789387
0.0020461777132534096
0.0020409317115874554
0.0020155193173901297
0.002021501362007323
0.0020188751872687112
0.0019983784111051446
0.0019975442904538736
0.001995190897581937
0.001989658306701764
0.0020006922025062033
0.002003257167694256
0.002066779732100443
0.001821719262000003
0.0017803696824819678
0.0017813514792282751
0.001783954408721078
0.0017872291539050538
0.0017877213339689768
0.0017885881689804714
0.0017828707412714951
0.0017835879702334228
0.0017675945085215982
0.001774972138247244
0.0017667518812962048
0.0017652407135606725
0.0017687199316577037
0.0017661189073224033
0.0017633494064745005
0.0017624834562149124
0.0017657530684726524
0.0017713902547441401
0.0017594326204081528
0.0017576629877093224
0.0017586431705831505
0.0017554828245383398
0.0017462247735564897
0.0018174671582907819
0.0018157127868789764
0.0018458758300386221
0.0018424050623944276
0.0019300515872560985
0.001922513451988447
0.0018624408872693057
0.00196418136985277
0.0019697157065131075
0.001968006204718938
0.001965749948270087
0.001972704849976371
0.001970785441887322
0.001971060202287257
0.0019636116160273954
0.0019455863984291352
0.0019363319698585326
0.0019319814267231119
0.0019456867426064517
0.0019273157658143405
0.0019297178797926626
0.001975009996231296
0.0019730102856451875
0.001965839877927003
0.0019674260532029212
0.0019660439140807284
0.0019618619792662567
0.001960863427246947
0.0019481475586028282
0.0019475010218225415
0.0019517732615577995
0.0019984483345738433
0.0019889291732186937
0.002023147055796952
0.0020195366940390655
0.0020121612229494906
0.0020114972057822113
0.002015034813071061
0.002089809709952537
0.002102330637380426
0.002097595757102319
0.0020930077152536445
0.002090142285009896
0.00207710984080907
0.002076637375571636
0.002075332754106226
0.0020729431333981327
0.0020581570167520625
0.0020687741790664438
0.001861222905496881
0.00185860622760613
0.0018705335798468396
0.0018621700688053044
0.001857653359374323
0.0018514607165471164
0.001834594736830967
0.001779645566064398
0.0017751167487771156
0.0017647742749326708
0.0017654477400214452
0.001768089159687017
0.0017661050571621169
0.0017649789156140739
0.0017717931985105366
0.001776861006234802
0.001741931384801567
0.0017131564025674318
0.001743017305693632
0.0017276011636374357
0.0017855277867706654
0.0018225678642756254
0.0018186755295867259
0.0018147564333909952
0.0015063500830340647
0.0015218137797348699
0.001497222974076782
0.0015093375983437057
0.0015092276971577548
0.0015029797492533375
0.0014818560070963668
0.001427123793569106
0.0014474347243508745
0.0014560897924270938
0.0014607631696150823
0.001450128422505879
0.001451504815304361
0.0014512825405426917
0.0014515890677512392
0.0014492441546437162
0.0014572020309100708
0.0014209013175113497
0.001421866769643076
0.0014210596982773913
0.001426871743238046
0.0014259430721606252
0.0014350353895069634
0.001440120348897726
0.0014409219606014844
0.0014391148345448224
0.0014391623508086507
0.001431841973883776
0.0014569028998858505
0.0014818309565958526
0.0014748330704209616
0.0014593914249864468
0.0014540558575983759
0.0014261126284020563
0.001432068852659985
0.0014149371474415444
0.0014134506688539125
0.0014098368294504036
0.001405507490703389
0.0014038113187845014
0.0014040360634045765
0.0014060922602481484
0.0014040663347181165
0.0014062748164046753
0.0014144927797363584
0.0014127852705329209
0.0014113384734548355
0.0014068638807093236
0.0014080522835481848
0.0014063570144325177
0.0014056952073812994
0.0014171143669726622
0.0014940437685738218
0.0014902729223681562
0.0015249210680042358
0.0015234312991809378
0.001504251267279269
0.0015068744575454204
0.0015061072218711493
0.0015028912643992674
0.0015071368877564943
0.0015062409263926786
0.0014901528417517282
0.0014880343337269298
0.0014711834098857302
0.0014684782284187057
0.001450274485605349
0.00144160864522351
0.001444415587657852
0.001425257103374323
0.0014245465533077979
0.0014234892627128374
0.0014166566573711264
0.0014182010305379817
0.001433789866223946
0.0014339595662566477
0.0014117110347540663
0.0014189167670931833
0.0014330028308385022
0.0014576428109361187
0.0014686402170945043
0.0014544904761473081
0.0014512802278687496
0.0014622836033604744
0.0014615855419975905
0.0015380187228818023
0.001542613424290204
0.0015416729373921559
0.00153154569782183
0.0015222866540102846
0.0015193658599128332
0.0015156440576316972
0.0015139247562339214
0.0015120532151760388
0.0015094681582778452
0.001506440082569184
0.0015002849676775665
0.0014960444366686736
0.0014945075489985547
0.0014920007788062578
0.0014902153400685588
0.0014877883162289372
0.0014625680928741468
0.001467924579125814
0.0014882424907777787
0.0014842518031297192
0.0014824314783865734
0.0014796669938741663
0.001471764792578292
0.001466325583915807
0.0013962086933372601
0.001394865290256183
0.001395895877427393
0.001477618534790582
