0.006079448387026787
-0.010538468758265177
-0.011088583618402481
-0.00586394127458334
-0.00018434893960754192
-0.002467700812433448
0.008823046111501753
0.00785091351200309
0.006940570706501603
0.0062661536291918965
0.005910608684644102
0.005898650807256882
0.006046090474618333
0.007157075343032678
0.008714579686056823
0.008402998600264684
0.007917748663910769
0.007450219449023471
0.006808443399495445
0.00635133937300582
0.006135810873026706
0.005835105880143365
0.005543465641191385
0.005311940484680236
0.005489495748546548
0.005504351251551675
0.0053288044603375185
0.01507413715469362
0.014528176073993867
0.01402758289646778
0.01384938932642399
0.013023443768774585
0.012662289693253117
0.012304523226339372
0.013089685039530096
0.012549442967488056
0.012015818481909506
0.011699061179593304
0.011375416816736109
0.011174135348793666
0.0110862655412694
0.011013567974238636
0.011096847419552929
0.011065615678671748
0.009389138867845759
0.009216216802745661
0.008683667706160728
0.008276225726965965
0.008155808359151704
0.00798910387389946
0.007848823626633158
0.007856617492781775
0.007678046404315088
0.007556412191214885
0.007446334805406096
0.007321990978405727
0.007235418295624246
0.007207156771644001
0.006546522642990261
0.007228900935142069
0.007434906735603183
0.006809346552472558
0.006678302105683539
0.006578917788395368
0.006500959776916932
0.006331916362891637
0.006250792555767793
0.00629729378345908
0.006179524994305598
0.0061460180945110705
0.0060445165820258075
0.005960660851050217
0.005858252418063881
0.005749993133358655
0.00564752737715791
0.005578042931367894
0.005491888690486142
0.005186269074144971
0.005124972679550408
0.005019808447140808
0.004982331269718819
0.004646951244675541
0.004604437495540227
0.00458044869284255
0.004457872787688121
0.0042653567811351085
0.004255399509102888
0.004260253672961542
0.004145807301069402
0.00404905556901972
0.003975582077818334
0.0039484666936445015
0.003894556959300856
0.006546799693023785
0.00622683570600202
0.006203689402720611
0.0058555949247104805
0.006030701130518049
0.006215843680838587
0.006169863982589471
0.005987973561037933
0.005931390410693795
0.005715320797697551
0.005669427301923167
0.005633937933247202
0.005583769465833641
0.005321212171380736
0.005288395030186896
0.00522476305089764
0.005136603996344331
0.004732904776184504
0.004699253559316534
0.0046715079334446056
0.004651505817689569
0.004609305730966675
0.004760987529556992
0.004594871433209077
0.004593804660849979
0.004554902541228028
0.004923035163857613
0.004956601069501572
0.004923907909551788
0.004864077483944131
0.0050923608040902785
0.005053760881151356
0.005012210294664803
0.0049987005143066225
0.004962538197535533
0.004923991461356102
0.004873754389100632
0.004842405190257442
0.0048007543204891465
0.0048135700891899485
0.00504884444375488
0.00498436614211909
0.004960000678560406
0.004927892393543913
0.004910897370176593
0.004430152888692519
0.0046305818791197405
0.004571080814906018
0.004538900711023335
0.004554884414877357
0.0045699471676047786
0.004433794585391499
0.00440399947898545
0.004373171561825519
0.004342559145508811
0.004312434447541214
0.004272701219109734
0.004240079611343775
0.004211121132624721
0.004290652869937508
0.004460255654844187
0.004420565099840485
0.004395766474401499
0.0045445636916858516
0.0044977067758873975
0.004573769812122921
0.0044893974073879125
0.004548040020314083
0.004468720694832461
0.004402456365003277
0.004376069278849617
0.004359999581417901
0.0043804922588932945
0.004372638627674389
0.00434033273399454
0.004354480338609879
0.004266755341860942
0.0042293779954275705
0.00421142276887738
0.0041665472568199495
0.004238936448361663
0.004311619765303481
0.004481806061623589
0.004439657978774669
0.004449933515912039
0.00659158105485808
0.006259172720966792
0.006226829120051057
0.006203641836323763
0.0061874654505553114
0.0061534411727759185
0.006121091714948146
0.006281482693343927
0.00625434413280133
0.006224913271676838
0.006162999149206663
0.006143827557320595
0.006100382006252408
0.006060888796910248
0.0060459549900188795
0.006016324481177626
0.005949031648701846
0.005916761447510658
0.005874198142129279
0.006535689459178232
0.0064992406030796755
0.006467888715334673
0.0064351004788261385
0.006410755002380841
0.0063936353782243285
0.006361233773314763
0.006350594519389442
0.006299809533396881
0.006561728367649692
0.006056233093994185
0.006017593176650177
0.00599322011960523
0.005962348278221473
0.0057798006292132
0.005747795476870308
0.005681265130176128
0.0056404311388986526
0.005637185553462714
0.005634152855728909
0.005647450591744244
0.005535481429714398
0.005528401697017111
0.005556923441962777
0.00552792417287729
0.005513551353747717
0.005477016000917912
0.0054252287144365835
0.00604204594093275
0.0060138827156742255
0.00589503751470104
0.005884446687148586
0.0058734304281339725
0.005857433212064473
0.005839412374976057
0.005842843583079048
0.005806819408540024
0.005755269299697834
0.005537578387675666
0.0055355825398470514
0.005508575724668233
0.005586000721874982
0.005562074227148433
0.005540704801784495
0.005574877156134425
0.00557200796210368
0.005560361338085596
0.0054924341845723704
0.005469300846737977
0.005265317900803869
0.005219314283252807
0.005210766256204811
0.005185263358827396
0.00518107622441936
0.005131298758383116
0.004991943663234578
0.004957685257449714
0.004948895363099841
0.004937257732202191
0.0048601422011049136
0.004850975361281407
0.004828871162541108
0.005020171724250046
0.005138037192305548
0.005119514964656385
0.005079274448221306
0.005202415221445442
0.005180947598672994
0.005165657407559688
0.005157222662580641
0.005156837080602735
0.005138410946475
0.005043252272878491
0.005024805360335452
0.005002273412153977
0.004981688305832887
0.004928797392481518
0.004907410166091778
0.004890211199604429
0.004870990021660988
0.004856358080836162
0.004840668396354888
0.005041114998267953
0.005007902996557609
0.0050008413339710026
0.004993778191778228
0.00496569695104355
0.004923949646498926
0.004909468958627286
0.00477927945949988
0.0048412300953859086
0.004886544150087568
0.004879094991025668
0.004854999659148412
0.004839393654428966
0.0048199187841252164
0.004809664506208691
0.0047907542007246924
0.004767635305782921
0.004749288110061702
0.004755074615698517
0.004757209323482437
0.00473409285565817
0.004789362343422154
0.004780725858281079
0.004257755191199406
0.004265625859881741
0.004248114159613018
0.0042657778909883474
0.004239592722268604
0.004165696435209375
0.004142174582023389
0.004286299529167233
0.004297508567758955
0.004264838216114443
0.004251162186661698
0.00422861603308573
0.004251971908920903
0.004599666414170586
0.0046075425910106
0.004591377175848813
0.004580546224406139
0.004556669990080225
0.004545012019955708
0.004535232515534933
0.004519821692313458
0.004538726143341947
0.004525799575019662
0.004517887415031877
0.004502668263030063
0.004689121218667143
0.004676779957177745
0.0047298337739478755
0.004717198497698513
0.004711923161318793
0.004803274872309873
0.00477262802210067
0.004757342766554633
0.004738975300395574
0.00472546634422726
0.00471284255104835
0.00471233276655446
0.004682946614863061
0.0046494430664086725
0.0046489232757879586
0.004635919529391691
0.004700093305639361
0.004655104549988609
0.004675625903536611
0.004662090580861608
0.00465142564875752
0.004622317447044359
0.004605398127896069
0.004578976302499629
0.004571830769311563
0.004571579353233389
0.0045580468884124925
0.004688600069968155
0.004402069121462895
0.0043890330555631605
0.00437024541234554
0.00436118123123177
0.0043479540346447075
0.004341116577926487
0.0043299298420947435
0.004316957155354504
0.004312580597047915
0.004273698375356144
0.004264262543337129
0.004253358439951708
0.004258071160973066
0.004219928434404951
0.004212494206164824
0.004118501894305569
0.0041069024024455135
0.004056545300580402
0.004048608061779916
0.004007125929344148
0.003993470794493485
0.003980351269424394
0.003981522915901443
0.00398404833264833
0.003971786733018238
0.003952870271988436
0.00394239198673239
0.003929314294111922
0.003915173111255919
0.0038785875705817266
0.003994934697233435
0.003982704621765941
0.0039698516279912405
0.00396493121685732
0.003957511247292757
0.003814655797919397
0.0037624701031958576
0.003803146544392288
0.0038304883372768063
0.0038405414434604665
0.0038308747581308035
0.00384519336196046
0.003824717724134297
0.003812211666718215
0.0037841039784030583
0.003776119151484978
0.003739813290169972
0.003735549405091392
0.0037664988923804955
0.00375758475839293
0.00374823276740336
0.003742036250799836
0.003725914324204409
0.003730065382150339
0.0037511556391136057
0.0037201961332860647
0.0037966495666157682
0.003800988599771477
0.003781248107100194
0.0038138509920512542
0.003801186639718279
0.003796429160876401
0.00373839457310069
0.0037305917645426255
0.003698222203018569
0.0036779202032254715
0.003674675091733276
0.0036670070707396883
0.0036458399025415195
0.00364464332128997
0.0036023322288054648
0.0035875449473032617
0.003607650447469548
0.003627258189869261
0.0036166483999289134
0.0035940192519606016
0.003571290007733132
0.0035654021028400044
0.0035551129752501116
0.0037499635804992193
0.003911120771028574
0.003893111152868781
0.0038863022593166926
0.0038740639712903594
0.003865143621494228
0.0038637848432189377
0.0038485761119352218
0.003828137723848249
0.003878478422226958
0.0038473539277093546
0.003841991080481326
0.0038350392159551515
0.0036763316565418167
0.003661434222586751
0.003609648034830117
0.0035929597942598365
0.003637873075822989
0.0036258145311940542
0.0036382307524196063
0.003627236065584153
0.0037068801981503838
0.00363337843863396
0.00357895118366461
0.0035625109085152
0.0035427804226749564
0.0035222513103820223
0.003491960567543593
0.0034757018639805307
0.0034521418774387204
0.003520260607007011
0.0033283545446730588
0.00332983432275423
0.0033226343431630545
0.0033181581196255684
0.003321112324954236
0.0033125148444954817
0.003306830109867854
0.0032996437721330074
0.003294565494587388
0.0032657112923050046
0.003258961772168677
0.003241371823164304
0.0032166052231955076
0.0032076959973058672
0.003215991473643765
0.0032030643529553458
0.003146119356897092
0.00313137931366816
0.0031257107223281472
0.0031150061737963623
0.0031158176485214933
0.003274672271867322
0.0032639506534087753
0.0032614944605539884
0.00325097206084736
0.0032915928218577254
0.003292431962614301
0.003286557081259463
0.003282515727275467
0.0032787214481319795
0.0032721592991951202
0.0032452904029909345
0.0032377384756722663
0.00326586853533081
0.003247874633784876
0.0032391718137674552
0.0032278686974507864
0.003208215540203199
0.0033335428717871773
0.0033456495786070182
0.0033391010099811844
0.0033019881822952783
0.0032944268515007146
0.003265822173610406
0.0032536762175151336
0.0032909509261145314
0.003269160019062375
0.0031964620699453036
0.003129608250741316
0.003130232065362974
0.0031195681794381922
0.0030965175181223844
0.0031211121603587455
0.003081632431670954
0.003075815709330691
0.0030726997529374376
0.0030666214730048556
0.0030547615381532897
0.0030448874859610514
0.0029964125407143695
0.0030340279959721176
0.0030215733940387873
0.0031440552952594807
0.0031661462005395814
0.0031654478062196124
0.0031768747110864433
0.0031951095191631866
0.0031991031145606526
0.003206527964867514
0.0031982155619720153
0.00319492838556457
0.0031895763211136833
0.0031854151326547184
0.003174003323766991
0.003225171896967412
0.0031333069909026527
0.003104860314409118
0.003146245382020101
0.003419400373681493
0.0033965341952372865
0.0033345240671418534
0.0033472433299648113
0.003222003543263537
0.0031998656704540296
0.004876288727094132
0.00490281087881474
0.004921459077285777
0.004888969227852444
0.004709193197475967
0.004735520149486598
0.004747603725413836
0.004727209517384371
0.0047179127633531
0.0049053474114901146
0.004851601843736378
0.004919122604761885
0.004875459910255544
0.0048704756097728745
0.004868326521341057
0.004856723531599458
0.004847181085220473
0.004834568033876279
0.0048357810604170975
0.004703556370613543
0.004691399257688112
0.004677566883834081
0.004659567823242756
0.004650843087529526
0.004641930123034398
0.004609413046245611
0.004818042422870461
0.00483551277328336
0.0048268904624560495
0.004804137066658484
0.004794634861541288
0.004774510506534034
0.004764192100387368
0.00473353702091117
0.004728386054573177
0.004722607468388263
0.004722674518604575
0.004716686627783136
0.0047061233521740135
0.004699352390260604
0.004686726406454473
0.004676554635156009
0.00468619317626869
0.0046774669605994575
0.004677530815822418
0.004665275026444753
0.004691923739404865
0.004684566564528082
0.004674046152245188
0.00467141469473669
0.004665163811380967
0.0046660969447745015
0.004655099212960666
0.004640780508892423
0.004661358923019651
0.004646326065694635
0.0046064384824083685
0.004606564910737256
0.004727104591665546
0.0047332804147072974
0.004593724404802638
0.00458741135062036
0.0045743172926076
0.004574956758112658
0.004546187676163293
0.004535248066614173
0.004528294029723261
0.004515662934993445
0.004486572932711403
0.004488163371793379
0.004476700426000502
0.004464767029779116
0.0044561632998738184
0.004449059335666577
0.004422288581379687
0.004431414079857793
0.004422929916855583
0.004436789276835596
0.004413699478619664
0.00442868428628629
0.0044148605582409435
0.004408888995086166
0.004397445633029231
0.004418140987808518
0.004411742677403369
0.004396618738827774
0.0046070370514699095
0.00558942200450046
0.006991431550950817
0.006985170776829358
0.006952041810871149
0.006929967937505228
0.0069123421248939625
0.0068993554717431925
0.006909617441530379
0.00694131292756405
0.006933778175265291
0.006921754283874535
0.006910940912611906
0.0069011626840578
0.006687412526661107
0.006254101965235909
0.006397216786562881
0.0063514309477665145
0.006348311759283557
0.0063726525053336815
0.006361819122432617
0.006345220346635913
0.006338925456490585
0.00633617465573479
0.00632807323584525
0.006328497383782384
0.006315264940075889
0.0063028306106509705
0.006301145234230125
0.006287563339459766
0.006280492469019985
0.006270438438292044
0.006267202146629234
0.006246869268139939
0.006237664626760859
0.0062404815970521195
0.00623523570664374
0.006236044483112328
0.006277346393390968
0.006261269965288452
0.006247560136685483
0.006209093417339936
0.006206499512804721
0.0061912254608614565
0.006180311963817739
0.006180188810143683
0.006218995743876525
0.006208009536743837
0.006200412427857821
0.006187329573324117
0.0062074004471028505
0.00620556291791175
0.006125454912733463
0.0060728599967146465
0.006097893236197734
0.006106647183887982
0.006097001808785029
0.006087593706858962
0.006028356911759424
0.00603185198079522
0.006027692477383321
0.00601872388199842
0.006014804299944943
0.006032363917516441
0.006027733416967628
0.006104828281819112
0.006095716192705485
0.00612567482723782
0.006112571931357412
0.006104905943322109
0.006083591874237523
0.006078679850047921
0.006070153553485281
0.006064698650582827
0.006055114286474103
0.0060447411102318264
0.006037287884123253
0.006025383753534266
0.006002211237104013
0.005991846495502274
0.005989319769056891
0.005986082489668903
0.00597773103197011
0.005950107458779203
0.005939692184420256
0.005918068244236283
0.005970935418901227
0.006098103108006243
0.006089064329561516
0.006080893060862251
0.006078251768926
0.0060747146682922784
0.0060676330438342654
0.006047170035232473
0.00593974366641164
0.006297657029711048
0.006448466892454719
0.006433588304917409
0.0064656149033103785
0.006344756644960828
0.006348962455282957
0.006338313712299447
0.006410384221234498
0.006389672039300859
0.006384466758835082
0.006375970396222956
0.006369862185556419
0.006379678798111849
0.006380484447206659
0.00637105533054339
0.006396420629499625
0.00640333487617535
0.006360012154197142
0.006354565893338679
0.006346753754130016
0.006317945801941835
0.006310324275000067
0.006302843592199123
0.006291664473054038
0.006245384855011398
0.0062332434767424704
0.006240163429274396
0.006232102923544625
0.00622514922100603
0.006231138070532192
0.006221049901834695
0.006209800851360132
0.0062026943055975585
0.006238505545222909
0.006230998020423099
0.006216345871232551
0.006206689117751312
0.006197593350519614
0.0061904083245340105
0.00620247355252945
0.00619348955479869
0.006172153972958864
0.006168776163607244
0.006159148529554985
0.00614780635111959
0.006158807723322386
0.006167539950497003
0.006160551631565841
0.00615590064012511
0.00614687186488005
0.006127104539174973
0.006122189798708444
0.006088066876980851
0.006028100423430309
0.0060443959101360925
0.005995074074010963
0.00588659790156469
0.005880901108946498
0.00587499073903294
0.005861348964651575
0.005853886061452084
0.005846371742016495
0.0058469407861408305
0.0058419572710024376
0.005836189073763767
0.0058538746343629895
0.00584685246182668
0.005837694875029339
0.005825940057766267
0.005823025303545718
0.005814767848427964
0.005804306571676294
0.005791238685117086
0.005785242150615754
0.005776972721663594
0.00576950323218629
0.005713105955251051
0.005668453736074159
0.005660673890573275
0.0056522972804279375
0.005637898404905885
0.00563722911810898
0.0056101423485149585
0.0056009313237333335
0.005591464440929513
0.005582941585189611
0.005573425810866069
0.005566826382427616
0.005558963143586163
0.005551496752866465
0.00554034420214179
0.005538204501495877
0.005535098273911475
0.005474162184964913
0.005478260723768823
0.005492918570282406
0.005528923662530939
0.005518107665150806
0.00551997741024396
0.005518385705309176
0.00550824373424172
0.005495034561805262
0.005487645630872958
0.005480894313297017
0.005471806886534052
0.005495646732801998
0.005489882519138022
0.005481787730733762
0.005480255924894218
0.005517398442352659
0.005506034927139037
0.005501465707802459
0.005487854426361991
0.00550283400070461
0.005490840155558085
0.005523006501511374
0.00551808600412529
0.005500888309259947
0.005491292709142287
0.005485037547424282
0.005596206066527386
0.005590126075303381
0.005580676258758378
0.005526735042650732
0.005466215388062476
0.005462026482010837
0.005454490266381839
0.005451377703583537
0.005443783476508785
0.005395904619945202
0.005401281468788196
0.0053960625448834405
0.005377107389297926
0.00537964400503584
0.0053821524871525495
0.005383464139815023
0.005377591406072968
0.00537471006785425
0.0053710684780400655
0.005362377285833828
0.0053474693914897726
0.005340620287014472
0.005342568747712039
0.005370301299329306
0.005367114056076114
0.005366730304092942
0.0053400719688954865
0.0054290458502775476
0.005429674622031258
0.0054245174717222466
0.005401011609776958
0.005390491755639687
0.005395414730509189
0.005392941872334087
0.005354646927402207
0.0053483707964312064
0.0053328835696578635
0.005325761332904178
0.005327895399264123
0.005323069955038856
0.005316131580226853
0.005312416840238802
0.005304523628901459
0.005058204894430155
0.005038266437947761
0.005031289062512055
0.005040203737686659
0.00503472241524345
0.005024180634775087
0.005015022329909596
0.00500830212035453
0.005031417753492759
0.005040129855150489
0.0050600073144652724
0.005081741137622289
0.005048689312689703
0.005042730083750369
0.005039924770644606
0.005034424544466845
0.005031117067666424
0.004987170544266334
0.004981207172175949
0.00497844253400624
0.0049752985854706845
0.004974505534123846
0.004974501413101983
0.004967933347922221
0.004966942956984
0.004959843573052903
0.004952436178258028
0.004959593766131289
0.004958728145935866
0.0049595970675755845
0.0049532964842935075
0.0049372975456215985
0.004938489330213903
0.004932287602592802
0.004938712692286948
0.004933090174604467
0.004929631388996028
0.004936573126316091
0.004917277542978769
0.00489921576656451
0.004904419144604315
0.0048962027785897
0.0048900151628940665
0.004885673420341141
0.004881793880222467
0.004869836843925509
0.004864254153295739
0.004867489823858708
0.004862662134230354
0.004858049268893972
0.004824742738702005
0.004819409590563112
0.00481388551228098
0.004849266309322674
0.004808712104270769
0.0048030134656399034
0.00479810791136096
0.004794028263263067
0.004785001079464767
0.004773879652098859
0.004769154345535623
0.004764133215145509
0.004760453838866817
0.004749875927239082
0.004741784951718667
0.004740289116868238
0.004734750182766278
0.004727591511243657
0.004725509348400008
0.004721030063056584
0.004719232009778661
0.004754773210528643
0.004739151357967686
0.004720547413094461
0.0047120617554561135
0.004705873177643042
0.004704769987832473
0.0047657245939659405
0.004742579491861523
0.004737873787145349
0.0047321171467401306
0.004729584092855776
0.004724327663203118
0.004720117649665649
0.004713620745064512
0.004721735699125434
0.0047159558172625
0.004702293070406254
0.004697652514080058
0.004697784641704356
0.004680788089009462
0.004640033331969561
0.004635460871795941
0.004640068541017447
0.004635517871940988
0.004627843174290821
0.004619148717692727
0.004614450070925322
0.004612702114647289
0.004617315790006012
0.0046127826356839015
0.004611275793963948
0.004606443009304931
0.004601827381198088
0.004595581692049371
0.004586130004929133
0.004580117654599392
