-0.0066396016627550125
-0.009722933173179626
-0.008493304019793868
-0.006022662948817015
-0.003606739221140743
-0.0036756414254861224
0.001771938346792012
-0.004267246100223727
0.0011781150940805675
-0.002818366808986122
-0.0026086264309318117
-0.0022962270215010415
-0.0019502844910935634
-0.0009600278843815131
-0.0006369646507664587
0.0009296800845357421
0.0010747317056585513
0.0010458093295854169
0.0010596846870612347
0.0010423124047173626
0.0011714824147268448
0.0023801116444899335
0.0033159366430481896
0.0031575679779052733
0.003340444849947324
0.0031922607837865744
0.0032890623718100994
0.0033977229934956488
0.0030492521900062756
0.0029851306575320417
0.002940676145954057
0.0028406878771034603
0.0027605055742349256
0.002895022047284458
0.0026850867984143808
0.002633047606355536
0.002341393272600774
0.0023463766989059364
0.0020302862641983664
0.0018388221690590243
0.0018334154641100515
-0.0003461321358309063
0.0003414600307058373
0.00023364776150426922
0.0003686621342279502
0.0003600889207557477
0.00042057197667115043
0.0003934092392042582
0.0010971565870568154
0.0010510530373008518
0.0010412230778736274
0.0010155997928759115
0.0010072805776467752
6.563929967920879e-05
-0.00010863439820241191
-0.0006052430233052165
-0.00042900450503582075
-0.000677288535556172
-0.0016430222215907027
-0.0014595205029167356
-0.0013435970514922612
-0.000300404772768536
-0.00015333850205934114
2.9420456849038877e-05
-2.095509129999686e-05
-1.5881308701943056e-06
7.845306433463628e-06
-1.3437640913964352e-05
0.00012086972544368915
6.359295581769173e-05
3.2215632220161316e-05
5.096527157759652e-05
4.830729055872868e-05
6.301715271547463e-05
5.833084785416258e-05
5.1203321033556805e-05
1.093625346234524e-05
-5.2729822677569395e-06
0.0013623076036310526
0.001359033718472347
0.0013244881350745839
0.0012200076861660484
0.00119209615063266
0.001268219373613487
0.0013012335819143506
0.001324888014692236
0.001553105164930458
0.0016370690856102777
0.0016493447393360037
0.0016168762739763123
0.0016221853347024482
0.0016198599324887125
0.0015634291819569246
0.0017046895892187765
0.0017404679902028883
0.0015575811491928735
0.0016222523120873406
0.0015852782140942203
0.0015749392492580233
0.001575233649616914
0.0015690496677016918
0.0015818086626274896
0.0015319846187104799
0.0016346666404777879
0.0015430775411176627
0.0015284260035879815
0.0015935149920686088
0.0015973427795928938
0.0016417935339797466
0.0022947253795185443
0.002278229397623883
0.0033938642521697897
0.0033646733891943945
0.0037167143060208257
0.0037503714199280287
0.003679085843654103
0.003797509236299725
0.0037311205131485047
0.003735385492109345
0.003785951985099184
0.0037166222715969816
0.003862273044921118
0.003841026340993385
0.0038364355474477642
0.0036598406643154006
0.0039038450962920706
0.003858880635903007
0.004011718817429741
0.00400617330350752
0.0038516596238482538
0.0038682407955065814
0.0038440304179632114
0.003967142698103944
0.00411697709534093
0.0040686545419114685
0.004036816559204268
0.0038183797706564746
0.0037766494301420795
0.003754102577451185
0.005295360162717965
0.005246708434280894
0.005052740381883256
0.005026443291373855
0.004885435540225068
0.004964368544540477
0.00491831873511487
0.00515929014157312
0.0051475926074816625
0.0049484339844396655
0.004814929099786651
0.004655753371767596
0.00463639713625585
0.004895446097758726
0.004821148083541512
0.0047668666467451165
0.005403088760072111
0.005351243269407998
0.0055226452015128
0.005383193725629099
0.005408081497837247
0.005355728278421642
0.005326899379456811
0.005306312325534769
0.005262000959941581
0.00521468105457698
0.005323729708823543
0.005244450657084513
0.004640181226082031
0.004608101584274076
0.004510326452852141
0.00450433952201545
0.004489268331281771
0.004432567346010802
0.004431898568873294
0.0043758877558172
0.004343486207094713
0.004355849724591925
0.0043493378844844475
0.0043383021543882535
0.0043361097208747795
0.004499604614885848
0.004652698261169031
0.004633266199364343
0.004589052674772748
0.004568356272914092
0.004350342786168048
0.004276886942379668
0.0042950066859635564
0.004307539783966556
0.004276374455755309
0.004247077413538136
0.004241125844162647
0.004214337238362034
0.004190692384592973
0.0041458757753259435
0.00411294426715538
0.0041772969153967224
0.004175425096676478
0.0041300237052928415
0.004100962683534716
0.0039084134049256
0.003801408510760109
0.004064362347979147
0.0042897789014315945
0.004349718853880456
0.004292452494388306
0.004006227239047942
0.003953768987791795
0.00401755057384781
0.004010508430807771
0.0037271621362344604
0.0037073731026038333
0.003746767653406392
0.0038684096565702922
0.003905819990837631
0.005059303143874459
0.004912478792619435
0.004948171164952623
0.004931174357228553
0.004859040077178891
0.00482360374066834
0.0047652229494827645
0.0046810362275339565
0.004796074167243206
0.004893968650281526
0.004975695493218228
0.005027679483375101
0.004874398087913388
0.00474364487245507
0.004779164282163079
0.005789258615613078
0.005772641129417511
0.005706981458225086
0.005681193112135628
0.00565337828207333
0.005651474441782344
0.005629225780474739
0.005615500419263761
0.005507208055435817
0.0054870489411731355
0.005464624368125277
0.005445021969673929
0.0054134432932903005
0.0054220472428619815
0.005316244149086069
0.005287346067149776
0.005272116946681278
0.00524211546538695
0.005166538069897797
0.005069676136347072
0.005029179738769363
0.00502173735923732
0.0049988159908813164
0.004935856288305813
0.004913676596686401
0.004911375041054073
0.004917911597870042
0.004942895327845291
0.004902786753630679
0.004882452974974186
0.004857162758630244
0.004792909770276657
0.004766145557313754
0.004741243325132123
0.0047234617604156775
0.004741986779905272
0.004722317714625736
0.004722364220040511
0.004751936423067324
0.004722490145532095
0.004704484409210318
0.004690023702885932
0.004678341537149138
0.004317164120544809
0.004288692913125516
0.004155516417703169
0.004149595736183619
0.004130332491647056
0.004064822740396529
0.004051717685965793
0.00401398833638907
0.003949581090939462
0.003932463312850535
0.003923256831930896
0.003913527803799389
0.0038819088913568884
0.0037177459160425844
0.00370436790663605
0.0037105832588387247
0.003409373566182853
0.003492511070736293
0.003483270420344214
0.0034840724533782164
0.00348245775215111
0.003490463462234454
0.0034826206032240476
0.0035342501096543495
0.003503529692714434
0.0034891347209001374
0.0035058626361151464
0.0030910443101976083
0.003169055179241938
0.0030863113683584483
0.0030364682495481457
0.0024800560206452225
0.0024708525233544483
0.00261098796080034
0.0026276844889567942
0.0027795039881781274
0.0028440895746246844
0.0028247213555145103
0.0028196226702655322
0.0028331385535244774
0.0027408881451322963
0.002866136100088121
0.002854639000527612
0.0027734500668518663
0.002763482450083708
0.002858620500796863
0.002854974543686844
0.0029134416804001443
0.002919144597613282
0.0028443775854275054
0.0029020539649914465
0.0028940011480292163
0.002874447894376093
0.0028488604883067452
0.0028521723374605864
0.0028428611885112456
0.0028453689062005287
0.0028643523050247387
0.0028569188782259732
0.002761663698038321
0.0026596304270527483
0.0026604421455626204
0.0024547183833101257
0.00244250232107113
0.002508469704265748
0.0024731743212589013
0.0024372760127385606
0.0024538374683070515
0.002441526320843542
0.0024582729845564638
0.00242698503659441
0.0024162203780194757
0.0023903817930237014
0.002377674035906449
0.0023604098129822396
0.0023232477891516686
0.0023178397971157336
0.002311259979974653
0.0022602655772782977
0.0022500931237596374
0.002241965151341915
0.0022331984772167393
0.0022292110574891845
0.0021769865844215018
0.0024209556552738124
0.0020893119727285626
0.0020821632131432072
0.002067713118932508
0.002054522244272384
0.0020881219437257283
0.0020859531464002567
0.0029014053523228477
0.003916604897892834
0.0038553856219867015
0.0037345588578535623
0.003735950535593549
0.003732917119206509
0.0037048362245836733
0.00371574072829175
0.0036906574018830927
0.0022053745108617786
0.002204952440053526
0.002201821701875203
0.002168323856894089
0.0021517581936968113
0.002154752309951092
0.002128655305330115
0.0021369347015067547
0.002532736378123555
0.0025257059886788138
0.0025767548120687964
0.002654191742525551
0.002669258848357151
0.0026754269908929726
0.00266730340603116
0.0028789315235954772
0.0029201685550378203
0.002928921771742854
0.0029270266285176517
0.002796250778461806
0.002761369370733819
0.0027599451238502033
0.002763476748290263
0.00289504481812611
0.0029238509458282863
0.0029344030435277104
0.002897088410168919
0.002906686194360215
0.0029348362614445476
0.0029523600813191305
0.0029669371871011816
0.002931155221994246
0.002937758705318885
0.0029295141621332745
0.002940835427784751
0.0029400608780411966
0.002934119379166442
0.002933780533284628
0.0029299182238751538
0.0029083179013969806
0.0029730408244691975
0.0029847402659365463
0.002983601297607409
0.0029553197548020382
0.002875351267549358
0.002882773592673836
0.0028775897074037027
0.002859919396641095
0.002860878718186179
0.002884917355038612
0.002891041613029838
0.0028500429496813758
0.002927327764817472
0.002928950712443129
0.0029115767500493277
0.002900595373733289
0.002925394863395205
0.0029250569790983047
0.0029501270922862037
0.0029585222006137837
0.002945111397952885
0.003029057607993909
0.003029611535344109
0.0030275190643083505
0.0030210993939286447
0.0030674021472309083
0.0028922946867354833
0.0028122658307467344
0.002798840600467559
0.0034901146300071227
0.0034930508566289103
0.003502225593459242
0.004305247557368384
0.00433185372959802
0.004310796308341691
0.004291081696881316
0.004281844202436928
0.004226764962834998
0.004215140418406132
0.004225046747782198
0.004194541558496023
0.004228524668178578
0.004236234458489062
0.0042688466459224195
0.004264319527601696
0.004257928198927874
0.00424999725065053
0.004274524302334343
0.004243474602051199
0.004706771718654885
0.00468498544658907
0.004695578186004945
0.004686499958299123
0.004680648691366791
0.004665858455331569
0.004701334740882959
0.00490587023918869
0.005039755724113598
0.0050172612290731175
0.005007393517692197
0.004989309029570948
0.004981822034891542
0.004981465905185894
0.004933496537754355
0.004924143229029501
0.004918409054531968
0.004902323439786628
0.004846407826116165
0.004844562347229842
0.004826340422218621
0.004821109376651512
0.0048059704579531915
0.004797660000350351
0.004795335636863151
0.0047468032244292165
0.004749747984392243
0.004677416243682994
0.004682660321492673
0.004666312688383202
0.004647410510552438
0.004656649840013188
0.004653877183441615
0.004652817831042669
0.00463959702009666
0.004630198494012938
0.004617696934743428
0.004610689396091275
0.004570322784825811
0.004576239761865526
0.004582876540177761
0.004602060846118179
0.004614286858298216
0.004559726927455721
0.004542452097251315
0.004540401387517493
0.004529670303628668
0.0044472905526666846
0.0044239775043166596
0.004414021562990615
0.004408477938631274
0.004395940932301114
0.0043972976894625215
0.004390583336466444
0.004383673295091571
0.004306058871895915
0.004351179370370601
0.004339162007031973
0.004331429242814898
0.0043247926159144965
0.004313143374617066
0.004314006183010939
0.004306878232220184
0.004298366996638253
0.004273006561850864
0.004213014768816928
0.004178687951042646
0.0041750843890377125
0.0042519615335755104
0.0042309820677589845
0.004245570342234446
0.004264210486008285
0.004350057859849562
0.0043419952800876046
0.004351789066669168
0.004335257428451903
0.004324816703983396
0.004317201238381946
0.004318890285463302
0.004398201213152979
0.004367177641664528
0.004365212817977006
0.004370840212550143
0.00435533643807605
0.004456747550090633
0.004452615093292117
0.004437979579921698
0.004430431529051661
0.004416752441273636
0.00440590610813926
0.004402128218017853
0.004391545914352112
0.004267755719541925
0.00425983012190263
0.004235860356074934
0.004226675810202702
0.004237326665302778
0.004295422237373382
0.0042794784207722
0.004327419037763894
0.004290991172954372
0.004350809325179205
0.0043447094421389205
0.004323827901865267
0.0043148557714002694
0.0043106756616102
0.004302159964866223
0.004270397673161501
0.004311916866213857
0.0043042260273817795
0.004235730640628618
0.004214089959341034
0.004369579882412223
0.004401567493221071
0.004404595358084029
0.004389469923872461
0.004360435220926235
0.004445461179906711
0.004437818497598275
0.004439009364713221
0.004391516943168458
0.0044252077754488375
0.0044132929892203064
0.004435597020539023
0.004417708915350719
0.0044106926406653185
0.004403903131470398
0.004396378343226875
0.004380739196516805
0.004387117639672525
0.004482948751272005
0.0045305265098670245
0.004525969136682987
0.004712557492345676
0.004762900040552025
0.004751448985638627
0.004745394781602949
0.004732053780821421
0.004755592881452903
0.005076249920519139
0.00507094395092377
0.005062559199933639
0.005056485408714299
0.00506164827462927
0.005056112610119314
0.005027890689264345
0.005019962163959323
0.005006753441732567
0.005006582255554064
0.005016678929049079
0.005055116929416937
0.005043133583719121
0.005037053834806911
0.005042355271019779
0.005008602266597445
0.004998085964317349
0.004992833812056844
0.004983881359853632
0.004979503222743896
0.004961747801717367
0.004958745089926448
0.004880878172081424
0.00481887020472373
0.004813857437858292
0.004808390497131832
0.004799769447116707
0.004794234799838802
0.004786248596894043
0.0047617042059697875
0.004749016648156679
0.004828114030425589
0.004819054185702941
0.00482332266325765
0.004652335518124283
0.004646539258771827
0.0046581529087904566
0.004639732942280256
0.00463462681870287
0.004620046289017976
0.004595605726944496
0.004590294498315106
0.00458348753191792
0.004549072919159438
0.0045524148919791054
0.004488968245127183
0.0044652562170976965
0.0044582459563053565
0.004449484681322277
0.004437427819198785
0.004426507121645952
0.004419568623298193
0.004398057338742105
0.004303099884798093
0.0042916486045671475
0.004286723455727236
0.004287467105833054
0.0042814379513760195
0.0043196618321217645
0.00431269116083459
0.004299086641047837
0.004286452078271261
0.004288053483414702
0.004232350131608218
0.004209485691364254
0.004190804370131999
0.004191178955410147
0.00418240931587695
0.004175167984367592
0.004163669877265246
0.004153275141086588
0.004110649397785588
0.004097296813992282
0.004090629079009832
0.004084377562517744
0.004043317601016627
0.00404231940500158
0.0040435100003699456
0.004034907067337406
0.004199919040801595
0.00419472496125274
0.004170464519279847
0.004146447719317388
0.004131715687067073
0.004333600506971991
0.004362865856766675
0.004360348710089334
0.004354417411493646
0.004290062040270405
0.004282169707044685
0.004272880598975859
0.004270409040489103
0.004264051566206557
0.0042468490339955265
0.004245716346415019
0.0042407782734477616
0.004236032974085445
0.004247933536649464
0.004232360437638526
0.004225488355566272
0.004360580985226277
0.004361872476062504
0.0043639075309380776
0.004321247960023877
0.00430772302069731
0.004201734567563475
0.004228994397530497
0.004240431083137951
0.00423661295372497
0.004234290262665829
0.004222708139785313
0.004228832545288408
0.00427134208509599
0.0042603722652341525
0.004245131633211899
0.004239385086174551
0.004233209724157612
0.004238257072989248
0.00423150263808775
0.00422826388903735
0.004221684265042313
0.004219012926435961
0.0042741070068862816
0.004266695670018079
0.004193262499655026
0.004179748575002671
0.0041784051503537855
0.0041726080555335625
0.004167273318748642
0.004160968547132608
0.004151285151210672
0.004145420018523027
0.0041386417458629775
0.004131378092858499
0.004114089275276609
0.004088516669549558
0.004080166723916678
0.004088752004453626
0.004082592244952613
0.004064755876267512
0.0040698074859970125
0.004064378897916172
0.004035123863662577
0.004047030079646748
0.004040582282137118
0.004034551650111487
0.004044826778082208
0.003997628900115766
0.004049742153085618
0.004046147961887866
0.004046195692735323
0.0040433418084312245
0.0040361578717063775
0.004002655883307434
0.004001160067261386
0.003993932591672662
0.0039905624991340045
0.00398364032004649
0.0039785542027813234
0.003986899462874794
0.0039760469364343055
0.00396819425440256
0.0039617370162102145
0.003967573560401449
0.003961327495387707
0.003969830502010534
0.003961088528163064
0.003961041569038879
0.003954713811277489
0.0039517825565677425
0.0039521275938583875
0.003922809765338239
0.003918271211300782
0.003924683396418032
0.003941756261967286
0.0037117996120740564
0.003702931960833433
0.0036253318703343093
0.0034902648565574208
0.0034875974482431672
0.0034727727467944876
0.0034513760604531108
0.0034503223809838487
0.003444385665295063
0.0035571271918062143
0.003604079809667779
0.0035783466666938196
0.0035155695547070495
0.00355259119997523
0.0035567743061619686
0.0035924367012323487
0.0035928466420575072
0.003636959372258542
0.003660274785586843
0.003756562567110698
0.0037151342201783206
0.0037187613742616166
0.0037151835286294943
0.003708622274396329
0.0037206715205049235
0.003724200026141806
0.0037659775938284
0.003906393152025674
0.003902203515937875
0.003890107596871056
0.003878441609141181
0.003871256799149088
0.0038875275376388635
0.003884200685558585
0.0038747487257478038
0.0038682576193108937
0.0038638338531086155
0.0038640069088307937
0.0038225571332558862
0.0038153313513936533
0.00380873581874197
0.0038063820034822853
0.003801865308489096
0.0037995646297299956
0.0037917033447083127
0.003627514277176689
0.0036122415038123087
0.0036078018530811677
0.0036043670338178385
0.0035538236017904385
0.0035481869377725736
0.0034154147462107246
0.003424637544283387
0.00347923989909838
0.0034774337199748435
0.003469931170879121
0.003467075120176735
0.0034506749193840033
0.003545573412304039
0.0035437812280912505
0.003634839163318862
0.0036338306782455376
0.003628683773119214
0.003631094991037131
0.0036262938955546674
0.0036257680218083586
0.003620056456026425
0.003609473814992521
0.003581195524940829
0.003604335478546358
0.0035786148994634013
0.003566978612974807
0.0035591909200422146
0.003570254988288552
0.0035798328691258484
0.003418881347731362
0.0034852357955126156
0.003481447531806633
0.0034808809155080517
0.0033753384256607327
0.003404527195300354
0.003399436482577244
0.0033970268872423686
0.0033906657119289274
0.003387702984031811
0.003387212178781899
0.003449487719392519
0.0034478992437812577
0.0034462737042474183
0.0034450269923301685
0.0034313509338737194
0.0034333849916644123
0.003426208998614869
0.003393390168493409
0.003387622646712752
0.0033787299684553017
0.0033745115182208098
0.0033581577788988504
0.0033273121536038625
0.003250687568365982
0.0031776884098112016
0.0031730229187012034
0.0031710340488726504
0.003165883577749393
0.003151550485727508
0.003137609007022969
0.0031334959080328057
0.0031409755799775303
0.0031368273701868916
0.0030883107824136715
0.0030809579000167595
0.0030704462304096502
0.0030720170790782785
0.003073545883004444
0.0030737142759272016
0.0030684883240039993
0.003064263881201672
0.003071791653050817
0.003072048946324097
0.0030697301213753196
0.003067360233932221
0.0030543456184090496
0.003033618618897483
0.0030227128272185765
0.0030423611221387014
0.003057077476775216
0.0030608956428609516
0.003058996351279164
0.003051592854823862
0.0030457849705275643
0.003145563167718656
0.0031529325073433386
0.0031422826806981998
0.003039371662624763
0.0030469327668326586
0.003043899387407136
0.003043330036413803
0.003039734876122071
0.003034556810075923
0.0030091860713293075
0.0030122060217965723
0.003026649424681395
0.003026374268388871
0.0030481711819586033
0.0030524285353441495
0.003055070613050603
0.0030434478362405455
0.0030403416403773764
0.0030449080547812787
0.0028654381748670736
0.002867866161107577
0.0028635946971435596
0.0028624803382450792
0.0028525946818712383
0.002795209336604997
0.0028130422082596977
0.00281464973925564
0.002786861321607784
0.0027856088568619752
0.0027796583328018485
0.0027395769024716674
0.002726206760905907
0.0027826562094173312
0.0027766121606153556
0.002774982676837176
0.0026637953486418095
0.002659807057286449
0.0026739089307575414
0.0026638398664966165
0.002658862799463888
0.002621201210724836
0.0026133861784135392
0.0026130332762304984
0.0026103857939698185
0.002736535150253081
0.0027000861982942595
0.002700590554883067
0.0027330339003457296
0.0028747685894406714
0.0027955729745746507
0.0027890707718832173
0.002791091316571466
0.002784172450363559
0.0027816705300699068
0.00278788671134096
0.002785392454984006
0.00278005132255444
0.002778682615307889
0.002785764645010978
0.0027926278682830707
0.002789479181783386
0.0027955678617332417
0.002795533313136606
0.0027884168806836494
0.002775635289107871
0.002769248793178314
0.0027674679888367035
0.002765195512560564
0.002765662441941486
0.0027628692210296944
0.00275917575372901
0.002756833059089724
0.0027543471890697064
0.0027573518713506716
0.0027467060884686146
0.002744804741425396
0.0027451694257665856
0.0026715676028764225
0.0026708728089659055
0.0026667920097779097
0.002678461977353316
0.0026728994951690423
0.0026528716271151083
0.002648461077142447
0.0026689900315476156
0.0026661498864732442
0.002664646013653978
0.0026704413767558288
0.00266836790664288
0.002665721808880187
0.0026603298316834377
0.0026438878896708293
0.002638970030100607
0.002621766421331296
