0.04224678874015808
0.02849964106765886
0.022155656886752695
0.06638544457964599
0.05562055844347924
0.0463439811885889
0.04897292147506959
0.04473035247065126
0.03720533533487468
0.03468015588904645
0.032589454068026186
0.028365192236378782
0.0216305019234174
0.020174121748035147
0.021177977221668694
0.0286761714172933
0.02720371684214721
0.0267583363027753
0.02542548728815745
0.023120946203735428
0.021296998483277006
0.020439591499187212
0.019714402692140236
0.018875252769794317
0.019858868808324378
0.019171758168980618
0.018801712690869218
0.016457786584867105
0.015086198592325677
0.01085548751213919
0.010651433034581721
0.010801242362834858
0.01874917765620494
0.014147678212196174
0.0261927816011141
0.025366454040694587
0.02382711912535965
0.023248393645283222
0.021792759078380193
0.020881451037428462
0.019736311671468214
0.019475217872071845
0.019667086282755594
0.019116008598616147
0.018351562469235992
0.018001867152324467
0.0174184291305816
0.016451128579115463
0.01615595105220564
0.017514398751789523
0.01815523109689821
0.00836255094849171
0.009123712391118281
0.006136876506603918
0.006069848830520643
0.006191119013493065
0.006510515971277874
0.0069958836449925815
0.0069017584057291985
0.006027021118035145
0.005354237766192867
0.0052574517525037735
0.004795169364115283
0.0050732046589613555
0.005600665407572791
0.0060938754294470755
0.005790423773920769
0.006009932884953217
0.00698346507020428
0.006557239436800266
0.00657852739823284
0.005375601562562925
0.00510789817151916
0.004852206291786088
0.0059787954370748575
0.0062290384175630875
0.00425707420576006
0.00415490965633005
0.00566253803626751
0.005306490910394741
0.004938965226756411
0.005167138073397017
0.005461915058688085
0.005576511182794897
0.005929028329055022
0.005903475431473821
0.005876638604439163
0.006119929186691103
0.005909433304461549
0.006080320397274223
0.00623666651549486
0.0059344517223547
0.006029311265979716
0.006028879179594745
0.006002681864022938
0.006097813444716146
0.006169059428467169
0.006055244894326675
0.0059626704902621
0.005938931753845094
0.005444753374653304
0.00554353994988719
0.0052546215979068995
0.005634695484990345
0.005532531676712923
0.005742808345326651
0.0056735932728905186
0.005775146990044712
0.005657751816430725
0.0053826905204914545
0.005365514941201715
0.005283856587752341
0.005163171431233521
0.005115967442828193
0.00481361722832562
0.005317063799673201
0.0052587901546927674
0.005291784887041649
0.005212338967733865
0.005140639380224761
0.005184231158517702
0.005079445323615331
0.0050587460831476175
0.004838215176481758
0.005160260654058282
0.005161043597975618
0.0054550098907384425
0.005426807954001367
0.005271107413752295
0.005377571088286789
0.005333686406216165
0.005470791989167161
0.005606711470285684
0.005698789411258922
0.005637245733797664
0.0054188800217706175
0.005351274471689505
0.005452789307618852
0.005377199655465252
0.00547819693757763
0.005571173079324968
0.005555935459654339
0.00556505849979456
0.005449680298374134
0.005341218996550635
0.005350587523675393
0.005301860703872771
0.005212478266228868
0.005185474320314827
0.005064392383734619
0.0050677805235241815
0.004981913027091844
0.004918444767146822
0.004919832763111883
0.004906935985976213
0.00486177941161404
0.00483048459753701
0.004805436915038567
0.004725860403414121
0.004705923509651001
0.004855354545051581
0.005029269121301599
0.004937464687916477
0.004870294399954609
0.004877902117153882
0.004907498145922131
0.004916966289913819
0.004905275023713183
0.004915732420597449
0.004915531165080901
0.005080841293525994
0.005132279823119675
0.0052000170255122715
0.00519551147706807
0.005250805167386057
0.005435826166106738
0.00541344671536321
0.005485743225692624
0.005678973143868566
0.005640299709060989
0.0073437881668784
0.00757859689641561
0.007495333062252032
0.007453580097786179
0.007375147697197837
0.007310861012248454
0.007257585485894334
0.007303359521929886
0.0070413781749697315
0.007107868666592402
0.007163134862215278
0.007131577716414079
0.007290676947546279
0.00732240217516963
0.007287696383748566
0.007242948875519056
0.007191330938531801
0.007197393002351232
0.007212030599766877
0.00716665407280155
0.007269815603757535
0.007216947361668617
0.007126859624073475
0.007119262629336246
0.007111024011765128
0.007243777737460113
0.007152146350563272
0.007089488644712119
0.007206538257222357
0.007154300267933934
0.007115953643355993
0.007051383848837686
0.006976513753190341
0.006863500441825234
0.006821809974402034
0.006815338215183398
0.006763981035515376
0.006872597575500251
0.006847815479903313
0.006823115883346614
0.006864581221708324
0.00668389978113839
0.006674253801975284
0.006595770911468814
0.006877964375122344
0.006845100090730247
0.00677043331195723
0.006628846189700572
0.006590102610188416
0.006567126567610561
0.006590883464578557
0.006638521049021797
0.006635810304522659
0.006626302780870824
0.006829355370057985
0.0068269280644569896
0.006830793326307764
0.006790153801326241
0.006871479945887891
0.006763126378679936
0.006775631748518932
0.006740308626614314
0.006613677347767872
0.006630987745510151
0.006584084183176437
0.006684538617264482
0.006776298192797246
0.006721953438065694
0.006734751506941396
0.006693211618107765
0.006767284960554369
0.0069748870809857024
0.0070603301340263136
0.007168642205286628
0.007258353413135413
0.0073264961564416965
0.0060620391310477854
0.005790892017791303
0.005707215138290153
0.005661142085655685
0.004671607452901511
0.004260628227677427
0.004191214838074031
0.004246949079613435
0.004232204031230733
0.004179854928306572
0.004184206023746273
0.0042939945076485
0.004221065522223303
0.004191759948419392
0.0042129701969850705
0.0037835553487176104
0.004131829606141411
0.003762412296862093
0.005522939398888153
0.005310378197516699
0.005269608720416785
0.005868480809944216
0.005811626792170246
0.005566449069046815
0.005671973566851644
0.0056488268227931895
0.005669450352516057
0.00689768236122307
0.006864269843269665
0.006898121667769499
0.006937307816163719
0.006877220696189596
0.006838560959822021
0.006774971397238375
0.006776405617591534
0.0067710264664582005
0.006878589908354825
0.0068587006413046376
0.0068589843934672495
0.006635899277269116
0.006898633493094914
0.007002336369830508
0.007034448864481725
0.007040359343996157
0.007074218518979579
0.007058445363852625
0.006978879424997632
0.0067849146656417236
0.006806606210363435
0.006790115347462755
0.006870893094395351
0.006783109590408176
0.006791511212190197
0.006748189932181597
0.006687508673236996
0.006671439251898175
0.006602243383512925
0.006550602360244194
0.006591282395536932
0.006565031017858409
0.0065427506082609286
0.0065851995293021845
0.0068462226456176755
0.00688593587772834
0.006888315939526684
0.007200879234050752
0.0072156972051339455
0.0071938561293511455
0.007112754599199821
0.007121846551539817
0.007041502027366335
0.006886054520030991
0.0068444799028591005
0.0068139156465224495
0.006840118294348939
0.006985748961760855
0.006950581411783677
0.0069328511116414585
0.006920188304710401
0.006931470593407152
0.007005067809123942
0.007004804352564862
0.007002381674657739
0.007067691776123104
0.007333271805542841
0.007333080524255578
0.007312288003916808
0.007287613243418003
0.0072770108299927425
0.007240722817771394
0.007232092974249851
0.007216380839369507
0.007175222535151987
0.008370242806939552
0.008367481406987115
0.008128885948494941
0.008151290962922433
0.008119011382100133
0.00801264803387026
0.008005876951402247
0.008065031510036355
0.007992103256474568
0.008036071058530877
0.00802776987962373
0.007983098178651718
0.007962298394628536
0.00796726474184722
0.007956562316115334
0.007890297107422685
0.007868427762790897
0.007770834389267968
0.007797247399405647
0.007775782197053119
0.007366871282883804
0.0073593500173858495
0.007332347011182399
0.007329795887926595
0.0073657916633722694
0.0073695484512582175
0.0076789906869434935
0.007757811863609792
0.0077027739626158885
0.007720030841607552
0.007672501483344256
0.007668433136627303
0.007646018517472326
0.007736256452668992
0.007770486108130207
0.00778594849027399
0.007765809077503599
0.007743066194624469
0.007713366077661008
0.007692341216935372
0.007692012024204941
0.007737373204412396
0.007733420317793508
0.007710647581944121
0.007588922106837737
0.007549213517734764
0.0075357463240144935
0.00751905674998176
0.007490287661811521
0.007470555316394897
0.0074696559335588235
0.00747504181605625
0.007477875862925758
0.0074658488742672955
0.007450167693191982
0.0074047119334613104
0.007412586156227367
0.007402228744895722
0.007325398916586973
0.007341869957830261
0.007375402091532143
0.007378498857328898
0.007354129178953512
0.007331150037136409
0.007565666876413515
0.007550406049071734
0.007505630733578177
0.007499653126227864
0.007478668869985382
0.007463383944178491
0.007438229042577678
0.007413382273552484
0.007359296486500531
0.007357923369025508
0.007293770674972197
0.007270465540604565
0.007261440425209347
0.007251270315158358
0.007225808130261341
0.007229379532712536
0.0071894146115497526
0.006935916869729735
0.006909399007970802
0.006895784062922459
0.006956725753442355
0.006897804675086557
0.006896818994019115
0.006939772873309967
0.006918518334772475
0.006878673843642572
0.00686366581756626
0.006857420760180542
0.0069298684326606
0.006907557392034572
0.00688955568266363
0.006880065088338876
0.005770628655540822
0.0056934330042557645
0.00572265298424687
0.005722620740093085
0.005689136073083108
0.005655678638552762
0.005642619512992692
0.005616537863127108
0.005613889534584155
0.005601857064966841
0.005565240982378869
0.005525427412035304
0.005512984045847141
0.005512477025647812
0.005501351985421818
0.00549510693191692
0.005463139742882382
0.005434880817433469
0.005436847956290331
0.005388462436865106
0.005381656098189492
0.00540800485511223
0.005382621993940238
0.0053844311864095495
0.005376927956499778
0.005363268309107084
0.00535047957998549
0.005200032737668024
0.005920764313226469
0.0058905694926228045
0.005895249138974764
0.00589534724920318
0.005825497964902594
0.005830346288954996
0.00591262353326653
0.005904653751585032
0.006130645422295787
0.006389355945520198
0.006425989650132272
0.006502697459391393
0.00645675988690029
0.006486536954533402
0.006490509511887695
0.006489397277960518
0.006499844565778943
0.006473219890537394
0.006505516927753546
0.0064974143014285704
0.006493310944054919
0.0064514397728940385
0.006457468992758778
0.006537971845603585
0.006523963759647674
0.00649586731893942
0.006511734251561251
0.00650453196877458
0.006495898893606623
0.006491880768278083
0.006466488546166238
0.006423031538080706
0.006389154051935681
0.006370039500926778
0.006367648119191057
0.006229870474221661
0.006263379896981843
0.006273743842029945
0.006253795445030719
0.006165607499886406
0.006171970267427489
0.005998309220678295
0.0059904876440705825
0.006007149810165627
0.006082012497520287
0.006081128054155181
0.006075652170079026
0.0060505609084241865
0.006022723311074007
0.006011129191323256
0.005988031272427179
0.006038843120848663
0.005990053625717499
0.005967100605658108
0.005958160940195267
0.005928513379729096
0.005817811269793883
0.005785851672960704
0.005758571359998366
0.005744840285863092
0.005737226060510037
0.0057354952190942264
0.005727548216729946
0.005713397727810324
0.005738469892046897
0.005732316161959681
0.005697654001075858
0.005885741500209928
0.005896144939684497
0.005877383005714791
0.00586427403648636
0.005883316983109137
0.005853196409735462
0.005863600918165124
0.005888986689143963
0.005872423547579357
0.0058621788369595225
0.005829431295342806
0.00581290602430244
0.00582868486571076
0.005847153044856354
0.005856810923982552
0.005819293908542648
0.005832676626296461
0.005812822032161931
0.0057921851294200416
0.005768905089070991
0.005802630044912853
0.00578101613794244
0.00577109377206933
0.005750967509219365
0.005779490707204191
0.0057563411383312665
0.0057418423437693355
0.0057912860002018
0.005782158288409271
0.005782985477071156
0.005761372862876046
0.005883084853474549
0.0058784778282370415
0.005882589263492264
0.005866000225852177
0.005852526022488311
0.0058679646841533544
0.005864162674584485
0.005941125680868121
0.005987921240153441
0.006012670760765261
0.006014949125516322
0.006045415317527081
0.006029510243898298
0.006030442927972575
0.0060134003114332485
0.006037793703293897
0.0060207683998758955
0.0060308050804019735
0.006027903042783113
0.006023202072749368
0.006021012429753204
0.006018140119035387
0.006014630506221137
0.005999972746290867
0.005975757793567638
0.005937401340186346
0.005953667089295457
0.005933667288021146
0.006910221812526615
0.006696637017679273
0.006703877041770253
0.006679729504728751
0.006631980554853983
0.006619782094714401
0.00660906418842203
0.006606730095475207
0.006599698066882514
0.0065630785276164835
0.006546865320156113
0.0065478832981717755
0.00654508844142849
0.0065494966714789715
0.006555789441690873
0.0065454474182394294
0.006541221375038285
0.006533593257541038
0.006757702412322973
0.006735694777378214
0.0067231091067056995
0.0067664024609491455
0.006751909744768836
0.006762299967634209
0.006748676257953052
0.006746526601867153
0.0067628561062337295
0.006724996361392109
0.0067352774432328805
0.006730689571446019
0.006709806316660606
0.0066985553599760725
0.006701380443804509
0.0066930864779598176
0.006665121143322632
0.006648950669509962
0.006606649757782146
0.006592377094939854
0.006583889033191757
0.006587127420743857
0.0065931208516989085
0.006571122289900352
0.006547197997872395
0.006517497623028015
0.006490751858322359
0.006476209835888572
0.00646797982486249
0.006457113253732756
0.006445257351703256
0.006432665378849315
0.006423147182942756
0.006418076001864398
0.00640783174154007
0.006400139617923417
0.006384225340448114
0.006374519590392046
0.0063663285771027684
0.006355468370144242
0.006355562278692092
0.006372169745560375
0.006353917246618922
0.006372909388962853
0.00634063434283858
0.006333594828902284
0.006311102553106206
0.006293256173393479
0.006239685643868557
0.00628206594685068
0.006287028657266199
0.006278187494791021
0.006398650035716671
0.00641378244186594
0.0064039355490556
0.006386239956636042
0.006389143541800208
0.006373651664960341
0.006357812455771401
0.006314799928238243
0.006255838863307476
0.006261213717858915
0.006265891660839085
0.006244119226350797
0.006230578679075991
0.006222770761083055
0.006203834974907181
0.006191361409071675
0.006218713087340201
0.006184046634548717
0.006219860310943367
0.006225638798829443
0.006236776468302256
0.006220788724526681
0.006216748211059784
0.006203038072795947
0.006190463068740943
0.006187837155757948
0.006134479751254583
0.006153967460673468
0.006138507789400584
0.006109123286857674
0.006099949461659063
0.006108792124255074
0.006098875192035084
0.006097620855474489
0.006080512743086578
0.0060633538754540865
0.006051227845557175
0.006035978639482572
0.006045696594225633
0.006008749234188405
0.006000881951430662
0.005992923575790938
0.005998625321089076
0.005989987860989425
0.006008103621433253
0.005999669462333304
0.005991080458698288
0.005984956029356523
0.005966560431741997
0.00595333735895515
0.005915878749528909
0.005912656385753563
0.0058995560244124185
0.0058960677299223115
0.005883452539785835
0.005875087967265137
0.005865612688130561
0.005855026554175086
0.005853368162640774
0.005766475467630891
0.0057626686593597026
0.005754102335733404
0.005743200570240268
0.0057391139126279096
0.005735156060767454
0.005726643470255949
0.00572058489138095
0.005739844191383589
0.005730238230698131
0.0057218525994677675
0.005724306843783517
0.00573516401951845
0.005713384760993232
0.005729757313997902
0.005742557271365738
0.00573244529398082
0.005694185001352513
0.005685836110528805
0.005679252733730902
0.005676320518696842
0.005673752853371111
0.0056672536612166705
0.005659052220305062
0.0056487419868120675
0.005635389023547572
0.005627280313549502
0.0055780087896511125
0.005580633634070615
0.005565965843126362
0.00555947992514504
0.0055892167537531035
0.005580194338318487
0.005579055013394615
0.005566462270869955
0.005535679160685018
0.005536991559862204
0.005538860118464207
0.005520729903328939
0.005517386066412011
0.0055608634938457266
0.00554556097826923
0.005548530127817725
0.00554405350916472
0.005545086221811121
0.005525895424896947
0.005515957086338198
0.005511340451927381
0.00549370001995614
0.005492487460105394
0.005506972043692194
0.005473095786993436
0.005467161453017748
0.0054622140817594325
0.005450531466002374
0.005434001725820302
0.0053880527453106395
0.005377884499665522
0.005382315462401531
0.005372963317674212
0.005399187655012051
0.005397170831116867
0.005399794676012601
0.005390497285528154
0.005387343429792143
0.00537138415675145
0.005366813296841341
0.005374475003827345
0.005387116303098629
0.005391020992368222
0.005388733285526546
0.005390386568771455
0.00538830909350881
0.005432495619026122
0.005393371842176784
0.005381334624097757
0.005382840127775032
0.005372359163360532
0.00539483826036988
0.005365985072562816
0.005353848008819097
0.005400415117647556
0.005387601732114235
0.005338458800712018
0.005331982688450447
0.0053253943416428605
0.005310306019269138
0.005304539091293046
0.005293258198430628
0.0052884832590197875
0.005308174287560317
0.005253780950995902
0.005232449093145418
0.005250444377898833
0.005260737182378794
0.005263821178020661
0.005251051431463853
0.0053140913912675435
0.005309508011861545
0.0053117992256890845
0.005303668506960363
0.005299086763768544
0.0052906736245334415
0.0052839522895836225
0.00528304559282015
0.0052843742917639035
0.005286436079312417
0.005278053937726459
0.005230899689611978
0.005231203062363952
0.005225563525112068
0.005209330442948044
0.00519512624179045
0.005261390096710834
0.005270167462621136
0.0052632681434573204
0.00517784891996919
0.005175474185184987
0.005158238950502467
0.005160034925571167
0.005148793277210862
0.0051491234357859805
0.005156449298746698
0.005163195903991258
0.005162258123351507
0.005158468676551948
0.005165041626445878
0.005120630705063651
0.005117376915159254
0.005117119666708968
0.005117612985672765
0.005115419112457024
0.005092792876358253
0.005084396250668605
0.005076939255609943
0.005076364758764292
0.005074294995265565
0.005065891934030924
0.005080309472667634
0.005066427705913034
0.005057391241589572
0.005048362192731644
0.005044881108531616
0.005043541771623916
0.005024996268749057
0.005012068390463751
0.0050111986250627565
0.005005920306661176
0.004976897424894814
0.004951576763500869
0.004939990374011612
0.004937361489002128
0.004963515741110318
0.004961451746820421
0.004949669208556309
0.004915569514568273
0.0049558129462916245
0.004963454731894014
0.004953635189759467
0.004984129224715973
0.004991213083963747
0.004976764926807746
0.004968891787931204
0.00496083526135345
0.004952206025572662
0.004950615124501859
0.004951550207173182
0.004956713078950158
0.004933340223740095
0.004927305020970137
0.004728567011528265
0.004698408849320439
0.004696580249496235
0.004695498630080757
0.0046952272718753015
0.004678007920265577
0.004649315776782567
0.0046274750807448126
0.004612478672807947
0.004624759830712864
0.004563793369167833
0.0045515620784301715
0.004551484201616218
0.004534775867672752
0.004518863234618155
0.004545952604725438
0.004556124263388282
0.004559966499997575
0.004566674308488298
0.004528671982488499
0.0045326350460053
0.004513337791659855
0.004494979233234655
0.004488852723476529
0.004478862031705777
0.004463605417923479
0.0044565796304765
0.00445114761815312
0.004439466268555913
0.0044347759079123245
0.0044706215360483595
0.004462140118836422
0.00448205055391465
0.0044877305863474356
0.004457066543263811
0.004450577137108404
0.004439094105567395
0.004437832207210381
0.0044308459367892305
0.004412669285736252
0.004404603084255179
0.004404099044213983
0.004393097967003462
0.004392037257231302
0.004364709070121202
0.0043690296177778245
0.004362764100160335
0.004346514880240344
0.004344173576975693
0.00434560769022474
0.004360179689936469
0.0043359534227154425
0.004336268747274447
0.00432843316094093
0.004339663180612563
0.004340575216658035
0.0043341977620931175
0.004330750197844754
0.004333913089255572
0.004330927924361943
0.004368964886043621
0.004362569209171875
0.004354267711938136
0.004352993903847139
0.004374665807582048
0.004368693003303697
0.004237244769574248
0.004231125906771589
0.004225827103352862
0.00420140096374057
0.004183376617156594
0.0041877010227215836
0.004181996143546748
0.004183936742054116
0.004179891996285612
0.004121776473401001
0.00411445239065781
0.0040987998498357115
0.004103016717684274
0.004124326585719832
0.004121613176257419
0.004110802629268707
0.004110154823323386
0.00410576391194951
0.004094126668269018
0.004066583652153905
0.0040289439074795525
0.004023661782386296
0.0040068715352095914
0.004006802962417391
0.004000608716997902
0.003989452196278204
0.00399705436494779
0.003988732168233954
0.003985878485489772
0.00401047124545238
0.004010221050729272
0.004023567373961158
0.0039875936597304155
0.003974090671872152
0.003940952989636579
0.003937073414099176
