0.006079448387026787
0.01890464499592781
0.01599326159339398
0.013007399905472995
0.008218909070516627
-0.056606024703277004
-0.04904433956835418
-0.04383509337074226
-0.03955419871490448
-0.03596514145399189
-0.03328920781981044
-0.030728086614264887
-0.028488142781757878
-0.02673006150871515
-0.025037960980625936
-0.02685270207995713
-0.025398286914828025
-0.02419039063112761
-0.023456686736608386
-0.021975609630490427
-0.019499039553920735
-0.01878369387122802
-0.01802424833658733
-0.017155142765259368
-0.0166098883480747
-0.016125203743016486
-0.015573254417436797
-0.014728559884604003
-0.014276085201224002
-0.013825143904297524
-0.015663915436562093
-0.015348974311068147
-0.014908563361078611
-0.013970350222994707
-0.013723425025495494
-0.013416074110962755
-0.013043050355535298
-0.01270749950811315
-0.012406398083840035
-0.011928792527547428
-0.011743913633316493
-0.012989807101020722
-0.01262780819326343
-0.012554057611204272
-0.012586077458842701
-0.009498558013372998
-0.009325434576264042
-0.009171851028032528
-0.009154921370791274
-0.008923260578383494
-0.008741219425036646
-0.008606195533296694
-0.008365911599766053
-0.008353554868054664
-0.009039837072902762
-0.009195734832533884
-0.009633428292702246
-0.009335188798890533
-0.009478398478434737
-0.00932136448646503
-0.009212334340014838
-0.010330238778791802
-0.010188154075990502
-0.01009829315153184
-0.009999219102500134
-0.00986202489404415
-0.009634227506574148
-0.009530578896110595
-0.009394163677539586
-0.009321074302469777
-0.008597528302541641
-0.008467049570853851
-0.00833454842821183
-0.008237458039172158
-0.008110075322149092
-0.007925282931049793
-0.007802702474668304
-0.007690095437098971
-0.007594136519492177
-0.00802840168106753
-0.007947867450594668
-0.009061177753221326
-0.008945191217121439
-0.008859817428011044
-0.008777127463555344
-0.00862250552319015
-0.008533656930260564
-0.00839619656079358
-0.008308779419571196
-0.00819367380880887
-0.008109506686314893
-0.007994637592781408
-0.007780274533325482
-0.007705421776182981
-0.007634882859216919
-0.007610907879332209
-0.007821617387036198
-0.007750916582043644
-0.006742866631029765
-0.006588234525017731
-0.0066611318642589784
-0.006635234700597818
-0.00655614099133136
-0.006496425611424336
-0.006347294633053274
-0.006223526609004549
-0.006163304453703294
-0.006646120551038529
-0.006561455907186354
-0.006382305474822346
-0.006270962935494553
-0.006236215152757649
-0.006076736553184585
-0.005958548829822464
-0.0057380078619487605
-0.005703271869940664
-0.005768703574808501
-0.005814566310045628
-0.0058020812632094115
-0.00537545672861508
-0.0054683356761639525
-0.005417994025546208
-0.0054632556883945985
-0.005393661220383374
-0.005351097806851621
-0.005298274722008509
-0.005163032815005417
-0.005110269207261465
-0.0050678251216595615
-0.003668264384087778
-0.0036289770015366435
-0.0036023396278597694
-0.0034234335014762607
-0.003034004928593757
-0.003002478403793845
-0.00297007366438545
-0.0027862609552529193
-0.002761040417183946
-0.002897716165534811
-0.0028289774125124117
-0.0028077739037874294
-0.0027987153319315576
-0.002774724961909677
-0.0027459256121676076
-0.0027264408776293465
-0.002718755167536366
-0.002710531880192992
-0.0026974230301046926
-0.002685224108815123
-0.002663980287047564
-0.002642883511295007
-0.0026424018649694133
-0.0025416852285244196
-0.002238929673847224
-0.0022395424770459285
-0.002057597220155705
-0.002023861441004931
-0.00202575746630634
-0.001927108679547025
-0.001960698226985589
-0.0019476776586448191
-0.0019155937804325631
-0.001143496398693
-0.0011675745590544147
-0.0012085245173485562
-0.0012051182255566515
-0.0012424217368226004
-0.00132262885060607
-0.0012763379144684393
-0.0012540206090089034
-0.0012228792024553724
-0.0014126705738155346
-0.0015242893302571704
-0.0015138497256391211
-0.0015146572205925353
-0.0015037909694299518
-0.0014881322825745496
-0.001484242714341546
-0.0007157326407145329
-0.000681247200985067
-0.0006278914461090868
-0.000627097677809378
-0.0007985543206814387
-0.0008010049453996358
-0.000784039785558181
-0.0006979300374309043
-0.0006970521251090855
-0.000690673076615135
-0.0006789219078200461
-0.0006773892234439814
-0.0006730646618583156
-0.0006330514506064774
-0.0006151786847769209
-0.0005971217521642486
-0.0008198703984520334
-0.0009841346672040626
-0.0010503038400275608
-0.0009711283351158445
-0.000962399021336756
-0.0009676602452084712
-0.0009678678925591228
-0.0006509988460551628
-0.0006414552164071762
-0.000639982330690927
-0.0006286620842482273
-0.0006305084350855806
-0.0005900479887504194
-0.001141265080872712
-0.0014544228817699415
-0.001449908011765897
-0.0014582792448222064
-0.0014756055200839256
-0.0015399713541049815
-0.0015470491494471797
-0.0015457972293141393
-0.0015236316141144053
-0.0014857054653525756
-0.0015413272172969082
-0.001485325044665268
-0.0014765497745260773
-0.0012700684898706547
-0.0012617856580928544
-0.001240559178346047
-0.001222056308082154
-0.001209866908007765
-0.0012073653275677914
-0.0012206740572621266
-0.0011657649709568114
-0.0012133674405998612
-0.0012102392518192923
-0.0012719862937768222
-0.0012794198412305817
-0.0012829593531964055
-0.001272894903872553
-0.0013363577162003944
-0.0012108924100114144
-0.0011897871512349862
-0.001183254246045421
-0.0011675997852762566
-0.0011638053830245003
-0.0011531123845471972
-0.0008574456865829843
-0.0008526712836548407
-0.0008223288404762466
-0.0008283646157514481
-0.0008228711323114629
-0.0008133982536521496
-0.0007993989092207664
-0.0007957065849041146
-0.0007999204343546179
-0.0007990486932295283
-0.0008846152836506174
-0.0008443796462193817
-0.0008320435492136998
-0.0008315873315893939
-0.0007539254361308397
-0.0007713766875006788
-0.0007811001207062416
-0.0007996902081056522
-0.0007752058791990034
-0.0013503317116839294
-0.0008330940931073623
-0.0008277245809067925
-0.0008451374769068082
-0.0008493714979392451
-0.0008452314949035948
-0.0008374041459971035
-0.0008284644118315915
-0.0010621287861862694
-0.0013028358616357164
-0.0013268308900799626
-0.0013598664784998053
-0.0013785254174703686
-0.001427097214063083
-0.0013852972029596588
-0.001359379852192929
-0.0013656525693575491
-0.0013112933293315053
-0.0013094045387853357
-0.0014008169635553265
-0.001438177864417951
-0.001475665172003172
-0.0014647841682847425
-0.00146548153151934
-0.0015326911844612357
-0.0015152327619557535
-0.00148048947971802
-0.001486509409546815
-0.0014580902687408432
-0.001457482283106645
-0.0014391085750665405
-0.0014315278137191358
-0.0014255989736077159
-0.0013791375310837043
-0.0013885011673443655
-0.0013827738281908192
-0.0013811641471917953
-0.0013735738099289135
-0.0013594622794335044
-0.0013480587326331747
-0.0013198670939592889
-0.0013300328840462837
-0.0013900266993148703
-0.0012651672259261335
-0.0012610369950243434
-0.0012842833702458205
-0.0012950859054635456
-0.0012998154918234875
-0.0012949925681882228
-0.0012995962448591489
-0.001133141943636221
-0.0010858383684070629
-0.0011277651550479276
-0.0010718963655693091
-0.0010742641266063698
-0.001052812681942322
-0.0010422144411488705
-0.0009713925816603021
-0.0009819696489785231
-0.00047907946452065706
-0.0005017003479552187
-0.0005133707694564803
-0.0005774252974479647
-0.0005741971132766414
-0.0006846750666952702
-0.000679548581632602
-0.0006911272559768945
-0.0006545718534738859
-0.0006719371751718125
-0.0007291757174353623
-0.0007375442715148198
-0.0007299255179554216
-0.0006945079657962661
-0.0006899390282559431
-0.0006847562645123732
-0.000694856361273744
-0.0006838298358425139
-0.0006749504341757307
-0.00069027452672719
-0.00068181198459618
-0.0006751180871324139
-0.0005617284001271763
-0.0005329213196979958
-0.0005255232834842665
-0.0005031139360842758
-0.0004980901701525835
-0.00040185660785435715
-0.00032649028051513426
-0.00033410713939312464
-0.00036273670959153343
-0.0003902563085541123
-0.0003862923727278156
-0.00040663954849788636
-0.00044306695105058983
-0.00041256876453660117
-0.0005815115552296152
-0.0005857746035968535
-0.00032332625554555084
-0.00031242366852287566
-0.0003093335365512504
-0.000308508519063165
-0.00030529159154488595
-0.00026970261569659036
-0.0002641248030146318
-0.0002597825131701941
-0.00024737712937234277
-0.00014649642203632974
-0.00014936598662592036
-0.00013963364430851378
-0.0001379699287445041
-0.00016039717755570498
-0.00012718039900223917
-0.00012021174070031535
5.186503791843977e-07
-5.630800707052593e-07
-0.00034804437306029895
-0.00033847417730684955
-0.00035830288053054926
-0.0003588521343580853
-0.00042730895242836767
-0.0004307951384700351
-0.00043390400870870594
-0.0004359317386501997
-0.0004363921730039824
-0.0008128573568174436
-0.0008147184884087545
-0.0008162163138848974
-0.0008009221666613152
-0.0007953329909352599
-0.0007931838188555041
-0.0007056884800365496
-0.0007025901464130471
-0.0006936487903833878
-0.0006942296408771126
-0.0006918370798835792
-0.0006897633534449153
-0.0006779347102236188
-0.0006766937338871986
-0.0006671350036776883
-0.0006227447725211219
-0.0006208723010315784
-0.0006188402604802812
-0.0006223604029608169
-0.0006342229462820879
-0.0006343638235525359
-0.0006277675987696141
-0.0006161725189789068
-0.0006177604425736115
-0.0005979354840436429
-0.0005876404316693686
-0.0005922632256451593
-0.0005879627671639615
-0.0005820315244190356
-0.0005686049776696008
-0.0005849243720009492
-0.0005977635230110845
-0.0005577998303359347
-0.0005569980071489736
-0.0005536604365694274
-0.0006263089809935089
-0.000629174517331343
-0.0006335646971035335
-0.0006346116488374453
-0.0006267486116164117
-0.0006241058877329346
-0.0006650614357129228
-0.0006406519970139644
-0.0006360779058471529
-0.0006396505064574679
-0.0005668759416370718
-0.0005353028486246759
-0.0005255915140803051
-0.0004623437851956053
-0.00046555247571287474
-0.0004656079104154207
-0.0004549259512373047
-0.00045269602234847663
-0.0004445937134517521
-0.0004424175269377908
-0.00045147033355752344
-0.0004523671186730349
-0.0004812574397607544
-0.0004805515011350926
-0.00045550846052617923
-0.0004642820475161552
-0.0004711160950635645
-0.0004692077942049139
-0.0004667617679565323
-0.0004643889153117545
-0.0004771368942293724
-0.00048362697612193645
-0.0004652361276304624
-0.0004515132997831197
-0.0004520674115865627
-0.0004453378351172455
-0.00044204537956455965
-0.000425173141017526
-0.0004097667734761601
-0.00045556788201160637
-0.0004236669660446918
-0.0004099903691729384
-0.00040856224969260975
-0.000409351978493668
-0.0004147117232067673
-0.00035813550097326465
-0.0007410990109799824
-0.0007202720412468106
-0.0007161991092994998
-0.0007185129654975234
-0.000704857164654278
-0.0007147718055328669
-0.0007017836776186969
-0.0007034964294723977
-0.000677292879585081
-0.0006858093183836924
-0.000683285998909266
-0.0006696890288146595
-0.0006621186933183721
-0.0006601280295702381
-0.0006497512739601913
-0.0006571645280022655
-0.0006565968989896927
-0.0006544201867895471
-0.0006649111537982916
-0.0006657690352352107
-0.0006218175782661458
-0.0006225213591442621
-0.0006298642715768712
-0.0007061911370291646
-0.0007125229730987813
-0.0006743577341842527
-0.000673475887925833
-0.0006721077676224338
-0.0006802790409607855
-0.0006670886873067644
-0.0006657930267754576
-0.0006578753321421315
-0.0006402666403007771
-0.0005855930783436658
-0.0005815922849725198
-0.00057926618574564
-0.0005737095471229946
-0.0007061026835077769
-0.0007245904546447748
-0.0006868117352604352
-0.0006852843025321562
-0.0007893549978675108
-0.0008187780991050966
-0.0008941371202002093
-0.000890708132894733
-0.000901832853671183
-0.0008768953217054399
-0.0008715476139269906
-0.0008079154870571202
-0.0007786746499372998
-0.0007527005235182468
-0.0007578712929161348
-0.0007587157735108285
-0.000737283295711679
-0.0007352952655549394
-0.0007427855267744107
-0.0007383126517606207
-0.0007480221842801109
-0.0007184381200793397
-0.0006054733783893525
-0.0006017219689289222
-0.0006159940957276754
-0.0005941729795970949
-0.0005954451980766692
-0.0006133683126330133
-0.0006133270799045608
-0.000638578507745545
-0.0005862508784348036
-0.0005810923991745539
-0.0005818970154647503
-0.0005929703660194652
-0.0005919539777015235
-0.0007203813257515111
-0.0007164589517574163
-0.0007036138134979481
-0.0007043487329781975
-0.0007247868818270606
-0.0007092213555311275
-0.0006837098521886437
-0.000638278579478936
-0.0006366844053008405
-0.0006346043112228285
-0.0007146401966580391
-0.0007142786294968012
-0.0006951571625815645
-1.3577962989445532e-05
0.0013566491583708084
0.0013534031655476118
0.0013491613375991023
0.00134665601205643
0.00134095375215176
0.0013526414730476565
0.0013392658361869145
0.0013287571544034482
0.001358242707370896
0.0013476439034938092
0.0013444886674961187
0.0013376601472766749
0.0013361384837545101
0.001328899718535871
0.001305072812364633
0.001299676475611421
0.001295192786156356
0.0012884146381621925
0.0012853007595092097
0.0012815288672710292
0.0012866864128059194
0.0012877211614445163
0.00128442659456556
0.001069802649895891
0.0013413997557561181
0.0013366153462185503
0.0013352704310900473
0.0013339760963045294
0.001331724570498567
0.0013310708280662147
0.001347406233343279
0.001371631511611753
0.0013230328165411607
0.0013220344371802622
0.0012784307493047423
0.0012784195473954359
0.001255629562933596
0.0012571799605211689
0.001259201585736999
0.0012602089296288358
0.0012566572484833368
0.0012634553005114323
0.0012613104318220645
0.0012527015996172395
0.001256497603584406
0.0012843910510468562
0.0012729271800887524
0.0012563312133594669
0.0012538493002570966
0.0012521610674064434
0.0012306522301418087
0.0012389323381056172
0.0012348013314151976
0.001232176749920836
0.0012244376830105146
0.001235034746191318
0.0012994146068351616
0.0013105332978679517
0.0012958391403958282
0.001316770267258819
0.001315647103444563
0.0013137843742895914
0.0012991210626891602
0.0012826748091935175
0.0012808877809441668
0.001253899190840773
0.0012538270097614628
0.0012527475228712448
0.0012477274543744262
0.001239169785549164
0.0012380539436792277
0.0012358624016647233
0.0012447090748115425
0.0012237737821309978
0.001212678977008963
0.0012173060898884637
0.0012260088322635844
0.0012207856031651184
0.0012191302624357464
0.0012212640769598963
0.0012157605022447065
0.001213839011593578
0.0012069991934933592
0.0012070716784822364
0.0011871997587172788
0.001203215542191628
0.0012035400157768647
0.0011819662379252784
0.0011416241414706034
0.0010405124955703783
0.001003051373502799
0.0010067838071302242
0.0010015215838753038
0.0009399102307291469
0.0009755375527306601
0.0009728536948993359
0.0009716620544617935
0.0009652703200229607
0.0009653724126993254
0.0009203308951115882
0.0009266456454302522
0.0009356664847531833
0.001023759749282118
0.0010595645057725127
0.0012781267734066374
0.002451680141561193
0.002550979897629222
0.002707440704740071
0.0027038161919688062
0.0027295323428493
0.0027242507842954247
0.0028045217210442867
0.0028032506509185966
0.0027884222538917145
0.0027862049139856498
0.002774856859606095
0.002754911714003672
0.002727221489530803
0.002741966273507846
0.002739434678731066
0.0027169222988956804
0.002721156683960394
0.002709315925679185
0.0027071359081512554
0.0027158718376448453
0.0027150332040831145
0.002715174122920532
0.0027088981393449895
0.002703812498772887
0.00276200027613485
0.0027377100822448108
0.0027235149523141687
0.0027208931299149944
0.00271455509100527
0.0027127989982958876
0.0027085947892458544
0.002673275612666982
0.0026872109628828275
0.002660563677262871
0.002674114826500648
0.0026692195055302596
0.0026656426996678217
0.00266363794048335
0.0026590318867033324
0.0026552198791018416
0.0026518068575035235
0.0026443961536582873
0.0026625292666202357
0.0026778907694942
0.0026753742072844495
0.0026832978239965705
0.002680267954050658
0.0027241569996051007
0.0027544852167580786
0.002746315918945724
0.002734917980543711
0.0027309027653255958
0.002725719375723173
0.0027226557132972833
0.0027220617730358983
0.0027167069135390644
0.0027099100593188058
0.002794024092643894
0.002789821614200841
0.002788683560552581
0.0027751211286396772
0.002770612553152321
0.002757513942772977
0.002753515924289049
0.0027467661543054797
0.0027460751101204095
0.0027432131178077145
0.002739343477547537
0.0027358093129780576
0.0027316978595973286
0.002724129617340772
0.0027224858656961725
0.002718299359339528
0.0027124358801802304
0.0027122688800479944
0.002634413971352129
0.0026295563397174585
0.0026267941800705596
0.002624915813128055
0.0026320025525408855
0.00262818325767497
0.00260728640017783
0.002612819566363484
0.002612914867751698
0.0026089928308041356
0.002607110646719186
0.002604040307780588
0.002601713722193967
0.002591227136946601
0.002590784750679097
0.0025832203212590235
0.002561638066156948
0.0025613253610305645
0.0024964712090892118
0.00243408340395732
0.002425823261127495
0.0024205702647356973
0.002458540496382853
0.0024617548407491687
0.00245545516585074
0.0024196034353346986
0.0024176018255305225
0.0024191561757106687
0.00241587037316705
0.0024126775771703517
0.0024091507374116917
0.002414740284502032
0.0024143783227723935
0.0024116363027835955
0.002396160184361805
0.0023950510847896575
0.002397277095892588
0.0023924533277844516
0.002373934118267788
0.002370465992310298
0.002234396833470794
0.0022372508319958876
0.002037306198138639
0.002034338295499728
0.0020413055093579167
0.0020712237214316606
0.0020693967740482
0.0020657263638825577
0.0020632318979241448
0.0020491882271221657
0.002052973292623859
0.002043946668585037
0.0020414110206665964
0.002037930678699979
0.0020420544609773454
0.002037461222027034
0.0020347522793724136
0.002033296083289868
0.0020293987428665126
0.0020277539471697478
0.0020257654138569887
0.002023813787242442
0.0020205824521246497
0.002049320504601607
0.0020780985017050464
0.002075025841943791
0.0020815281781818326
0.0020772004445734644
0.002074477075409542
0.0020724788522230963
0.002069791603637648
0.0020677332912651517
0.0020692021003833935
0.002067020771078285
0.0020644553115961727
0.0019340391085873744
0.0019331314389812496
0.0019143927779769463
0.0019102801558524745
0.0019116860848281336
0.001910119047617185
0.001916028443570247
0.0019141420316607473
0.0019125498177559445
0.0019099272640644713
0.0019074129350129772
0.0019039761287259589
0.001903210284510308
0.0019015775867249351
0.0019037388769581607
0.0018984807529870771
0.001903150704810756
0.0019013668145106016
0.0018746433824609573
0.001878265280745226
0.0018852372931516578
0.001882942544514541
0.001878783842035029
0.0018685190189120856
0.0018608929444343851
0.001858262765566981
0.0018577791495737656
0.0018547630361974957
0.0018791463549755623
0.0019163834376773456
0.0019049559523757005
0.0019120912121481065
0.0019124933804570386
0.0019109561569613184
0.0019162196342801128
0.0019095887496626512
0.0019025532081079757
0.001911333773604432
0.0019095019044006554
0.001925256475880113
0.0019180324187423059
0.001907013494757433
0.0019054197799328802
0.0019028397694420373
0.0018994837464731793
0.0019134098739176423
0.0019108294803712308
0.0019064340737634017
0.0019115051023346442
0.00190814286187016
0.0019151206835932761
0.0019128075806341767
0.001911404999631233
0.0019369822462865062
0.001924062229856958
0.0019254479735422922
0.0019245358431716248
0.001923952512101559
0.0019202756904704555
0.0019221162732942073
0.0019202395926462628
0.0019188394261178058
0.001916366134646106
0.0019155003908203243
0.0019130682658715587
0.0019100609861031203
0.0019082532645522457
0.001947881949774456
0.0019472121969402957
0.0019536637528279792
0.001953609983023675
0.0018836891016673508
0.0018861240939920458
0.0018881771445796176
0.0019283009679052087
0.001929904620844034
0.0019306604177612688
0.0019164517198016443
0.0019337688764294063
0.001953529140686844
0.0019413229334236967
0.0019412594350831796
0.001933435357041367
0.0019294986627567026
0.0019277155343871886
0.0019274463461366408
0.0019232156499116697
0.002080966388020084
0.002106038570194154
0.0021050637667478105
0.002089243586177282
0.002109080516448406
0.002109857382319104
0.0021092949313289
0.0021055326139247333
0.0021025382855135227
0.002105296941489082
0.002106645922229601
0.002035579038400032
0.0020453772138226732
0.002042550095043204
0.0020071954165326754
0.002028965937643078
0.0020272650798000245
0.0020277421433507812
0.002023932056108844
0.0020269331315327125
0.0020242694054512025
0.0020198726605799465
0.0020175836667484614
0.002192531484286039
0.0022000076911963596
0.0021979897531111967
0.0021930390296038865
0.002191535531742502
0.0021914981261155165
0.0021869902867873345
0.0021826784718684163
0.0021851042969674435
0.0021630336720591978
0.0021631343603028897
0.0021589946845074304
0.0021530182579715643
0.0021511432299069445
0.0021508581759191398
0.0021434498618141395
0.002122138816398946
0.002129726909808528
0.002126248746247015
0.002103824345186552
0.0021072339780059883
0.002108943031047789
0.002106951927325621
0.002105129666571833
0.0021097427522079573
0.0021051322731038447
0.0021027291368304526
0.002084969209327557
0.002095389314275247
0.0020950800661121666
0.002091965259144975
0.002098449635659764
0.0020934611002648078
0.002091837545448768
0.0020914589146794993
0.0021139703485736666
0.0021145909673154703
0.002110808410540684
0.002106293212305124
0.002104227384018638
0.002103993058981949
0.0020970176739829533
0.002096030957401733
0.0020966232377560554
0.0020837529618821277
0.0020921732313793303
0.00208634402744596
0.002087935620722533
0.0020849049331174564
0.0020801979603237795
0.002079924716435776
0.002074892680216026
0.002077036566011303
0.0020752138502087877
0.0020813437599134597
0.0020797377270048763
0.0020721600248155762
0.0020787675408064387
0.002079271963242211
0.002073578179914072
0.0020709790293702113
0.0020642845287831167
0.002058977370570017
0.002058232663187498
0.002060341261434969
0.0020583446322222495
0.0021716593893308634
0.0021644310175596626
0.0021187762700409832
0.0021164603331953686
0.0021346679666837346
0.0021326828758978936
0.0021336983413023365
0.00213628371236497
0.0019050465680485959
0.0019404166986462278
0.0019036676556359062
0.001901574537411611
0.0018930943613697428
0.001892292537968342
0.0018984642310332456
0.0019072016053520182
0.0019010837546884435
0.001899501490363371
