0.01889309659600258
-0.15181137869755426
-0.10818452527746558
-0.08047746010124684
-0.0666709300906708
-0.0590695389546454
-0.047935599868651486
-0.040798124495065875
-0.03245043247006834
-0.030559700532731687
-0.023323440497430663
-0.01908833465467279
-0.011646720880110352
-0.011447130236774686
-0.010340408043703068
-0.012859989697223205
-0.012565175200709043
-0.01253814527176713
-0.010522434697486462
-0.01205925379569332
-0.012130794221196664
-0.011384844840706693
-0.011544231305985404
-0.011867349501699213
-0.011401490138198899
-0.016837857568774515
-0.01491501492481413
-0.017202920609571303
-0.017295238662821556
-0.015036415826949867
-0.014768555331102112
-0.03611346224859131
-0.03394743759760304
-0.03471093958110681
-0.03288249938567686
-0.02576657463293019
-0.026374683353902872
-0.02711051758020543
-0.025987464591162277
-0.025370321634066537
-0.025248091102444695
-0.024389866642047495
-0.023460299782031638
-0.023492761235684154
-0.02303251315353681
-0.023106770817824498
-0.022663199206969388
-0.022952662001611016
-0.023261821363121268
-0.022854608465351305
-0.022481943417985272
-0.02178665307649182
-0.021450650106460124
-0.02125644306652247
-0.020865604420708086
-0.02042150808490093
-0.01948357794779063
-0.01803440686465256
-0.017674569508138414
-0.016154789016582065
-0.015326748363628618
-0.012882066064602911
-0.012377379842291696
-0.013757776327502837
-0.013477453215852036
-0.013826801304344027
-0.013985756964436455
-0.013852238218111077
-0.013604697101150769
-0.013424228111111464
-0.01325280824029404
-0.013304293276869677
-0.01312026983155315
-0.013000472188772011
-0.013326820624091563
-0.01321522052197221
-0.010666356948114786
-0.010414011871495247
-0.009655456944165051
-0.009457294053806242
-0.009515420233450327
-0.010115286173349445
-0.009791577895244003
-0.009645332095404975
-0.009323756389866777
-0.009453192680415792
-0.009608570471093777
-0.008861672746022805
-0.008828213433864422
-0.008637996078954987
-0.007495188271328197
-0.007317928743163142
-0.008005653573026721
-0.007824134283184417
-0.007806181913110777
-0.007845864838262847
-0.007739187033528615
-0.007288285865650673
-0.0074512550659710545
-0.007257918196172445
-0.0077950337076532275
-0.007487540816531056
-0.007352677689386139
-0.0070996522509847735
-0.006759995169045827
-0.006619181018866705
-0.006528725856764209
-0.006503444597009708
-0.006550723860908133
-0.006551114515598596
-0.006245533495530254
-0.006148980741401459
-0.006328310139922491
-0.006274594610010315
-0.006119328687983116
-0.006214894537921422
-0.006121864033787969
-0.0058915670770376995
-0.005785789453754357
-0.00575931224258124
-0.005759110791154481
-0.005530928006505487
-0.004680864793162102
-0.00469643576303497
-0.004572056136408171
-0.005412128459255205
-0.0052181427222421925
-0.005271836781834592
-0.005082557950831521
-0.004986074403415342
-0.004409867520955617
-0.004346833398471117
-0.004317025204428902
-0.004108541357520691
-0.003795472119664362
-0.0035197091561633355
-0.003439387197326193
-0.0036335073586506424
-0.0035893075089136663
-0.0035417049116758846
-0.0034853293282524215
-0.0034325148139337813
-0.003355671875194982
-0.003364788876155969
-0.003349898743829115
-0.0033080125101651913
-0.00328037304358519
-0.0032570503324726523
-0.003247871300748859
-0.0031550936042392826
-0.0030632142393427013
-0.0029250895494162986
-0.002887697564967146
-0.002853049169249472
-0.0028471511080473038
-0.002608621403631297
-0.002551567475119888
-0.002659923888657991
-0.002483621198553009
-0.002379746326340813
-0.0024694195071114566
-0.00240353129174206
-0.002386414390213492
-0.0022879892349892267
-0.0023160431578233614
-0.002306528509703247
-0.002208597495544901
-0.0022284400807114964
-0.002244559306007645
-0.0021767725991711493
-0.001927302276166047
-0.001925082779368331
-0.001886095727550336
-0.0018419162599769012
-0.0017133317348700726
-0.0015612358670013468
-0.0014992034827290995
-0.0015543829483843747
-0.0015146193757472138
-0.0015133155798616692
-0.0012551086771194456
-0.001225800603651059
-0.0012051475328600794
-0.00119410677013818
-0.0012174230347442563
-0.0008900503700793299
-0.0008683550828557572
0.0007214950857728372
0.0005491482188900646
0.0006478122135024544
0.0004541635762507219
0.00042780967148194646
0.00038403583439691155
0.00037578979704099274
0.0004152523283015145
0.0004455609224041751
0.0004435933416714014
0.0005980426385348211
0.0005355639164918108
0.0006268881044155965
0.0007785400620657072
0.0008517132462415245
0.0008897195703135445
0.0011650636397506594
0.001247278004669974
0.0014180505734301464
0.0013760541458815666
0.001306432414338724
0.0009748616602293977
0.000909051428917549
0.0008921377892926658
0.000888552562472468
0.0008608779202761554
0.0011594934452617506
0.0011501511890620122
0.0010956172848255532
0.0013245232749053227
0.001278871781331994
0.0012364545714014896
0.0012501648428894132
0.001284708145576916
0.0012898711353747157
0.001387590470065854
0.0014208690929485284
0.001442080905915453
0.0015869470797058628
0.0015990653879717897
0.001431457714994101
0.001300161648111459
0.0014249931669892805
0.00144618155135159
0.0014994132652021393
0.0014775653679916865
0.001462390296968652
0.0014689107660068033
0.0010744154796874716
0.001083955827473366
0.001042164957017354
0.0010938802708551525
0.0011430300236727924
0.0011371360000459606
0.0011371509161243153
0.0011927415701497703
0.0011879130531511064
0.0011243620503843365
0.0011517627725353174
0.0011648989803366172
0.0013179988038107143
0.0012895287330029535
0.0011724385735996262
0.0012736976171413158
0.000983489704803332
0.0011041040226815301
0.0011213023250913434
0.0010895479534838164
0.001014052201601485
0.0010112317985369532
0.0009884198418050705
0.0010481732341129548
0.0010850568001124637
0.0010528776363446556
0.001024490985342128
0.0010007329682676675
0.0009865228331621457
0.0009799306277628584
0.0009787054188516383
0.001039395558516627
0.0010389687990480653
0.0008638405418928918
0.0009004487987904984
0.0008935643706054713
0.000797042428390481
0.0007986175330792531
0.0007980108285449781
0.0009103327662898292
0.0009104622869848167
0.0009205661773331555
0.0008960060113298246
0.0008317182870606689
0.0008299056662443784
0.0009572118728591707
0.0010777207278825879
0.0008608055284409125
0.0008181512391545986
0.0009393890169929462
0.0009164379990557433
0.0008475525637550161
0.000828092463719771
0.0007825576382135198
0.0007672915926252734
0.0007795133815929992
0.0007052798647196711
0.000991583045007388
0.0009405804927247745
0.0009510412365253191
0.0009408674577387477
0.0008563486441787039
0.0007977322935178111
0.0010537681723750813
0.0010685593014903227
0.0010106400273461199
0.0010669924492260788
0.0010611715102928235
0.0010766696638129956
0.0010745793304617632
0.0011426311475262712
0.0011316990825104188
0.001148155544455763
0.001125497783200004
0.0011078235011067169
0.0010793865843973037
0.0010698638690342474
0.0010832611442310733
0.0008206699523032597
0.0007969009552019812
0.0007934045179325452
0.0007588759776894529
0.0009202962954927141
0.0009272051654079402
0.000928876055400917
0.0009008598591089651
0.0008771404732651602
0.0008761954089061837
0.0008538106462667478
0.0007753563405441666
0.0008129599689832097
0.0008309902615309974
0.0008480011132201828
0.0008676317865275916
0.000901851198742211
0.0008855343154450618
0.0009054692311585786
0.0008976287918665841
0.0008759540393635795
0.0008800144609960536
0.0008176155712210933
0.0008034942823719815
0.0008176372922746774
0.0008372075012576872
0.0009201620834301935
0.000921625820208444
0.0008901052397394784
0.0008270495271189732
0.0008369795902989858
0.0008317647313240193
0.0008214638243538061
0.0008212876111909948
0.0009013229998910697
0.0008908223466382227
0.0009709972982922372
0.0010452402479627794
0.0010462432697239904
0.0010809460506047053
0.0011075663323756831
0.0010932951918221079
0.0011073892934643076
0.0011028514809317252
0.0011069082072449584
0.0010766532578499108
0.0011540781031781936
0.001235770292754429
0.0012307854813617233
0.0012321016727402999
0.0012324780948964034
0.0012594137929699282
0.0012518218825526824
0.0011203296085706977
0.0010995739561582589
0.0011118777265388363
0.001111132203776394
0.001119695499245833
0.0011314396744427932
0.001099866247697942
0.0010949918271508062
0.0011732940642724175
0.001241326721558663
0.001223827290078304
0.0012217741801328508
0.0012147599724764734
0.0012708632487056922
0.0012639085650206316
0.0012598950605062571
0.0012565635052699986
0.0012337027792667648
0.0012036098184340282
0.001188266324255379
0.001179492318676904
0.0011899670144419746
0.001196852529746814
0.0011998920995757558
0.0012287959134668265
0.0012196436552976608
0.001212389758911555
0.0011895743962760442
0.001203719856740196
0.0012118924636850055
0.0012019171246272463
0.0012136346805417075
0.0012139926970849038
0.0011789395809643883
0.0011689220020108483
0.001140511513611985
0.0011825621457877654
0.0011994350653423426
0.0011982591780449665
0.0012836830478981907
0.0012676095611823248
0.0012443539482845363
0.0012636219609171006
0.001282028387453057
0.0013058293609822258
0.0013210155314638452
0.001318792766058515
0.0013093237380121252
0.001309195061786829
0.001304701380127352
0.0012918101167880016
0.0012716410893736827
0.001285143491155134
0.0012937880973823825
0.0013775770743217493
0.0013483513262090932
0.0013449196843073454
0.001343068053384365
0.001381606014624145
0.0013811181937218948
0.001382863069827358
0.0013139036394919457
0.0012751301763400552
0.001306022799575458
0.0012419321048111184
0.0012604381501815519
0.0013216807442467241
0.0012349237518615192
0.0013048857347820785
0.001341403045548227
0.0013436015461306774
0.0013401374815984936
0.0013783430732556452
0.0013808642804494337
0.0005805206123796879
0.0005694106567094429
0.0005150694359234948
0.0005150561761490334
0.0005637400168176375
0.0005604010998905291
0.00046634632147807883
0.0006812042242005751
0.0006976067074639186
0.0007330676229495615
0.0007630455648215919
0.0007538538418515418
0.0006282014567735751
0.0006884882755252607
0.0006937103356776451
0.0009212318745238435
0.0008793893870635766
0.0008680390886526663
0.000834440823255925
0.0008176339538265386
0.0008050241298508386
0.0008072231593051482
0.000793218194836486
0.000791048511558571
0.0007858389411523796
0.0007664788026341201
0.0007775565595965532
0.0007456147728097133
0.0007477534054642268
0.0007365870888203053
0.0007572454190775992
0.0007492711436336678
0.0007469519509657325
0.0011472286025711663
0.0011213961007044647
0.0011472186456891777
0.0011473175022367736
0.0011474955247655313
0.0011470100273982082
0.001150381676723217
0.0011692581440409522
0.001150168008880841
0.001147955442372995
0.0010000355329578153
0.000975400958610975
0.0009836540355749157
0.0009527631603111211
0.0009587023026371314
0.0010804077367148612
0.0010603545768560576
0.001031720719677139
0.0010491658844732387
0.0010476437719740988
0.0010637278503072762
0.0010968973223674339
0.0011008350928213293
0.0010631431316843252
0.0010692650691210884
0.0011180300641863126
0.0010744414766360442
0.00105964518616563
0.0010448649749736087
0.0010512733959561911
0.0010480964931228302
0.0010565648895834202
0.0010661117617315017
0.0010097781917243888
0.0009632182125084921
0.000926510886176186
0.0009170245684087785
0.0009154576472667467
0.0008532017628314157
0.00083138549996287
0.000824320636767648
0.0008784112174033671
0.0008617303350445394
0.0008748571516131932
0.0008674542367629247
0.0008610399797292354
0.0008494908546981063
0.0008650824651570341
0.0008724718344903997
0.0008516815394211546
0.0008839282374884473
0.0008833687816945263
0.0008806591209625468
0.0008542851195064316
0.0008668977831763642
0.0009682313578899597
0.0009720707562431523
0.0009692093831256339
0.0009782282268031312
0.0009950798921636286
0.0009982477055664513
0.0009837255773489403
0.000981829854993805
0.0009507786571128243
0.0009409514392593489
0.0009404957154604017
0.0009502216813624893
0.0009087669417252176
0.0008757664008903456
0.0009015360126207196
0.0008668896424158994
0.0008659016421406284
0.0008799143168163062
0.0009177506478415378
0.0009584896400740914
0.0009166102712730519
0.0005788243487538554
0.0006091776599466825
0.000641250412829705
0.0006042656678942159
0.0006128331252241588
0.000673035872463016
0.0006513734368443941
0.0006478578002723232
0.000662141006419305
0.0006543801544726825
0.0005867470188056799
0.0005903711059684613
0.00038399203140457945
0.00038065546416080396
0.00039275114929851403
0.00035773638009884134
0.00032712414459225796
0.0002962382859806592
0.000282951430991488
0.00029732603092142584
0.00029221485859136045
0.0002813571673531759
0.00031439558545271157
0.0003160731737408199
0.00034064618630192815
0.0004156092295235976
0.00020995683021511537
0.00019908601510886922
0.00019554626633431428
0.00029127879857571175
0.00028543244559328044
0.00029342393697374475
0.0003065293332360949
0.00029665577604235044
0.00032636976811306303
0.00032936967037710933
0.0003411659211155524
0.0003154102616500308
0.00031545049677810677
0.00027821521253534
0.0002578691183323456
0.00023988593722999412
0.0002481533936352464
0.0002694039473316757
0.00025519997846558027
0.00026030915958948097
0.0002444613755610791
0.00025129329102572303
0.00024649836179836676
0.0002492406306798007
4.087141878666967e-06
5.891598070516434e-06
1.9120686104678293e-05
0.00018726468176541452
0.00018784414906119966
0.00017150501179736893
0.0001737664024703434
0.00015885298357955387
0.00016321021854079769
0.00015107905475487436
0.00018722652219965065
0.00017084024702080676
0.00012926017274630946
0.00014531547460095852
6.996112124619408e-05
0.00014277147233592575
0.0001231876050842442
0.00014209484779535722
0.0003492575835277457
0.0002892189717620608
0.0005120290246698012
0.001251845237099185
0.0012004407028412358
0.0009063341868125283
0.0008643350688973425
0.0008582797661557935
0.0008331306538504846
0.0008510408289650821
0.0009010586758643529
0.0008912374589098822
0.000879647252143421
0.0008787243360886702
0.0008850901177836018
0.0008852686074039771
0.000888276224296839
0.0008978239114774424
0.0008987936094994282
0.0009059085500680936
0.0008936527153305439
0.0008793658671720534
0.0008794435375711868
0.0008971409856443672
0.000905242810862443
0.00095958592117889
0.000941636310840681
0.000990185709317875
0.000935517713576705
0.0009950600510089784
0.000993900932035284
0.0009915809263699102
0.0009909463630277098
0.0009863064310342371
0.0009824442869962563
0.0009934322492923325
0.0009918828491514305
0.00101883420843589
0.0010129685026263558
0.0010875801925448682
0.0010755561435129124
0.0010880843108514603
0.0010836530982845328
0.0010721178147373802
0.0010475159895461988
0.0011597395045845824
0.0011548916756961465
0.0011655886601120032
0.0011563390578086385
0.0011582588484382846
0.0011614585289968613
0.0011587220160924785
0.0011470949162297758
0.0011463975742810257
0.001138234977479116
0.0011348318375651542
0.0011204842939602057
0.0011249111445261408
0.0011207451283193333
0.0011284800549973529
0.0011357039274945801
0.001145974943446001
0.0011364860324814378
0.0011413673363679586
0.0011191309751551733
0.0011241990566426907
0.0011559904399404395
0.001141066254601431
0.0010533369388988803
0.0010678033837224518
0.0010979774793319686
0.0010990082607916678
0.0010979389756024692
0.001105022094266473
0.0011426806555092281
0.0011337539333132517
0.0011314994093782772
0.00113858233267276
0.0011398830609785251
0.0011465864805452965
0.0011119726927758108
0.0010976245607889712
0.0010969971149727045
0.0010891967953092863
0.001095313622417016
0.0010851223525647075
0.0010848440737042445
0.001087500221906763
0.0010899008369500392
0.0010860511156249226
0.0010914462718894901
0.001081230559793766
0.0010909652195187443
0.0010769682600736165
0.0010699359767230713
0.001066838550116085
0.0010273180509814857
0.0010469803473316765
0.0010147713489625585
0.0009961805050723409
0.0009913121647260087
0.0010120485206142698
0.00103928678042637
0.0010562655627425986
0.0010623170308168796
0.0010750738304960267
0.0010543598242882828
0.0010794811112911707
0.0010653899611587833
0.001063029472189245
0.0010484027034043815
0.0010362433382247775
0.001024082213645468
0.001049298187244659
0.0010497179707630734
0.0010427754861532643
0.0010393285166613155
0.001029418635188567
0.0010614785873162107
0.0010683230246232027
0.0010844253447873725
0.0010796231232824214
0.0010701891988826604
0.0010671950272082677
0.0010696376908627243
0.0010914116412232516
0.0010836386875969807
0.001053171710273651
0.0010439080253863385
0.001031080684609826
0.00103097232655875
0.0010648952371169183
0.0010360546217905472
0.0010363251856378669
0.0010075512243248328
0.000992532087918722
0.0009878468739265096
0.0009769391173673303
0.0009755689814439785
0.000989707702489619
0.0010105335715661495
0.0010310409317370553
0.001040899827125611
0.0010432100089138858
0.0010246500020779886
0.001027096101240265
0.0010169165877943387
0.0009552814727249382
0.0009541409981869289
0.0009646381264095292
0.0009665701080989254
0.0009815478714805862
0.0009903870232315089
0.0009768123863176843
0.000981107848063279
0.0010123309132297699
0.0010109888791527228
0.0010031135542019375
0.0010002550759359923
0.001002494263648866
0.0010168356856059832
0.0010255536183159646
0.0010399224400423725
0.0010348138031865345
0.0010274521908235144
0.0010228968478296161
0.001018441595940903
0.001096926553043922
0.0010970791989228569
0.0010235329910723936
0.0010217914867707068
0.0010212858596557292
0.0010262435877886405
0.0010174296701072956
0.001016740069147973
0.0010213255644740723
0.0010138257848883747
0.0010078454489033447
0.0011183210339518704
0.0011319430538553514
0.0011887198878808842
0.0012024492982891373
0.001204710174410064
0.0011932110838345851
0.0012027835006597127
0.001205844877042171
0.0012063407427370994
0.00118760715736187
0.0012330905012982562
0.0012293966208402475
0.0012634206680944735
0.001276211736775519
0.0012761523829986647
0.0012626878692415236
0.0012560269943132595
0.0012313909073536444
0.0012166863901574903
0.0012134269543857224
0.0012118283132287217
0.0012017779266017686
0.0012080128955960676
0.001221181392504991
0.0013649186087391083
0.0013590124533443702
0.0013594555901646382
0.0013287736965316215
0.001322691812546866
0.001314255990173675
0.0013079632432881317
0.0012790307167530547
0.001289387693599458
0.0012637158681874157
0.001140369748456848
0.0011364458256978704
0.0011345350893777818
0.0011318496292193427
0.001154409306581147
0.001156989478898282
0.001191778322670656
0.001164852239764994
0.0011609870722879227
0.0012178249391061901
0.0012379313523434837
0.001267713687057448
0.0013315350232670157
0.0013294360091163809
0.0013300683414122657
0.001282737332635093
0.001291178441617456
0.001322755849132761
0.0013306331978474584
0.0013271503891412373
0.0013279959240153454
0.0013487823369001146
0.0013446297854401274
0.0013330550017805903
0.0013254615950686792
0.0013146755049194452
0.0013149834158933573
0.0013092381985248046
0.0012875883337229532
0.001344746972981103
0.0013554052350519088
0.0013565104450704195
0.0013475601415949522
0.001328731722794515
0.0013148104218830682
0.0013283807941600581
0.001369201337178521
0.001418292559581391
0.0013761606837180188
0.0013838026700701935
0.0011839746182408044
0.001185941638733652
0.0011814940841612471
0.00116149446081468
0.0011642065626968215
0.0011486035677844633
0.0011534729127972844
0.001158717836615053
0.0011679082487755362
0.001251216551728164
0.0012729969080463542
0.0012459515813313612
0.0012547638701561861
0.001255139162920928
0.001241626918952553
0.0012408754446451237
0.0012387982139803809
0.0012365242844287014
0.0012486569192003826
0.001254670763992588
0.0012671877911620613
0.0012651293610552554
0.0012831487505167941
0.0012700913637518135
0.0012648927771054484
0.0012483651241512088
0.001249253943743164
0.0012332392627796463
0.0012488548099493242
0.0012463861569348294
0.001243011634714164
0.0012536762677703014
0.0012518732498089458
0.0012479187473572314
0.0012414516104148554
0.0012397699112794195
0.0012395504669285272
0.0012495177814640537
0.0012653350695092692
0.0012545576489243933
0.001245905995459942
0.0012426329964287813
0.001264106284756608
0.0012669182158099716
0.001270550078091521
0.0012774799515007206
0.0012773614160456522
0.0012811990383777081
0.0012674746706562918
0.001268050009536596
0.0012786028040603324
0.0012797212148380178
0.0012756110976711468
0.0012670353332683592
0.0012749493149788787
0.0012651700835743383
0.0011913842652716384
0.0011946454828360173
0.0011932453595751445
0.0012002364862509945
0.0011872570285479563
0.001294452489189835
0.0012970658544239374
0.0012957980458443176
0.0013083578953967687
0.0013007550588888547
0.0012528429403225213
0.001284692127174183
0.001296485026879781
0.0012891031994900482
0.0012888766978110214
0.0012916471525401883
0.0013003017588430657
0.0013283787840795776
0.0013537898901160108
0.0013543536234843924
0.0013585978447250154
0.0013407344830650748
0.0013448237603406626
0.0013576379888936084
0.001345091312340255
0.001327146263401798
0.001361543197352888
0.0013528292900072385
0.0013477228086987865
0.0013472067678559597
0.0013547016283625669
0.001352192981057802
0.001373620825451609
0.0013718998444043483
0.0013671742795077879
0.0013649843644308165
0.0013588682585420045
0.0013435654039301466
0.0012948540461592253
0.001294903261813587
0.0012809460208103082
0.0012756972793780243
0.0012791061025906741
0.0012819755648397207
0.0013066752401087519
0.0012996124084262788
0.0013147172601108658
0.001311837679044834
0.0013503534525919408
0.0013417459155535924
0.0013461744380846013
0.001320642075627081
0.001330446489240908
0.0013240429822222448
0.0013257962507722651
0.0013248938413919172
0.0013204145725837315
0.0013222960101930803
0.0013203449115313122
0.001320396611808456
0.001323202254971075
0.0013197518197366174
0.0013226729254916308
0.0013203677601378516
0.0013109648698427746
0.0013098483140047091
0.0013012009389578448
0.0013227459868712258
0.0013207217091086066
0.0015509332771914217
0.0015746941203821291
0.0015821020337724997
0.001579310870622177
0.0015816906287800514
0.0015789357476405324
