-0.01269884780049324
0.0083078828950723
0.013513929676264524
0.007550154998898507
0.003829843675096831
0.020827008677380427
0.023581276647746563
0.03828903453217612
0.03684756308794022
0.03166067329320041
0.05940591792265574
0.056090103032497264
0.05311461617904051
0.05093401074409486
0.04786264325957746
0.04576210721450694
0.04354267342326543
0.04166092775075844
0.03979415611829609
0.04341903060585971
0.04133013326844032
0.040257369330071895
0.0384476497808161
0.03599346997216345
0.03497375872057792
0.030516218618248356
0.030582205608620183
0.02894149786503665
0.03770162377816936
0.036319632248412226
0.034350699381320744
0.03636830084195192
0.03512673018335859
0.03439593335081425
0.033559492659858546
0.03314450380669254
0.03673915680203785
0.03479015356741656
0.03366580649744721
0.03253562537180943
0.03249975712969901
0.03358094803555762
0.033969479380175485
0.0401938748235504
0.040081405141593335
0.03920334554772746
0.03902545727517767
0.037363403619324075
0.031829954097047454
0.031418920960277326
0.030773086840501774
0.030192844393961835
0.0302503761249008
0.029679202059791847
0.029502906479007964
0.02944558186521917
0.029505356447771188
0.029475981977342042
0.03440526482493927
0.03416147804437357
0.033343805368208586
0.03267367474646085
0.03235675465111853
0.027895874479928834
0.027442583884818076
0.027064781198139057
0.026622088256237252
0.026298900134861462
0.02589412989161376
0.02543462199342607
0.025079822455558717
0.024799117017920085
0.023489101352547666
0.023208855387444292
0.022871338869567562
0.02230660008665706
0.022410047249510307
0.022256867096558965
0.021948782485560512
0.021218263248073646
0.020979257499253962
0.020607867081795465
0.02283025490275273
0.022364999282666862
0.022160865279824228
0.029640139947677474
0.029173164194534442
0.029749648279269753
0.029121996783134003
0.02873190136749174
0.029088801385470375
0.02872924820610111
0.02838263533355549
0.02780451354521669
0.027745720537495792
0.0274733988395364
0.027194927796384088
0.026458608408133976
0.026374701846507375
0.026283365432841533
0.027248218571698728
0.026795025253148513
0.026827319424997907
0.02674616652241509
0.02623435639488546
0.024566685579060013
0.024409104973461514
0.02289641478340304
0.023102614527504724
0.022801843889766617
0.022643878355925805
0.022705578944229615
0.024877250960950434
0.0245326000453054
0.02432060743941011
0.024002918794962115
0.023894910231504946
0.02439612596728175
0.024209100616765997
0.02295646722926875
0.020261628571878673
0.020877108571774574
0.020971238240881297
0.021021025049965843
0.020752463566919153
0.02012144453323074
0.018972551351453166
0.017341179689735396
0.01713065107021698
0.016706136776443645
0.016674605356511735
0.017144452433427465
0.016798867596879815
0.01739981797032267
0.018123360613946524
0.017970246782468613
0.018008003371980306
0.017876038898583257
0.017692666202700456
0.017804604652420317
0.0175948627633338
0.017693234680438687
0.017625642029694695
0.017380312028549765
0.01762429251748599
0.017891557590614678
0.017940197889992012
0.017757297138411628
0.017931654826970796
0.017828827839119644
0.01971110777958532
0.019605804136969492
0.019401872348775148
0.020481936525057788
0.020501609282338278
0.020346757240673544
0.020240328028205738
0.020120250306065873
0.02026581214631736
0.01968658294258295
0.01948590726587338
0.01939349935105805
0.01949870668631334
0.020304901857338308
0.01999074966171254
0.01987408275170879
0.019408729211829207
0.019231160547785463
0.019293605159927073
0.01922627916860489
0.01909861422101915
0.01899375062203037
0.018671378384587836
0.01843740705766584
0.018831412263931622
0.018816914397231353
0.018639368411569535
0.01802313951977047
0.018112740353616496
0.018096336856605354
0.01805825163910915
0.019677138646563303
0.0195421905914175
0.019467718253302336
0.019368680564233534
0.019476285821541588
0.019376794825880214
0.018791364179123412
0.018590279333722357
0.018438831253004093
0.01836158528233987
0.01844011035770749
0.018503484392680302
0.01828889610836857
0.018157950939541718
0.018035802190950828
0.017937123136667815
0.01789190641799756
0.017655905560532134
0.01747835108828478
0.017439207782228912
0.017447296576746506
0.01744383839318558
0.01731958364835011
0.017224375031678278
0.017142037284315317
0.017113518595858943
0.016935063694530232
0.01691874845668542
0.016758712219632734
0.01659468822274578
0.01655993867198776
0.016635962956961448
0.016445113566086834
0.016242100783091275
0.016458116775681167
0.015224851457746026
0.01524055737616138
0.015203883697077727
0.015599025989939548
0.015528518672736774
0.015408367916446756
0.015345823284535862
0.015227920283408223
0.015158616797844022
0.01500653554321296
0.01495418112889431
0.015037044885061995
0.014393416438099894
0.014337858856702029
0.014262732051379167
0.014211068288852815
0.01415060639593345
0.014127003456257847
0.014071627687001846
0.01370170293695133
0.013595651061628257
0.01334369691623625
0.013353489076689592
0.013305478025743691
0.013248145353955354
0.013425127427532524
0.013331350455104501
0.013825361792482822
0.014098546457073726
0.013694562165675548
0.013662582851764226
0.01353611912551228
0.013495198173215619
0.013491658565998306
0.01346483513586305
0.01358094727855154
0.013468340849348047
0.013252518285641121
0.013225046026263957
0.01337299072287854
0.013440400083836302
0.014475064456209358
0.014415224246421046
0.014352152065839624
0.014303617162286942
0.014213496897707808
0.014397620012459816
0.0143645886443819
0.014308800826858405
0.014261954536505419
0.014398140317709158
0.014413268709677317
0.014327106810351669
0.014292050382518476
0.014183528378185558
0.014118511399579151
0.014103114135146155
0.014016586764906117
0.013859613224179862
0.014092882327833775
0.014044263480015931
0.013799763327497015
0.01371605390231708
0.013668761632029883
0.013573380550745296
0.013488058715235195
0.013520158929270734
0.013447963065986546
0.01339702181372763
0.013354369154332201
0.013313232756849586
0.013260612451889522
0.013179145905024633
0.013114607900031446
0.013017820325829188
0.013002392118252378
0.01302636424022122
0.01290154858419309
0.012857243122050787
0.012832120232505928
0.012948537303893455
0.0128870012936919
0.012797266968894598
0.012749369696623485
0.012744516841523714
0.012654769834781853
0.012770428200766267
0.012832130089719002
0.012689418428302806
0.012663880300443433
0.012594691923250257
0.012566096326739388
0.012533096387332698
0.012342785950282207
0.01226162785193689
0.012206445106944165
0.01204975695706308
0.012001280677560277
0.011615749968999051
0.011596396852160545
0.011565225453935303
0.01151699586988567
0.011254751684009535
0.011286452106788402
0.011218446143740148
0.01116705098109761
0.011157364663822479
0.011435469662896
0.011397216142211654
0.011362183500250051
0.01124140240045097
0.011199032105905315
0.011170856293491937
0.011138805589976996
0.011170628586596761
0.0125777039715535
0.0126322356331013
0.012579246786329202
0.01254527916907613
0.012743578828648093
0.012792440034954028
0.012819906237969934
0.012816439166421976
0.012833996413803395
0.012776071638803609
0.012738260911704985
0.012685509769568833
0.012608459907789731
0.012580398221939638
0.012588081182995868
0.01273477361639547
0.012683382928374768
0.012649961156255034
0.012616913050013142
0.012608214890778157
0.012572133723183382
0.012494352190540894
0.012502696372496463
0.012470595330801752
0.012445747052255434
0.012410389163772649
0.012378165507698848
0.012336835660567482
0.012297991056551829
0.01223996113328127
0.012244596897374928
0.01221456682009835
0.012177107535057052
0.012155262064656289
0.0121132957146215
0.012093882761884901
0.012049776751426272
0.011989299388762838
0.011956680123239246
0.011919346938685195
0.011922974973631739
0.01191121506911545
0.011909680791432032
0.011898920522303628
0.011871945757937022
0.012046792266244267
0.01200878496137742
0.011967804118313845
0.011968953984351383
0.011918147439146237
0.012269400865889412
0.012284560282675246
0.012279666615151128
0.012236817541681199
0.01220864413006204
0.012189577547482271
0.01215016662589379
0.01215961358938306
0.012104227903338925
0.011938459090445998
0.011886491919153796
0.011808138163650977
0.011812950451666769
0.011797490929746692
0.011802125717698
0.011770666310965577
0.01176793985429131
0.011723655283785772
0.011709463922756878
0.011477888171055436
0.011442267154178768
0.011387645530541503
0.011362320153016801
0.011404213950246123
0.011396425154276933
0.011374853977601965
0.011576614496830395
0.011611981091881734
0.011582581820847334
0.011540805864940704
0.011526625978263746
0.011482447757459336
0.011445923312216518
0.011427561468106145
0.011388022776364233
0.011366685249652756
0.011378154784220383
0.011338222595527652
0.01131223030149164
0.011262747211317235
0.011261279685309935
0.011231900493102033
0.011218775670139989
0.011249747351858595
0.01125031525526245
0.011204271071857577
0.01116635554815025
0.011093607193419463
0.010986344317736511
0.01096421990243672
0.010963086987290132
0.010943464603216577
0.010922672670139206
0.01092071121833831
0.01089472878526936
0.010910942197070858
0.010831671284502662
0.010802463683582814
0.010767515530361513
0.010761438855441485
0.01073136484442524
0.01071240546186779
0.010680200945091521
0.01076251854607156
0.0107404928530334
0.010682897681428057
0.010658797137955204
0.010623945982855114
0.010611004446942388
0.010684719025834755
0.010659866492229527
0.010622532072896027
0.010600195949254959
0.01062200685459844
0.010568206642076257
0.010548611781897942
0.010501223338642588
0.010462770583019487
0.010563111183531034
0.010562086857170434
0.0105418275726067
0.010504040120238265
0.010532903426729882
0.010477995861518043
0.01076438965763731
0.010696139256084342
0.010824991654029299
0.010772776223057784
0.010767827091074694
0.010746307706894942
0.01073549513147118
0.010715487129499504
0.010692964449929272
0.010690277198560933
0.010924438517201457
0.0109120805514124
0.010838474552227296
0.010812260915129933
0.010796853435855543
0.010746879535797248
0.010649396343589097
0.010632518857675662
0.010655346353233494
0.010593991368108834
0.010558486252354296
0.010516663724912011
0.010457103483291753
0.010442515183061987
0.010371528833152822
0.01028438541846306
0.010261508499984825
0.01023487214392347
0.010217603305742763
0.010184766064060477
0.010179188297660943
0.010170165606763634
0.009891629420915609
0.009856576913327442
0.01038436415520898
0.010370347234042473
0.010360073950708698
0.010325286697075674
0.010313342230240028
0.010301587453285478
0.010280731956429017
0.010245737690567018
0.01021833402409551
0.010869280592476781
0.010944856130556744
0.010913658758283868
0.010887738814512552
0.010887532965889365
0.010870007272115768
0.010856153928350324
0.010802545209428312
0.01080815667318203
0.010709406911480273
0.01074420382708642
0.010729473971124042
0.010716583374881008
0.01068602916393936
0.010644358840785677
0.010625479529401105
0.010609565524328159
0.010591926519987407
0.010564794814468542
0.010535136517764472
0.010514345223068709
0.01049361291371957
0.010473380297414963
0.01047161116113398
0.010369869104003586
0.010339257488120774
0.010317672929044982
0.010311187153629641
0.010289945955322025
0.01039744722880448
0.010391718238598606
0.010395138648150533
0.010373907867117562
0.010371201192009514
0.010327389243524082
0.010281215478834864
0.01024015303828024
0.01019054968002629
0.010175281877866952
0.010163240729038505
0.010120163626534937
0.01009146169481076
0.010096680159261691
0.010084386393467835
0.010052140911993565
0.010020688097863151
0.010002352979518677
0.009939236478276848
0.009931103108205826
0.009771112458039419
0.009762429180357543
0.009754925393161173
0.009743447909415422
0.00968448053819017
0.009997376957497504
0.009957100479066179
0.009907542982983207
0.009884197740477614
0.009858221783924549
0.009843675811541365
0.009836349993987043
0.009848614960377564
0.009831205786092248
0.00984476977150868
0.009823850917685456
0.009819190889526064
0.009806181104724788
0.00971432894806657
0.009723401100990656
0.009706800428208267
0.009701486910012906
0.009689275418833387
0.009439942218802129
0.009386753417261164
0.009387874384006003
0.00937588040455259
0.009277925004003755
0.009263028769154528
0.009250174226291973
0.009225839929679293
0.009209783650960332
0.00918334937724756
0.00918282446007257
0.009182205104355844
0.009167468519099371
0.009158209711753459
0.009124073384756648
0.00910562757774913
0.009098627857474928
0.009109672787725577
0.009085562502975016
0.00907683323592468
0.00906666677989152
0.00906577832081931
0.009055043170423252
0.009029106772552836
0.009022244823823373
0.009002361668182118
0.008993400736280325
0.008986878334837056
0.008977239078042449
0.008972900289954122
0.008935970731935179
0.008919355425754621
0.008926676901435414
0.008917467073562004
0.008890528726293586
0.008877116540321202
0.008843486837341591
0.008827495870474931
0.008830690538959428
0.008821598521421383
0.008800302526172029
0.008785637429260215
0.008770841324897036
0.008741313572553902
0.008724662197406757
0.008702212851373849
0.008566658325805861
0.008543938272090358
0.008523304301770462
0.008508816561187498
0.008493828232047543
0.008463626261018892
0.008450897366764399
0.008453244651717259
0.008452667128732164
0.008429495041290418
0.008424400809893536
0.008405981477120794
0.008396277573365281
0.008383119400681815
0.008371071347767675
0.008356881599909865
0.008344862285214362
0.008305125694149776
0.00838486965501142
0.008367690564825229
0.00835304877290143
0.00834096290601828
0.008316431962929725
0.008307661452073484
0.008293497592860324
0.008289340789674783
0.008267506982286345
0.008303741430677105
0.008272470448834442
0.008264873366718928
0.008247748032836075
0.008302978124023985
0.00829635782332236
0.008276626176710487
0.008259256551451225
0.008267991123592814
0.00826110451229593
0.00826696842253256
0.008265841114934306
0.00827250968572554
0.008233236122768692
0.008208594620755065
0.008190700068414799
0.008175272737404505
0.00814686446873175
0.008116680020243294
0.00809942325745544
0.008072695008056506
0.008059159379627083
0.008046453885355423
0.008035516304849602
0.008019701191229295
0.007990117619278054
0.007977990003426796
0.007966487296911387
0.007953984362371009
0.007944453583378579
0.007938311441209212
0.007939818608940273
0.007923728759783342
0.00791741976817595
0.007914205285001925
0.007907552446683263
0.007896568502147686
0.00787697702703369
0.007931415017130294
0.007918538442813356
0.00790198155703515
0.007891124782757794
0.007888277181519564
0.007876885432080675
0.007866081404605459
0.007862166022594977
0.007876031406298663
0.007896591131780201
0.007885693723880174
0.007863002068978105
0.007852590750594919
0.007857845614069145
0.007834692292709569
0.007825585885467836
0.007798217965597154
0.0077854685825385845
0.00777560420557918
0.007760901791902789
0.007746070354707827
0.007739926677020956
0.0077707258284936895
0.007766612498840021
0.007752685682685561
0.00771300211486138
0.007702513901977915
0.007695895292757382
0.00767788646488234
0.007682126441420954
0.007652049410487949
0.007636391526237328
0.007640488079010405
0.007628869485641122
0.007620542110014377
0.0076310024836617404
0.007625178541267598
0.0076007344555875135
0.0075229724471631764
0.007505093961368852
0.007516067656135689
0.0075125383354002675
0.0075061559461716
0.007519959222839165
0.007504010722774048
0.007478724865414456
0.0075070441950046965
0.007490994763636097
0.007481559564318001
0.007462254294879585
0.007445226746835658
0.007428395553111459
0.007416334195100011
0.00740128527326763
0.007405631096754338
0.007407847617287179
0.007400148077861698
0.007381671787860483
0.007379113917565149
0.007369295448099471
0.007353934596674841
0.007340776816193271
0.007352370712659404
0.007339474072472907
0.007326760919225765
0.007339396035436305
0.007336337829796447
0.007323943984106565
0.007325510643716309
0.007315262910125283
0.007307385336143854
0.007303455139934537
0.007294851113597736
0.007274550365712046
0.007247133330457786
0.007224227069552085
0.007230859923797743
0.0072233670119002565
0.007208187098647477
0.007158856172418609
0.007150604427860798
0.007114345138923808
0.007096931341014073
0.0070885768983532235
0.007205076327492285
0.007437700318330579
0.007114258896086036
0.007092443035724445
0.007092483429936981
0.007274405561539972
0.007273621830404139
0.007266191028566946
0.00724388676499769
0.007254602811145219
0.007247996561198451
0.007222185336552115
0.0071932355314375035
0.007168496474093169
0.007174257006244216
0.007161779678426672
0.007161481273072804
0.007353642127319445
0.007301461183518722
0.0072636543422113595
0.007255837031046485
0.007251560628935823
0.007243711621854886
0.007248649344983266
0.0073004760417549955
0.007293335529783975
0.00728326049621145
0.007271199950639063
0.007259936561165886
0.007247085842938283
0.007230296907421361
0.007220785184616401
0.007194300733949305
0.007175924077437443
0.007166133144007394
0.007153222782739767
0.0071355271698571275
0.007132292778705435
0.007125001307933986
0.007110380421877102
0.0071012818412268105
0.007102675678952494
0.00713198818714142
0.007123460325415281
0.007111623066000462
0.007106873048528896
0.007099069427910453
0.007152085589641667
0.0071224497635425385
0.00716213265602469
0.007156000298474924
0.00714628180294355
0.007072012355569088
0.007059589813250185
0.007030648989076172
0.006982280475942658
0.006846260424202469
0.00683390878295029
0.0068164332518855855
0.00681858222918254
0.006698764719318235
0.006711890175271776
0.006733061131911342
0.006839610393425172
0.006870132835535376
0.006897978310975414
0.0069261913796530945
0.006916324252437047
0.00681104634657016
0.006556923307167975
0.006227718943008677
0.006224727544731467
0.006216584764052395
0.0062051432872848354
0.006185911400747046
0.006165963073726733
0.006150674823603876
0.006123801834818044
0.00610497736873115
0.0061005489641221605
0.006122030424010628
0.006116635501243615
0.006100368052580067
0.006086526584519105
0.006103071256223773
0.006078258846895088
0.006055110924945204
0.006040149276453077
0.006019892712322866
0.006012423075552735
0.006000365115296098
0.005982984933296148
0.005962110213213028
0.005964698164788033
0.005960068100342683
0.005933420150006745
0.006006353702780196
0.005991945931905321
0.005964386241776594
0.005969123295019265
0.0059603116697522305
0.005966047897716394
0.005955475986701034
0.005956749186522996
0.005955409108228745
0.0059490620244142265
0.005943251180893386
0.005928211779019163
0.005913246709177273
0.0059270806332422515
0.005922696988054742
0.005897785024284817
0.005891773885278876
0.00588529141282327
0.0058728631398474295
0.005870170973114987
0.005863359912240208
0.005852373062046465
0.005939598405842957
0.005948236712486366
0.005958305879853192
0.005952984021374022
0.0059366186005161675
0.005935118902448762
0.005907269153763612
0.005879686848377126
0.005870111813023058
0.005864212163572037
0.005860283248221686
0.00584693123190971
0.005773434631925377
0.005769766626445184
0.00576593512772941
0.00574050618797427
0.005736559501204539
0.005975380281087005
0.005972031810000091
0.005951139715276505
0.005942366363625718
0.005938167751201939
0.005937594464193458
0.005919744962461643
0.005921503573352555
0.005908885035150087
0.005901621480891521
0.005892995573414091
0.0058419677135151055
0.005839368525690397
0.005828781542934568
0.005822479032489439
0.005818160050917817
0.005812988997196692
0.005822449760469904
0.005830719180077164
0.0058157446364187826
0.005800630850629979
0.005795656861565171
0.0058416312562807205
0.005844796460338505
0.0058425079098217
0.005841699524709535
0.005844939621659345
0.005840195403089669
0.005831900850728522
0.005822127391190797
0.005795295729097702
0.00578819429956194
0.005808720773113567
0.0058169839218771245
0.00580288172969259
0.005773843077248408
0.005757577039442853
0.0057447824104089355
0.005792727224822883
0.005786215272079851
0.005777798495583126
0.005774779076314672
0.005765725272161921
0.005764482965990308
0.00575744715575508
0.005729590077378927
0.005720486010836492
0.005723663396893956
0.005710029013122637
0.005701009801874349
0.0056944201994331934
0.005673112139371259
0.005653348935468991
0.005643965365242089
0.0056352175456567104
0.005645685575985762
0.0056335491269335165
0.005614414602631965
0.005541045571132506
0.0054727407387768455
0.005462243617476346
0.005458593811877619
0.005443933723172647
0.005436882781975251
0.0054334464407698605
0.0054331116415603075
0.005434860624213447
0.005447268668969799
0.005442735720817848
0.005435006948205503
0.0054177603371514315
0.00541753170374422
0.005254928969858089
0.005265823489605787
0.005293345296839017
0.005339923610860283
0.005332147629579487
0.0052920366888484375
0.005287744664890458
0.0052855845015541995
0.005265774987668502
0.0052608948442798825
0.005261474826981698
0.0052447645341738725
0.005253099711285991
0.0052487320869057785
0.0052401576797643
0.005234167226254597
0.005220699402852908
0.005207001766004777
