-0.030066050589084625
-0.014017673830191294
-0.004637252539396286
0.0024518221616745
0.004329619463533163
0.020268497855535576
0.018352481245528907
0.014365490888141923
0.012968341610394417
0.011070539815012702
0.009740023078241693
0.01374345657845529
0.009931778385570005
0.012252208947514494
0.008308455682708882
0.010096341248272973
0.010291090946541065
0.010954188170695777
0.009604004945140333
0.011326885105864633
0.01071474543476308
0.009743566574204875
0.010772434674436226
0.010530972061678766
0.010609528219972093
0.010972199987413155
0.010317309618195786
0.010949976862697254
0.010331052239052953
0.010170426722916386
0.010487962303159295
0.010342020435597411
0.009367199183222565
0.008590646467304657
0.007719922662040014
0.00677085910118311
0.006282362553879229
0.007017348110914614
0.0062547818350140024
0.006392558792424277
0.005091907262491685
0.004307485927372826
0.0038153029480864397
0.0033856685221609157
0.003460514161776267
0.000294752265425757
0.002063114356133157
0.003927096881314505
0.003296551411040128
0.0035143156636360234
0.0026905880032035596
0.0019849370330361268
0.0025548520541094524
0.0013870711565356368
0.00013382581944045252
-1.4181277436906448e-05
0.0011251584731106618
0.001014030889718462
0.000490933614006887
0.0002516319891285214
0.0004712176967352149
0.000553983644331022
0.0005981114009045997
0.0008633528549510702
0.0017781257982168236
0.002001502933397667
0.0017495154581197046
0.001678113039394004
0.002500980011453586
0.0021532908127918633
0.0019537145368910087
0.0026325339113349375
0.0030939479427714205
0.002980431929851572
0.0030528028697804793
0.002975868922960642
0.002629916461256261
0.0027289558820945176
0.002473671399638988
0.0028569108179919878
0.0026531742527944645
0.0014160156659557511
0.001420304288677427
0.0023754715248394532
0.0021382272229963084
0.0021082707720905024
0.002162180093529803
0.002395331769334047
0.0024150286995184914
0.002251605522450428
0.0021437740689852153
0.0021176868937008327
0.0017869384511017266
0.0016595991414138367
0.0014797971028504744
0.0012300654696108606
0.001324685403307406
0.001264225064795653
0.0011214211152400825
0.0011580909157430039
0.0011615004543415917
0.0012849267036428012
0.0012048767160964561
0.0010253087783764522
0.001055932233663593
0.0013060950637124836
0.0014184156111527796
0.0015019910536074185
0.0012507236721417455
0.0011516941348426392
0.0013453727577663304
0.001337156735105128
0.0016965189460550626
0.0014566335472804709
0.0014325837817460566
0.0014408224592638078
0.0014418028541682774
0.0010565832314011069
0.0011236328253289702
0.0009766875983654607
0.0010017403067456056
0.0010775656267107156
0.001049467265763652
0.0011551500046625748
0.001584434683161183
0.0016207417196366864
0.0016640161056784579
0.0015568410582450602
0.0013180159829342037
0.001652340988543256
0.0015891433286014962
0.001583647985130382
0.001550249332291034
0.0014869281996248511
0.001525892698897653
0.0013903754561065446
0.0012078715118822535
0.0011853625220682139
0.00038785824685224615
0.00028295852640207924
0.0002623418982232555
0.0003665844401852666
0.00039821573753013527
0.0006998237896839107
0.0010537166588569763
0.0011718569317085011
0.0010225140093196498
0.001020291707659729
0.0009660973679274332
0.0010548002851374508
0.0008509904666999857
0.0008685445151249189
0.0008288902690174529
0.0008931820731489901
0.0008197422079646446
0.0010542351408464145
0.0012288013932919967
0.001151934418382136
0.0011890995025169116
0.001135453784271428
0.0010721919839672847
0.0011217463647295372
0.001202051987780668
0.0012214662168513657
0.0012656993243888213
0.0011722856162194018
0.0011399244706678615
0.001129720814680384
0.0011187662069192714
0.0009802137937244277
0.0008832125052766407
0.0011668377286738407
0.0011995058083885367
0.001110863528613534
0.0009383174342060977
0.0007860761709342912
0.0007800211171159171
0.0007404920758221658
0.0007209786272142088
0.0008509124568740724
0.002053031396596683
0.002110639582591671
0.0020717428269563243
0.0020930960982081456
0.002064421078846139
0.0021436751594786896
0.00194968608829708
0.0020026790548520034
0.0019474300623283183
0.0018921278786470052
0.0018913372484045492
0.0017789669456732475
0.0018301148684071282
0.0018544892523772061
0.0018792538767043808
0.0018065071949584005
0.001765066062246045
0.0022368198219714828
0.001677225307212211
0.0017319996545869687
0.0017029783293134578
0.0015645201020906196
0.001256477076893526
0.0011974051395976324
0.0013160947874161296
0.0013506285523419864
0.001306060068600345
0.001393780979532837
0.0014621777132907434
0.0013939089376823661
0.00138545788018437
0.001347885865547602
0.0013437001424935146
0.0013295534780238165
0.0012821208477328543
0.0012487522840085711
0.0012388993138735766
0.001359799119710845
0.0013644607884502455
0.0013412654965355294
0.0013112055004295376
0.0012141884242721113
0.0011984886762417895
0.0011562780351636716
0.001099274953105074
0.0010399005481191708
0.0010423563662538572
0.0011364726875105447
0.0011312585813752568
0.0012193072623284968
0.0012444636410911124
0.001143657099110845
0.0011419236323443973
0.0011577243078252331
0.0011723522323536899
0.0012538827977090171
0.0011211378599405516
0.0012432378087198612
0.0012390431156139425
0.001218109737856591
0.0011808381300209819
0.0010961593254977145
0.0016180915498226248
0.0016324537011500136
0.0015960523835714612
0.0015828163066816693
0.0014836510840283263
0.0015310377258214581
0.001597539368434808
0.0017341597563915493
0.0018747259731291752
0.0018528316775290837
0.0018037589972492252
0.001871491686838185
0.0017593787373471048
0.0017580285822159096
0.0017813183235269852
0.0017384636519489347
0.0018010103979927048
0.001819255247411506
0.001752842121152384
0.0018114869587057872
0.002025406133312075
0.0022952261428076342
0.002313576886737613
0.002430693803975106
0.0024547580617207175
0.002475144070998131
0.002425712001557392
0.002379463081195695
0.0023199445117557727
0.0025838252267631396
0.002513758011691672
0.0025713762872725376
0.002557290507378427
0.0026268476895804737
0.0025153440349398623
0.0024871057433311526
0.0024855054568823616
0.0025125325899165167
0.002570924430351591
0.0025446511028201207
0.0024402957317594784
0.002353619076944723
0.002334231747964793
0.0024237632129839462
0.00243279289002708
0.002422170783936892
0.0024262623479067943
0.00244610825794768
0.0025956682889357076
0.002596463275729254
0.002160708684783877
0.0020968126341250662
0.002111670116219838
0.002107088581164231
0.002301248495295898
0.0023332580809760197
0.0022940017765116236
0.00166396281700906
0.0018247818769555556
0.0017690909120658385
0.002648218852061145
0.0027663307586020666
0.0036140622349883555
0.003574012589192696
0.003588778688062084
0.0036147849433294343
0.0036590210057892677
0.003644157974876708
0.0035586865833932106
0.003627221306548646
0.003617169034899401
0.003518368891118803
0.0034631030282036603
0.0033372246388717595
0.0033424731111336994
0.0033389099346813928
0.0033433347522986868
0.0033557678844287945
0.0033408574838956276
0.003730862985394646
0.0036909774702687643
0.0036928379737163094
0.003671468707016508
0.0036520544548671314
0.0036347235295468667
0.0036505932614842762
0.0036459488202429673
0.0036569511985829724
0.0036542922952135237
0.0036863120757469853
0.0037512187916586095
0.003714464478448393
0.003710367432826646
0.0037908086192052107
0.0037794063907404573
0.0043177970515592915
0.00425445467707879
0.004181130165237621
0.004190157781772407
0.00416863867994357
0.0042130741275350145
0.004163447856663495
0.004138757177373538
0.004128649718680361
0.004130499992013141
0.004059287132932148
0.004096015370367757
0.00417454853616429
0.004189806292412286
0.004182580775939447
0.00422253260988476
0.0041224169498145485
0.004063219466986356
0.004082635931291742
0.004032486273732173
0.003960480860905968
0.003937308847849228
0.0038655279493675252
0.0038712745646075236
0.003922290061507499
0.003981990000833677
0.0038764204350714734
0.0037489030286739678
0.0037359241160661795
0.003734792401029032
0.003754354473806001
0.00373434574851401
0.0036217275939629486
0.0035483778737734483
0.0035510136633980292
0.0035219041369625036
0.003483783572213721
0.0035206112964047795
0.003750243655820337
0.003752382648859303
0.0035760140722699797
0.0035944493284516352
0.0035770290635564043
0.0035137686906937067
0.0034580340574151395
0.003482927626388723
0.00346358671244657
0.003473987119978683
0.003484833955410409
0.0034441219236354863
0.0034235410156909954
0.0034211584557152265
0.0034068197504256398
0.0034040826228322507
0.00342004038990385
0.0034245704766806095
0.003482862846569239
0.003442521011171687
0.0034584758153873756
0.00348770009971226
0.003483186965445895
0.0034878089924313812
0.0035745443727912838
0.003594201988820333
0.0035225181341623046
0.0035174057327209737
0.003502428793724924
0.0033670244462474974
0.003361927547834753
0.003412034779067456
0.003374053478342865
0.003363028159521224
0.003411700513931625
0.00337886545818143
0.003358627253391871
0.0033406165106067928
0.003346874789231041
0.003359538921568645
0.0033537522811923903
0.003309666643041168
0.00333534752407449
0.0033323154523497486
0.003499077341501045
0.0035262258564893335
0.0036042431841002234
0.0035902850163352603
0.003580782227149671
0.0035191159716565722
0.0035078663883193126
0.0035052596537421326
0.0035718054089902526
0.0036178613053824264
0.0036280008433078755
0.0036383666225716558
0.0035835170002485343
0.003586086656397727
0.003566686373843607
0.0035477509948936567
0.0034642625834928166
0.003463954678521337
0.003485511696633854
0.0034982266676458727
0.003449470988385559
0.0034425322786716273
0.003446070490045993
0.0034405131141161155
0.0034631065920314457
0.0034826212717797554
0.003478332648277219
0.0034999468673179617
0.003522642131623622
0.0035269902114264864
0.0035032617427566658
0.0035218721914617133
0.0035174529497469533
0.0034965417950566942
0.0034548915304105396
0.0034892046860477417
0.0035326517421035886
0.00353075756024677
0.003545971402215156
0.0035264935400767207
0.003699148463253477
0.0036388392902500484
0.003630282380027278
0.0036122351860379646
0.0035676034203084607
0.003517956258651656
0.003502192162737605
0.003419183687723349
0.0034171389302299383
0.003381165234493389
0.003366794691813097
0.0033468018968266992
0.0033359078688071503
0.003387216009547882
0.003371404860916204
0.003345602184708696
0.0033258840103562435
0.0032794442828223457
0.0032713430779203498
0.00323942102483367
0.003310264378949214
0.0033218233609553696
0.003367367185429066
0.003403814311616973
0.0033916676429594796
0.0034128405480600556
0.003396493743531868
0.003307842442751041
0.0032937413014034436
0.003344500871976286
0.0033257572692719354
0.00333995048016569
0.0033353172844435455
0.0034220002468242704
0.003402331707860352
0.0034092641842195705
0.0034513969972314613
0.0034345647502605457
0.0034235173415598868
0.003420081699558068
0.0034139376634312697
0.0033886073560354694
0.003431807182394579
0.003413796051655293
0.003411154698933207
0.0033790987425436824
0.0034072623052335796
0.003401627694268062
0.0034279807675780807
0.0034250905205993275
0.003503694322788104
0.0034841523318505097
0.0034655780433545517
0.0034799044859502282
0.003483691055483628
0.00343182831335959
0.0034063772910983415
0.0033803839633950576
0.003362183755917317
0.003358449496590766
0.003391753610291907
0.0033993286389426666
0.0033769071221562644
0.0033788161016471926
0.0033809804728454256
0.003382260022171909
0.003378077309264536
0.0032916608067325532
0.003333100503134949
0.003323166726326202
0.0033002036877205388
0.003302448263133202
0.0033052884644324647
0.0032508032432297775
0.0032400345167027645
0.003248795479331462
0.0032620929558028686
0.003214150270610291
0.0031481146489435057
0.0032224010519308257
0.003162611349773734
0.00319990537171656
0.0031962669555815624
0.0032276736531404093
0.0032160229253082842
0.003187176814797889
0.003188328199708748
0.0031833093493678086
0.0030622619846415898
0.003037049335438168
0.003044756866593048
0.0030345819311902336
0.0030192582197862096
0.0030135895463860563
0.0029793157192290077
0.00295531530215197
0.0029538246398745503
0.0029484859741547237
0.002965888245093613
0.002953210751664823
0.0029653543233264506
0.0028939444640065357
0.0028989820668719308
0.0029211732144821547
0.0028833749523129856
0.0028844978656617135
0.0029028302820281776
0.0028927868513715705
0.0028595860719717427
0.002858477866462446
0.0028981900037911203
0.0029283004314238767
0.002963318624027318
0.002978859764224351
0.0029717859209125435
0.0030325798535639293
0.003020023254463689
0.0030033777328908008
0.0029796375286223952
0.002987214347690342
0.0029779852391556274
0.002987398213545992
0.0029139456512879943
0.0029264800278811817
0.0029948353349867015
0.0029804143517049896
0.0029824382909096675
0.0029947715158451364
0.002929797185406923
0.0029569895413553305
0.0029548801101527333
0.002956710329923426
0.002930818703989003
0.0029250394105682963
0.0029235396695009293
0.002913625911305464
0.002791665881749622
0.0028078944681976044
0.0027947628086576466
0.002783010944682855
0.0027821364165174327
0.002762358809743088
0.002752746082801328
0.0027550928189398233
0.0027629239003973552
0.0027540799886926317
0.002790844450776006
0.002793000453481769
0.0027596124881022715
0.00278756752552715
0.002789789374874213
0.0027855866652923135
0.0028097737705475405
0.002861332371320442
0.0027025594141658975
0.0027109271069955957
0.0027122898397466694
0.0026995445192092883
0.0026951570232316667
0.0026990159548375046
0.002692249233362696
0.0027033924995793395
0.0026968525146315687
0.002685888611652519
0.0026414416084415324
0.0026623454615123244
0.002651588986306088
0.002668608701711426
0.002677464442597747
0.002682467255339914
0.0026798053523546857
0.0026759392973837817
0.00277713959798058
0.0028050992664291124
0.0028096895223445905
0.0028227481992494133
0.0028130519918758818
0.002809793738570112
0.002880958837916746
0.0028625711644394915
0.002835524719432869
0.0028333405453422208
0.002829962920447404
0.0028206725308348246
0.002811171342797001
0.0028143636877236804
0.002963440218748126
0.002946553652152409
0.0029425625199966366
0.00296881163693168
0.0029557023700962455
0.002980689238754668
0.0029764645235878847
0.0029523810138903706
0.0029480353803245066
0.0029469900543029753
0.0029452941602263814
0.0029298238908442315
0.002924495741471209
0.00297963988536636
0.0029661858529704058
0.003003378411586767
0.0029978260941160677
0.0029978749678512846
0.0030015914487679664
0.0030077334788085924
0.0029724844116653924
0.0029500222386712014
0.0029465318488990644
0.002890652974703921
0.002899451853619216
0.0028898717610315733
0.002877772419211716
0.0027972920095106443
0.0027872754276743114
0.002770736647048505
0.002774051734707768
0.002760198293045595
0.0028053219164720874
0.0028558013538178633
0.0028488361842843365
0.0028455205976564866
0.0028344862298721454
0.0028412218959245595
0.002823107969897455
0.002881516756979213
0.002868990946811134
0.0028488169992077835
0.0028443073157026996
0.0028153576694434877
0.0027523623860936344
0.0027562082253208653
0.0027332018120771275
0.0027558251684618013
0.00274993450796063
0.002771413378782048
0.0027737691205433745
0.0027971270590877043
0.0028337395368243073
0.002826693067857253
0.00281296338747645
0.002808138064340216
0.0028529155088613
0.0028550688064218504
0.002856882087791803
0.0028569144304298817
0.0028612756724231483
0.0028473032827173923
0.0029021367335432505
0.002897700588872684
0.0029453174769726986
0.002950400274488187
0.0029510916251836027
0.0029431519476175636
0.002929289919888798
0.0029159189313083546
0.002891333784316324
0.0028878712360882594
0.0028930080187666834
0.002871018034087082
0.002870113418071265
0.0028577156870223993
0.002803549537321099
0.0028051344317284264
0.0028012011076046753
0.002795252807198413
0.0027866378980745655
0.002775735091265718
0.002769906128053984
0.002770335252079018
0.0027845969032024077
0.002795357307333863
0.0028083434684968754
0.002803620912576127
0.002736922903222015
0.0027180597065066506
0.002710608926393129
0.0027201279489711444
0.002733029933447129
0.0027071977378246024
0.0027071117951173243
0.0027092198448234847
0.0027110529538132977
0.0027162706692056425
0.002722977561321062
0.002710458069233196
0.0026959420427245416
0.002581466449516688
0.0026134748419494856
0.0026249989961409834
0.0026183296706025743
0.0026072229465984196
0.0025983050000985457
0.0025955785570439443
0.002574122135420659
0.0025552637912634115
0.002552493545955315
0.0025520835274127573
0.002554111718742734
0.00260638923637568
0.0026234063928919833
0.0025796435510196925
0.0025760017219056833
0.002601299726081446
0.002614998925632111
0.0027435673484252784
0.0027238341080745992
0.002713830951042463
0.0027110693114503186
0.0027014035934052488
0.0026752109444169794
0.0026726914603419864
0.002771259879474343
0.0027235114263416253
0.002758078935636858
0.0027468657413807105
0.002740316280241964
0.0027346303683413445
0.0027032006404535875
0.0026986757597721157
0.002699676124493745
0.0026956547925136693
0.002684783592803743
0.0026817987637254496
0.002754763809207366
0.002760679558806026
0.0027592746255912137
0.0027468893069712355
0.00275662928392026
0.002751289373195567
0.0027561952008428856
0.0027401634574790073
0.00276743292526927
0.0027730288925214615
0.002771785830683152
0.002764164436781937
0.002766653486381659
0.002801294844672494
0.0027996818552423024
0.0028123212128321074
0.0028117781588612267
0.0028002716408036736
0.002822962886462695
0.002819590396771605
0.002811039366999064
0.0028112218013201873
0.0028029750219468836
0.0027866711304548306
0.002776521949631892
0.002745089265738868
0.0027568491469087885
0.0028012872721079923
0.002800287154458709
0.002805171926561
0.0028032668314762078
0.0028046288658141088
0.002804352174876897
0.003141319221229689
0.0031450656796938497
0.003153550840916737
0.00317645553259221
0.003162091354594992
0.003162759171172123
0.003204270385228565
0.0031962088004343775
0.0032128108328133794
0.003218610997909968
0.0032317436290007183
0.003230105459499324
0.003216400301265911
0.0032197282014598348
0.0032101812967696877
0.003186933973813272
0.003209201516563673
0.0031916798256852816
0.0032119581090872228
0.003145346004371447
0.0031596498993340856
0.003215829114985992
0.0032061434652946677
0.0031944370380539533
0.0031894515420504746
0.0031702935964573816
0.0031683613489278117
0.0031671400449136094
0.003182616881548633
0.0031454455689578654
0.003174758397357061
0.0031752539417336635
0.0031670877112757075
0.003169752693519676
0.0031793011284562173
0.0031688498848350326
0.003162438714589074
0.0031752427576885204
0.00314768886238479
0.003132917276545782
0.003108333970470199
0.0031353594486899687
0.003182212924467994
0.003185783529107022
0.003252582101622615
0.0032498769977057575
0.0032401783732641195
0.0032331814158979054
0.0032274612838772213
0.003229537211385604
0.003223076955892974
0.0032194576573595537
0.003214926916051151
0.003271943893893818
0.0032839476753080596
0.0032188560918795907
0.003194686041423161
0.003194745462179917
0.003187591577385387
0.003189061588942971
0.0031801046685371766
0.0031684195248309326
0.0031525008994818075
0.0031448450959131007
0.0031289947061382255
0.003120142513034602
0.0031246392017941402
0.00311518490351809
0.0031116513570971795
0.0030836167687396244
0.003079855261955698
0.003076944942911865
0.003084756368651838
0.0030585671849109163
0.0030566200470267214
0.003058981614314531
0.0031369882884082607
0.0031297605248885472
0.003122739182109465
0.003119942904336765
0.0031151540284282938
0.003117858630448549
0.003098471997032499
0.0030937395917393713
0.0030882235347848173
0.0030942234688046957
0.003100832366468981
0.0030972109897462892
0.0031049370352305644
0.0031160770129789648
0.0031214602592991372
0.0031098951934820807
0.0031084990656821475
0.003099565319170955
0.003100984699789192
0.003112669068762943
0.0031093947228672337
0.0031092954498236685
0.0030947697533921254
0.0030889829823826883
0.003034994311929437
0.0030354570149974448
0.0030613935619840057
0.0030657440308166344
0.0030975927481080696
0.0030877912183451014
0.0030341154349915814
0.0030015190435507396
0.0029906950345383963
0.0029900132339862047
0.0029931407749982423
0.0031221678080492754
0.0031168636250273976
0.003112500366739763
0.003098013238565607
0.0030945269083603602
0.0031015404025540815
0.0030893891314800986
0.0030586767872171974
0.0030529785894956164
0.003043679183365831
0.0030304406336751073
0.0030352681899611087
0.003046175833618233
0.0030380397819134244
0.003028171373964725
0.003013029627431857
0.0030278243005836866
0.0030283091612067054
0.0030166533639528026
0.002973397093873119
0.00296996332808157
0.002953834295675685
0.0029502638848360745
0.0029457885314995483
0.00294583744098351
0.0029389595653259793
0.002934682484512298
0.0029132567585852544
0.002898977377706866
0.002876191123132971
0.002872849346223937
0.0028781425098335
0.0028530471673405256
0.0028437457398932963
0.0028312459463400016
0.00282570129209308
0.0028035708444559145
0.002798404824384862
0.0028194747905755796
0.0027864441674015435
0.002768681689499942
0.0027648274534962207
0.00274685793558521
0.0027468600648357954
0.0027584213304738636
0.0027560185649282485
0.002757005111921806
0.0027936184981209398
0.0027878755417698547
0.0027794294739303354
0.0027773327554563142
0.0028023916387758863
0.002794677559291993
0.0027905439476533195
0.0028004849437938176
0.0028094872461623737
0.0027922117447602888
0.002772822139089449
0.0027746006136244333
0.002764680518365222
0.002764901253254414
0.0027570525881222274
0.002749554958654929
0.0027514317223009256
0.002759949013967786
0.002749357424603279
0.00274191552818602
0.0027334018069820045
0.00274123109972945
0.0027333786515929058
0.002729329017972567
0.002719611840635481
0.002707664222470414
