0.006079448387026787
-0.001496703053514163
-0.00241439463570714
0.012608550116419794
0.002171940791110199
0.07003873347171714
0.06347362650558352
0.056444273136245705
0.05067744528641924
0.0460794832245235
0.04256000886137674
0.039351030470033244
0.03702481423845581
0.03442991284537129
0.032641069252349546
0.030536307886530473
0.028348501398189296
0.02680736757649451
0.025661851461336472
0.026355418416815577
0.025195087860497126
0.0239976878903057
0.02309360245878148
0.02219009690568782
0.024441243011656642
0.02209802752002832
0.02130635560128472
0.0210499579964029
0.020530475568375547
0.019897499853076654
0.019333197730702523
0.01874875344219618
0.018306620808503156
0.017782036965945738
0.01764246545159646
0.017178684814417786
0.016725387437059237
0.016330691443074148
0.016357149283248874
0.016008897781586446
0.015684895262287078
0.014785242635657916
0.014537959180167741
0.014305727173955854
0.014214526811765216
0.013967193623953947
0.013691014961144297
0.013800364597528291
0.01364466696206364
0.013463116188587247
0.013234481942373139
0.013147330519338005
0.01288788710843181
0.012666800929714967
0.012415564702548308
0.012144788168753666
0.011830277966133692
0.011962565136022696
0.011628278453887708
0.011523704999102633
0.011316783553822105
0.011067075773473965
0.0108584263365401
0.01065291155593093
0.010515893150141252
0.0104452928552298
0.010307582711902791
0.009927387781541595
0.009763603200449972
0.009545689811384874
0.009897651016924807
0.009757482365697895
0.009621417401905166
0.009187788094374507
0.008999465977276007
0.00893544108792459
0.008744274164853731
0.008690782569483649
0.008574412316647797
0.008500364834976664
0.008488476908429974
0.00796745515157432
0.0079500234336419
0.008000739177890969
0.007920203476228484
0.007642400167576684
0.007567740249462737
0.007568981244965858
0.009504560668574413
0.00931386087512902
0.010685001649503449
0.010543059785734556
0.010418586627604375
0.010303171027657012
0.010107023611984308
0.009974533898054416
0.010478631036973211
0.010427566842194248
0.011410823962287396
0.01127610146723593
0.009302310695442
0.010617230317735642
0.01085159076396499
0.01085800096091892
0.011130426961690833
0.011206179739410715
0.010915646195523246
0.010798589095412946
0.010712599560330008
0.010612762097291844
0.010312555383214721
0.010210134860051411
0.010262850897114522
0.010294270357964862
0.010206658829137549
0.009937418579423906
0.009874763285336222
0.009542433140413472
0.009463040577611537
0.009546014827013224
0.009468304622416447
0.009364817847310362
0.00915844963357461
0.00912023477931507
0.009060400047770053
0.008988688093303946
0.008891924513818596
0.008847910167456266
0.008775059989644575
0.008694702863136934
0.008626972163752232
0.008614198690721473
0.00853982543374704
0.00876355025555111
0.009024253038874393
0.0087198701331963
0.00864929729647449
0.008565743957987903
0.008364064354516037
0.008359901476585382
0.008299378066612278
0.008242786880273217
0.008211790558561919
0.008164641545716162
0.008136435608421007
0.008093590603042142
0.00803520684043965
0.00798508884493049
0.00801512464454087
0.007965523408439059
0.007928570735154941
0.007878484584092849
0.007903582763452953
0.009349100432178424
0.009291604040369677
0.00908266716031654
0.008540799545088804
0.008274318766048023
0.008257391066581474
0.00812558220809337
0.008071550227023291
0.008019966278310886
0.007969749290013413
0.007937880325356892
0.007822286390211342
0.007729963231469296
0.007675522589817686
0.0075838969911575385
0.007539328124018055
0.006900528262707005
0.00685895017184436
0.006835212605006753
0.006655461558651969
0.0066279388900979275
0.006713029879888793
0.006670178979040664
0.0066534212203120825
0.0066165881893254785
0.006604712067483988
0.006534549694880392
0.006498307529889663
0.006461751602166725
0.006553702158310877
0.006522851302076093
0.006490235790425363
0.006443666079012181
0.006415846124930775
0.006380635529697106
0.006349131140029241
0.006298784352892324
0.006335382898934464
0.006309595962537276
0.006114300839492232
0.006012739565705534
0.00595751588632399
0.0059368272823075345
0.005920419067129989
0.005811318410986077
0.005749246093728288
0.005698893425239896
0.005668048002683075
0.005614758093359368
0.005576581500552528
0.005547044846256228
0.005518952047248038
0.005476127022683028
0.005583705809875447
0.005462885045026747
0.00535254297459947
0.005327148379028887
0.005296008458795115
0.005050061375019959
0.0049975661873487235
0.004970847305247484
0.004918453953029745
0.004915445445413639
0.004905074418325099
0.004814553433917856
0.004798383964258722
0.004764116985537164
0.004760902002696335
0.004767330638019445
0.004748175371300281
0.00470943266063437
0.004676622434951152
0.004707051151349272
0.0046966221779209585
0.004654135239366736
0.004486491735145175
0.004476843241057146
0.004455893435862952
0.00443157403922341
0.0044133300343829375
0.004406111899848799
0.0045451073007625065
0.004567420953411445
0.004512724868114108
0.004496617316640767
0.004494817168748947
0.004497689225801983
0.004475442657430227
0.0044589310001120555
0.004431956344038166
0.00426114539426338
0.004243130633486595
0.004224898489711755
0.004319350888621439
0.004263954730845855
0.004227289808943169
0.00420746920852151
0.004190545272360887
0.0041838279878295016
0.004142099225202229
0.0041623917135225124
0.0041118336376655415
0.004361726256744921
0.004335360493335663
0.004324712426554274
0.004296478627405193
0.00438840973281397
0.004346952617308614
0.004353022799616239
0.004320563034194824
0.004302707631640656
0.004250941301766684
0.004235115204986808
0.004329690427495273
0.00428052537665693
0.004329337623898433
0.004299207361260597
0.004294822945372719
0.004270262977125632
0.004236724249893048
0.004223364667718258
0.00420716640036372
0.004193070175493725
0.004180572267058316
0.004174213369960497
0.004189552806643147
0.00417970848608753
0.004149552709234142
0.004129917566960082
0.00411647014024452
0.004134166523484359
0.004121846877738803
0.004108955203568708
0.004087816697619929
0.004070528091990292
0.00413478173765631
0.0040850463915423066
0.004062734708858357
0.004050861042770263
0.003948035184219741
0.0039430644812301135
0.003919102068180478
0.0039041438778152494
0.0038916019606062176
0.0038803207640971025
0.0038676148986026716
0.003847886788032436
0.004725431401938059
0.004710383814220314
0.0045605548193395256
0.004536886953249703
0.004516676837869263
0.0016774970954725843
0.0016768874177248473
0.001505915014059878
0.0014975842654812075
0.0014955089610248545
0.00185411264523375
0.0018592518563919774
0.0019028864442090917
0.0019136231129532608
0.0019068661814931667
0.0019696773729136153
0.001964772298699428
0.001960402645385455
0.0019571841726474305
0.0019201689092284634
0.0019254411721172937
0.0019190699221278346
0.0019413877349215012
0.0019215165745117703
0.001963622820231688
0.001988224577699291
0.001998672411634577
0.001989367694366974
0.00198556184806159
0.002014149028585072
0.002005662716153192
0.0019922932591256077
0.0019854690854008593
0.001987423915646227
0.0019852517718954056
0.00198097281278963
0.0019868854027093033
0.001983143168263404
0.001947578655145824
0.001929558203351662
0.0019298646266019727
0.0020107602384818782
0.001998833457312073
0.0020057850296523075
0.0019690948520187167
0.0019619454757750965
0.0019576729423690657
0.0019468734587116093
0.0019670910895677363
0.0019607142053129616
0.0019439098299575243
0.0019339398030502
0.0019685349954033375
0.001949026168616732
0.0019484316943296086
0.0019156047946576845
0.0019400333103832118
0.0019290657297678594
0.0017490760147767215
0.0017451095618147973
0.0017416520238648504
0.0017375796460253118
0.0017636831544423138
0.00176262160907069
0.0018003972472797622
0.0017969295144316174
0.0018538800761985926
0.0018496154781677363
0.001844371471973294
0.0018430090467346715
0.0018416877274605844
0.001844112406708407
0.0018335742530461848
0.0018188095054938464
0.0018129776604605184
0.0017988886269044437
0.0017996995847694714
0.0016632921615190685
0.0016624028057872482
0.00166086682589102
0.0016521716663372864
0.0016516846489027825
0.0016494461604944879
0.0016473173047604906
0.001658234483951618
0.0014791655459975802
0.0014706106096652849
0.0014678505469470624
0.001466073323424029
0.0014694964055150881
0.001503508301780409
0.001509332903365353
0.0015058476602660706
0.0015179569801850594
0.0015832724999346852
0.0015805539393658823
0.0015794085310741356
0.0015172702197403009
0.001450867370713241
0.0014424407388543207
0.0014451735237819225
0.001460816600675858
0.001457604418746006
0.001453295304568594
0.0014479677814190574
0.0014375301482662487
0.0014715956859243525
0.0014835957514853927
0.001428711819998415
0.001401070420600677
0.0013853941562276696
0.0014102441434302824
0.0014082008567243615
0.0013980539106582966
0.0013754333525552145
0.0013727835175988592
0.0013297253310295776
0.0013643096865404583
0.0013622466343631027
0.0013395993089580728
0.0013661105695236598
0.0013580613608556542
0.0013383478949521614
0.0013324677354402787
0.0013324741479314095
0.001308733548510867
0.0012530276682095934
0.0012607650240547556
0.0012648565371671076
0.0012367077437282126
0.0012244285254315334
0.0012234690389669864
0.0012205770212711934
0.001216143007398899
0.0012101101045852685
0.0012733889344923289
0.001300940163129623
0.001290706556547218
0.0012928541538878397
0.001289819447347966
0.0012919055960379218
0.0013127727884721455
0.0013145210544173896
0.0013097077168607975
0.0012958993082824305
0.0013026814216068655
0.001308280270937497
0.0012419945850785823
0.0012387944247004466
0.0012270540021981483
0.0012220285238700177
0.0012193749604137501
0.001215753062010682
0.0011886432691036515
0.0011800454492259353
0.0011787372486750792
0.0011829587722798434
0.0011666945894339448
0.0011617458039124707
0.0012184330351496541
0.0011999509285578426
0.0011992506931653945
0.0011774030545533098
0.0011699691318055004
0.0011402801493973574
0.0011194221782447576
0.0011248768969303023
0.0011227110259139708
0.0011164958845217771
0.0011070941142654934
0.0010908944777761687
0.001091328059329838
0.0010812255581730957
0.0010817808423905111
0.0010723388748282699
0.001070231866082398
0.0010679611654473714
0.001069558042301521
0.0010709556032376583
0.0010611060512367228
0.0010447472505194983
0.0010290302221774039
0.0010270689123245559
0.0010278495796040995
0.001029610844096827
0.0010211838497557347
0.0010394662428075574
0.0010287687538859094
0.0009768623606184828
0.0009767691172132913
0.0010897480218092846
0.0010722435504368912
0.0010944690098907666
0.001077718924749536
0.0010489030140111166
0.0010453631130552031
0.0010372576801978624
0.0010946907887684025
0.001105862768068618
0.0010374560819084479
0.0010327211410301501
0.0010424526511812664
0.0010164778890077917
0.0012599969385834384
0.0012467526878400406
0.0012411357863221007
0.0011976405628770653
0.0011741742369860532
0.0011733542282551445
0.0011743064709424072
0.001158398078977995
0.0011172062361820665
0.0011144754704282634
0.001120323194375937
0.00112779605475338
0.0011287291363154452
0.0011313085776928902
0.0011317097866834923
0.0011276655201842138
0.0011254789634586944
0.001127516829572734
0.0011225162056802465
0.0011178960221861114
0.001072738912286391
0.0010003892054794364
0.0009936575237695828
0.0010106111653289123
0.0010684771286093686
0.0010641999621101303
0.000977791320435985
0.0009885545936604572
0.0009861643081215308
0.0010008250209013441
0.0009987735804621878
0.0010159128019515608
0.0010156259542690742
0.0010142919489828
0.0009961714740087276
0.0009791635352923067
0.0009813283940310433
0.001003722493232092
0.0009960852972523155
0.000979155243933692
0.0009804549773192717
0.0010045931126231333
0.0010014917987386665
0.001032399625442968
0.0010906759113320803
0.0010857657925093494
0.0011059219588371559
0.0011220862808340156
0.0011416466670336274
0.0011392823009097573
0.0011380060698479397
0.0011374836801269657
0.0011351817644039651
0.0011267395073765553
0.0011250194992318415
0.001110832422987836
0.001100588865368481
0.0011284152919660004
0.0011227925577349614
0.001120834205747422
0.001121384476348077
0.0010620732978762774
0.0010227969668043248
0.001016129455704903
0.0010149786487030005
0.0010123026453999167
0.0010126568781591795
0.0010146054259408382
0.0010448914602390537
0.0010418544665463903
0.0010323178874323664
0.0010478452920905403
0.0010820811242425034
0.0010772169577387826
0.0010727884297838004
0.0010497377853080872
0.0010474252029719416
0.0010516522013052413
0.0010531932814520982
0.0010570427969855383
0.0010139273106330466
0.0010129348588836214
0.001037204876841855
0.0010380524308609787
0.0011081977239595475
0.0011243780610576794
0.0010961391633492101
0.0010933046028185338
0.001084516511271133
0.0010807694191863144
0.0010836882305800119
0.001079747993254392
0.0010574250747589114
0.0010567848152654468
0.0010487985647358701
0.0010550939601550145
0.0010532762120685983
0.0010614482571357454
0.001043599148953588
0.0010444184033877525
0.0010410334922920249
0.0010454414782288465
0.0010505013894650769
0.0010392127323759837
0.00103695750629843
0.0010177218864137994
0.001009722644322997
0.0010068291398876643
0.001007065373836026
0.0009999387714502658
0.0009974575023523177
0.000999525892173362
0.0009981884092934116
0.0009882462828974012
0.0009767457409666394
0.0009744698561565106
0.000973967860292595
0.0009734336919171548
0.0009745446009635504
0.0009753115452195527
0.0009525765801372465
0.0010202094080291936
0.0010215733926804997
0.0010237737674606534
0.0010238498631594654
0.001038628492726332
0.0010374839837508723
0.0010347566450911486
0.0010267110501703746
0.0010340479497795666
0.0010297787721843107
0.001029060996074088
0.001016499510424781
0.001016513787667847
0.0010224053155194395
0.0010199730373244608
0.0009557451972886912
0.0009638165426914256
0.0009778268900296613
0.0009732222018197333
0.0009645079588844671
0.0009647616858476702
0.0010240513953696324
0.0010337925612329394
0.0010340778916920017
0.001032134681887467
0.0010347558364473552
0.00095341060801015
0.000948901213496285
0.0009343193379912633
0.0009321921492426
0.0009079797744439785
0.0009058335456686438
0.0008993679528258814
0.0008978436831823429
0.0008971474938913479
0.000893820024460439
0.000889266432896074
0.0008898949013632863
0.0008933992134660055
0.0008922165988791718
0.0008717078252119267
0.0008652755653541408
0.0008514630846090762
0.0008702752848034585
0.0008616468056794437
0.0008383243950688907
0.0008985033222188567
0.000899997883609986
0.0008862050966401032
0.0008705431808387695
0.0008676201135201074
0.0008611480399817573
0.0008694240283325307
0.0008645400720175167
0.0008561896909187069
0.0008520492913712831
0.00094503922176784
0.0009464903898711601
0.0009491222518904595
0.0009508521363160811
0.0009477101828892004
0.000952307306264763
0.0009539684037547897
0.0005678732240558961
0.0005885562608876861
0.0005926269374555895
0.0005934214668741325
0.0005920240481201907
0.0005842938298935793
0.0005547114835895852
0.0005526025281466274
0.0005563025171412102
0.000553802760917468
0.0005550641341709729
0.0005620874937189252
0.0005548316441021221
0.0005530050949939698
0.0005489699220796757
0.0005487729791504774
0.0005627037834651439
0.0005634257171390665
0.0005705845359015243
0.0005685486238366191
0.000559934522589917
0.0005567383835562348
0.0005561270419527121
0.000557778814004194
0.0005565808309050027
0.0005626247568638952
0.0006289609729007474
0.0006299933684254808
0.0006410682314405365
0.0006392474761597132
0.0006383575615240335
0.0006383661674943944
0.000633945818366613
0.0006595240793103579
0.000636063516728702
0.000579783724416447
0.0004884954367950954
0.0004894287344453527
0.0004881361396074115
0.0004908712492299219
0.0004911147998365237
0.0004891728462696417
0.0005241622540217269
0.0005311016938286904
0.0005404080685710043
0.0005375743848303778
0.0005291466782002966
0.0005320991796521484
0.0006223769736782437
0.000616194881955049
0.0006160363863961192
0.0006125503836596469
0.0006082200391435886
0.0006020737528503879
0.0006007256449497042
0.0005692935252687102
0.0005718516899070043
0.0005702842041627631
0.0006176920814344661
0.0006113654119283579
0.0006107613054253431
0.0006144690316529396
0.0006091919882375616
0.000591507386340534
0.0005910417603976677
0.0005898711373186889
0.0005901448177923487
0.000591905115181852
0.0005909862644676142
0.000602778640596939
0.0006008115432809001
0.0006002889796610881
0.0006123403899880494
0.0006053638556527025
0.0006057133966349902
0.0006056342954014516
0.0006016971643725354
0.0005895492353749907
0.0005853606968844677
0.0005849944157650564
0.0005841433372452918
0.0005866671740914634
0.0005977973980027263
0.0005988337446074338
0.0006499189289788151
0.0006469983338592765
0.0006494541183224823
0.0006425226851928348
0.0006608986678707269
0.0006766267889948024
0.0006742762559202543
0.0006773663270695779
0.0006514843664493593
0.0006564081998120569
0.0006582970986975568
0.0006582446837353695
0.0006581098668173074
0.0006603253705526794
0.0006201590148644708
0.0006155259885962526
0.0006169680133865854
0.0006229319881721127
0.0005808152876227041
0.0005760182620950648
0.0005751041553800837
0.0005741707272748074
0.0005738427096444432
0.0006004782604239271
0.000593029030510438
0.0005909068619704811
0.0005969482286429551
0.0006457355660450038
0.0006204820425312048
0.0006207836352693626
0.0006193859771521131
0.000617111332527445
0.0006260149235616973
0.0006610125441123444
0.0006630801808445248
0.000666222507388197
0.0006891421107776386
0.0006917003309129607
0.0006902573572427729
0.0007019339789603948
0.0007013620654278755
0.0006932874852241875
0.0006907801037185393
0.0006888442815660002
0.0006913533746817373
0.000694508268575268
0.0006948412728122544
0.0006938336603725018
0.00070209530414003
0.0006997296993758835
0.0006993586729453705
0.0007231954214016109
0.0007250820273122469
0.0007584353869530508
0.0007587753528625393
0.0007788944795513938
0.0007787708232199424
0.0007456208463484362
0.0007442869872867836
0.000754963427421163
0.0007632147617307091
0.0007609791531741127
0.0007596911445584535
0.0007611778309875037
0.0007591434851609168
0.0007534924358156091
0.0007487378982673799
0.0007478604144515481
0.0007462204877949429
0.0007460991532785205
0.000743032638791596
0.0007332082767103592
0.0007900882613634712
0.0007885481439707041
0.0008108359564346489
0.0008011840637140734
0.000791409109474919
0.0007976665956641
0.0007954737583746626
0.0007982296471449082
0.0007972808670373536
0.0007993557585157734
0.0008002509542596882
0.0008103911727800462
0.0008143229706600623
0.0008261742429476502
0.0008331754063676536
0.0008332167784448195
0.0008352915713010611
0.0008460062684412192
0.0008455059745385468
0.0008738983466316673
0.0008755938495743828
0.0008723997593114012
0.0008683904850645789
0.0008672669724328766
0.0008639990399459055
0.0008658551359651184
0.0008646641686648864
0.000863014170498974
0.0008613336904215834
0.0008606879282295513
0.0008598408549566675
0.0008578901860425271
0.0008576977175884822
0.0008595812568623799
0.0008516390864420852
0.0008291969656097935
0.0008286950717121257
0.0008447842261260121
0.0008531036102819748
0.0008551969942584426
0.0008621413586472113
0.0008536898635683421
0.0008541049717200275
0.0008000811429868708
0.000801043523350894
0.000801563920314047
0.0007952076492760347
0.0008075654105828645
0.0008099339349208189
0.0008085256544396832
0.0008080334038294477
0.0008131813628884681
0.0008114033584634348
0.0008164334568677093
0.0008139044307340952
0.0008126416196925359
0.000814561266181546
0.0008176267077248881
0.0008135709650012957
0.0007954590278453878
0.0008029161887997503
0.0007959278888785368
0.0007941355834191186
0.0008339896820578725
0.0008382405014947155
0.0008359720747398806
0.0008357349141180703
0.000834149062512279
0.0008312612092247698
0.0008308017541967021
0.0008298212314802881
0.0008356599974517853
0.0008974696493853514
0.0008940755373961315
0.0008856309672631802
0.0008856280161877358
0.0008504839593485621
0.0008896565906897083
0.0008894264026709127
0.0008880360777750563
0.0008864727096334777
0.0008826692698811723
0.0008754840429661972
0.000874320756506989
0.0008666105511822522
0.0008648769356495304
0.0008641434218624139
0.0008474221346577777
0.0008373932343401242
0.0008245847159447881
0.0008287618579621536
0.0008288210528956116
0.0008101396585109627
0.0008122141732563893
0.0008018736249902801
0.0007981710795223628
0.0007967673488461766
0.0008019611752480975
0.0008025557363152673
0.0008024158905870631
0.0007919027995884531
0.0007917020984966357
0.0008171350530150725
0.0008119502745525206
0.0007708672304726715
0.0007947382197744432
0.0007989455824531491
0.0007984102625788864
0.0007988444128242498
0.0008005192196240381
0.0007996599548439913
0.0007989040185630328
0.0007983010370994902
0.0008004294720758506
0.0007973614351513332
0.0007947584608814384
0.0008009757248155795
0.0007998500202579804
0.0008097234656236102
0.0008112050576286881
0.0008105568987505265
0.0008114205075284889
0.0008097138205564999
0.0008115384750138109
0.0008099614427322777
0.0008099245581199517
0.0008074671202382081
0.0008079681224687626
0.0008047272973049425
0.0008008379217799161
0.0008022448797046064
0.0008008069183002488
0.0007998526395000817
0.0007984972293164598
0.0007950307828410997
0.0007902429190074372
0.0007907092039075262
0.0007898936628648472
0.0007889815476312469
0.0007793936096595262
0.0007957604688142832
0.0007578292292897597
0.0007567075606151681
0.0007591027301622282
0.0007582463853758207
0.000757780594343637
0.0007583926427010969
0.0007602076320652826
0.0007794165336997914
0.0007534347662307913
0.0007547328561120572
0.0007550516370447499
0.0007379363133908489
0.0007380797663268857
0.000733773518484419
0.0007162308030055997
0.0007155834571896543
