0.006079448387026787
0.01728310063481331
0.013154150714399293
0.009739934210665525
0.010674356114274513
0.011450424740490104
0.013341804457013495
0.011085810100970168
0.009953912138007582
0.009028980624862015
0.008209454531121688
0.007664334973714385
0.007211864813663331
0.006754650796453158
0.006111827024142258
0.0041635386399267345
0.0037748728128564023
0.0032639556784967052
0.0025460597942583256
0.0023919770998569816
0.0026947803006888444
0.002382059356339437
0.0023260868547367855
0.0020472240750677873
0.00206569718564144
0.0018843004794756833
0.0018072993656720155
0.0016819768292219205
0.0015859128616284566
0.0014670444521001499
0.0007354151039180568
0.0006787260645069171
0.0007637264292604992
0.001029589381401559
0.0021607329787608843
0.001283167718242651
0.0012431618471102973
0.001266423613579274
0.0012565791614179021
0.0012465948955916854
0.0013022623447579364
0.0013079707501293689
0.0012924540384450323
0.0011256626930036054
0.0009649580201569367
0.000766134525505587
0.000805093035523895
0.000249390796240304
0.00019325115892570354
0.00011507022895338818
0.0001134372937135934
2.038811081152674e-05
2.6423534277622877e-05
7.500598816973565e-05
0.0002127457353578513
4.343067051019634e-05
-0.0012333237074675842
-0.0014892149833400973
-0.001654103791649202
-0.0016275608914376619
-0.0012239493582103854
-0.001474545710008234
-0.0014596344676078852
-0.0014687762429485501
-0.001399335251610893
-0.0014910713066116727
-0.0014567612888105738
-0.0013564059158523098
-0.001337911021411337
-0.002273242073705418
-0.001628829676368091
-0.0016567311081728331
-0.0011795039336976604
-0.0009742915404785904
-0.0009373553429165789
-0.0009210144211489013
-0.00025716831437304745
-0.00047523463788682653
-0.00037941664627396814
-0.0003716805007974889
-0.00042591902505281434
-0.0005952140003150336
-0.0005857131417152635
-0.0006511651314640952
-0.0004217852844682747
-0.0005770636000787591
-0.0006023376752388947
-0.0005868214981357733
-0.0006061786287318696
-0.0005263962064838373
-0.0006999063840418759
-0.0006887581153952415
-0.0008522487378866857
-0.0008027242594260711
-0.0007707944192816298
-0.0007842635596276048
-0.002871972800917599
-0.0018388139850308903
-0.0018121135921319378
-0.0018350958563303843
-0.0019357296325110585
-0.0014814800137156088
-0.0014590693037392242
-0.001259541746549077
-0.001345691152480114
-0.0013255039469007677
-0.001432250622471018
-0.0014489876349558623
-0.0013763372341517525
-0.00137580351518999
-0.0014909264042931442
-0.0014792563521137906
-0.0014299398692201725
-0.001355527614657111
-0.0015495091913243402
-0.0014899085518298592
-0.0014817668016202338
-0.0014380489450284133
-0.0013730596314114054
-0.0014759406768454716
-0.001475080031848879
-0.0015317262575961193
-0.0015682372115935017
-0.001048162174382016
-0.0010282290805330324
-0.0010165273987101026
-0.0010047720133741242
-0.0009293704141775624
-0.0009195109569331059
-0.0007738779033860832
-0.0007806337723994882
-0.0007732528569235894
-0.0007620757754269653
0.00035790234776666334
0.0018837940273817137
0.0018732174073465332
0.0018321050420258788
0.0017979638565429252
0.0017571565477088095
0.0017900145429210039
0.0017292883333884916
0.0017026226096340828
0.0018017491883407866
0.0017931052172759226
0.000340229625342618
0.00012844990799619138
0.00012301537387699807
0.00013247268740185269
0.00013483404126115155
0.00014158058008090267
0.00013676447176629397
0.00013100185599029566
0.0005177630298151454
0.0007480843670735677
0.0007458047779996714
0.0008479482529747545
0.001973232278539363
0.001967993066866724
0.0016838414010862817
0.0010872436396537914
0.0011153487015645258
0.0011195015929151163
0.001321804642851396
0.0012820029530937018
0.0012835531763275522
0.0013094076377761041
0.0012775057193504732
0.0012079758689328584
0.001188969539383404
0.0010225755359838924
0.0013414626048891692
0.0012907956152048408
0.001188000365570701
0.0011626738241881979
0.0011418719711028542
0.001101555952416385
0.0010974302054574143
0.0010898365293359222
0.0017396620384412605
0.0016395999903564557
0.001721809517131166
0.001707158885124714
0.0017052311510546432
0.0017066426345696214
0.001815141446254576
0.0017407204190906887
0.001731499909994375
0.0017242276358023013
0.0017293492846204696
0.0017734858479891112
0.0017621189689975816
0.0017863660350532693
0.0017884819402958585
0.0015750993185904968
0.0016113065695783583
0.0015548429153494693
0.001542687545371895
0.0013665279078137302
0.0013479690090207423
0.001273422833218322
0.0012650501517278395
0.0012022770041511825
0.0012220279678313432
0.0012249636440573347
0.0011973601304260532
0.0012102982035540266
0.001230975345414172
0.001136893166943355
0.0010962944554887043
0.0010893822013174545
0.0010798958874833897
0.001056161073166706
0.0010294106325481962
0.0010158912324228818
0.0010147182121087353
0.0011010482552181538
0.0010846238046140371
0.0011147560089323962
0.001058272674196234
0.0010521326597330378
0.0009889973927194055
0.0010250404247192644
0.0009830321272374916
0.0009564412318771534
0.0009699036606024179
0.0009775519826212761
0.0009693923563342332
0.00031180692260983594
-0.0002612499494084082
-0.000261073356951781
-0.0002847739092117254
-0.00027835492462570974
-0.00029888247484209586
-0.000310841715381299
-0.00026576155226594445
-0.00017013258287152294
-8.540167494962332e-05
-0.00010991937163464831
-9.732063764810699e-05
-0.00010611750979807008
-0.00010357153390460775
-2.7790815981347e-05
-2.1718217168633687e-05
-1.1332279795245367e-05
-1.1015522616847832e-05
-5.7046228225842575e-06
3.27053481639928e-05
2.6399573025663367e-05
2.1035581259637506e-05
2.554191295968765e-05
3.128590898475894e-05
2.5107336531160766e-05
-2.569404501615158e-06
-3.302444612001635e-06
-7.0558702276472104e-06
1.906894263414909e-05
3.217178606810304e-06
-2.167270658516707e-06
-2.1497567174209328e-06
-1.0785617340081886e-05
-0.0001649780382413586
-0.00015757799891039372
-0.00014990485527905138
-0.0001355612413701835
-0.00015888308420594958
-0.00022407448750016878
-0.00022597761165058474
-0.0002570548328910977
-0.0002562783738674774
-0.00020494131049787087
-0.0002106971029501024
-0.0002075257878246324
-0.0001963920988129546
-0.00020630806328633688
-0.00022679844017187527
-0.0002167839227413011
-0.00040883975666049563
-0.00040032219552044146
-0.0003849301601933687
-0.0005077052034504578
-0.00042357323311196355
-0.0004224774940294193
-0.00037256691131249466
-0.0003710942416530517
-0.0003766087278805344
-0.00038091597052825396
-0.00037873113333514944
-0.00027756830541689865
-0.0003005513660574612
-0.0003031574968290426
-0.0002940233756293923
-0.00030339952383109887
-0.00031268941263518313
-0.00031683737160766374
-0.0002987439936225362
-0.00025098810525525346
-0.00026226369587162843
-0.00025397779290413825
-0.0002830974850924894
-0.00028328055016624276
-0.0002724914813599454
-0.0002719879382188721
-0.00031051131584622355
-0.0003269829984003364
-0.00033175558658757044
-0.00022235127369593134
-0.0002136749051880391
-0.00025531391649777254
-0.00022010939974279747
-0.00035138606447608715
0.00014795519605169497
0.0001526316317178989
0.0001492292353556926
0.00013306878953164904
0.00011427098050699762
4.94308058977258e-05
4.86249951882758e-05
1.1494084684958484e-05
6.991796169585006e-06
-5.159811719911639e-05
-5.3980314185550015e-05
-4.9478088080002875e-05
-4.335935570037115e-05
-3.9841753549320036e-05
-3.005438531790873e-05
-2.6737849078294224e-05
-4.718285498069445e-06
0.0003365674316078958
0.0003527084116671383
0.00034732173819802044
0.0003495495852200597
0.0003688340342645387
0.0003958381212160116
0.0004106864362582377
0.00040645106057690005
0.00040819795676104475
0.0003931357533103165
0.0004177905890672862
0.0004221551731354646
0.00044575698834478845
0.0004510711097223664
0.00043112043722669333
0.0004417780675984693
0.0004034496636186423
0.0004115637381270217
0.0003855261082323328
0.00037665666302760597
0.00048108726694142735
0.0004845824616391564
0.00048446305205558155
0.0004671952275843551
0.00046632352731579307
0.0004627070014524006
0.0006108801925786869
0.0005867226147141099
0.0007545982812023715
0.0007422667762583112
0.0007444468619749242
0.0007433951688350729
0.0007437947344764832
0.0007365012514942477
0.0007310991159978743
0.000754327941829434
0.0007562077757228658
0.0007292487762789351
0.0007513485359035423
0.0007557889627467204
0.000754465307364208
0.0007429618847684614
0.000749955998693709
0.0007222799655523043
0.000717858294509684
0.0007011989744053738
0.000685286442429059
0.0006492169440052544
0.0006512009185970909
0.0006157619273070593
0.0006123115541931755
0.0006045690235144932
0.0004791406721387414
0.00047078193286310293
0.00047018728354803125
0.000457741231144836
0.0006521267243324582
0.0006418263165902553
0.0008120938098548874
0.0008041259261611306
0.0008217304147947373
0.0008961250248737476
0.0008949281994870151
0.001478801021397773
0.0014775971743913152
0.0013985381988115776
0.0014034851056231104
0.0013817768603250364
0.0013495465011481205
0.001357897690513938
0.0013546163241234099
0.0013281817219012737
0.0013288669996430252
0.0013236403643278566
0.0013141511255038512
0.001291681889471316
0.0012983662011529415
0.001154563099961585
0.0012733618874889848
0.00096052881331072
0.0009538912381330011
0.0009526867882214434
0.0010964992190362094
0.0011017670754811051
0.0011473643144089632
0.001153236779472259
0.0011437962434716741
0.0011197875313655459
0.0011193283786854122
0.00109892383255375
0.0010938993903725912
0.0010890836784407533
0.000979623520730443
0.000970188595739872
0.0010124811294059135
0.0010049431415832513
0.0010058300864030192
0.0010290988664846605
0.0009997951059486465
0.0010248007279655227
0.0010541812645562185
0.0010380333667092407
0.0008917519953093092
0.0008882972347321438
0.0009473789324329956
0.0009457676464549992
0.0009446493494401324
0.0009604431950369576
0.0009879916677172466
0.0009873896650036396
0.000981459875661306
0.0009789107811147082
0.0009780025061125817
0.0009762565935147385
0.0009763886131454359
0.0009670188613830477
0.0009672865753498297
0.0009661805744784971
0.0009570859397406153
0.0009178496082102221
0.000730256240105218
0.0007276163584497726
0.0007256645103371228
0.0007288687069360363
0.0007325910551086856
0.0007395202121853138
0.0018092422056505018
0.0018078325893966711
0.0018043026635730897
0.0018353035549378896
0.0018553596349000754
0.0018463539814942834
0.0018304882570012162
0.0018338248263602927
0.0018317381666238912
0.0018458670749780515
0.00183375106062158
0.001988612371189267
0.002122241979740284
0.0021193113092615535
0.0021142849275617792
0.0021116261621810213
0.0021042447810719605
0.0020935291036347724
0.002081308102726641
0.0020783125656876865
0.002077397148141724
0.0020694018075187743
0.0020647963337559116
0.0020601579061001
0.0020331418447753417
0.0020289173923856664
0.002022158221579524
0.0019904421764921436
0.0019618610281486523
0.0019574093781812734
0.0019534193834973403
0.001955595465466261
0.0019546477184976953
0.0019407300339301656
0.001935218964840687
0.0019263088577162661
0.0018837387735602497
0.0019458231042402232
0.001945208629650103
0.00194073910759412
0.0019386260613203498
0.0019491670070252557
0.0019469076041475953
0.0019403669913997757
0.0019376911371588807
0.0019448916808978537
0.0019453546791957264
0.0019364008879697988
0.0019419050143443663
0.0019272929019872019
0.0019482819233732273
0.0019491379063025095
0.0019459278136465942
0.0017712482767461822
0.001777432966089205
0.0017790304324472683
0.0017771771458478679
0.0017809128672681138
0.0017957229102023018
0.0017166112995488953
0.0017186334796260602
0.0017177908571389961
0.0017139435899049303
0.0017094100039053062
0.0017115849466979934
0.0016984184913920984
0.0016945971778368608
0.0016932396251117603
0.0017035448559477855
0.0017047775855915195
0.001713474250081206
0.0016272077646688893
0.0016157016417815593
0.0016042363969187466
0.0016551804077339605
0.0016543047594821919
0.0016527114371944409
0.0016439787389579139
0.0016329169310875628
0.0016587501150149432
0.0016789749886981474
0.0016969042902209323
0.0016895890256644805
0.001686397067069231
0.0016785296754509701
0.0016772849408139502
0.001668972418175882
0.0016656457914150213
0.0016262455886522195
0.0016313921492663959
0.0016682677726523516
0.0016763809254994138
0.0016667012969996343
0.0016643446212059056
0.0016307486293755044
0.001629905670038583
0.001662942149702317
0.0018628974531249853
0.0018818915447775019
0.001885017269422686
0.0019500135874566053
0.0019514461229728569
0.0019481036893199835
0.0018653735232254797
0.0018715269171400305
0.0018739245044538876
0.0018414835989308302
0.0018425265000674772
0.0018457178939602745
0.0018498276322392196
0.0018338309937253059
0.0018348315376958575
0.0018285326157099374
0.0018387765664658827
0.0018341573953514678
0.0016644366667031515
0.0016607052316024613
0.0016605246178473575
0.0015975249809048722
0.001587834747364728
0.0015853666522193438
0.001574878889685907
0.0016158025346930318
0.0016205424554003012
0.0016108398094054192
0.0015958435399844695
0.001594678582853777
0.0015908186112850475
0.0015902597678556787
0.0015435663917181559
0.0015446192494324414
0.0014941056983828218
0.0014561484842435747
0.0014443732407016798
0.001459611324110519
0.0014510838027737183
0.0014551763310249922
0.0014515499290523996
0.0014466394367527195
0.0014313146409592641
0.00143400841771538
0.0014249865813729193
0.0014238451049567874
0.0014232429573492968
0.001407343936896872
0.0013979232869011566
0.0013955607110724617
0.001395420790641007
0.00136866930236527
0.001361077194700713
0.0013697518864326658
0.0013876422812839765
0.0013742979093100648
0.0013874178193574206
0.00138865492267534
0.0014566522787435303
0.0014520868937947062
0.0014726809842280995
0.0014607616221644945
0.0013786388157645733
0.0014042213319872259
0.0014045958500192488
0.0013884667342598425
0.0013863177383960435
0.0013733768790656303
0.0013722740225397684
0.0013712248389945005
0.001368743512140828
0.001368104156531963
0.0013661252717622867
0.0014049657297960949
0.0014374729425254626
0.0014402039133040053
0.0014494776888238393
0.0014762151058820545
0.001481517155012365
0.0014780546039557905
0.0014741329898323424
0.0014846436326887355
0.0014799021898257182
0.0014749925701563174
0.0014754809471294878
0.00146002313048023
0.0015030896965440102
0.001467951516288466
0.001458395713842719
0.0014353773884907743
0.001448679031109293
0.0014422030788404094
0.0014347307397650896
0.0014437406180079484
0.001445528330709509
0.0014466725044294598
0.0014439358476381495
0.0016534188767856621
0.001650445965323552
0.0016535587009290974
0.0016710784838954392
0.0016671545225826953
0.0016490979186965086
0.0016679757684084874
0.001672216117934268
0.0016802703800030982
0.0016839080989702888
0.0016779628479033151
0.0017276841692640144
0.0017251981100258672
0.0016932115191494843
0.0017039530593690722
0.0016540406021353603
0.0016576853441326134
0.0016192856333441814
0.0016170771737454082
0.0016141744094285506
0.0016284919813802509
0.0015932361648924934
0.0014761651748931084
0.0014528861125990302
0.0014438901819713134
0.0014386966211785812
0.0013619829422559294
0.001358827123010609
0.0013574839065437691
0.0013537024544434091
0.0013506333975642846
0.0013465892236929312
0.0013312283841466646
0.001345964614403271
0.0013020138760423473
0.0012982022493103042
0.0013039394981305564
0.001299813433152814
0.001298111323821973
0.0011984330322447503
0.0011760556910187254
0.001211382283936077
0.001202318313909253
0.0012035457025718385
0.00120097113970339
0.0012020216412833126
0.0012018742023206313
0.0011977878808810878
0.001196983707797106
0.0011968308038175896
0.0011976762371459083
0.0012006946834558865
0.0012002065750532703
0.001194560737082722
0.0011945252268330292
0.0011935973394088246
0.001195238273134017
0.0011317004640602748
0.001118732870639691
0.0011108771748869993
0.0011103569860303722
0.0011054859653393601
0.0011039198229317213
0.001102671636274178
0.001100992907600457
0.0011497230776405876
0.0011672396300076847
0.0011587194787515518
0.0011268586015144562
0.001126204905780783
0.0011256895527221838
0.001134362485850539
0.0011287576739663625
0.001126958286461904
0.0010965314804116072
0.0012657980826523434
0.0012686407247082538
0.0012672775289349334
0.0012581949683659768
0.0012502164845050625
0.0012498767199483015
0.0012662285743654015
0.0012939750683189657
0.001298475948471824
0.00130016452659427
0.0012902978484125728
0.0012786864292905684
0.0012789677075637016
0.001281085447122947
0.0012876782512035068
0.0012827592649826258
0.0012835221767189171
0.0012835864344345551
0.001283234037172997
0.0012746575708688045
0.001275946163747894
0.0012789842251665978
0.0012538086323634567
0.0012910084028742257
0.001222129660703634
0.0012123053636359851
0.0012066854289102295
0.0012179895078123705
0.0012204104953651314
0.0012155092974056342
0.0012152445184202996
0.0012321565298057883
0.0012265212730699449
0.0012214297194041476
0.0012966179462462052
0.0012950576239364666
0.0012922799048378938
0.0012738947797289847
0.0012713996292311681
0.0012807883397620901
0.0012797163886116615
0.0012796592723520776
0.0012788804338715858
0.0012701650396165264
0.0012678408911455114
0.0012638111530827146
0.001262193680025582
0.0012613131364774804
0.001263229541477036
0.001108477263945241
0.0011138349799428415
0.001113563363375556
0.0011083318288667183
0.001116007287020607
0.001128052474877127
0.0011259264089819813
0.0011242173907586952
0.0011096803644904502
0.0011021109500881981
0.0011001410351372655
0.0010991533095198163
0.0011149342171430734
0.0011148404527475053
0.001114100639949566
0.0010997887855798037
0.0010966910088742235
0.0010817330983005796
0.0010703791598593287
0.0010688653065570716
0.0010645169921277414
0.0010674477004478276
0.0010600157753070571
0.0009155097530758637
0.0009101123500869447
0.0009111813342816626
0.0009094336331535753
0.000902447297153231
0.0008914405195483669
0.0008949821410516554
0.0010157493491432588
0.0010165659469563275
0.0010228926666189055
0.001068277237448481
0.0010534574637502765
0.0010824845184882604
0.0011025734078591995
0.0011143128701259692
0.0011109283444603075
0.0011092829118335315
0.0011068106629840413
0.0011076224779082548
0.00110551322116413
0.0011039786018981809
0.0011023305980712016
0.001110213514470459
0.001100916261436304
0.0011063279079302805
0.0010961097786039609
0.001090210211901282
0.001093039419036465
0.0010925365428343004
0.0010538105492323118
0.0014519924146375726
0.0014276606664315988
0.0014276674601732986
0.0014248564010088244
0.0014265710708826532
0.0014251338763574854
0.0014223371421210758
0.0014176488549143258
0.0014014119226905299
0.0014003941474137703
0.0013953936032787047
0.0013980817479753449
0.0014014061001866214
0.0013982315465300558
0.0013999634734145297
0.0013973495935951374
0.0013914932423524464
0.001392094175076196
0.0013982533056232614
0.0014007636205354893
0.0014022397343576743
0.0013909739612007871
0.0014008154358368802
0.0012983289764969114
0.0013083932458325498
0.0013134602310047251
0.0013119456353394784
0.0013105661983310445
0.0013047289478952666
0.0012927499054568592
0.0012827311918265879
0.00127857638671779
0.0012694085027150034
0.0012702156243700753
0.001284297791709495
0.0012961264340031963
0.0012953042198939725
0.001294065949569347
0.0013073975500977526
0.0013024513966481634
0.0013024128760406033
0.0013030627733136434
0.0013019725301456609
0.001300796967103961
0.0012993856985481591
0.001297840714377565
0.001323784103967287
0.0013221152133698346
0.0013198865871921841
0.001321306650896857
0.0013233348174095676
0.0013456555590711657
0.0013415846445123108
0.0013008745158049413
0.0013042108451827529
0.0013010362260680614
0.0013018101672596079
0.001313418007267664
0.00131432088989859
0.00130988750367121
0.0012970298239842041
0.0013097718905311646
0.0013020764671604391
0.0013028969587230792
0.0012998026957595798
0.001298569572324518
0.0012970811465517654
0.001294570835356943
0.0013090340063259837
0.0013359264726596103
0.0013340178056466825
0.0013321625717933844
0.0013838237540653878
0.0013846741891592029
0.0013863500321207958
0.0013775738244273207
0.0013741695977714996
0.0013718570580094995
0.0013806715014853812
0.0014101066823782816
0.0014054338707925344
0.0014259373006343717
0.0014247844548446783
0.001423724265340252
0.0014227561536924683
0.0014199635946706146
0.001418562408062237
0.0014094273864661971
0.0014090428099710842
0.0014035416992873929
0.0014117923028289325
0.001411041476619981
0.0014068164353827112
0.0014042689750553819
0.0014017795902873346
0.0013998445094022148
0.001393635148363733
0.001392583284247977
0.0013918679649073875
0.001393417716533658
0.0013945857980720109
0.0013771463949634232
0.0013731096902347432
0.001372002062742056
0.0013709772625784418
0.0013678523127134232
0.0013923499893569546
0.0014767615214897156
0.0014660382996802444
0.001451093000133385
0.0014542865935534524
0.0014317437285273696
0.0014534302030493997
0.0014561018453742908
0.0013818114429708902
0.0013779101564696946
0.001380416128738601
0.0013816526853421744
0.0013794056202510497
0.0013666953145941823
0.0013693288689747578
0.0013715915693637496
0.0012411166568959248
0.0012412352135845162
0.00118980861413308
0.0012039174653564824
0.0012000752414579225
0.001205435734858513
0.0012119238069834089
0.0012116655397464483
0.001204034006420509
0.001201989974903608
0.001201578042171621
0.001202573517626023
0.0012009383366944361
0.0011990253266232582
0.0011966154427998125
0.001194182547244182
0.0011904072778226584
0.0011937289511752653
0.0011887360696791307
0.0012073965191302341
0.0012184532585315776
0.0012138751831356034
0.0012108964212792376
0.0012057889421686822
0.0012085778173036783
0.0012273629778879888
0.0012384270891540106
0.0012416181685619416
0.0012445473981441595
0.001238100944769108
0.0012006421482971903
0.0012033170059613054
0.0011879671698565935
0.0011871577541155017
0.0011882302966010649
0.001188120663623093
0.0012261776511648334
0.0012222935566786504
0.0011416361670204443
0.0011399232809234715
0.00114353483552359
0.001142755354525476
0.0011464667660303282
0.0011418842230774594
0.0011407025569768307
0.0011391429573405433
0.0011351100027211783
0.0011319172194254794
0.0011404784546872435
0.0011327765782100361
0.0011350950933114803
0.0011345528401107273
0.0011330855562737285
0.0011315227030162921
