-0.00560153741389513
0.008345412090420723
-0.001637385692447424
0.0020351264625787734
0.004839655943214893
0.005489458063883441
0.007351988577283919
-0.009731261577043267
-0.008739246940240263
-0.007983737704555757
-0.007460766738707508
-0.005903314758772745
-0.005621601025008462
-0.004278460451556989
-0.005475705893331905
-0.0041994784979204475
-0.0025184127055884638
-0.002894548843247128
-0.002854597030091098
-0.0028620950761251134
-0.002871393170525234
-0.001594994325980381
-0.0013189826931920823
-0.0007470918516628434
-0.0006516729056154583
-0.0003142493746795303
-5.549911916854572e-05
-0.00012688646454299748
-0.00013177858393949684
-0.00013302444037230186
-2.503222094674053e-05
-0.00010856578415824084
-0.0008640465590253685
-0.0008435150209282119
-0.0009078043189624112
-0.0009070889539764937
-0.0009076460080809494
-0.0060704413574571015
-0.0021580411179456843
2.287927356253456e-05
0.0009227797688384154
0.001042426255163413
0.0010340142047921715
0.0011167906871479428
0.0011140630990469271
0.0012822145363315949
0.0014726703448104679
0.001444724711532496
0.0013902348373085265
0.0014877213603433446
0.0014638529974035923
0.0014092295193376973
0.0013821429228873634
0.0022018913485226223
0.0024550755342716
0.002400305292547656
0.002381933956273534
0.002463022695723092
0.002440086865559957
0.002384436006546135
0.0024039307410871954
0.002369121817335124
0.0023266712513532184
0.002299003166822681
0.0021894016287908684
0.0022490384375785984
0.0022240122256976876
0.002767946681516428
0.002707743061702267
0.0024833289247857167
0.0045757331365368584
0.004917111517985078
0.0048093949341352065
0.004996990936245615
0.00507555439013997
0.0050231805773317375
0.0049132843902416675
0.0048579814219574715
0.004795527825172031
0.004741302984863676
0.004686380609378032
0.004528300755945489
0.004032793574619324
0.003977400547163973
0.0039149902720880154
0.0038034635663384466
0.003657789540325626
0.003610654983828447
0.003567570213716763
0.0035734059490425945
0.003528070499353066
0.00346978446986634
0.003492500644070073
0.0034545182062797014
0.0033190109688045304
0.003453386770714359
0.0035100375566891723
0.003502165382087698
0.0034821123719302725
0.00346331348339278
0.003435630498750151
0.003427738325149885
0.0033634339781481422
0.0033432768294005674
0.003224063224479325
0.003203293115156813
0.002943836926701976
0.0029511849158694514
0.0029305964805561515
0.0028598429060300934
0.002861598547302234
0.0028347622391853323
0.0028282970364543565
0.0029935075321270207
0.0028923343139342327
0.0028751448284248583
0.002832223846904158
0.002680781293656002
0.00261953789758991
0.002493238430804564
0.00245609741721667
0.0024067445137472727
0.0024810379538042
0.002439065477054102
0.00240453032864256
0.0023963233791397145
0.0023662104924255817
0.0025339178262569944
0.002503974102784505
0.002727458066160824
0.0026005623893786737
0.0026170214389418475
0.0025740441643705065
0.0025297130520037315
0.002450002243676864
0.0021411064617827807
0.002126182327365446
0.0043078705914156926
0.0042836008385035845
0.004393483643328808
0.0043434313404464835
0.004314745198908813
0.004346216882216444
0.004353897522980396
0.004359574113525562
0.004299352007835302
0.00425410015732514
0.003695639805630359
0.0036032199042286567
0.0035729864744730878
0.0035391437070422015
0.0035351487555220764
0.0036659385630911576
0.0031243346159763245
0.0033049709291868242
0.003541069948490766
0.0034741211862246587
0.0034439164491969973
0.0034407331558668377
0.0032365099009128598
0.0032294847576984603
0.003236976908682346
0.003242634568445416
0.0033582534437741605
0.004641226315525493
0.00433340995699902
0.004222413322081377
0.004163631383519407
0.0041593147669011475
0.004145101572743314
0.0041192913230229024
0.004128530786520426
0.004099781115948497
0.004099975496522216
0.004083310938643658
0.004314314223565147
0.004307409222072624
0.0042957196256595215
0.004229256701647599
0.004341667975440236
0.004413449588725226
0.004424703027027252
0.004402959981986064
0.004364818074808115
0.004340480167601164
0.00431409673490605
0.004302448125677169
0.0042470552443533436
0.004182998020635413
0.004187900407953827
0.0044367778956484446
0.0041300099195808095
0.003977434595165585
0.003946375279226157
0.003917583309068538
0.003899651730950471
0.004025486133387954
0.004004482463130608
0.0010496239015992566
0.0010428613948271403
0.0010867345448751023
0.0009834476858948014
0.0009805535297774017
0.000993799030739616
0.0009654056023649746
0.0009901644671512922
0.0009806214722560094
0.0008733946222265462
0.0008890705092718579
0.0009109544702868981
0.0009113573582822581
0.0009068807926162279
0.0009485201951753841
0.0010010446493546323
0.000999298746642626
0.0011004571812838905
0.001236396096353073
0.0011547172940963384
0.001242496604655484
0.0012427328405448727
0.001292925697844681
0.001296475899928859
0.0013088344511353518
0.0012232633065690968
0.001210931250315559
0.001075928422159794
0.0011578435472696731
0.0018043916202994128
0.0018424613225405347
0.0018548486978309472
0.001847704307912295
0.0017966822827361734
0.0017279306616067936
0.0016786535899030958
0.001674259112004909
0.0016797963541000062
0.0016348282355955028
0.0018500017691340269
0.0018012170116586848
0.0018071790439674704
0.0019136839247407733
0.0019065925741636202
0.0019001829982176963
0.001864183674583075
0.0018623860593013457
0.0018553011120426123
0.001897055711402393
0.0018850780959099864
0.0018440809662570213
0.0018354301258900255
0.0018366743096853537
0.0018340671548768
0.0018275847559859834
0.001818838886581084
0.0018155815876639248
0.0018096929061038982
0.0018023959911338567
0.001793616604511434
0.0017926307801714653
0.0017859180277747324
0.001776924572014362
0.0017458671765517454
0.0017285958590009304
0.0016872961883804339
0.001534271218663619
0.0013458591395405204
0.0013248327696913516
0.001336702768961146
0.0015794794628433246
0.001578606504606934
0.0015690461528345807
0.0015591790571763157
0.0015572297807077992
0.0015566847995399805
0.0015483649024552973
0.0015058176721908902
0.0014913156014339875
0.001474682387432095
0.0014586434106344539
0.0014532403905722245
0.0014899122605980786
0.0015391477799611116
0.001569612727392483
0.0015991483162731113
0.0016552858215472157
0.0016418384618131097
0.0016366911593700497
0.0016773804855522035
0.0017172285105986889
0.0017417411701611684
0.0016783842766764684
0.001673137508385371
0.00199341336827979
0.0019879215940787676
0.0019941402313732462
0.002025953869446866
0.0018913637081853743
0.0018692686304305557
0.001634780357053384
0.001642345432954972
0.002400395236004469
0.0024183361887174515
0.0024119443461418774
0.0025501335331965897
0.0025482285310359405
0.002533497157073782
0.003147160109986175
0.0031055611934112342
0.003119878700935287
0.003158891266811722
0.003083311276756059
0.00305878449276111
0.0030581789036960966
0.002993729463912404
0.0033625676843959925
0.003258507923732255
0.0032457073166998994
0.0032241421434044777
0.003220487192652396
0.0032182762595743993
0.003202408177819518
0.0031913163311119543
0.00319252629500018
0.0031728380748581187
0.0031617985482542232
0.0032151865967863
0.0033447647312375276
0.003393338441037207
0.003431975093487627
0.003298170546484227
0.00329657499130106
0.003106007546693533
0.003090144993729844
0.003126314524131123
0.0031077627817293887
0.0030173923769001606
0.002961361772345808
0.004026210723860512
0.003979134567699097
0.003961273241513153
0.003950687050289227
0.003941764905744156
0.003932393381060239
0.00392095877257921
0.003972822712483505
0.003661833905839854
0.003761426062309265
0.003778871179200246
0.0037864336967010862
0.0037899084871661653
0.003817220140118392
0.0038180896526450836
0.0038671899297069716
0.003804512068479231
0.0038746609859597837
0.0041101541333182535
0.0040998453740884065
0.00409242998963707
0.004080804389236106
0.00406999930532128
0.004057936152194533
0.004053846218280221
0.004035825591527493
0.0038993676701976772
0.003888162709073611
0.0038823288539178635
0.0031395885451709717
0.0030113843364174397
0.0030280632783565922
0.00302015861557988
0.003022925713594298
0.0029344434030094914
0.002896439989465021
0.002826295607451653
0.0028227276096081397
0.0028199099816165088
0.0028194579938023096
0.00281087624875608
0.0027906793340087776
0.002835713221706514
0.0028193453490244604
0.002901949768275923
0.0028935185283671607
0.00288626475742709
0.0028787314771705273
0.0028801439875584555
0.0028134110596642367
0.002766149294923848
0.0027602321754481266
0.002706870024562616
0.002688280717736728
0.002503697058911969
0.002510981588128908
0.002571630054647156
0.002592637639860511
0.0025866238819449846
0.002591929156907967
0.002584602874343367
0.0026005252675167815
0.002609861550477858
0.0026045962923802314
0.002589272377816389
0.002583245377950734
0.002580408265894665
0.0025592116719877914
0.002559685766415469
0.002580832726808315
0.002569355259303336
0.0025647077773322826
0.0025629090164207926
0.0025646301522993355
0.0025448777573916013
0.00254597007687842
0.0025395284311464346
0.002534126220150653
0.0025334296811833183
0.0025381133638898252
0.0025314635883762196
0.002522947620032239
0.0025160198912606243
0.0024387565985160837
0.0022832276243177005
0.00228318408664803
0.0023189637419658055
0.0022957693885721016
0.00228106439922253
0.002262256709204885
0.0022583507435040224
0.002270958929723339
0.002269952241687872
0.0022925031126187884
0.0024965840381598065
0.0024887852239034035
0.0024756873782520693
0.002445378510197063
0.0024546131794553967
0.0024519727099421014
0.002453379673381587
0.0024785965944333368
0.002672591152555534
0.002665993467758708
0.002675816986400263
0.0026375139257340924
0.002634373148105343
0.002629571780601549
0.002630115208469672
0.002625315277003075
0.0026180546055729337
0.0026255046103485914
0.002620655732376996
0.0026096856118276654
0.0026234579225025497
0.002621603971075401
0.0026120797243573053
0.002611223393167863
0.0026127837461529407
0.002612947913239539
0.0026135433520786907
0.002608301860986415
0.002597691887651754
0.002608095370754656
0.0025949262863414254
0.002580678935906874
0.002581876897320688
0.002604315139774465
0.0026028587732028286
0.002619098994518232
0.002619332053759657
0.0026089490289140965
0.0026037328353921804
0.0025978171086504563
0.002591217594927844
0.0025762213490260347
0.002569057640932055
0.002552978967837623
0.002645380739814527
0.0027811417124946713
0.002773861152003029
0.002775326337814472
0.002770198824186902
0.002722331227538321
0.002720145220109296
0.002729432068279053
0.0027165731786901433
0.0027116985838951733
0.002668801433562385
0.002664978587521631
0.002661311318296773
0.0026623437587083845
0.002650473120520617
0.0026512428433092443
0.002562879451755269
0.002518699136071293
0.0026107212859899642
0.0026477260203577146
0.0026283346004285133
0.002622400148100557
0.002605249891007447
0.0026047617657168256
0.0026041946359996
0.002597303265077011
0.002580878330274503
0.002543739065263898
0.002582844394624533
0.00256694583655376
0.0025680275629396203
0.002658001568786453
0.0026545905898801288
0.002601409129091927
0.002614114264855768
0.002616435176065575
0.002608391906450894
0.0025265449892735367
0.00252222551173616
0.0025185492287523904
0.00251887662801103
0.0025043323706904234
0.0024994866226753535
0.002497510415811956
0.002486067828450807
0.002465659838935429
0.0024434360211688794
0.0024381610429643538
0.002430385012384722
0.0024138820152510604
0.002337895102289314
0.002438506183848813
0.0024267337170822524
0.0024507013044401276
0.002445953711861847
0.002445543691321382
0.0024500841351685035
0.002445426899023055
0.0024394511131767714
0.0024351896321496086
0.002430783490925889
0.0024317165837070484
0.0024268633048799525
0.0024225996767065043
0.002415979929502262
0.002409238981574252
0.0024097933604981807
0.002433751491774751
0.002435392899937505
0.002391182960665844
0.0023807149440408914
0.002384898067407611
0.0023777004964477886
0.0023756742564993035
0.0023745391429932216
0.002368209252223172
0.002362088598667769
0.002358939927419105
0.0023885290751701426
0.0023834932225255063
0.002380910741337288
0.002264707875482887
0.002265752541905721
0.0022645425682120313
0.002260904872600931
0.002258885332746337
0.0021499257333806995
0.0021446664554303466
0.002126486821072296
0.0021276911316727835
0.0021329368619920444
0.0021216326579338793
0.002115243585025912
0.0020270962536941537
0.0020734279924620722
0.0020658867465467657
0.0017593099359460673
0.00184594873227491
0.0017802722654153517
0.0017742003305758938
0.0017880275168876165
0.0017844395195450162
0.0017816391727528765
0.0017499299441185215
0.0017722529496065037
0.0017702454958149819
0.0017598807451758086
0.0017604016015804033
0.001776372703040039
0.0017785852967529782
0.0017936361654000352
0.001811266077713456
0.0018698381084772046
0.0018497697054260472
0.0016165403121550079
0.0016851560645542041
0.0016875676626449854
0.0016770166810062958
0.0016718038399126584
0.0016695009154080453
0.0016399560327974305
0.0016422087597875998
0.0015707344939562544
0.001550547955581954
0.0015509355342421983
0.0015989749930867437
0.0016132593494934538
0.001608822309545629
0.0015776219291175684
0.0015702463451186218
0.0015906495925760537
0.0015899681244790301
0.001600510030374126
0.001599561427285717
0.0016271406201862537
0.001631988441896679
0.001632965829241054
0.0016306274160416624
0.001573992571395979
0.0016242457371750862
0.0016328916701750817
0.001628681532921822
0.0016264695935034035
0.0016291426523821408
0.001642773638651127
0.0016393153159916561
0.0016355829398980403
0.0016589892406138956
0.0016525862855836732
0.001673990799398264
0.0016622134353267383
0.001661005326577128
0.001658943368474372
0.0016497055822539879
0.0016521695627138685
0.001664401540795009
0.0016609729367152342
0.00165899972659418
0.0016552964512324747
0.0016497326208499631
0.0016472326253330258
0.0016483348108379903
0.001646451922865941
0.0016595543068433452
0.0014715848455907302
0.001464212372862062
0.0014616849922173471
0.0014580000710146853
0.0014509564175138724
0.0014433254161047668
0.0014412693651645841
0.0014372209832597726
0.0014192641135514121
0.001416938154926844
0.0014146227920819527
0.0014102909263097334
0.001417487169769063
0.001438990289775976
0.0014373580661899115
0.001446331195261224
0.001450018452591533
0.0014396346206513163
0.0014346726962790222
0.0014333714842822765
0.0014308041210436707
0.0014324365498269804
0.00142952242485043
0.0014270194625574516
0.0014291089940185928
0.0014357164653518721
0.0014311860984322533
0.0014289520579345947
0.0013986184423441688
0.0013983104068919683
0.001443671090022629
0.0014013890367788817
0.0013968650750716563
0.0013742453770552061
0.001357647368567994
0.0013573640394901093
0.0013609653166359401
0.0013545647879815534
0.0013509639396734414
0.001352119273767182
0.0013499833440991712
0.0013486819836245139
0.001346424958302357
0.00133984045930835
0.0013334542879771874
0.0013396742104533324
0.0013525672229621989
0.0013844562548022837
0.001380532075148662
0.0013867209046071823
0.0013900179556911583
0.0014408044232520852
0.001492524380952052
0.0014907993300224403
0.0014884207347238736
0.0014846653086205204
0.0014817351301444855
0.0014785574308593529
0.0014640033266196295
0.0014610064240696355
0.0014888272750396966
0.0015097355038354464
0.0015059429800903252
0.00152896821102579
0.0014881875438422462
0.00147081576430792
0.0014630432373505197
0.0014590412333052216
0.0015049412475604275
0.001524977726205152
0.0015232542394580167
0.0015197553144553019
0.0015181667008918862
0.001518665160539497
0.0015407478526174366
0.0015264574694048853
0.0015309798871022482
0.0015153732164534283
0.0015180676491075842
0.001618006368011668
0.0016153651754778372
0.0016034472047619266
0.0015990513482639541
0.001628851763869844
0.0015826792130046027
0.0015736533331576676
0.0015720038242537857
0.0015619887890552279
0.0015531155414390974
0.0015456442100638577
0.0015380271433471347
0.0016161276304404448
0.0016353277819373129
0.0016285570594156977
0.0016211807358571238
0.001616598647378059
0.0016303364469395219
0.001633913511911824
0.0016272428515579868
0.0016278188796580218
0.0016077500065546989
0.0016400172505796015
0.0017094305055997791
0.0017034395894037877
0.0017122680532094393
0.0017110015282302213
0.0017065337018589534
0.0017034525303959145
0.001701626100776205
0.0019685614056846427
0.0019318907706402713
0.0019275864309399374
0.0019253738216041905
0.001928989079476559
0.001964859112450352
0.0019416458327170736
0.0019429041450614675
0.001917735057334521
0.0020126877003080936
0.0020105957591831118
0.001981899058950345
0.0019846856770351006
0.001983267414626337
0.0019999956183953146
0.0021398583082200676
0.0021577112302182573
0.0021823009792640924
0.0021887356496298085
0.0021690706341817743
0.0021652911604320094
0.0021709411029017483
0.002140414725154138
0.0021372080276162073
0.0021356742738501524
0.0021412899767822235
0.002138823857206157
0.0020753226587073882
0.00215692286258656
0.0021475687067211793
0.0021430872516364783
0.002139275737783378
0.0021366563076233767
0.002119089973313461
0.002117080193116002
0.002115949798356087
0.0021156512409891163
0.0021125498418817505
0.002092734709443218
0.002078978391828991
0.002076157936096909
0.002084747006607154
0.0021147586860134826
0.002112088564844697
0.002090150436044256
0.0020876323551293915
0.0020852784913056046
0.002082209225140459
0.0020932189481686504
0.0020860051624774123
0.0020825074176536854
0.002084008415116835
0.002047737208578242
0.002040052519134647
0.0020451141968462136
0.002039485987310545
0.002036391168852421
0.0020297162133514814
0.0020201064464417137
0.0020222056837526817
0.0020185185341239195
0.0020108870957672594
0.002007740395263483
0.0019887380596498865
0.002029597236736532
0.002024487947453772
0.002001611689147287
0.001949075207976575
0.001944202491469921
0.0019402836571829616
0.0019354367601009434
0.0019331125491527722
0.0019380135494598014
0.001940484752573786
0.0019393479729065452
0.001945797341062587
0.001941478641294085
0.0019300711376165553
0.0019039822164255802
0.001899305631976955
0.0019010816659292345
0.001843143397192069
0.0020259824313965356
0.0019965501872278007
0.0019911299379286596
0.001990812489667747
0.0020062981363946114
0.0020622507568941553
0.0020614049908132554
0.002038434006365532
0.00203073650848507
0.002028945329707814
0.002024542456379061
0.002009861271909267
0.0019947644037503365
0.001991871190345197
0.0019935283859490306
0.0020029655855679966
0.0019988433538409866
0.0019978760130419187
0.001998012677470207
0.001994944611551897
0.002005294030438984
0.002000499636066597
0.0019003500264468266
0.0018813629763262817
0.0018893943615439284
0.001886254463995419
0.0018847288209225155
0.0018819534956019902
0.0018777195014229413
0.0018760228704448973
0.001876412795360883
0.0018244128635604116
0.0018035193590667051
0.0018013841012876996
0.0018252177908206658
0.0018238735427719955
0.0018259137271297084
0.0018224839186796208
0.001826752801939252
0.001830190878786692
0.0018257479072617724
0.0018195320567580054
0.0018273679953325153
0.0018288515196098665
0.0018235137602991434
0.0018132727960399509
0.0018234503540103147
0.0018347908126926527
0.001845758440247828
0.001821708355064803
0.001835976384322159
0.0018322836883291073
0.0018484432057777641
0.0018443269887199153
0.0017443790950422275
0.0017340352261654062
0.0017401925540423114
0.0017346445852950176
0.0016965972741570677
0.001696565076551677
0.0016897493939229556
0.001691312674038444
0.001685369248747482
0.0016851324293363755
0.0016824880927401847
0.0016660780375617656
0.0016631613112593915
0.0016609903285561504
0.0016474804548569292
0.0016306161693837782
0.0016308626616313626
0.0016289324016649448
0.001628041809735562
0.0016266229221817909
0.0016225874155669723
0.001616432591182727
0.0016117718396384622
0.0015907629350505983
0.0015869100532314732
0.00158542723798071
0.0015833854384876937
0.0015817127103633197
0.0015493010798241437
0.0015665762022435347
0.0015699035006966208
0.0015644693639316773
0.0016974257171158578
0.0016696427645573688
0.0016600813157666647
0.0016897921048796925
0.0016966208231540935
0.0017895193229505594
0.0017863274005443768
0.0017847352605187196
0.0017845959904363275
0.001781148541210863
0.001779407150463846
0.0017652766984201699
0.0017660798978746445
0.001764912239028786
0.001772210727167982
0.0017457473242010546
0.0017407952378577754
0.0017503041193825503
0.0017475984419340804
0.0017459780892721
0.0017460358849387039
0.0017446517926731052
0.0017594066315994366
0.001762920754662774
0.0017602072215259395
0.001762340692304516
0.0017108041671019872
0.0015046592620718796
0.0015009560335051437
0.0014927647748486045
0.0014961959602839776
0.0015048927062478598
0.0015492924902048928
0.0015603831268261347
0.0015602068967741562
0.0015540684080816562
0.0015016516989811582
0.001509434218318517
0.0015062052353721671
0.0015145719351583654
0.0015228887787088737
0.0015207890884142753
0.0015226282488583803
0.0015165895909510932
0.0015097162723802634
0.001497018093805128
0.0014929045116117293
0.0014646329959236801
0.0014505319269113685
0.0014499920878907012
0.0014537548296243003
0.0014281872229461258
0.0014311521129860266
0.0014356396084408672
0.0014535602033756267
0.0014519899074210247
0.0014597678485802634
0.0014583524496246782
0.0014563494438394225
0.0016402814625104648
0.0016088339075534675
0.001459188257813532
0.0014114786859492432
0.0014036935196964436
0.0013963453983911725
0.0013940781509453493
0.0013914357100512128
0.00139167800877801
0.001392589886561809
0.001395865240011159
0.0013950457971430887
0.0014002267775668198
0.0014218702644810558
0.0014240555111041582
0.0014464969528137674
0.0014692216885673793
0.0014703799762563502
0.0014674486782537508
0.0014458539960349535
0.001492889715069502
0.0013351614593657911
0.0013359430788743955
0.0013351469862391226
0.0013345981003497001
