-0.03902905806899071
-0.0035164703925450666
0.06896023824810982
0.10357580184936524
0.08709567606759569
0.07145666364314301
0.055422452569473535
0.049440619846185044
0.04551843637600541
0.04106167773716152
0.04054513358278199
0.0363526337314397
0.034375443938188255
0.03286887415063878
0.028615466158953495
0.027174660374465233
0.025208361796103418
0.023604033919247355
0.018644614622462537
0.01791245633337114
0.01666170118418945
0.01596230593428987
0.01566039515698018
0.0150888996431604
0.014104311126105199
0.014148501804339937
0.013464750975669758
0.013241215195538924
0.012311252365664887
0.018681161259601432
0.018170882478443673
0.018068415984144492
0.018689571164192308
0.01813146319306855
0.017031102923081364
0.016495282330701286
0.016500918485689915
0.016240950706653684
0.01643639922549483
0.015374461583588728
0.011436472233894858
0.011290600401522634
0.012143309320725331
0.012487091090426675
0.011920852816926881
0.012405195835720192
0.011763087578098443
0.011487118868936535
0.011909397214185444
0.022941505762419715
0.021555697587945566
0.021089241073361402
0.019875206766839792
0.019710411019199948
0.02035878275013861
0.020532151902699018
0.020598589850123965
0.020764879840899697
0.02044207226329793
0.02014537382351814
0.019968586245311358
0.019216035234017496
0.020809118192119048
0.020790335758087718
0.02392848038509713
0.02286443480554578
0.02260535363765323
0.02201359651550866
0.02186420293790953
0.022569237880303822
0.024096555386980373
0.02409015228487041
0.02336682135088218
0.023619073604544003
0.02343071644243441
0.02237014230582621
0.023116200302655883
0.023806316943108283
0.023441494721919302
0.023320612371151832
0.023164953161939617
0.022923317361982113
0.022928461072123832
0.022623478336369292
0.02223077003822424
0.022436632367985692
0.022411728690547705
0.022058467589988473
0.021713450716601485
0.02138609955967456
0.021292783886842113
0.02099509886215612
0.023132155674133223
0.02289778024056241
0.023020086795440885
0.022911450167945067
0.02271438532328348
0.022716192808472608
0.02236983641749249
0.02222003962724738
0.022386119041281453
0.02213155220316959
0.021898940512283645
0.021724203776656882
0.02149988525494372
0.020711434474127884
0.020601373131352452
0.020463728209222688
0.020310757935724486
0.020133679338336537
0.019793528107194504
0.019333556863124927
0.01888487949607927
0.018711520227320175
0.018512891161913896
0.01831865183905596
0.018269548664200996
0.018224579694939146
0.018279456904080397
0.018035369076619845
0.01807818327244128
0.01823816694341964
0.018038018980258783
0.017936221426352865
0.017850559424712434
0.017713689863109807
0.017350229923977174
0.017102931570189526
0.01701252239290625
0.01675366697911145
0.016676073070178092
0.016431816995381973
0.016212675937646026
0.016218463822992312
0.016094007231432072
0.015972498975979698
0.015877003540230947
0.01581179783612544
0.015642374981793446
0.015889285213201713
0.01587860737632121
0.01577002179509329
0.01575492338775399
0.015540975809161523
0.015779312127524963
0.015645887303565233
0.015529561577824175
0.015375750977702243
0.015040676346203936
0.01499537656789905
0.014960972268263031
0.014878271057063512
0.015209241244827053
0.015057203907429458
0.014827290037199146
0.01462337769831941
0.015033610696356186
0.014678289013352464
0.014606339144665989
0.014660396154027047
0.014574478715974386
0.013685775591500478
0.013770217714098677
0.013771559266288858
0.01375223899537878
0.01394999363183597
0.014075629958478256
0.014025307091685937
0.013845545877291667
0.013852134229185081
0.013912861833083563
0.013780110942958891
0.01368208764851544
0.013796492645383957
0.01378025153231152
0.013646904269291237
0.013774924436087074
0.013771198472065352
0.013828750286484148
0.01390021817195256
0.013732508286081552
0.01364767101028416
0.013968599287023698
0.013826432376093168
0.013688314390639156
0.01375903827163148
0.013873877563573273
0.014036088004195828
0.0138058042594869
0.013796417954431478
0.014018384531179144
0.0140359216258702
0.01441451502464636
0.014360918973883006
0.015248735102691834
0.014492824966759257
0.014570024156133947
0.014268835089239653
0.014805603688582787
0.01621149064259447
0.016338955620211548
0.015430852009231243
0.015297230762228671
0.015054538019183215
0.014026996336009328
0.01400247965781874
0.015477595573219552
0.015361100854129322
0.01531701487311651
0.01547190284144611
0.015266952748445558
0.015310479102857386
0.015424109866981901
0.01526363694087365
0.015173247163787632
0.015339388561430762
0.015279898511826866
0.01511338662534749
0.01502672193614259
0.01501026566085571
0.014959072036593158
0.014904274951850364
0.0151335803426004
0.01500323335743614
0.014953519353659555
0.014874637674638758
0.014734241464011904
0.01451128069514727
0.01459186084204071
0.014643815452902229
0.014729363737419128
0.0149315253215894
0.014894388645935144
0.014959111038912492
0.015458960897068233
0.015403427548101378
0.015318665632923308
0.015178484346320138
0.014934663081658084
0.014839679106134793
0.014732340903960426
0.014739870694523436
0.014790189169064848
0.014694230774493557
0.014014647560898316
0.014069385456132451
0.014013588282039337
0.013862983981917909
0.014058923009783038
0.014053381678919166
0.014026321418997324
0.014002194017054074
0.013986920787564189
0.013940106929444227
0.013883782114589861
0.013818893370994085
0.013748267585639096
0.013693210509745955
0.013757661847361876
0.01369402114876415
0.01361279049977121
0.013594116294090807
0.013535577536624106
0.013504085641459768
0.013273611462577014
0.013247483996813955
0.01328908481527427
0.013267889301219905
0.013234408568004502
0.013136341813023856
0.013109176422243346
0.01301785399744991
0.012908568982218477
0.012870315029709187
0.012824540323429359
0.012712837590261065
0.012663595788783852
0.0126178237095502
0.01124803447663519
0.01118480316214132
0.0111407192154781
0.011181702048356522
0.011154726063209584
0.01141144473252721
0.01138139584987471
0.011426700024382069
0.011262097394339646
0.011092657511763825
0.010990013289747063
0.010976810086697758
0.010934065071361989
0.010905196633564996
0.010855082490601818
0.010793559112728154
0.010761563268936925
0.010744542506702176
0.010726152774690339
0.010751467508833901
0.010687930095785616
0.010716267149010526
0.010687187198003675
0.01039714689048395
0.01044320314012064
0.01032828766295351
0.010299041847092731
0.010379067429110824
0.010359117425237362
0.01027560740985085
0.010290016404788703
0.010240257286071374
0.010313476181741306
0.01039906756278461
0.010279197806038653
0.010400359607153827
0.010406387654130196
0.01039794691410856
0.010439728034891587
0.01041972439197479
0.010410598187809227
0.01044320745061433
0.01042501831981093
0.010387342522315818
0.010363958515499913
0.01023346321334919
0.010242755431610451
0.010207882013943742
0.01016941997073534
0.010198431774212393
0.010220985842346582
0.010167313815274607
0.010106365024939699
0.010078595816605243
0.010037358891718026
0.009992451203722897
0.009964564225811047
0.009933656317151488
0.00993468997705199
0.009945487227856807
0.009953432615764223
0.010017447138773252
0.009816035931270943
0.00995292073406236
0.009902481074298758
0.009860145672480917
0.009762514624179403
0.009572935319486846
0.009496785126942287
0.009476496108185855
0.00934452755509743
0.009311433008572149
0.009255158222830774
0.009226591860388723
0.009191727016935401
0.009174061825492382
0.009152069784147572
0.00910321453730354
0.00897297063044418
0.00891636865823802
0.0088956857007967
0.00830373862597684
0.008289713869019263
0.008099571961913382
0.008233320749470977
0.008188656593628281
0.0083028631463909
0.008236796195315558
0.008185009351702478
0.00823880817478038
0.008035423632906246
0.008299506564199111
0.008403166613925839
0.008400795233327317
0.00836843293939
0.008359177248397222
0.00839570727607389
0.008406103686682771
0.008239607766939563
0.00820868506601896
0.008124268075028482
0.00809145441906419
0.008049707879715826
0.008157200372550518
0.008139511892143975
0.008011115740760917
0.008040320979150185
0.00801570668864095
0.008042834277748436
0.008036874810318702
0.007952666465187061
0.007852361702909238
0.00789096096767545
0.007831548827459784
0.007840635069276012
0.007806157533969448
0.007793753296036905
0.007756767767365385
0.007750930148615601
0.007753208105570234
0.007741886584990427
0.007693810156631306
0.0076703436518335884
0.007430030293988005
0.007420011907141647
0.007413760225869211
0.0074289849105697095
0.007386010154339209
0.007378828644897452
0.00735668889187108
0.007375234971248841
0.00735033796281597
0.007354334798540913
0.0076104625218128465
0.007602120381144466
0.00752884033346459
0.0075444450892693865
0.007172111091700919
0.00717068557406366
0.007171970132381606
0.007116253439397997
0.0070837637957908905
0.007102493954115103
0.007098785590960582
0.00709339238212879
0.007038169125615457
0.00705012628311803
0.006995332865039023
0.006994682291678206
0.007077548632670698
0.007143561365922133
0.007124458461121512
0.007165305646156884
0.007126365127832378
0.007086099640327863
0.007148750541576495
0.007140785413383028
0.0070818684726380214
0.006735130183831426
0.006674896289646447
0.0066305549692267296
0.00664703747985648
0.006619965713824107
0.006560078829828582
0.006537210570542385
0.0065559665357244066
0.006570549952069866
0.006549830130073273
0.006370032913374806
0.006325151954226835
0.0063144718042005684
0.006278918415257405
0.006342867124940071
0.00633519816725817
0.006354019980614036
0.006341712935802086
0.006904695499223746
0.0068434420745071885
0.006845829715188714
0.0066532870113681225
0.006655608690166643
0.006465129883189174
0.0064520992232069314
0.006481944754962119
0.006525689463662023
0.006717708963845725
0.006704902074668483
0.006760789043687848
0.00673184930916545
0.006773607191894804
0.006735922661832868
0.006725880436153364
0.0068199534337401325
0.006733229941167684
0.00672600177160409
0.0067028642241156785
0.0066880786989790076
0.006661910014944559
0.006669201198297991
0.0066454010841335565
0.006699080497370838
0.006546897860026091
0.00647263643145851
0.00645156505295436
0.006413255968157101
0.006366993444515679
0.006395204904764207
0.006394676447131725
0.006385700020354172
0.006374978846398987
0.006348068479386785
0.006369471063817491
0.006387659978302292
0.006371108699485121
0.006289238368112946
0.006268240859134667
0.006253639930477101
0.006223796547921766
0.0062002455980477685
0.0061722579371335275
0.006175993528799152
0.006160397414037186
0.006142880420309056
0.0061774620723588445
0.006156377025555618
0.006219715157196403
0.006199551663999241
0.006222209985587465
0.006264387218003879
0.006282624613501913
0.006345190577706613
0.006373735507991193
0.006311062147347
0.006295296491634781
0.006291983224354603
0.0062522822639507055
0.006238764530167798
0.006220575068636869
0.006234553419291777
0.006251282813785656
0.0062641521088572984
0.006348654066168678
0.0063043853578691154
0.006379493695294685
0.006305133102427035
0.00628449825181936
0.006289615163587549
0.006246420905277646
0.006070482324668605
0.006102857610060247
0.006134371068174859
0.006128267855659691
0.006120629011346129
0.006083185097493584
0.006076189253870778
0.006095001481530018
0.006094284677628682
0.006085042972347455
0.006053561632643489
0.006043785947793141
0.006034408238095538
0.006029652494871761
0.006034379774735501
0.006023979589298473
0.005995500828944116
0.005948663632376885
0.0059522566835024104
0.005927395209639416
0.005814226450871021
0.005784007252019256
0.005742366172965952
0.005577183564780057
0.00556530880862408
0.005551601853347961
0.005534663430157884
0.005521638624932244
0.005445070062862812
0.005412000834003849
0.005482583369110043
0.005426126762796422
0.005420972868159874
0.005403392460759983
0.00534711488720619
0.005339168715183196
0.005360202911699595
0.005347250673952878
0.005227260233985762
0.005206468418187981
0.005310124917690388
0.005287442022446793
0.005225345093691553
0.005320196256902709
0.005314365083065165
0.005309689398302348
0.005350587816539017
0.005309057512685004
0.005312270433933003
0.005298290102285824
0.005336587124739391
0.00527833959100597
0.00531260218744262
0.005297780907336174
0.005282900376962268
0.005287334483474692
0.005244103937301372
0.005275827911324222
0.00599371970936325
0.006033335802077076
0.006031817929236354
0.0060271692192672074
0.006020943397435087
0.005993015028838878
0.005995791820758901
0.005972947666977497
0.005956500555429392
0.0060693231450409425
0.006068942226131988
0.006047148338614194
0.0060379754387490095
0.005997874926408759
0.005966013106517491
0.005908034731031156
0.005914178270029762
0.005918236702655875
0.005877394411120785
0.005827622481983555
0.0058184132274246405
0.005916128129524961
0.005934450972601649
0.00592801980184902
0.005915827674172881
0.005878287854333106
0.005875158957411153
0.005884444550535116
0.005878628026625804
0.00585452303634881
0.0059031493439832
0.005889703929643157
0.005917854152934803
0.005903167970386759
0.00586458064687078
0.005845870710751899
0.005860060952578365
0.005847825119189658
0.00581946952521461
0.0058599686345085535
0.005838125284140808
0.005841830169575579
0.005879319415859299
0.00586593565986372
0.005893548430379719
0.005880389275308259
0.005854018514237629
0.005804165139739915
0.005793637185036546
0.00572986125562883
0.005732384184064235
0.00574832719455004
0.005745773133876529
0.005763571103360705
0.005771971910417053
0.005742057739751919
0.005734899381485356
0.005708599449979061
0.005683543454036438
0.005713536196059818
0.005728193387103013
0.005729142181957475
0.005720071448947386
0.005752124202628558
0.005742472305965541
0.00573806019933371
0.0056379726831515585
0.005634419527689246
0.005616778595051205
0.0056067353260227095
0.005643355525624033
0.005632574303583153
0.005624116554440181
0.005668626553046892
0.0056644612976180595
0.005671228211353368
0.005669334157386915
0.005591290144300369
0.005569111005647155
0.0055862925775153095
0.005442914863077887
0.00545438716357024
0.0054405123963645365
0.005436465109702653
0.005423047030414109
0.005404163585370617
0.00539934580869851
0.005372443177251571
0.0053670237131709765
0.005359384265676558
0.005336229788527287
0.005317985450149417
0.00532549154966353
0.00529783905580824
0.005315331507881642
0.005310487692677194
0.0053350013390400615
0.0053601703247073175
0.005350390793561628
0.005365202813766165
0.005374315950891233
0.005498107233890666
0.005485185379955004
0.005428143138865468
0.005477188998559978
0.005292521497115425
0.004580850412748148
0.004670425181019742
0.004674701047547953
0.004663332826340668
0.004714745462081939
0.004708657041108546
0.00469595649842384
0.004704909546294777
0.004701529160457933
0.004686189042759688
0.004973401944932432
0.004647232624480257
0.004631895366153253
0.004644231592612145
0.004616777595213719
0.004607474830122126
0.004611777247828801
0.004615407305318411
0.004511786933945703
0.0045209726374878
0.004537548401162129
0.004434702034532205
0.004430778319141972
0.004419922470880374
0.004372719611973223
0.004350899133296761
0.004350558800566399
0.004335065028790169
0.004366560932006301
0.00442116893545354
0.004418730131531694
0.0043984490491348095
0.0043743505543490215
0.004408213166792975
0.00440412318693492
0.0043661078583722
0.004348062910859162
0.004338113868379755
0.004342583555501746
0.004338066369851238
0.004339481936529141
0.004295758555924689
0.004286235347862814
0.004303254186869504
0.004306981865580461
0.004299786838174013
0.004296623920371281
0.004324284091441235
0.004313420940181114
0.004308791539469022
0.004317498259981241
0.004318956173451876
0.004315386149423292
0.004313605692121982
0.004332401877972634
0.004356830929037572
0.004355303912263557
0.004357284453690663
0.004346607212210073
0.004321265218146368
0.004331557851942984
0.004325146806889534
0.004310357551364011
0.004302974142649192
0.004323766018536863
0.004315594862269968
0.0043007310317542975
0.0042729067590243485
0.004300439351860213
0.004278698935110426
0.00426551678822635
0.004264928017169858
0.004269119206964068
0.004260959160237215
0.004262984279155922
0.0042544856816718445
0.004242637351353552
0.004302146527489287
0.004278136626741693
0.00428194738524373
0.004263461687722138
0.00430658913118389
0.004296459974369122
0.004326791873487134
0.004312456421870331
0.0043121617987237765
0.004311279120425884
0.004436015372241661
0.004441399631935221
0.004435810069157058
0.004423080745306168
0.004434792308917682
0.00459857000465973
0.004593115116493292
0.0045864147389765
0.004561637064798238
0.004548868490471671
0.0045326219348435235
0.004514139690112229
0.0045332656477138815
0.00451502042591473
0.0044378880856201655
0.004463201899976429
0.004459055545505534
0.0044620562347422
0.0044575137772142805
0.0044605205014095935
0.004457280905252888
0.004448623967764433
0.004437725954676296
0.0044190584216847505
0.00441752490993464
0.00439141082736103
0.004376932106599768
0.004373661717619499
0.004368655129009513
0.004358920456484563
0.004211193527250722
0.004198212751344044
0.0041817485476639054
0.004167837408387616
0.004162882180515906
0.004154887594317239
0.004153275693676785
0.00414232243419261
0.0041375219962782525
0.0041180654398799265
0.004062893991655661
0.004083303149921607
0.004079886480047678
0.004052444223385057
0.004048897497100479
0.004030110195141518
0.0040253924127230745
0.0040157702661609345
0.00406881566968141
0.004070190098711715
0.00405121194168536
0.004058185160329783
0.004051323885006485
0.003955380891651521
0.0039669392444375085
0.003969738997662236
0.003937319051202469
0.0038602345109024373
0.0038504437300398327
0.0038672083893833663
0.003823048678978546
0.0036205478862462977
0.00360800352243914
0.0036566244094920733
0.0036580007169288004
0.0035297574964862333
0.0035292874882893238
0.0035544534671865104
0.003539982802046844
0.003496333303701252
0.0034843422219146825
0.003463697057552912
0.003462410241823162
0.003481872196036269
0.00347690357953438
0.0034394215179873937
0.003445407371370299
0.0034524979468374697
0.0034339159005851373
0.003347869445809974
0.0033465345554193134
0.0033066259036828834
0.0033078228219011532
0.003305809329278184
0.0033095168394750487
0.0033106276635374333
0.0033062030203610876
0.003300679298893413
0.0032935508604001944
0.0032898618924243218
0.0032241972695762297
0.003224407061807353
0.003217216375575004
0.0032680561259581724
0.0031418620744031495
0.003127425205522193
0.003121572839661636
0.003117825619525014
0.003105528482160041
0.003135633308497197
0.0031263083308925637
0.003122811681731203
0.0031302956350609695
0.0031019573418931442
0.0030952619564970536
0.0031026563224855748
0.003227434929599724
0.0031745578649187895
0.0031550068499729385
0.0031461106519018703
0.00313831825094524
0.0031561148944807917
0.0031462281762191673
0.003144950596075361
0.00316818696187292
0.003150326088948544
0.003144671022957037
0.0031426924426471376
0.003137475142108513
0.003121505598063149
0.003118968583180885
0.0031088602387010036
0.003148782866984736
0.0031393030027888876
0.003139909011776461
0.003137429316610046
0.00312422737241234
0.00312077395599202
0.0031182559120700873
0.003110733676518701
0.003088785720078791
0.003090739071018648
0.003100074669149421
0.0031193735009940617
0.0031269687744442023
0.0031602488090289285
0.0031538216678980414
0.0031510262095443644
0.003134168268903999
0.0031376460520576
0.00312481676052265
0.003124547359323557
0.00312224106872495
0.0031211283987861785
0.003114012237055531
0.0031127955070197875
0.003110495525525533
0.003093746520634683
0.0030930852403833146
0.0030882784673128233
0.0030817893381727803
0.0030775018682908696
0.003088630174242151
0.0031600566606498014
0.0024073713176209007
0.002860163426791008
0.002868042156700407
0.002828700336168472
0.0028308893886510133
0.002828783324749862
0.002825621208326034
0.0028277962808212443
0.002828896919882234
0.002825024584981799
0.00281995422706677
0.0028257889543194855
0.002841151219936801
0.0028385253447828157
0.002834096191461529
0.0028440764213837066
0.002838682347202767
0.002835590155813601
0.002812371060141286
0.002841991202888902
0.0028380565717559857
0.00284044519642176
0.002826303683546819
0.0028255616795896613
0.0028110037377683723
0.0028083288756484545
0.0028093920197768607
0.002807294298903196
0.002803391382396448
0.0027883685901100358
0.0027432039983970513
0.002745447830915121
0.002741614080829202
0.002743314144433688
0.0027445137311211867
0.0027525603002664183
0.0027475329161339578
0.0027467526147110883
0.002743638492976803
0.0027509900837573314
0.0027786250824907033
0.002818524014459089
0.0028179383691018245
0.002807437743539315
0.002801161301117337
0.0028120430587773803
0.002841598320746678
0.002803632660474328
0.002812672045440716
0.002805374421666773
0.0028287448144839055
0.002822297555205181
0.0028109370073691273
0.0027903970066480693
0.0027800401400967247
0.0027651888457869748
0.0027620713521949642
0.00274227351559364
0.0027422904713346264
0.0027598588502798786
0.0027681820999412693
0.002765977683512711
0.002773909053142799
0.002779687305512172
0.0027778127353658057
0.0027563132454509615
0.002754838005963574
0.002749295685964174
0.0027593139901065994
