0.05200132727622986
0.04816583419839541
0.04096290282905102
0.128184013068676
0.10516164110352597
0.08811894484928676
0.08119380567222834
0.07392348307702276
0.0748556349426508
0.06946001523597674
0.10210372243697444
0.09309994572630295
0.09263512146260057
0.08715221298237642
0.07502081256825477
0.07687304092242436
0.07350671632836261
0.088657995685935
0.0706764937378466
0.06764201363105148
0.07449912047013639
0.07074751036808541
0.07384379530170311
0.06996078934520482
0.06740179794052471
0.06362073157948475
0.06083250933858964
0.06838090907268482
0.06562020378187297
0.06468492010307887
0.06219066405901684
0.0628285203129053
0.06108346111004185
0.05893521128621484
0.05619820466704872
0.055031128410199595
0.05356154825207531
0.05170250792975704
0.05089861381857189
0.04951010407346141
0.048579749221625244
0.04750911878735953
0.0478843889564318
0.04739859241009172
0.04732555827459968
0.04693526017945259
0.04595402486787254
0.0450132596330261
0.043946635716129084
0.04297166669458223
0.044016457532192216
0.04601952856415355
0.04524021878778175
0.044355171675455156
0.04327170906097827
0.042452821461075346
0.041369795110799225
0.04062736400805601
0.040466627853068815
0.04034559038032577
0.039818182529415914
0.03925445732209711
0.038132582880280076
0.03766261716194162
0.03712374973287239
0.03618632759655643
0.035584841096458715
0.03532874849591187
0.0354639038526719
0.03495329646164105
0.034748059712001116
0.034520423819617146
0.03416049778870482
0.03378968711476772
0.032060266676126034
0.03160220528378258
0.03055715530913751
0.03022150783593281
0.030315995715500303
0.02989225112401913
0.029190349936337623
0.02929106235633187
0.02914740692774231
0.02854944614227859
0.028181639217046004
0.028697024858235522
0.028347033132873033
0.027644249551741155
0.02757031432637529
0.02706144907087045
0.026562124059241975
0.026501897495910906
0.025796988952974272
0.024957946858270758
0.024539397053255602
0.02420111209245339
0.02395078286585605
0.023766339450811177
0.022896056124009172
0.02292169767459576
0.02270016504232496
0.022379035247688715
0.02211082845818823
0.02202113166983637
0.022479842882603393
0.02214511018246411
0.02220909598421442
0.023137695241480235
0.023171246923844913
0.022752123465342017
0.022638964383596808
0.020855348244045675
0.020712855901046268
0.02096190662325723
0.02101799970139459
0.020614081953898952
0.02046233380481726
0.020081895579654372
0.019964272396949423
0.01997879054397344
0.019886943916255815
0.019719327625826115
0.021881489759130814
0.02176507419347762
0.02101814468938206
0.020743671797333264
0.02646631185052683
0.033456197044588326
0.03455213671550154
0.03460214593454853
0.034447254486043334
0.03435572212968105
0.03416451695027635
0.03398444397995868
0.033860159414710794
0.03364643679224769
0.033909438599737864
0.03415975399757567
0.034143587245073694
0.03382719884435018
0.034031454739357585
0.032940148581079874
0.032759937147299446
0.032654847140456064
0.032374454770645454
0.03218348400958743
0.03194922956046522
0.03181493718914637
0.031559664125864695
0.03157912983269189
0.03173060405472489
0.03170554242796854
0.03159784956520737
0.03137825423130585
0.03138127568094298
0.031162144853525857
0.030912255037198712
0.030671447550631916
0.030473492070450445
0.030238049691947905
0.030139427836179546
0.03003531297028887
0.0297641384205213
0.02946242010220885
0.02930333940536681
0.02912381972314533
0.028983018164234677
0.02928274078845713
0.029189334456425377
0.028629196532702406
0.02847201447814789
0.02827164672067485
0.029221333598118567
0.029116304471556623
0.029005185095064164
0.029070635160462828
0.028924521872397045
0.028981988258430905
0.029203770286403592
0.02900154651940198
0.028992509377281088
0.02890034033178957
0.0289095957338324
0.028675983428350975
0.028574299953517412
0.02826066025816661
0.02812336158735598
0.028013460694137148
0.027745904343349753
0.028704896492454467
0.028571298938913962
0.02837117276530847
0.02823787124841905
0.02816936093239256
0.027997376792826587
0.02790546093519001
0.02776757655712314
0.027619605109998807
0.027223430893500326
0.027048538775479792
0.026976175327891348
0.026865513640309088
0.026608818724829078
0.026551570155566962
0.02653016115016602
0.026362502824285643
0.026012328142734565
0.02590605239528699
0.025942928033016087
0.02518485522645821
0.025146513491460413
0.025108437267560593
0.025016195629832164
0.02492851442278384
0.024741969439438197
0.024482622010362966
0.024503646757551942
0.024373685319686828
0.024247996715976945
0.024211331447101796
0.02410459822475877
0.024156674662304235
0.023887163014608505
0.023830607627621958
0.023727731522691926
0.025836758043756507
0.025766355556378698
0.025521748433881906
0.0253902763178896
0.025247811358946163
0.02510769702072641
0.025020919519360682
0.024925418577204726
0.02480918213903429
0.024727363012123353
0.024607343993145774
0.02450421552747066
0.02463983091336742
0.024576836902512403
0.024484571385877486
0.02437569565776629
0.024282482743010304
0.02416095424531273
0.024139478277148955
0.024059644590767974
0.024710849139590565
0.024583050861932167
0.024465142731483747
0.024367306927684698
0.024424601994191424
0.024297458480485527
0.024205617073338057
0.024167501078423585
0.024047615299202213
0.023986567387055405
0.023882774018740525
0.02383621774709517
0.023686715332039688
0.02377514111173627
0.02372866195860281
0.023698056150913853
0.023628552692602386
0.023559720679203935
0.023418443699648513
0.02332612672423301
0.02322139568872793
0.023105303095323538
0.022662553914171768
0.02253690756452099
0.02239616738840238
0.02269804437845084
0.022573855117512642
0.022579894124540464
0.022526643139479524
0.022417678727609778
0.02225652751336312
0.022256518111534077
0.022148293390032246
0.02205846062320884
0.021934209525290207
0.022101990265543877
0.02206237669894308
0.021852409392906832
0.021712351130860817
0.021663770139448587
0.021576864542261112
0.021485719785737788
0.021390399800139813
0.02133764492082892
0.021285918838491742
0.02126809358174199
0.021188991445072202
0.021106701444432167
0.021021235835643772
0.020893718877797823
0.020810413819123123
0.02084528678760945
0.020806763942951466
0.020748675282811747
0.020663596278573216
0.020628750639187406
0.020629064595286822
0.020586318082534583
0.02049170828722112
0.020427542327358418
0.0203781186338326
0.02033081013435655
0.020324526560752017
0.020239756727636223
0.020103703414305594
0.020039754837246928
0.019968937520464417
0.019901264675041653
0.019661864581783973
0.019671266541530417
0.019603718401958188
0.019561221462135563
0.019603422515205225
0.019528234024619454
0.01944413826644212
0.019401091717108396
0.019293978417453707
0.01921232779909868
0.01918092355920145
0.019188107216325044
0.019195661042028016
0.01918043173983034
0.01910499008556426
0.01903514435416031
0.019013819260117554
0.01906496220820931
0.01891688355971854
0.018874750179127073
0.018798661587148227
0.018741594068983205
0.01870478115815569
0.018674388033277266
0.01863003589946413
0.01847246395191177
0.018545534436473523
0.018458323762207476
0.018373418232132798
0.018410576969726266
0.018370870697190577
0.018304360818489306
0.018237098238916703
0.018217580016279565
0.018273863725945947
0.01833238647252853
0.018288932289620405
0.01824512287037743
0.018146133887985184
0.01799977285455975
0.01804402582740909
0.018262403387984443
0.01820999530929268
0.018120425465834117
0.018089912289592707
0.018016307030080086
0.017805643653151394
0.017766026150980618
0.017716970196498563
0.017645828189775416
0.017512223496315482
0.017511213273926417
0.017411119737824145
0.017415623402564005
0.017374278475807435
0.017451899446392853
0.017442773357884085
0.01741440954011982
0.017341308942955387
0.017307326953934707
0.017269351956667373
0.017210745840860363
0.017155383562157175
0.0171129443671489
0.017000261849848458
0.0168903088916283
0.016775325951065616
0.01671932961300188
0.016610368262771534
0.01650324850281018
0.01645354276618242
0.016424745015080386
0.016374123080207015
0.016300437311487642
0.016244646142267404
0.016206118003211503
0.016159151009295266
0.016111525045502898
0.015658848806632125
0.015584596162316203
0.015533090505639934
0.015337648077364041
0.015230268451325961
0.015177415740245073
0.015124458717144344
0.015055314549463216
0.015043901084696389
0.014998097584535948
0.014982106968533433
0.014887822271162745
0.014849226138149211
0.014832513056408146
0.014716706573273822
0.014533344837057961
0.014481743627377556
0.014427257354709134
0.014215378927385858
0.014165305469715762
0.014079469493373247
0.013935677212781657
0.013905385962942704
0.013917897465734522
0.013857951629457424
0.013825637562649935
0.013796830594499078
0.013708231097206452
0.013665261139942228
0.013636249054586892
0.013605997862388442
0.013592032184052824
0.01340229577432825
0.013305519462577856
0.013283818713659249
0.013239915816645928
0.013216840872790184
0.013167844685593209
0.013135371784765485
0.013227622437490802
0.013215126130903596
0.013236448401518162
0.01323409921365212
0.013199768098508575
0.013123594626112471
0.013151144873514053
0.013243612734606735
0.013276909021806204
0.013245754824426498
0.01323898744912148
0.013214932215787917
0.013178472441641054
0.013096580044183296
0.013041829511668376
0.013065044033592172
0.013028602808974808
0.013008773819370224
0.012935485660693503
0.012952609147598755
0.012965319429774587
0.01307442871363891
0.013036743272993392
0.01303884223970881
0.012990250483869058
0.01295960678770441
0.012928864441930995
0.012638028288155606
0.012618579293990953
0.012633793843519186
0.012645363327528017
0.012603138949240299
0.012588996871335408
0.012562937569999766
0.012493704945421596
0.012468373175232812
0.012473182445894487
0.012495027711691416
0.012492687421221721
0.012515048501986393
0.012467290742063333
0.012413951111135385
0.012420804799413545
0.012392452524509281
0.012401921847397893
0.01236495234922016
0.012360058398162324
0.012353529277357755
0.0126049987803223
0.012612394181737511
0.012580918670459015
0.012553271339453304
0.012532180671032697
0.012511762140736408
0.012496164461780807
0.01240986563278232
0.012360763545582246
0.012345631409161258
0.012308946422334493
0.012211158541016955
0.012186748117972278
0.012152438898666235
0.01214520905488774
0.012281838232872424
0.012217659499818241
0.012167499876994324
0.01213849817875335
0.012165421129503886
0.01211248735745903
0.01204985466833596
0.012042028397535976
0.012078308404416812
0.012073212586290622
0.012059921284764082
0.01203198119638609
0.012008094656865774
0.011910285734753471
0.01187772116280062
0.01183350397389172
0.011798419196893587
0.011766353645782598
0.011766801887842212
0.011751171558470724
0.01178361709298593
0.011761829423343188
0.011761958208540813
0.011641359093617448
0.011604642876217978
0.011638118323361802
0.011613538167262873
0.011608556359285978
0.011595745825880499
0.011744024086566298
0.011717585103774793
0.01165843871007133
0.011643857046870326
0.011620802171433527
0.011622197276242302
0.011636730137485393
0.011637374879575285
0.011625990842977147
0.011513314488412474
0.011485418808231848
0.01147859262364533
0.01143154719743031
0.011416068442221778
0.011311735382546375
0.011284640434957043
0.011258247826966297
0.011238223609530452
0.011196550912993982
0.011233510030873035
0.011235871720172695
0.011114124117959543
0.011067741243315827
0.01111259791895558
0.01110790159374205
0.011093904950305263
0.011077322422114028
0.011047190239328885
0.011106540750810433
0.01107411794803378
0.01104524403303863
0.011039092972180342
0.011035832681824205
0.010977221169491017
0.010953289504493851
0.010939986203692614
0.01092762209201672
0.010904203159346553
0.010937102392800166
0.010974734911017307
0.010951136192895145
0.01099917388884804
0.011002502065448522
0.010959170670283472
0.01094537161760611
0.011008519688975116
0.01104974761393877
0.011026540233546888
0.011014520253188716
0.011008510865723345
0.011006602328540418
0.011183598034093968
0.011218475539105084
0.011190405732718425
0.011177217984859267
0.011157112468175981
0.011120884791909768
0.011102776887228317
0.011078441690137898
0.011132506760846471
0.01110462867988757
0.011087138239646525
0.011038430507579716
0.011024777923904607
0.011018382689923915
0.011001472269133106
0.010987259479391519
0.010973615386547342
0.01097798767890758
0.010977520488689833
0.010960874266529332
0.010939026256571255
0.010942091592308217
0.010924636367468599
0.0109568866432421
0.010999883863873216
0.010985022474245251
0.010945835541137663
0.010921621806403254
0.01089885589848335
0.01086846533038119
0.01085415185791872
0.01077877425285335
0.010775982053067061
0.010735257514026772
0.010716390705444551
0.010677822512530605
0.010665128554406912
0.010666794987866018
0.010646552963041421
0.010640953793025472
0.010629793192966036
0.010630732453656887
0.010636686851624088
0.01059050482934572
0.01057515706892746
0.010569022351832722
0.010532846976562383
0.010505148414060124
0.010480191678985628
0.010487817562954247
0.010621280790166936
0.010625606150630074
0.010487170136198364
0.010488275807118419
0.010476503145908023
0.010456915790194811
0.01045952907715638
0.01044393212780765
0.010427523366888063
0.010441679746246376
0.010424244413693166
0.01036996800124275
0.010352217395242752
0.010349990933179946
0.010347667290435241
0.01034177706783339
0.01033715550295025
0.01022932063848922
0.010186041163924785
0.01012423210693285
0.010119731724578095
0.010107670477027403
0.010091701712656534
0.010075968258464813
0.010102766756252109
0.010087193509769771
0.010068133564731366
0.010006439009103913
0.009883753681306874
0.009918099422844783
0.009868461064032802
0.009859290973930382
0.009875869988476227
0.009921374858636908
0.00991338195274118
0.00989825417597207
0.00998467946601729
0.009964478052468492
0.009947015192185153
0.00993834622533037
0.009919283400890174
0.009863317048227117
0.009822753568504893
0.009775873356347857
0.009716802279933694
0.009841457864664038
0.00986918355850954
0.009703237182726473
0.009698082683709995
0.00978054458637983
0.009760850184140038
0.009793036172816396
0.0097801410793853
0.0097365842592215
0.009706394501510167
0.009733439263029999
0.009736664326669699
0.009770646987780261
0.009772648130934538
0.0097488134022314
0.009721594911712785
0.009689665023560237
0.009663699399617198
0.009660452198320766
0.00964847516216282
0.00978107376684657
0.00980647477467393
0.00957242862301753
0.009557674808888307
0.009487144699310463
0.009369803329204411
0.009318892586393875
0.009325067041643223
0.009267849722878141
0.009246525456567619
0.00920151622096974
0.009257568292857505
0.009339781578169516
0.009308356885090505
0.009313680671394563
0.009270394557107778
0.009252269751952613
0.009224149778831413
0.009211919005356116
0.00918400525840358
0.009174964084694962
0.009098197563684646
0.009063928226802664
0.009042652702273482
0.009043826430366527
0.009068561700568372
0.009038561185997164
0.009020733621354297
0.009011169811501558
0.008972721248474919
0.00896934057782346
0.008955745750109132
0.008959782550037565
0.008957016573184174
0.008924438539937136
0.008893415075204946
0.008859888772624828
0.00883608936722726
0.008833658899035713
0.008830678321838582
0.008814355953594939
0.00880236181642487
0.008786393279364637
0.008823026074050505
0.0088917189196424
0.008813940754697222
0.008890421692344915
0.008878947179213234
0.008846181580286694
0.008828712724763915
0.0093722061019287
0.009278685230736317
0.009259111322442165
0.009251511548381004
0.009233501648850511
0.009205932146830539
0.009171489872537426
0.009168520423113355
0.009149381641681711
0.009124496986320773
0.009100053885136735
0.009078899034280049
0.009060801929932654
0.009049581504910186
0.009039160813226872
0.009023736714075525
0.009030733014345751
0.009001888379771719
0.008956057501895083
0.008916604845029671
0.008900937776036845
0.008870668936716323
0.00885913349648179
0.00887681897020921
0.008996167066084962
0.008613338342866272
0.00862011138431688
0.008434398680908069
0.008439072374547628
0.008443736700849459
0.008486326888631487
0.008445584258218944
0.008433984383514545
0.008408632841138027
0.008396805281164571
0.0083935960871543
0.008380887833069567
0.008407016060585661
0.008396665157654784
0.008388600639638163
0.008385374196334925
0.008409072076086443
0.008380407509056062
0.008363515760585739
0.008399037476660206
0.008389097203798655
0.008374731261563092
0.008393308866286553
0.008376241532376873
0.00833107692388557
0.008319555178079814
0.008325979922341499
0.008314652692573908
0.00828039770362949
0.00828049686797912
0.008259933091203663
0.008256677660604658
0.008231222782223548
0.008212937510878437
0.008184022382806544
0.00818149587157677
0.008175402533993433
0.008116076636121449
0.008101556515838696
0.008083914877073339
0.00804881718698802
0.008037191313795718
0.008013352724791893
0.007992250223174091
0.007984946798931802
0.007970299653279202
0.007968366403213347
0.007933923793307748
0.007935229636080673
0.007938958290188928
0.007903692974070474
0.007907890780794936
0.007909841811453416
0.007919808502332077
0.007901606794626658
0.007906783425437977
0.00789252059789001
0.007923603770409486
0.007925473812087419
0.007913085067927554
0.007912254709870352
0.007884971889252567
0.007861829047946328
0.007850206635813935
0.007834997775649034
0.007827761310821746
0.007816268417377094
0.007789016204731943
0.007768969504797991
0.007769368357105767
0.007768400669171793
0.00770784276816799
0.007714378003153688
0.007701997638426926
0.007674982074068978
0.007642683262522387
0.007622123806546058
0.007654492277548328
0.007632367655283837
0.007620632654709476
0.007616294953130326
0.007608498368654717
0.0076218376711954874
0.00761507633656295
0.007603928536069451
0.007596528142149667
0.007587379530901481
0.0075767371192956515
0.007587961185823716
0.007581994417160301
0.007565498373665905
0.007558693134308319
0.007545267958067684
0.007528816188444351
0.007510598775315691
0.007481011235375811
0.0074728574329253235
0.0074548834824830325
0.007443731358491459
0.007455594845446788
0.007453711039885995
0.007399747902805716
0.007389778986022962
0.007377486701024433
0.007369845441746993
0.007391571823672132
0.007366263885664495
0.007362380374532453
0.007350803739443271
0.007371739240716745
0.007361616595614964
0.007357741022033594
0.007349787834130953
0.007347811668826707
0.007338378665669721
0.007326160956918925
0.007329457190365312
0.007309515873236048
0.007340189098349651
0.007358094267867136
0.007391793078099673
0.007361024722574394
0.0073604580551937596
0.00734824740320946
0.007337732148204566
0.007335277264669606
0.00730033845893017
0.0072888173404055175
0.007275248092487355
0.007279612691816452
0.007288830842941151
0.007279712253193789
0.0072834237454728465
0.007268850004630013
0.007247881931313636
0.007238646040689973
0.007216612060783534
0.007695425512131553
0.007705938615283129
0.0077448256137825616
0.0076275428558650864
0.007609248884703506
0.007581037944335488
0.007572400529266563
0.007558968020581285
0.007550961711248225
0.007544894905884324
0.007541113362254177
0.007530765346401119
0.0075249235560397604
0.007515500819334716
0.007510824771652627
0.007520356608676338
0.0075027521534237985
0.007489388303518834
0.007490070513038356
0.0074955837748452775
0.0074945759850363735
0.007521083879753499
0.007507148562234801
0.007424900963292077
0.007432145429225727
0.00741767564580872
0.007410357054015609
0.007385910924846621
0.007367047487341256
0.007379359740829674
0.007303003489649143
0.007275111897515894
0.007352140897727167
0.007343893132096573
0.0073480710220753505
0.0073379803440653335
0.00731440717033592
0.007325075042062845
0.007319297347102619
0.0073147423098179985
0.007299888608753511
0.007218324491987003
0.007209033542479163
0.007200063870223138
0.00773715035938564
0.0077581110947537715
0.007750611015189513
0.0077429447998452194
0.007730937812103593
0.007710628879601016
0.007706793880366723
0.007688505189259487
0.007676715993065437
0.007667206197151795
0.007662430878675777
0.007642977264321232
0.0076183192311318985
0.0076288656522852496
0.007653494198257248
0.007693305235198851
0.0076777316101237615
0.0076678485528535465
0.007657158083186524
0.007658581075667513
0.007640415174937439
0.007628517301921464
0.007614596424043929
0.007601006828233841
0.007598190969690323
0.007580911334915503
0.007581848539995295
0.007601218077899478
0.0075999813266870615
0.007596350723895459
0.007573762303570116
0.007552621368491096
0.007541919619401828
0.007493479549284288
0.007486511729818018
0.007468523511730246
0.0075165673154972915
0.007512556316939988
0.007510527322414033
0.00750682926568354
0.007503146408606296
0.007489278450156039
0.007500040874624887
0.007492374736810747
0.007480739582667475
0.007468768925255439
0.007466870050936245
0.007509920782401871
0.007507949866282087
0.007504954975509043
0.007498701868351337
0.007488022476625969
0.00748929100524413
0.007453918418313543
0.007463369749923005
0.007448900547258875
