-0.038504403084516525
0.05059761057297389
0.045111690647900105
0.037759820185601714
0.04372933801884453
0.034983967164797444
0.03618324419949204
0.03947764521257745
0.037137181777507064
0.03397682635113596
0.055019585299305604
0.050910785507697315
0.061585314305765276
0.04458388860026994
0.041778012586291866
0.04111051334835149
0.039565258711162524
0.037789379663177206
0.03714499508496372
0.034624767600603026
0.037002348912541144
0.03530221221887546
0.032417440786957734
0.03053352411836385
0.029375267586706628
0.02960175332285601
0.029059565904650034
0.027688590436370977
0.026896327745635062
0.025216478024489217
0.02370408300703275
0.022442952881454294
0.02262200925649856
0.021569444595037828
0.020021050065729976
0.01986989671855259
0.019888787490536314
0.019905496302108545
0.012562934504239821
0.01265131864730814
0.014019207416346208
0.01478479067026096
0.014393549044722353
0.017425173823721708
0.01734910386300686
0.017486156056080247
0.01723760268699455
0.016343312787025097
0.01566765691386535
0.016303724474638837
0.015360694909199633
0.01508517886011175
0.01532637327262717
0.019554095641201863
0.019089639479976273
0.018417718569061856
0.018351190171509584
0.01810001244302838
0.015666575017773226
0.015455023219549377
0.015388066476706645
0.015424603317302478
0.014853842369120674
0.014698692577747762
0.014598016791172655
0.014510578428978897
0.014185870150172636
0.014613554828152377
0.01453298575278105
0.014471883087051687
0.01492951189639926
0.017460617710427978
0.01697326700889027
0.017187115526758133
0.01719355431391465
0.022485335975849105
0.022128058419837497
0.02181375523162652
0.02157320921105566
0.02132921514854433
0.02106317611859839
0.020806727658800154
0.0206447951689673
0.02040215949151282
0.02040240527462312
0.02125892945968054
0.021005926568084927
0.02034607709528031
0.020931074229237213
0.020239528922612302
0.02010920444287046
0.020019615799131037
0.01977020979795774
0.01929399557564849
0.018894351535285146
0.01853661022308648
0.01824862372316658
0.017887260117203548
0.018209763161430605
0.021752705660678617
0.022538836745547554
0.023379985994978095
0.02391168223654789
0.023675853071922794
0.02338922641900114
0.023157611582047422
0.02292103664566875
0.02317062409198416
0.023051583819059574
0.022954808448720308
0.023017884000572465
0.02183807901837204
0.022301646473607165
0.02203153489365081
0.022463243207061303
0.02239391936161397
0.022036375408110185
0.02192033397766543
0.021172376622416788
0.021015092067868838
0.021092458352585886
0.021132803468338443
0.021894385902288063
0.021945559977786622
0.021671646473502438
0.021741260729746636
0.022439530795281833
0.022238509071848267
0.02228086680249992
0.02217544302391422
0.021527632392958785
0.021466621974372848
0.021293406330662394
0.02015602152419484
0.02029607236588217
0.020181649049487393
0.020231064777876985
0.020205922992003876
0.020050135868742873
0.019933091552724994
0.01959015419530441
0.019524216427430328
0.01931236518450736
0.019220231412628935
0.018939298338596467
0.01885900916361416
0.01889690540347885
0.018704279832387254
0.018275474235609494
0.018024137354839837
0.017974648453290644
0.017901640011224407
0.017944272247924744
0.0179757149261047
0.01780499086005596
0.017591978432380775
0.01741837749358627
0.0171902558486982
0.017303032861855184
0.016945185837001834
0.016588076825697778
0.01637663483420428
0.016306179467902426
0.016082458023271164
0.015967270603623667
0.01571362117367441
0.01544154911884801
0.015335552408339292
0.015300232909024047
0.01520875326207328
0.015116999987925706
0.015127641574992415
0.015025326430338616
0.014885294144208153
0.014795105245039774
0.014230679591235024
0.014166099717350045
0.014208886998233408
0.01416362868314739
0.014325456896530553
0.014357225782177827
0.01425961813780663
0.014165937240803672
0.014067425003206064
0.014059743421654204
0.014175250875560654
0.014171043676701927
0.01386137080835253
0.013709747853327401
0.013661996191593029
0.013710805523714956
0.013624964352640438
0.013519924694039747
0.013477132959703273
0.013437939834649136
0.013366746107089161
0.01320119345201429
0.013096061421250553
0.013022919286304389
0.012943601184345052
0.012891405859834166
0.012848472975801191
0.012904438035655082
0.012827301714370572
0.012763599139096858
0.013203176077717357
0.013139432929305118
0.013062265097374168
0.013021038288189587
0.012938605998427569
0.012884818489321746
0.012829032936598015
0.012911495165252043
0.012735445619977711
0.012637345482626527
0.01251214435380403
0.012527035617770485
0.012383146670920199
0.01231650886752918
0.01320972196387477
0.013132424040425882
0.01330605077971245
0.013226108639173619
0.013256546446355062
0.013181772552955015
0.012852689202198973
0.012817711312157356
0.012786126805507014
0.012792293132287856
0.0128109369678191
0.012642757489535644
0.012632713409449482
0.012523777862641618
0.012321282669708647
0.012250043528861863
0.012360751139759459
0.012319087808166177
0.012269231075909043
0.01236730319809188
0.012306987189255941
0.012256133548212084
0.012337638656517736
0.012353367234325442
0.012367696338927146
0.012390869095229651
0.012129254753325278
0.012033877955423856
0.012004315302483776
0.011931107177515516
0.01193074522406861
0.011906134102439014
0.011775689211645509
0.01175669079206932
0.011716858365267119
0.011536968895711657
0.011452043090302844
0.010315470096168778
0.010628669751150913
0.010474999838334048
0.010435051057029208
0.010409835795116555
0.010384525922914983
0.010313064462962132
0.010527342624461533
0.010430883122319224
0.010384219419341962
0.011270251406361915
0.010468141300228113
0.010432693155922214
0.010388392891702203
0.010292801953148563
0.010302450584849842
0.010266656594148708
0.010218400527850146
0.010148198397170455
0.010104323186977217
0.010076271428051583
0.00979455661026121
0.009765448802292158
0.009687321252492848
0.009746902548181276
0.009747644062211598
0.00911300296056525
0.0090810226609424
0.009361667321446214
0.00924722826045871
0.00935178231055843
0.00958758540138133
0.009624433161586472
0.009529534577515271
0.009550267148544477
0.009461284943088686
0.009461709926004666
0.009400539830035021
0.008912322184384019
0.008894524253828005
0.009067910719286323
0.008986303597388109
0.00888582958742822
0.008991842132419098
0.009092737238087845
0.009044855065211946
0.009097274558849974
0.009029048394801136
0.008978539533582922
0.008967184862660418
0.008992985729090335
0.009072164915054505
0.009049712490072605
0.009068084146095291
0.009162285725417477
0.009088370513681264
0.009081201936870198
0.009051779737429972
0.008997522102951827
0.009041931171687069
0.008980331479706493
0.008936576422619235
0.0089922866318375
0.0089605259302876
0.008988383710557919
0.008962092712275037
0.008944341663686559
0.008869996464345616
0.008873025636207265
0.008753295550129988
0.008705064612646632
0.008725806649832355
0.0070684881692145585
0.006989826049600821
0.0069796058080364015
0.007001527953737736
0.006963244735013737
0.006971777626139525
0.006941493069288786
0.0069076624936949375
0.007110074604207042
0.0071010403316207095
0.007081827250316145
0.007093823291095053
0.007094891394838449
0.0070712913162721295
0.007070065795296411
0.007127620846512263
0.007135129366655482
0.007064201098615822
0.007089637128747312
0.007047429760713885
0.0070366289338562715
0.007027466294383559
0.007006292774928054
0.007001391565658044
0.007026146353968285
0.006994676176609453
0.006978543268436877
0.006971754140060152
0.006949773475992131
0.006914610650376126
0.006477647937168116
0.006521400704191763
0.0065051323251196815
0.006144956766740625
0.006100677579684846
0.006091445853793363
0.006076623708241286
0.00602770741103974
0.00603666998991369
0.005811989491333471
0.005836698988993736
0.005832904931898375
0.005811217148044725
0.005709723843793435
0.005298618254324002
0.005337308046408006
0.005254108465878558
0.005826341780952485
0.005798250064438601
0.005769363692642189
0.005694494329968866
0.005679188106451044
0.005668269146687275
0.005692413371596152
0.005693664008504136
0.0056635727483005174
0.005656507225113643
0.005648349781186166
0.005639878190458596
0.005608963179174617
0.0056244370909646615
0.005614792925420004
0.005651222330183085
0.005674499714730492
0.005632831152176333
0.005635192953462757
0.005621344637480866
0.005653434985209389
0.005638491463757964
0.005613934991745298
0.005472711665424878
0.005466202935514555
0.005377245549936743
0.005359952698768503
0.005362053237158682
0.005351228116548711
0.005353992610118646
0.0053088600001170985
0.005279045256625701
0.0052390391644503796
0.005223877391445733
0.005242526011953339
0.005209312572704018
0.005187819539566508
0.005166825965698704
0.005144263812023818
0.005095075904556822
0.005348379269442741
0.005341831225059093
0.005352349125217268
0.0054139484963906526
0.005418353072727647
0.005475884954700524
0.005467384281041479
0.005682893345812849
0.005698742058114431
0.005691282384678568
0.0055472498371258285
0.005474434028775114
0.0054226896232661675
0.005372185419451692
0.005533007817575717
0.0055346616677356825
0.005531124911724338
0.005616526401798626
0.005567216945092211
0.005552959994403887
0.0055167631677578936
0.00548438296713665
0.005466617909745386
0.005449464106178236
0.005440588321897383
0.005412314325711713
0.0054186207623222096
0.00542670914001065
0.005400855416952628
0.005381306062174253
0.005417267040761561
0.005383455575935977
0.005343044430724267
0.005326545030434829
0.005319034079739732
0.005298445584286996
0.005296393987302784
0.005358775532924954
0.0053584291302256224
0.005420192569561141
0.005426028629199911
0.005434722501281798
0.005446515746010384
0.005446499142651553
0.0054328162733838226
0.005388769505152917
0.005387000118587957
0.00536029085428866
0.005366129839294645
0.005352808187114651
0.005334904070954068
0.005391547488783487
0.005367568289518046
0.005363071650982482
0.005338501625690878
0.005496898229528416
0.005570908497989942
0.005551087495712234
0.005538797967295216
0.005563235795284341
0.005616069398979042
0.0056217042968543214
0.00544919827638247
0.005400295067192934
0.005325629134391868
0.005304564635476579
0.005321542341534467
0.005358694064056156
0.005353868442177106
0.005313897929444182
0.005317151737296614
0.0053311443127730925
0.005326975844117223
0.005306522248429252
0.005329683328736409
0.005482202559121327
0.005595316498884635
0.004775239920645661
0.004725390579139895
0.004631759933603937
0.004597627964974958
0.004617803842804109
0.004585232141995547
0.0045657081404351695
0.004548124742739284
0.004539434968568558
0.003624777037247181
0.00364648075461331
0.003610251530241873
0.0036164485818265704
0.0036105285775806465
0.0035858016304042084
0.0035896972032773513
0.0035667198610277546
0.0035902710947360353
0.00357017774882707
0.003615550762262532
0.0034162504852732257
0.0033914851839089086
0.003344672313377415
0.0033697055966743802
0.0033483130545072268
0.0030576762275502096
0.003055667882178504
0.0030443188332708614
0.0030456187803556104
0.0030558534006273922
0.0030274673290964
0.0030645459589348904
0.0029197215960124756
0.0027942341475449815
0.003330894391403882
0.003231627016342806
0.004071385025119258
0.00415882999135538
0.004172316855714659
0.004167334061331344
0.004127830921025684
0.004184840116530192
0.004172620633775599
0.0040893789088233025
0.0041281974392005745
0.005428641221621242
0.005424077494158327
0.005508364612968684
0.005432614626251663
0.00551812638470545
0.0053918924523874475
0.005369386035113796
0.0055651027059899815
0.005630582897130904
0.005833605847401755
0.005825514057856853
0.005884527001074857
0.005835136195051887
0.006465636790222643
0.006645230541924003
0.006665003646574059
0.006744634483464753
0.006696941514498232
0.006721646010867762
0.00618297223751325
0.006160382877034429
0.006439141925043911
0.006987808802700064
0.006885567828368653
0.006871744009037959
0.005934521870934059
0.005926206984518064
0.006715620192915101
0.006701370160848091
0.006664551976581621
0.006729827999059188
0.006711907468362418
0.006646906522409697
0.006649648494763264
0.006634927199786549
0.006641533682765747
0.006606795281910783
0.006604084868993393
0.00661991321082482
0.00662963035393379
0.006613766401211953
0.0066152779399999435
0.006521688278761683
0.006498381477723435
0.00648027984011083
0.006369851564532802
0.006350698015447628
0.0063443744387545195
0.006324189411505211
0.006328627895843002
0.00631134435227133
0.006501180305534392
0.006486695559465686
0.006406467373577669
0.006400903874019188
0.006399751536053081
0.006393031604409988
0.006389285897027044
0.006917575249299051
0.00683562333266723
0.006748040099303709
0.006815635540066677
0.0068203110584215175
0.007020873031387514
0.007121308814669741
0.007116568620813573
0.007070105819056614
0.007048703507121068
0.007064609932438956
0.007260593240875768
0.007227843353451784
0.007196760662978319
0.007188694620035887
0.0071021624233705335
0.007074213753726722
0.007071533009680279
0.007014892646916047
0.006898368518149812
0.006877144870947901
0.006927623383222002
0.006908975332316768
0.006877814982726707
0.006883794285708309
0.006902570512688158
0.006885451035819618
0.006709087296631205
0.006680094566801565
0.006645065095409911
0.00662967467226981
0.006615325826923528
0.006658907642742379
0.006654418729447082
0.006672707877297876
0.00667532622362701
0.006658048998194088
0.006650435742718311
0.00665150777639374
0.006601128848051762
0.006606017795745563
0.006564600348699224
0.005835500736044961
0.005870573934998903
0.005868260958676944
0.005854662701480652
0.00583594037053497
0.005801037215724986
0.0057903637969234706
0.00576605612810178
0.005772589025430605
0.0057569320761777605
0.005780969972828784
0.0057749533127151595
0.005757011597328385
0.005745464813814463
0.005734925583380407
0.0057569968611424225
0.0057440061776682
0.00554718889822941
0.005546342680073747
0.005560283125266733
0.005588063976611896
0.005580532924090444
0.005572166377604546
0.005562610579306386
0.005547394274806305
0.0055659543004915055
0.0055634849996278
0.005552825002036794
0.005557588752686583
0.005405462653781178
0.005395579163903186
0.0053873853906537365
0.005355523472659476
0.005331404566320654
0.00524710340002956
0.005110041709124177
0.0051609415515257
0.005138634316490266
0.005363394035369662
0.00535151461655464
0.005343200646091217
0.005333292816923113
0.005340374791317742
0.0052964259306026275
0.005275206854273767
0.005286191713864162
0.00535256552499767
0.005323690339025526
0.005330173659146518
0.0053109432647456874
0.0052976027992452665
0.00525711340495669
0.005265219584707168
0.005258665180050453
0.005238406483284207
0.005259720079355234
0.005232318660425252
0.005218993677207721
0.005163693506774392
0.005157052478829753
0.005142716231482113
0.005130700769285407
0.005139373494866844
0.005157241292222885
0.005166049004988787
0.005185462155664442
0.005180655041270303
0.005156025657791081
0.005162137541363394
0.005154165313602164
0.005141744755220974
0.0051326326785681295
0.005127591609908336
0.0051510776429904105
0.005150174529818746
0.005130117418422531
0.005088348966498921
0.005089406832397721
0.005088435721468714
0.00508186409332917
0.005077741089405209
0.005063251884550689
0.005060672174865352
0.0050558476167707825
0.005051334714452596
0.005016128334489487
0.00501839804623662
0.005009116439120568
0.004952972545704851
0.004955141953829744
0.004943437255671145
0.004937168472360393
0.00492072361879747
0.00493657982997569
0.004931594154369957
0.004919894723927771
0.004910059884700576
0.004921229749253032
0.0049124951767381434
0.004921223460567296
0.004911688895797157
0.004902609844764426
0.004898004400290623
0.004899103502536483
0.004895675931396009
0.004892349219615005
0.004884231732080031
0.004878847530294573
0.004866550525745767
0.0048664035687234364
0.004866087384654394
0.004861419634350274
0.004858481579385186
0.004861370958911111
0.004846497957151304
0.00485485055508891
0.0048460734620326545
0.004868144077749652
0.00487335706801712
0.004867091757508918
0.004858706003912073
0.0048593505497832
0.004837348706345359
0.004824552909679491
0.004835738525600798
0.004816244785196684
0.004820221760903732
0.004784367906611165
0.00479047545215184
0.004791964355793739
0.0047982928918533
0.004775577297134868
0.004781085677489036
0.004756708548375938
0.004763519105650279
0.004750217657397303
0.004742028876132674
0.004738581457223933
0.0046076141577244085
0.004567851713851973
0.0045234101394219
0.0045121765949984365
0.004504032541622709
0.004489154012500419
0.004492943844264968
0.004520267190614238
0.004541184266237256
0.004490441613745917
0.0045433277152555724
0.004539164948010673
0.004538756090022176
0.004537394454281292
0.004519616995508971
0.004531639670518666
0.004526407781553561
0.0044840669280468886
0.0044971141092546695
0.0045476688591493805
0.0045391043083648315
0.005026368318202353
0.005019583952756266
0.005019050659720973
0.005151888795222311
0.0051492418719852285
0.00508438269322847
0.005082267770462331
0.005083339589160607
0.005103958499779366
0.0050913783586529334
0.0050214605221434476
0.005058081875397227
0.005059526483118719
0.004779255850883396
0.004786955499601519
0.00479835864490267
0.004791376964283229
0.004785491572014508
0.004778710362884084
0.004773098834157783
0.004767672642032953
0.004769237538557585
0.004757572277168692
0.004762059050909511
0.004749233461636749
0.004630738682539229
0.004635333297133498
0.004646612199139791
0.004670239557610348
0.004707073845691283
0.004694358065473696
0.004691218395537843
0.00471420030676584
0.004709915988650614
0.004704602022422067
0.004677507254935274
0.004664125094069227
0.0046578275940616694
0.0046988770888922605
0.004681214111348207
0.0046895767486136684
0.004671222080479504
0.00467325640383934
0.0046541610133191144
0.004658635996903314
0.004662147305828079
0.004656993929270947
0.004666257968889531
0.004665080543396807
0.004604373788758666
0.004604092612028607
0.004584669895312875
0.004583471841606841
0.004578555872178642
0.004579210560321364
0.004567132284909148
0.004388375895249038
0.004383079169371872
0.004394033719049358
0.004404869519429896
0.004364599254359376
0.004334621053205719
0.0047442168342376086
0.004715629055961283
0.004684558064630779
0.0046725366592210655
0.004680816431624013
0.004647707605766104
0.004638713126739052
0.0046297091505276295
0.0046379213659236375
0.004631573158691826
0.004393368786125287
0.004383585575751379
0.004427971650104431
0.004060226624451117
0.004055923806647679
0.0040513384938073846
0.004046383625621089
0.004042262170573855
0.004057533839089167
0.004531093988058632
0.004495640549380793
0.0044964985514095975
0.0044914546598603345
0.0044561291846134604
0.004448315240951094
0.004432008939066461
0.00433626255230994
0.004323167920182444
0.00431726804651533
0.004310965354890125
0.004347520825136569
0.004341877810931415
0.004376897887045408
0.004380524495404333
0.004374046245929994
0.004330125518270659
0.004325219784634891
0.004326799631264402
0.0043303229949317405
0.004334025692721235
0.004339806157739896
0.004335952405583953
0.004279184336597245
0.004274915297267401
0.00427062434829547
0.004214545775195904
0.004206507390183327
0.004199961901190851
0.004161889759736765
0.004158704224811281
0.004203829338939126
0.004189331607687894
0.00418190464223333
0.00417591653143155
0.004169600532030755
0.004167891472935578
0.00416891103385828
0.004164590819485168
0.004165903503595954
0.0038549725817361028
0.003837180379354257
0.0038450128860768257
0.0038256716726405016
0.0037946857092057153
0.0037941207710940434
0.0037949315053599744
0.0037851221314151294
0.003780627425438803
0.0037804881859019404
0.0037740363562552425
0.0037571997828944464
0.0037560954065826
0.003754906781181924
0.003754157154893991
0.0037619219446314105
0.0037542035351544848
0.0037544982605894985
0.0037517497426144044
0.0037357764895263345
0.0037296712664152
0.0037263352457654513
0.003705193089103779
0.0037169301740080348
0.003721165193166066
0.00371337143479975
0.003701663797224821
0.003720548566452725
0.003717603333757362
0.0037082866811916216
0.0037048211300319328
0.0037119538008272284
0.0037055757022759154
0.0036977811377706476
0.0036941893859414737
0.0036919856464380104
0.0036876827589948226
0.003678416609644774
0.003673757710423559
0.0036714482184967237
0.0036605715556084907
0.003657523006707695
0.003616015404100861
0.0036282348510080376
0.0036261900841753746
0.0036168051065410575
0.0036472830393621965
0.003644291661350998
0.0036590279597883556
0.003668847638985716
0.0036628573693929145
0.0036383306541595455
0.003640785297915067
0.003636297050872139
0.003641446833766794
0.003642701499524597
0.0036876569646530155
0.0036834634089752856
0.003686222635393549
0.0036794546319520436
0.0036621885313543176
0.003650425902534554
0.0036452718364610383
0.0036409801137638484
0.0036329907610409065
0.003616131104070353
0.003615672550421825
0.0036138177367751973
0.0035902081100952486
0.003566540812383991
0.003564253825347325
0.00355575230940378
0.0035703852534830867
0.003566143804780434
0.0037620385086106793
0.0037552426008519916
0.003744616587915419
0.00373282462614917
0.0037224092404591746
0.0037687578965151223
0.0037607911954264848
0.003756525476579567
0.003754202150051252
