0.06258636713027954
0.042021935437029846
0.025675680211861618
0.02061578977154568
0.015869187123219795
0.013823025136454298
0.028802632536098827
0.02561486678476083
0.02301384469756158
0.020200077683760108
0.018867543109081453
0.0177248772826995
0.01644434792667328
0.01503243809080838
0.014061758635762091
0.013234731348735724
0.012597261744872412
0.011796121520343436
0.011178800994423454
0.0074802894055535155
0.007126531437661883
0.006731568613887524
0.006408475990279309
0.006352398722347062
0.005430453771177432
0.0052146440039080155
0.004838896776789171
0.004676226011889444
0.004506760248940131
0.004351612113088133
0.004291657453201482
0.004141019405220837
0.003487874837854662
0.002291409593330434
0.002094512884752932
0.0021320542564660953
0.0021112007718724485
0.002089653076259662
0.0020020769896120804
0.002013343669033
0.0024064280235647664
0.0022828057233889648
0.0022235250132418786
0.001855564683485987
0.001958517081363981
0.0018812550766993986
0.0018528455773937009
0.0017911878027350734
0.0019925067883605173
0.001988305300078449
0.002023226429964956
0.00191351933964177
0.0018470832325782035
0.0018223686187287653
0.0018142605737929394
0.0017696918549127251
0.001679248555982167
0.0016235316792926069
0.0015825522278836023
0.0013580288363129046
0.0013885132118906368
0.0011303316320541027
0.0009810097682141372
0.000935613076626397
0.000913875137033564
0.0007871211761091648
0.0008151013942665496
-9.643919317726436e-05
-5.31521574982555e-05
6.546057002645341e-05
2.065373871889574e-05
5.2465293455411596e-05
6.521800132820924e-05
-7.99623154004229e-06
-0.0013090452181508648
-0.0013753093442591734
-0.001387608197182415
-0.0013228644795847827
-0.0012916414226395992
-0.0012712245310394557
-0.001254337735176482
-0.0012319233618002837
-0.0012157394328558733
-0.0012014990392639011
-0.0011775712747521532
-0.00096690140328493
-0.0009737348612190994
-0.0008769951326086622
-0.0010547477487686285
-0.0018629936219535367
-0.0018485345677375963
-0.0018375798734009594
-0.002138724173578145
-0.0020990892491945003
-0.0021882717878038225
-0.002011430913726894
-0.002086852195549574
-0.002055765497178788
-0.002047932148641393
-0.002026522867886837
-0.0018383872860969104
-0.001812330344079685
-0.0019723937023063444
-0.0020577283540855456
-0.0019693512496089917
-0.0019463651450376544
-0.0017042681033903702
-0.0012403444081758041
-0.0012539401881337068
-0.001250371496686417
-0.0012354541549350572
-0.001419149185508546
-0.0014051934201947988
-0.0014095493165314104
-0.0023108045267655327
-0.002307351809769478
-0.0019895545544552262
-0.001849875656099747
-0.001629494460278617
-0.00130793377200815
-0.0013195308072469194
-0.0010647292993000773
-0.0010342493993327423
-0.0013350439945406835
-0.0012432183562356251
-0.0012710217850480415
-0.0012514952084696775
-0.0011850649637314163
-0.001220443688815137
-0.0012598168121046164
-0.0012484912203996664
-0.0012531175163404355
-0.001256543105382458
-0.0012453534439390312
-0.001244172262730939
-0.0018023998910729107
-0.0017873471405341593
-0.0017578471353114744
-0.0017287083720134433
-0.0019346770009710877
-0.0019358593421199184
-0.001930911490571053
-0.001957495049438762
-0.0019250338344685084
-0.0016628335038631867
-0.0016533195978725562
-0.0012983231534625748
-0.0013030695210115338
-0.0012931531533392137
-0.0012732260343135751
-0.0012690812166220818
-0.0011967103454246014
-0.0011306834335285897
-0.001122247626128756
-0.001179871549496534
-0.0011463540305102914
-0.0011457944794249703
-0.001317687401595882
-0.0013379124154695885
-0.0014517183188497667
-0.0013980703720096836
-0.0017045351343776202
-0.0016875600389714303
-0.0016918070954364916
-0.0016780117449461175
-0.0015854555501383417
-0.0015721691134783235
-0.0015825008425110472
-0.0016558628126604696
-0.001603899725942507
-0.0015899644696195387
-0.0014383912072983708
-0.0014459285237407304
-0.0014400941906452705
-0.0009065450683710772
-0.0010823464459080326
-0.001074962219967234
-0.0010783749298206601
-0.0010351757248561926
-0.001042921660921654
-0.0010494492299413139
-0.0007429050583136388
-0.0007328234257326839
6.23389385128653e-05
-8.242344871368586e-05
4.5985592169747646e-05
4.7403118240380235e-05
7.698353104426464e-05
8.379790221600814e-05
0.00011631245383939226
7.79888207074941e-05
1.9423923473661127e-05
8.437203498206835e-05
6.46552422051922e-05
7.136998869569053e-05
7.363850166137176e-05
0.00010446888545561047
7.331505670932998e-05
8.340486488691598e-05
0.00013292268247946015
-2.611625133551877e-06
-1.3877897579176377e-05
-1.81946837232332e-05
-1.9445727552809073e-05
-3.090638449962538e-05
-5.955195036041822e-05
-0.0003179173124021432
-0.0001394954732800582
-0.0001632163407510317
-0.0001754763805363497
-0.00016136411511202996
-0.0001304073029646792
-0.00013461375236585148
-0.00012356046662674502
-0.00015508072543100182
-0.00023638521769255645
-0.00025213769660190267
-0.0003501314375318631
-0.00032521433905685594
-0.0003935869339590978
-0.00039184592432636066
-0.0004153325793250654
-0.00041560296394546186
-0.00041563045760893924
-0.0004115968673719516
-0.00041222737266829725
-0.0008718000252068182
-0.0008872695406458403
-0.0009077914120879261
-0.0010905091861406844
-0.0010840280154578237
-0.0011136066916469446
-0.0011033755257935456
-0.0011074481064797313
-0.001102931074721085
-0.0012953144527424831
-0.0012943333756166187
-0.0013111943030070653
-0.0013076117236806794
-0.0013007338046988266
-0.0013966158255895556
-0.0014008302860796823
-0.0013916613082057268
-0.001389535751590933
-0.0013798847514169949
-0.0013744461007051735
-0.0013680717002016762
-0.0013496701544983198
-0.0013448584138559458
-0.001417848617650515
-0.001375634661457522
-0.0013529793196591815
-0.0012242375604590442
-0.0011928096982590471
-0.0011963868485649347
-0.0011589027326222754
-0.0014028204382218823
-0.0012819257821185016
-0.0011936159798333046
-0.0010471932326984357
-0.001043333440325392
-0.0010305508086948568
-0.0008559510895984419
-0.0008768067495892411
-0.0008377258841930702
-0.0008938141642551969
-0.0009023031012337826
-0.000905084701832653
-0.000876076070484387
-0.0008997794121423336
-0.0008887579694679889
-0.0008858666551557221
-0.0008505623982364685
-0.0008134553626479675
-0.0008479965038464558
-0.0008265658827386182
-0.0008589820310823784
-0.0008480803981905986
-0.0008397723496687256
-0.0008336470039934507
-0.0008162787869528311
-0.0008129727825247888
-0.0008191363314706365
-0.0008330540194939421
-0.001085870464791087
-0.001072527398043321
-0.001048713502366955
-0.0010578252674143518
-0.0010427821687032746
-0.0008678376625969136
-0.0008808456631723639
-0.0008436922024606743
-0.0008759004047395725
-0.0008888016346869126
-0.0008882066515486965
-0.0008867813814913009
-0.0008345054945132103
-0.0008355026857278246
-0.0007939182691939102
-0.0007899418614724535
-0.0007899986683249414
-0.0007944989846423257
-0.0007904066413102023
-0.00073929918013149
-0.0007340122045027143
-0.0007056841153824624
-0.0006503700297147678
-0.0006919608056898125
-0.0006831685204602889
-0.0006840884948221425
-0.0006852984502213306
-0.0006827549926996365
-0.0006793883262030345
-0.0007031856087660497
-0.0006294215428778727
-0.000600359359769649
-0.0007235940745610195
-0.0006254805281811083
-0.0005702175852569276
-0.00015480052280152047
-0.00014675935846784563
0.00027430496105731734
0.0002464104767951802
0.0002482148079413414
0.00025206912820985165
0.0002542967972234356
0.00025677075063659923
0.00025878937375675807
0.00026615716267177416
0.0002357252209874785
0.00022894884281514683
0.00022863320536411515
0.00023022544794702648
0.00022566366819773903
0.00022623056476875407
0.00022387618483954061
0.00021492920314778038
0.00022285333867869524
0.00022360541055511005
0.00022302745189010375
-0.0006856419208118008
-0.0008182942559884435
-0.0008179099841938335
-0.0008436601567253733
-0.0007985629088946724
-0.0007908468117359266
-0.0007884055883298706
-0.0008045046637071112
-0.0008015561694232286
-0.0008030579661892964
-0.0007966053442300148
-0.0008539503406312008
-0.0008660892209144233
-0.0008417446266314951
-0.0008459230350268542
-0.0006866601678295816
-0.0006756426978877988
-0.0005846746322007086
-0.0005806616315080908
-0.000580252131766407
-0.0006095968480806777
-0.0007129823112335211
-0.0006891646806890944
-0.000696152687546664
-0.0006515768403078812
-0.0006250769793828233
-0.0006240284967706509
-0.0006184295059779482
-0.0006210502203276602
-0.0006653084925669152
-0.0006650813999360056
-0.0006624741990689317
-0.0006569112483915857
-0.0006797863957490344
-0.0006768153074767975
-0.0006764032839400519
-0.0006750428114595974
-0.0006830000955510292
-0.0006867434994157863
-0.0006898274941459912
-0.0006885330532713621
-0.0006865064438611977
-0.0006756468092910721
-0.0006747232221671289
-0.0006875463818257422
-0.0006893725356000039
-0.0007044782190146374
-0.0006970608446693979
-0.000706220508736923
-0.0007073802387751131
-0.0007045414422481499
-0.0007291296625120805
-0.0007333729265016204
-0.0007313656232217686
-0.0006971720917097938
-0.0007284515460473854
-0.0007322852151687661
-0.0007418403367522905
-0.0006760092767052592
-0.0006151417691236662
-0.0006122975141620178
-0.0006108149860574042
-0.0006201832195478632
-0.0005776610712810342
-0.0005746927501594587
-0.0005434681617242793
-0.0005822934465252104
-0.0005715948446863095
-0.0005724952182961767
-0.0005618856129172893
-0.0005538764612466479
-0.0005663298895070489
-0.0005641656081230259
-0.000576401148595302
-0.0005657401686299039
-0.0005632520037737657
-0.0005638477533704616
-0.0005704006025417441
-0.0005751123486393665
-0.0005763542483625825
-0.0005744878068061866
-0.0005908911052579217
-0.0005890538930619853
-0.0006015177769388502
-0.0006002821088155686
-0.0006594431125067451
-0.000635287978462194
-0.0006359253501288729
-0.0007360721653846441
-0.000737231143454144
-0.0007335666895118972
-0.0007131917385284794
-0.0007121707307204139
-0.0007088106018351223
-0.0007135649232872392
-0.0007109075317763847
-0.000694612725767488
-0.000687829229923358
-0.0006775970983297123
-0.0006835264630864214
-0.0006772781936977866
-0.0006698574823332978
-0.0006671953680819502
-0.0006428210854634289
-0.0006415502775510432
-0.0006496017208768585
-0.0006461596441640037
-0.000640023267817748
-0.0006379742331991016
-0.000634821535937034
-0.0006295922205999611
-0.0006266465498358425
-0.0005011894630807565
-0.0004872914947509851
-0.0004811625798385871
-0.0004773309595326385
-0.0004771291256831255
-0.00047962778603802584
-0.0004771128357724007
-0.00047549057448677224
-0.00047233892700278534
-0.0004633003392099742
-0.0004339445780659467
-0.00034765931516103074
-0.000389136037129949
-0.00035108667657563457
-0.0003442383871662361
-0.00035234322752384983
-0.0003789354005632171
-0.0004135759322808982
-0.00041072847561187016
-0.0004088899737844052
-0.0003739437362346014
-0.00037412593718440143
-0.00036246305469347635
-0.0003636005070858893
-0.0003688003565751595
-0.0003741705990310737
-0.0003778383270528713
-0.0003712782122103612
-0.00031986612819647636
-0.0003164977711023646
-0.0003251759341538709
-0.0003410002818102461
-0.0003425573276093178
-0.00034111787820179833
-0.0003251395650957865
-0.0003068573735656108
-0.00032168839458317645
-0.00032295659316110373
-0.0003151792806567383
-0.0003134874395940976
-0.00031237981783249156
-0.0003099138396469295
-0.00031761134192674634
-0.00034367515826455786
-0.00034546744060695534
-0.00033683635948666713
-0.0003259739637846911
-0.00032765538977362797
-0.00031970929399945705
-0.0003224919479305915
-0.00033836224618142793
-0.0003362573775017285
-0.00033540654805445556
-0.00028344483957360415
-0.0002833928041860516
-0.0002797671089904039
-0.0003103678895642736
-0.000319183275126177
-0.000318823506316957
-0.0003889351796400662
-0.0003890689794037661
-0.000709134059446212
-0.0007138986567380134
-0.0007125439919246807
-0.0007070293432292269
-0.0007060462593939058
-0.0009566641336815657
-0.0009607826623493698
-0.000957441240484688
-0.0009581800705179952
-0.0009700514660570638
-0.0009662265773186808
-0.0009388115925450639
-0.0009322996600343797
-0.0009349764263904804
-0.0009314258415232684
-0.0009302368573438597
-0.000983365347635065
-0.0009828001440227937
-0.0009807487031544583
-0.0009229642064396148
-0.0013589732113075043
-0.0013222737044108236
-0.0013183921774590963
-0.0013154076282089122
-0.001319221982170692
-0.0012972011827223975
-0.0012973018509218831
-0.0012965949119970869
-0.0012942133020855814
-0.0012851880964883918
-0.001240193171807991
-0.001238080545388521
-0.0012559426843431398
-0.0012548133250707529
-0.0012485271775156152
-0.001258830386714594
-0.0012755475917118702
-0.001246941497835652
-0.0012485791300813392
-0.0012410602857544587
-0.0012420029422145007
-0.0012337191432320064
-0.0011957522120448053
-0.0011303305378825542
-0.001137906825912404
-0.0011360411096944748
-0.0011322161407322894
-0.0011410185661665784
-0.0011384750088645453
-0.0011819841038856848
-0.0011801921330069358
-0.00117636390354439
-0.0010770474225305741
-0.0010738587747055877
-0.0010749739828233163
-0.0010708782850722286
-0.001115374093827018
-0.00110655009278351
-0.001093781288707373
-0.001094553050550052
-0.0010926988383016581
-0.0010906086366584905
-0.0010905817893374155
-0.0010977403990508718
-0.0010959216632423527
-0.0010917256884548307
-0.0010852028080813735
-0.0010883467040324008
-0.0010880686023053792
-0.0010734295234718903
-0.001072682601195791
-0.0010867422899188475
-0.0010825414763114705
-0.0010842081017230017
-0.0010781619265778392
-0.001066799328578643
-0.0010643602982776503
-0.0010581964335506665
-0.0010675980324351298
-0.0010649376344835763
-0.0010623003550083642
-0.0010589865627790864
-0.001056115384824219
-0.0011026067908666475
-0.0011095688297623257
-0.0010951008298657903
-0.0010954208270143075
-0.0007416420508912553
-0.0007562277376237913
-0.0007688477346494816
-0.0007685905390001967
-0.0007696841636558962
-0.0007708763496410265
-0.0007698166588450835
-0.0007575835749648479
-0.0007493285543112095
-0.000753531807572733
-0.0007439042732138655
-0.0007436732704522613
-0.0007550040228796758
-0.0007782284602669057
-0.0007767061200516836
-0.000779246066379439
-0.0007928370223405562
-0.0007626503326387783
-0.0008338408442073754
-0.0008869344707072339
-0.0008848664632048439
-0.0008572705559192647
-0.0008621677197861551
-0.000860345484803475
-0.0008528174799389481
-0.0008521305444341465
-0.0008501108975332169
-0.0008425161831067656
-0.0008358012965450221
-0.0008308190538793009
-0.0008267412404263095
-0.000823975161035621
-0.0008233517192094141
-0.0008270449042861513
-0.0008259639427413698
-0.000824028878719326
-0.000665796177344459
-0.0006128139776319874
-0.0006150974372513222
-0.0006119276347830988
-0.0006095997752657378
-0.0006058830314095041
-0.0005877389992966951
-0.0006233085996170358
-0.0006228399563852575
-0.0006211961625521089
-0.0006213622110604124
-0.0006109167502083825
-0.0006112979828192419
-0.00058051566843977
-0.0005811259561914024
-0.0005794560695971339
-0.0005854812827570835
-0.0006078812091297159
-0.0006652539117017645
-0.0006657118157615534
-0.0006577811403316158
-0.0006618606602009989
-0.0006603250842458974
-0.0006532229737559775
-0.0006251442553646496
-0.0006244625779387901
-0.0006253781117380422
-0.0006131232586362346
-0.0006141098991693022
-0.0006136414653182549
-0.000614155228431887
-0.0006469623925889004
-0.0006392028073914445
-0.000590136660785725
-0.0005812748972407658
-0.000567042735402021
-0.0005435188557513993
-0.0005454114361226764
-0.0005493645662638239
-0.0005524374183793612
-0.0005565270945949789
-0.0005695347351460361
-0.0005666087681765269
-0.000566447745826958
-0.000580485075787522
-0.0005820856707576334
-0.0005822162963499717
-0.0005766400874254569
-0.0005609616172867253
-0.0005332272513297191
-0.000535730879374334
-0.0005362036461843962
-0.0005469461655577006
-0.000543884934909586
-0.0005902257374082109
-0.0005918945963227778
-0.0006086617723580442
-0.0006157402532693168
-0.0006191635638117537
-0.0006145138636178706
-0.0005782482169515898
-0.0005792711168544321
-0.0005953666398776093
-0.0006009540943033689
-0.000604783858503805
-0.0006220495473975736
-0.0006209677642743187
-0.000632451856626957
-0.0006454065707754988
-0.0006504863294299961
-0.0006520806466310881
-0.0006572842154491689
-0.000662695836379973
-0.0006626066573496065
-0.0006412436734233638
-0.0006395550096317469
-0.0005979552629287745
-0.0006224859405945973
-0.0006207454837291623
-0.0006365731519131337
-0.0006482190823026875
-0.000664355580147585
-0.000656851354241895
-0.0006649758219362486
-0.0006639890417602452
-0.0006283322777842618
-0.0006277432406695563
-0.0006346321493925527
-0.0006273175219031624
-0.0006606114494089138
-0.0006556013850442834
-0.0006575037811527704
-0.000660077546189788
-0.0006741772643435765
-0.0006662240967590966
-0.0006677148249062633
-0.0006727583238521367
-0.0006701536000838101
-0.0006713800437888955
-0.0006628745238685962
-0.0006604124425346385
-0.000665952960606318
-0.0006655022838000726
-0.0006521261493258203
-0.000655947756991073
-0.000657637026457907
-0.000672324498715912
-0.0006488642618771481
-0.000649167369677749
-0.0006419470456142137
-0.0006477573039569273
-0.0006493012232478468
-0.0006426098103969111
-0.0006395728282093539
-0.0006421736968541333
-0.0006471881116695944
-0.0006149775188671988
-0.0006110293925794164
-0.0006108070868177147
-0.0006063292895822727
-0.0006113015297432998
-0.0006063424486736922
-0.0006023961199948775
-0.0006019828231118648
-0.0006062003462540606
-0.0005915971513238931
-0.0005897426183973696
-0.0006182262351153956
-0.0006162687975862892
-0.0006087027608171154
-0.0006018660405008695
-0.0005994975794192167
-0.0005981218723857283
-0.0005980308585909009
-0.000581521698103505
-0.0005802046577047433
-0.0005838838015021267
-0.0005859539261441142
-0.0005497807749844768
-0.0005470327300490682
-0.0005465301103954051
-0.0005488393913851148
-0.0005477168846328045
-0.0005444209891612971
-0.0005392243856508852
-0.0005183464389077381
-0.0005223858518960205
-0.0004990840026505571
-0.0004974951367991813
-0.0005123648468206858
-0.0005138420806508128
-0.0005361371596277189
-0.0005566096446673228
-0.0005382538476952461
-0.0005540601936743466
-0.0005597467869492653
-0.0005590553529115495
-0.0005657214821271265
-0.0005441982490919132
-0.0005424058629462264
-0.0005517339141566237
-0.0005511507132366797
-0.0006175519853499638
-0.0006493160295691935
-0.0006128893934436378
-0.0006264309779612053
-0.0005752440052361737
-0.0006278417034220358
-0.0006255944501904337
-0.0006143721401977564
-0.0006047341496342401
-0.0006033865922009114
-0.0006054935618710085
-0.0006052464895363723
-0.0006047299583724581
-0.000605215613198256
-0.0006016012640511974
-0.0006004884949120747
-0.000560257403106494
-0.0005585739930318717
-0.0005560425246291441
-0.0005647877219375215
-0.0005700050606240055
-0.0005676670162531217
-0.0005712196914442803
-0.0005630101712454454
-0.0005749526929051438
-0.0005682632396297847
-0.0005663735046549724
-0.0005658111331888038
-0.0005619917690992876
-0.0006191604581566515
-0.0006237000150256432
-0.0006315678591893126
-0.0006341949513419834
-0.000637664005346868
-0.0006352103824091203
-0.0006326322320121972
-0.0006300023112324007
-0.0006493847631784178
-0.0006492863453262762
-0.0006618623749003807
-0.0006613366592262096
-0.0006601167020055927
-0.0006595904033654514
-0.0007119324711874143
-0.0007055859766253007
-0.0007061602379241883
-0.0007036265335427953
-0.0007037574150283069
-0.0007455249022489466
-0.0007420761442550378
-0.0007572530227381498
-0.0007585773215878881
-0.0007573679744830214
-0.0007711240110598084
-0.0007678277021138943
-0.0007678857441057176
-0.0007672213365592231
-0.0007680996632525872
-0.0007485993394865539
-0.0007478261943857414
-0.0007507880143100746
-0.0007518262276571641
-0.0007508285887811311
-0.0007513025315458678
-0.0007515055933358945
-0.0007548416023869049
-0.0007493594381914887
-0.0007517666000219402
-0.0007493635595192114
-0.0007403188944141222
-0.000738463774460987
-0.0007377167694992288
-0.0007348670914637733
-0.0007457768883736346
-0.0007431955257041662
-0.0007204350938957645
-0.0007303487130146206
-0.0007257339969573591
-0.0007255514637570212
-0.0007284544815646201
-0.0007300487673905902
-0.000761122807164888
-0.0007608145422133167
-0.0007945263686122581
-0.0007898469397138597
-0.0007879252717268218
-0.0007860197195759009
-0.0007935476857842228
-0.0007918510827444514
-0.0007901747736083512
-0.0008153937481742363
-0.0008160677002566167
-0.00082661563210458
-0.0008188967599210122
-0.0008154811667241876
-0.0008102850275125553
-0.0008112881415208572
-0.000808239963995919
-0.0008078450330962897
-0.000805572964584456
-0.0008060235811219893
-0.0008308066668785255
-0.0008363352342643404
-0.0008468596577871692
-0.0008455698769422077
-0.0008138440639486474
-0.000775055528859545
-0.0007779605128657505
-0.0007823619159264623
-0.0007831266099230464
-0.0008912880354945649
-0.0009257310950883176
-0.0009206195906782859
-0.0009215936046426172
-0.0009263751853153411
-0.0009302090329332763
-0.0008572130143815195
-0.0008661917882105068
-0.0008656506740944569
-0.0008659573887329845
-0.0008591413220872463
-0.0008618120577133691
-0.0008604247374650435
-0.0008546646586663138
-0.0008539313923805835
-0.0008549721934584375
-0.0008540049735913997
-0.0008570056787436502
-0.0008546599642366273
-0.0008318891231280071
-0.0008221549344263768
-0.0008248738050005335
-0.0008203565305215484
-0.00082222368543074
-0.0008001229022085801
-0.0007997530639420297
-0.0008015986807996278
-0.0007974408786025934
-0.0008128366747241235
-0.0008018028402077836
-0.000787454326578602
-0.0007965620708494158
-0.0007682436458665298
-0.0007610989742835988
-0.0007592201004923255
-0.0007594240188667301
-0.000790821364727312
-0.0007753557129157931
-0.0007707300767280582
-0.0007669489815432429
-0.0007667581187962776
-0.0007664823052424084
-0.0007641904264235231
-0.0007605102879507003
-0.0007608168146634193
-0.0007757148729105462
-0.0007799117675203724
-0.000780216642452495
-0.000779070780423413
-0.0007782412236350943
-0.0007755296534381755
-0.0007743398916962292
-0.0007714026061803894
-0.0007689210993646324
-0.0007752059986170878
-0.0007787766950594316
-0.0007790869222639064
-0.000790030843551642
-0.0007825873631742916
-0.0007814112120581349
-0.0007796796360152425
-0.0007804811164120431
-0.0007811715874542534
-0.0007831311711704026
-0.0007847452995435645
-0.0007792010322837327
-0.0007716467144346982
-0.0007660087779741435
-0.0007600166031414123
-0.0007594772756404522
-0.0007687775574138374
-0.0007624888011432305
-0.0007589038151443834
-0.0007496056613176404
-0.0007625603451272801
-0.0007551342248092548
-0.0007551155047769291
-0.0007220485871741167
-0.000776790663153011
-0.0007757015757480637
-0.0007747289783211656
-0.0007770495473971478
-0.000781820754632638
-0.0007754386728820261
-0.0007758872148535339
-0.0007749120364127958
-0.0007767364127474888
-0.0007811483452538821
-0.0007796273198525983
-0.0007466148278722053
-0.0007668147120045896
-0.0007632992474470578
