-0.04262809827923775
0.00180150071779887
0.009376982226967812
0.007712345384061337
0.039718890407433115
0.047369303846997876
0.06930103932972997
0.061488327544389494
0.07750326141249389
0.1289086860646917
0.117119476723019
0.10742781524403162
0.09911773345499698
0.09763007503934205
0.09149769335635939
0.08598856984035058
0.07971958904009727
0.07720216407783723
0.07582334433682264
0.0727753479122406
0.06998730345036498
0.06576681343595621
0.07235365372616799
0.08300524961203339
0.0799944906567152
0.07722677224902093
0.07714716441530203
0.0745716948254869
0.0740829865448177
0.07164506009599615
0.06958240546373418
0.06737608677764056
0.08007309071527904
0.07905338279503797
0.08469640505629489
0.08104137291603195
0.08325589154724425
0.08398556022140652
0.0813952200638596
0.07914056942979919
0.07644862385045383
0.07467993675070533
0.07239318530297499
0.0704243554138682
0.06594098781731547
0.06446016363135758
0.06344418531565074
0.06715317155301039
0.06586028015473858
0.0648426985865751
0.06350744673489736
0.06186375071356108
0.060279776206395276
0.05961691835598851
0.05923624287035116
0.05833609910526623
0.05740148805539476
0.05523046093669293
0.05426213256820724
0.051828989604503266
0.050760617522868284
0.04991795737407213
0.04904716354030823
0.04825222372399785
0.04787839944015792
0.047184843926190094
0.045780964820604654
0.045263758032123784
0.0456368536505449
0.045696492052741976
0.04524328854070821
0.044365261332131915
0.04358954538396131
0.04308202579151838
0.0427359674864228
0.041941940247734344
0.042209694826175474
0.041651655054839816
0.04166834514617221
0.040702506274640275
0.042170818550114675
0.042928048753157165
0.0425255590719947
0.04165144499856979
0.04134795089864151
0.041427818850892466
0.041034663007435905
0.04002076839070684
0.04133525175792683
0.04094294939256673
0.04134290881642221
0.041086487107790046
0.040643145695596225
0.04052206437520095
0.04082296869091806
0.03999752385095338
0.038987628800784976
0.03856396314692731
0.03891494811396115
0.03863188973743248
0.0385481299656699
0.03801438473594529
0.03772327535709618
0.03731890081184075
0.037213654062965514
0.03706387672290451
0.03660689378739336
0.03667373020402712
0.035909939369991095
0.035517464088787844
0.035192826086131404
0.035236536390230534
0.03488635860501969
0.03459209241074228
0.03397373134242212
0.03472746276738458
0.03449829413764717
0.03388486851198491
0.03358625060354827
0.03324871924455657
0.03289090942870065
0.03240073505671682
0.03213431105682358
0.03184145115036519
0.031428427048330584
0.03156436285770346
0.0300781036321496
0.029819587075021574
0.029598320581806992
0.029226135425198536
0.028862727514933822
0.028400728512289294
0.02836618161544818
0.02804711318781809
0.0276945164163515
0.027538264080215896
0.02721511424633852
0.026873976586842194
0.02665209997545132
0.026438319183727552
0.026270057743703838
0.026697640965034936
0.02655544086398249
0.026636767936549333
0.026404476405618965
0.026229289962219564
0.026045106211362575
0.026012742190290535
0.025877797434416927
0.026012777398642637
0.02582354105145084
0.025605402836649166
0.025402698380110635
0.025414862692536386
0.025224201863285365
0.02506260626807004
0.02494449432072809
0.024761985514441864
0.02461332605016653
0.024086128649886095
0.023975450305532636
0.023337513106972272
0.02303777199107928
0.02357314328493721
0.023354790651755625
0.02307670219511375
0.022860234499343553
0.0224442101378523
0.022336510931799097
0.022200269625952472
0.02197851162799094
0.022036674934455523
0.022361245928278695
0.022205965648006126
0.022066689166504984
0.0218026285877946
0.021798211281983126
0.02156505181828733
0.02146307583768956
0.021403808891515958
0.021130227231789016
0.0210511845783356
0.02093525317057198
0.020875541620409572
0.02077532143542363
0.020715198873039235
0.020656233871395282
0.02026814297235832
0.0202441409720402
0.020557699959081504
0.020408579691623647
0.02024852915864843
0.02013233789607652
0.02012816919491459
0.01994812164256083
0.019933541269906735
0.019759650744328443
0.019685549694277233
0.019614639494102446
0.019532424460318106
0.01953744799092338
0.019361359046616136
0.01902649775558316
0.018678347904962013
0.018732428091840406
0.017069214039396697
0.016985543349829435
0.016879708359116005
0.01680698889873124
0.01683123949286197
0.016770274263591383
0.016663095972308355
0.01671856815141199
0.016616078474298985
0.016519622094131558
0.01644516195608346
0.016393499941257505
0.016364095576286115
0.01637957782421092
0.016300538789725347
0.016236249797952337
0.016217251345849358
0.016208915738388896
0.016179137258893913
0.016239436545236182
0.016180883680720553
0.01618633450115132
0.016113910828127347
0.016012120342044075
0.016178826085852208
0.016092417687418516
0.01604099601483204
0.016020132310322333
0.01605985805273373
0.015327627188526094
0.015233071226202237
0.015147214454105674
0.015095435032254734
0.015036246223219984
0.014931757246526697
0.014867534612503662
0.015058020518569533
0.01503917648715586
0.014191708278281583
0.014079506537163396
0.013975469423561676
0.01407258777908283
0.01404451434084413
0.013778622511541475
0.013716219526212815
0.013686973992171555
0.013661859445448735
0.013534819346799442
0.01342319133120827
0.013347056456723301
0.013326657800763083
0.013267958926374473
0.013366531062660867
0.013320973798265471
0.013243264488124747
0.013324850453694805
0.013263155158897762
0.013226604588095204
0.013189916672703446
0.013137143607036026
0.013059989515428649
0.013059732195992487
0.01305456496329397
0.013001677888678393
0.012957198585502164
0.012968163847236777
0.012656937007691662
0.012599581514993335
0.01254024939082394
0.012712832540062774
0.012724512286731366
0.01272142830571971
0.013160067613572086
0.013137735489414942
0.013120111094388345
0.013069551434584216
0.013018455779033489
0.01302105021924535
0.01299384264581788
0.013378326938824625
0.013374750257205244
0.013319823007906153
0.013316889889465779
0.013312358852146705
0.01326350768195158
0.013135941083381935
0.01314825961607073
0.013099430582516189
0.013047987834147923
0.01293924254443138
0.0129414774931776
0.0128967417494883
0.01281143159554558
0.012852038303099106
0.012801011689831084
0.012751902001528283
0.012746732772374831
0.012635759719495052
0.012587418724481228
0.012972318816620374
0.012930042421803975
0.012911561485429067
0.0128518489275533
0.012805746807510242
0.012543577161169134
0.012496405721508497
0.012469249231589827
0.012439507408350096
0.012427840593348569
0.012407959804408213
0.012381330695189097
0.012333574842565708
0.012186109730743931
0.01216029984652778
0.012071559611926252
0.012108137819613044
0.012100136357423746
0.01202023622623349
0.012030320706365347
0.01198037416380302
0.01194506069363682
0.011842854778234789
0.011843058679873513
0.01182234574005248
0.011753519777622883
0.011712864523908515
0.011540179831754035
0.011468667880033182
0.011437326343121957
0.01142351460718298
0.011398990449336021
0.01149043080559863
0.011438204996252798
0.01140886455207639
0.01150264932790736
0.01147150632978774
0.011471249832878293
0.01148981440361917
0.011464935999137582
0.011549113936486086
0.011735086465238995
0.011704206526638734
0.011668719677604808
0.011672137590607498
0.011599401795544778
0.011556379864239057
0.010674314807639421
0.010029567360281447
0.010055338635361875
0.009996185238225248
0.009975045388619907
0.009980140655908305
0.010003945467332746
0.009995178252332461
0.009987645080894201
0.008562079165211256
0.008520233761804625
0.008567585309300255
0.008418340956846461
0.008459005892977168
0.008441260801796356
0.00840289168651077
0.008383945543410484
0.008360551228051431
0.008289006662556926
0.008255132421039386
0.008237559266495163
0.008471070931284984
0.008454247781929257
0.008406557104884076
0.008354038557711507
0.008576967319145326
0.008594094204828812
0.008598211122673671
0.008563019411581552
0.00852771618100876
0.008538936241028357
0.008510804123261554
0.008895494381809466
0.008885135000057094
0.008908061526558734
0.008626526403381882
0.008595337135316855
0.008546590410360998
0.008455905964990481
0.008394595885893443
0.008583866310310046
0.008513615659818055
0.008517608260426418
0.008416379874174118
0.008409117346659417
0.008383801963865347
0.00836209674740157
0.008349817677153629
0.008307845157758684
0.008272140291713493
0.008260408547177115
0.008379854756568234
0.008224316030082491
0.008233350212097954
0.008233887121909133
0.008205577491667905
0.008192784304563801
0.008206662082712441
0.008148744284476149
0.008081672251101887
0.008053590906837497
0.008055339617064733
0.008011650518690945
0.0079806336839633
0.008006837679287063
0.008003387392070214
0.007939073976408804
0.00790216397803133
0.007981263509453244
0.007980306801853498
0.007919232699187283
0.007884168763683985
0.007853267527226471
0.007740675564841676
0.007690262059455923
0.00767470041754227
0.0076225742434899366
0.007629104443963857
0.007615231097124308
0.007555588923221676
0.007560199002590674
0.007591479196852131
0.007559122528075296
0.0075850989046766125
0.007582703380122488
0.007564579979684014
0.007549225511217644
0.0075124532888532335
0.00750466564699507
0.007309454077540274
0.007261290332093797
0.007304226091749828
0.0072977024239744325
0.007246775508191616
0.007168935663345472
0.007119234128952354
0.0072022952934190886
0.007219677738677192
0.007211149000021177
0.007085146428746752
0.007083782871656231
0.007074415580087982
0.007677256499076835
0.0076877020509160945
0.007667495612769859
0.007668610373916061
0.007634267491409718
0.007615731656994246
0.007575329353185897
0.0075486704360797525
0.007528491396862778
0.0075328887968022055
0.007536517630609113
0.007525864723945424
0.007524464019348373
0.007612148565665567
0.007643434665052156
0.007612165463085167
0.0076346413012778865
0.0076028264634645645
0.0076134049613102595
0.0076195317408819544
0.007610978999015826
0.007624274527860958
0.007612704437709779
0.007587628169888807
0.007525489643876712
0.0075287613684849935
0.0075604426313318485
0.007532217943375734
0.007529659883837905
0.007536830800700421
0.00752911442121462
0.007469599533990436
0.007393673521471813
0.007412187720934735
0.007407994693464644
0.007410151190397673
0.007437920412359297
0.007422361475412215
0.007458409145070641
0.007434595736162644
0.0074450535585073715
0.0074569862259053375
0.007479722808188735
0.007410835799956077
0.007432351299276471
0.007432872964825947
0.007416624220391594
0.007391748868777284
0.007331770610133239
0.007275458673416686
0.007240752354414103
0.007159154489049745
0.0071321609820936376
0.007074058139809009
0.007032319602900972
0.006993703969226987
0.007060380387878587
0.007041470134538487
0.0068962871025885575
0.006884260879114275
0.006876807495357145
0.0068709660618039865
0.006895019393650693
0.0069070346150605704
0.006908289167676965
0.006896574751870224
0.006882405667639501
0.006805386420411159
0.006773947368887474
0.0067859350978365755
0.005767311235013908
0.005714122518755856
0.0057191838428269455
0.005717471092297773
0.005738598481447849
0.005714052581977331
0.005736460523662754
0.005733933613411962
0.005720243826440816
0.005704877197479549
0.005678023720458239
0.005660201787373918
0.005667701947645439
0.005670574405907869
0.005660864191820089
0.005652056559187326
0.005576206044751855
0.005566650007531817
0.005535779274746255
0.005539412546889199
0.0055526901839659856
0.005530539741432602
0.005519787468513308
0.005525095973768865
0.005527128683460814
0.0055101279364052165
0.0054822820069745015
0.00548417663599864
0.00547366517953403
0.005463818873662086
0.00541834629073672
0.0054272627395162325
0.00543514755888904
0.0054641526336798385
0.005445331827802369
0.005416675779685779
0.005431464399707484
0.005419511614397196
0.005377860433383984
0.005384823529905119
0.0053731353005674574
0.005397506310792095
0.005343302597359113
0.005330533934527563
0.005332952518317267
0.005314882693550828
0.005301711001904803
0.005316178772722248
0.005354468337703906
0.00535110410064368
0.005346924154816762
0.005334926037297312
0.005310576182121872
0.005323081256968378
0.0053109135472703085
0.005289065994619359
0.0052856634855478766
0.0052431965908083635
0.005217333147134535
0.005178254952674974
0.005161409852349669
0.0052018434672660915
0.005175906457395642
0.005210934457294706
0.005235494040340146
0.005246731107146873
0.0052053010275953035
0.005198061245381895
0.005179694089072664
0.005187044930072056
0.005202799863495058
0.005168541055055485
0.005181477215005337
0.005186250237288594
0.005174787946936296
0.005143301690501781
0.005107068745132702
0.005096542324477874
0.005095055095533258
0.005094443407412372
0.005183648209911117
0.00518868179498517
0.0052462850679694095
0.004889986141949378
0.004877974187851271
0.004864824791896906
0.004905091613491483
0.004887656745077812
0.004880905872078683
0.004871474897696755
0.00485112901750528
0.004830348303325341
0.005029924501622672
0.0050338182847383265
0.005006603932915397
0.0050083119491671
0.00500520545747071
0.005017107774292409
0.005008790300601987
0.005011891933673513
0.005012171877338549
0.005005010075809711
0.005370455598873619
0.0052600553235664545
0.005272806211372292
0.005263764550562924
0.00531814483265306
0.005340258664949066
0.0053417554657288705
0.005334957946799378
0.005360718230248471
0.005350272021493059
0.004163838229625514
0.004180751909921708
0.004187155533561017
0.004208534799931836
0.0042084269164075205
0.0042618486353762286
0.0043956619940350855
0.00438571697347656
0.004368972458155613
0.004343716086389605
0.004329507739033577
0.004343272392720844
0.004351251242412014
0.004494754696788728
0.00448174768533166
0.004458581284925008
0.00446461595113622
0.0044404646322860584
0.004429415626587335
0.004504315664789603
0.004505304393240338
0.004487978341575392
0.004471588847694641
0.004491677870784325
0.004521210010448973
0.004526035463828006
0.0045085453093524205
0.004492445588372231
0.004497693982207269
0.004511614317898936
0.004497153118673905
0.004513643348463535
0.004515269770195964
0.004502440823972701
0.004553437728842338
0.004552757237585559
0.004583526904028588
0.004574272483339405
0.004561873809111094
0.004552560007550438
0.004559131701528629
0.004588932086560622
0.004585378630682913
0.0045308762957788785
0.0045323655874136394
0.004525815601815855
0.004532435643804561
0.0045022242424483
0.004448798790435563
0.004454923852835746
0.0044251858987149
0.004424128114002339
0.0044210518965491176
0.004440846139724547
0.004414716500398235
0.004407244720608109
0.0043600489627369995
0.004340386910164245
0.004337533982742823
0.0043529781536374755
0.004333537731957192
0.004324284691319707
0.004300965567407375
0.004382096867879485
0.004369390003397938
0.004368282709556114
0.004371250469167517
0.00437575171196675
0.004369533263045323
0.004382683796859735
0.00398807131081093
0.0039809289977053445
0.00399163316230323
0.0039719644710331375
0.003973858584830787
0.0039860134521210525
0.003989986205336554
0.004021397525649577
0.00400655418042162
0.004002667588833623
0.003984190932721988
0.004021660776224026
0.004024191613096819
0.003969615615015857
0.003964892050821171
0.003974206261521425
0.003952405524584544
0.003941501778533887
0.003930791764748927
0.003932085490440625
0.0039311511978864806
0.003912309999197915
0.0038844127247637974
0.003894410219481249
0.0038943784839542803
0.003947654536030991
0.003960272816228517
0.003946323945617327
0.003945971780466901
0.003958490733744525
0.00395276010699657
0.003929542110470817
0.003913453774226937
0.003896492307260793
0.003851497030944074
0.0038588262114504753
0.0038512676346065975
0.0038390315529336166
0.0038327983028338254
0.003843717751859899
0.003843656630219285
0.0038437922623104706
0.0038376410489005734
0.00384748650848633
0.0038351229369398875
0.0038206689624201624
0.0038141534407445353
0.0038150439530202536
0.0038205271051149686
0.003851540179196508
0.003786816852954785
0.003768831780915229
0.0037597678627241224
0.003749599040728709
0.0037501846966108846
0.0037577826313143128
0.003752826017213254
0.003736012745630721
0.003697010449803775
0.003668136137176941
0.003776667191491953
0.0037616658797503563
0.003832771190859139
0.0038001203679048044
0.003787999543815932
0.0037401539738561628
0.0037234353737061222
0.0037585463306812616
0.0037518964568998
0.0037074373517076414
0.0036981195957491177
0.0036926902420696883
0.0036842598456179425
0.003680559117147383
0.00374420171633708
0.0037345043724541114
0.003796017263242624
0.0038143082146865626
0.0039327005240387776
0.0042747892292827995
0.004288760899797838
0.004251023437299305
0.00426900675252686
0.0042640008750062935
0.004263907829196917
0.004261833454951228
0.004238822885438779
0.004253656919368604
0.004261244831574898
0.004226632475196377
0.004198910362783421
0.004181344978687346
0.004166625305356123
0.004145818205297477
0.004152361378425775
0.004138132728421218
0.00413610044114414
0.004135988922179022
0.00413600001904444
0.00414908523732895
0.004148265904446681
0.004152976593275635
0.004140259722361475
0.0041375191492854235
0.00415114199461649
0.00413668344243812
0.004132954769336886
0.004181305556515528
0.004177157304607166
0.0042090588800045466
0.004191864584268041
0.004179661163629657
0.004170917219324088
0.004185289418526783
0.004146250356485387
0.004156172014113278
0.004146583294866901
0.004159307774465809
0.00414935704123998
0.004146557167399979
0.004141326504648637
0.004123765507018476
0.004100772283385514
0.004107149005616829
0.004107794865309731
0.004102257260010098
0.004131656107080821
0.004138343601753979
0.004174644542932247
0.004159352717043916
0.004156002582452056
0.004151379069581039
0.004146863022218424
0.004142613590071659
0.004139236948189123
0.004150117216159267
0.004139588712303432
0.004137426655184299
0.004141835646420381
0.004133374511848614
0.004129149801097607
0.004124860810621478
0.004111988119829629
0.0041099169549809605
0.004114258001918881
0.004106783482515349
0.004103554715233537
0.0041080676390742735
0.004085896030275702
0.004111405641622054
0.004107321474327677
0.004116487269049163
0.004110421996577026
0.004120228617517403
0.004113358787621489
0.004111646670597815
0.004098935029356459
0.004082825785434146
0.004076553788515568
0.004080610691702363
0.004080166958800223
0.0040851985363986225
0.0040878013016389355
0.004082603877533737
0.004063435261005534
0.004055598562144705
0.004051220218644933
0.004079695218195091
0.004066464387886563
0.004068055245371821
0.004129526934856535
0.004125755974845044
0.004138534448731843
0.004143726026491511
0.004154222910435491
0.004246048517166516
0.004239204319981117
0.00423002420069169
0.004239724251636673
0.004204493069950126
0.004220980696565265
0.004203189709056332
0.0042039007768960145
0.004207362997251779
0.004209181670471938
0.004205539587733035
0.004211639123025272
0.004202259961855604
0.004187217228936994
0.004176626349955576
0.004175520717024449
0.0041349619059393205
0.004132793556704399
0.004118174972964983
0.004127624770595742
0.004137763850919881
0.0041415482238845915
0.004192704073508157
0.004191975203255587
0.004174790992042082
0.004152215852257692
0.004119039729918934
0.004110801475844182
0.004102874038157959
0.004096274247616197
0.004093457544457668
0.0040949247793480295
0.004086231561479861
0.004078225726638656
0.004068640746322972
0.004074158173708836
0.004085475583287167
0.0040919747352765445
0.004086617372479893
0.004080452107926837
0.004077112479277129
0.004068165565815993
0.00406972861586743
0.004089940706137382
0.004090046682908291
0.004092888237814362
0.004012786450410772
0.0040145626934438875
0.0039961889399399006
0.0039883894863052445
0.003984654229029714
0.003972840248048422
0.004001056074660699
0.003994204886551804
0.003993427187585762
0.003987764603162465
0.003977396768147761
0.003981551639899662
0.003967044053128936
0.004013951628748343
0.00399362090564287
0.0039970215428218785
0.00399093703872958
0.003978776085264701
0.00398017842296038
0.003960033589128594
0.003941689735398652
0.003921957531064918
0.003921533768428309
0.003915112800857305
0.003918121194001597
0.003924140464123902
0.003849473297498664
0.0038605439489544655
0.003855591307747171
0.0038624649075940302
0.003850410478102402
0.003848189762225673
0.003838545535904818
0.003834495014258416
0.003822460703875425
0.003815852495670811
0.0038178295472106596
0.0038023805982325336
0.0038273663448238444
0.0038243766959986957
0.003817711949891385
0.0038128506184594195
0.0037937421612780626
0.0037834907924072705
0.0037772669571353315
0.0037732946712006033
0.0037665945661087058
0.003765561852480277
0.003762957531516361
0.0037643687322189735
0.0037429452122616836
0.003728365656236094
0.0037269047143758073
0.0037196305748192176
0.0037173681128242018
0.00371789193997381
0.0037240921158338976
0.0037205316373433717
0.0037079003714448337
0.003695530053674285
0.0036843629872833766
0.0036844013448872576
0.003730161452668575
0.0037062001520630763
0.003672240516380048
0.0036692901557686735
0.0036585626868937907
0.003654907576644145
0.003656044781232179
0.003658331653443083
0.0036904999908442602
0.0036775543477116043
0.003692621617818081
0.0036892190493797894
