0.06258636713027954
0.04260425269603729
0.02501538395881653
0.04711132049560547
0.03805765781241159
0.03285468409636191
0.02895740128587931
0.02566738148582064
0.023172162671107797
0.021114850829524745
0.0191204055736307
0.017763579944865056
0.01583837548137775
0.016052984228978547
0.014974597506807179
0.014151584555614076
0.013948906969744705
0.012939267577358367
0.012313419427664478
0.010538212454689303
0.010051490732373408
0.010110336916430077
0.009558880734402912
0.009214397344039747
0.008797339084244758
0.008442626180584296
0.008149702184060251
0.008110805542071763
0.0077392651922612715
0.007503267350388807
0.007181925672739449
0.0069826466064886
0.006285802686333597
0.00592207985048714
0.006270725764301859
0.006173133175990011
0.005963918850236371
0.005680969915537827
0.005538508031168016
0.005321132919251369
0.005975101001760252
0.005780631852292905
0.005655541039728131
0.005714475029769038
0.0055615586385576255
0.005333255151623578
0.003165367726372395
0.003856742685679722
0.003966952308546747
0.0035493427627336406
0.0035669715837754546
0.0035135306940712687
0.0026920184178312297
0.0025697007161480413
0.0023405532015853383
0.0021889491982986743
0.0021162291422711058
0.0020799462068618736
0.002031411991993077
0.0011800122226647545
0.0011719463339343907
0.0003084349851373405
-0.0003981555456675822
-0.0003323105487372555
-0.00021894015453378815
-0.00028219965380814983
-0.0003165104222074809
-0.00039813796446770434
-0.00026749451655113277
-0.0011124577780924844
-0.0011269614560660598
-0.0010832417151318227
-0.0010716399716526447
-0.0008948329423825916
-0.0008681581690133967
-0.0009067255251265362
-0.0009114706808759402
-0.0008992859609263008
-0.0008518459844708596
-0.0009300821724155218
-0.0009057949321619952
-0.0008979144154455974
-0.00083848272766946
-0.0008414426874985733
-0.0012097293458578514
-0.0010512811240496619
-0.0012313673242632947
-0.0014123797177643224
-0.0011985684074008768
-0.0008494457139462206
-0.0008777442804864217
-0.0007034475936727152
-0.0007030669579027314
-0.0006871510960321025
-0.0007720330687940717
-0.0007760468523855806
-0.0008649427233779438
-0.0007973137357791995
-0.0008537186346075066
-0.0009573885174249194
-0.0009551808164128611
-0.0009755524661159175
-0.0009733655842865151
-0.000982156625555255
-0.001039761600863271
-0.0010044913420455878
-0.0007678902185472469
-0.0007563786819596476
-0.0007797400542503172
-0.0007700143833718138
-0.000749200137501511
-0.0007624950390504871
-0.0009183193996840744
-0.0008766324723736698
-0.00091648151370966
-0.0009071550243205829
-0.0009555700431149722
-0.0010292566802789012
-0.0013085268863505949
-0.0013041115154979845
-0.0012877452998091958
-0.0015297151255616345
-0.0015317734152279572
-0.0016147554771741887
-0.0016554081474111214
-0.0015085849751247217
-0.0015178689221784262
-0.001358869392943731
-0.0013909236325371976
-0.001376103133363973
-0.0013576139603118857
-0.0008196009328909239
-0.0022134626137202207
-0.002175392344900134
-0.0021780992391380607
-0.00216971201570212
-0.0020939012544619394
-0.002088582916951594
-0.002049236912508997
-0.0021801758639090098
-0.0021870629319840824
-0.002241605682639649
-0.002290437274395019
-0.0022883685738257775
-0.002257152978703223
-0.0022720667599109633
-0.001920204853377075
-0.0019362827390080797
-0.001921083490500074
-0.0018296116042307092
-0.00181884753299911
-0.0018843952778481838
-0.0018846759898247913
-0.001876271021037906
-0.001846190838151441
-0.001876044357666351
-0.0018577583581231313
-0.0018243828608834579
-0.0018208525011687042
-0.0017646550596221696
-0.0017371796628274912
-0.0019434415220184438
-0.001924597514738621
-0.0019021884184577669
-0.0019023060020731215
-0.0018930311295068652
-0.0017998131698689038
-0.0017536493494780207
-0.0017181479758137915
-0.0017111279343204507
-0.0019471457282718844
-0.0019194364857777833
-0.0018919931192602714
-0.0019052981258469786
-0.0018316082098615238
-0.0018136972148927728
-0.0017934466405278562
-0.0017858477813866807
-0.0020324218723140417
-0.0020123518631473274
-0.001978873334947213
-0.0019498302755066943
-0.0019427136876006663
-0.0018327269535606146
-0.001412668449022454
-0.0014944217614624123
-0.0014040959794464434
-0.0013771790911156518
-0.0014543950909252396
-0.001440018265132053
-0.001463785921184052
-0.0014117181700276748
-0.0013680213412897648
-0.00135669654066591
-0.0013530530499226707
-0.001230412136174168
-0.001204721558403409
-0.0011916123546312472
-0.0011822226808726572
-0.0012898150235918409
-0.001303242171620652
-0.0012125229313734503
-0.0012103808297194766
-0.0012310823495925714
-0.001227552032997286
-0.0012161921563413195
-0.0012107559809569827
-0.0011902291753967682
-0.0011854034294845504
-0.0011759524226604677
-0.0011655600453350256
-0.0011598628532251314
-0.0011483511665336054
-0.001134490548547759
-0.0011224942818444117
-0.0010339699206835696
-0.0009897227563327637
-0.0013247021412081945
-0.0012341243318422306
-0.0013213705677948418
-0.0013213750488674887
-0.0014804402184414253
-0.0015039281297829035
-0.0014828384789547689
-0.0014766783389972176
-0.0015161472879719957
-0.0015522737695599137
-0.001550696535051474
-0.001575121985091677
-0.0014901274615947621
-0.0014862126406648
-0.0014646473401458443
-0.0015000241968602163
-0.0014934283215242963
-0.001487965984717634
-0.0014875895169773347
-0.0014833163054199694
-0.0015017256096809645
-0.0015036949917885082
-0.0015010731404343407
-0.0014182398982251305
-0.0014516040446548625
-0.0015198423475116323
-0.0015206525115027793
-0.0015139007888300402
-0.0016250379904310483
-0.001631584101878324
-0.0017498417365134251
-0.0017078393221308956
-0.0017079578509841377
-0.0017212098698528584
-0.001704476754729345
-0.0017020433500817512
-0.001516882327753897
-0.0015523026353037057
-0.0015171634965947237
-0.0014997174679479927
-0.0020236977959862154
-0.0020117527047169965
-0.0020099065547942384
-0.002005678089996508
-0.001972829464759047
-0.001862005756017674
-0.001766808656399043
-0.0017769197110098509
-0.0017882725296658477
-0.0017836239502915985
-0.0018044214371492717
-0.0017929874643784775
-0.001782727969342774
-0.001752894380602171
-0.0017284755666188885
-0.0015318257971630657
-0.001532552145204551
-0.0015313687911828696
-0.001541911797392703
-0.0015468830475950104
-0.001536157394722431
-0.0015331285858857378
-0.0015169078424053857
-0.001512011427531171
-0.0015112710753387901
-0.001510982978288668
-0.0015210620154935083
-0.0015342762913110022
-0.0014992419199866766
-0.001456694581545689
-0.0014541803992457727
-0.0014147797401478643
-0.0009238765892983573
-0.0010491106781519708
-0.0010539934052972524
-0.0010623252520931277
-0.0010646797632512463
-0.0010738078691566778
-0.0011867124108652135
-0.00114599352919996
-0.001137366484772582
-0.0010658618286591582
-0.001070629083507957
-0.0010761862052078386
-0.0010643235833809428
-0.0010777432439681444
-0.001067632238154461
-0.0010679758379410498
-0.0011212831757784869
-0.0010841265085254211
-0.0011637873568187457
-0.0011576332255865596
-0.0011551992512123532
-0.0011453687052497318
-0.0011329706489306014
-0.0011307686969523323
-0.0011318492849813862
-0.001124774690018784
-0.0011211914366890824
-0.0011647284002679944
-0.0012497291034173313
-0.0006065587624789273
-0.0005341324068464837
-0.0005292508031286079
-0.0005370085926655472
-0.0005377869003473574
-0.0005564860471909379
-0.000568322687615332
-0.0005058395673066253
-0.00032856804769037
-0.0003196286212673813
-0.00031670698528724983
-0.0003417539252684005
-0.00031991965664359356
-0.0003212707295449949
-0.00029308154201257176
-0.00019788634691842794
-0.00019072711687667543
-0.00011672089863910678
-9.998654713423805e-05
-0.0001747851737300676
-0.00016126063699844462
-0.0001582924331512106
-0.00015314095316176467
-0.00013858255710566298
-0.00014136325581751356
-0.0001238402268348235
-8.537603539769471e-05
-8.547571356464126e-05
-7.730115652228332e-05
-0.00010993987255390297
-9.3553984832918e-05
-9.30616378668441e-05
-0.00010289186558442254
-0.0001142004451992481
-8.308236449966892e-05
-7.137363933561449e-05
-7.425197680972077e-05
-0.00042265880381651434
-0.0003389390686866073
-0.0003860983511776427
-0.00038587192084378456
-0.0003861469126793754
-0.00021692908409444702
-0.00026729318776957624
-0.00028265141118826484
-0.00028069580700615393
-0.0002960160930596159
-0.0003471658238974584
-0.0003462887024417571
-0.0003416674510211611
-0.00033874762478729864
-0.0002794168503700693
-0.00033243031108428733
-0.0003452024942690152
-0.0003470739045436101
-0.00031375469262517793
-0.00030221245890758
-0.0003030402918879061
-0.00030113535123948477
-0.0002996100346989526
-0.00030137541833889813
-0.000305651212210039
-0.00029737007353296155
-0.00033223610694874995
-0.00027002024272822786
-0.0002996840084394202
-0.00031458058599688856
-0.00031592127473088554
-0.0002500853237056768
-0.00013589348527415907
-0.00013312530558883275
-0.00015039655123413114
-0.0001453895194702334
-0.0001448053358437156
-0.0001259843820154524
-0.00014112002972058188
-0.00014257485705604015
-0.00012726685431161677
-0.00013846048879448652
-0.00015632226769186658
-0.00018641114928868869
0.00015742221429017553
0.00015837319859482113
0.0002133649173204947
0.00021562548309783777
0.00023831628356595931
0.00022953753854416663
0.00022948842774168376
0.00022630108534548089
0.00031928963918692203
0.00031642546929971205
0.00032085331272875615
0.00031984434425114447
0.00031612538491759275
0.0002796541606594156
0.0002481527145862912
0.000338731419989156
0.0005414687797954946
0.000530072912515954
0.0005306293606260913
0.0005320206535803395
0.0005716979975531875
0.0005747729655448588
0.0005561124849514769
0.0005650023318199627
0.0005433396950299048
0.0005011676105784988
0.0004819268992310954
0.0005117085474156619
0.000508812768671442
0.000523014498922261
0.0005308117647969297
0.000514752439753633
0.0005125351695282142
0.0005111986348365372
0.0005243855676143397
0.000611659193639026
0.0006721055066816794
0.0006706069950131959
0.0006786847603126135
0.0006790238770339448
0.0006880740689097497
0.0007097381808863115
0.0007626229326512569
0.0007663182950063278
0.0007913732539297972
0.0007775850846858783
0.0007770896873529188
0.000772876422071736
0.0007704132286726596
0.0007682693158292544
0.000762895770122706
0.0007576983707944217
0.0007481354412640863
0.0007380537957990653
0.0007246135190083861
0.0007113442742465527
0.0007060012473950604
0.000700892341542365
0.0007040556183928537
0.000702282822693751
0.0007036889497009019
0.0006788658159430308
0.0006840704053016925
0.0006221923439045045
0.0006714004366136007
0.0006616914407837889
0.0007262140555171779
0.000715106536525624
0.0007158896349982214
0.000691415314654574
0.0006742682393308208
0.0006933026653406787
0.0007505528359400349
0.0007444116359953945
0.0006424476761496498
0.000650226334807232
0.0006325783719876956
0.0006316127232498134
0.0005696612719710962
0.0005840207970398593
0.0005078930346121093
0.0006732637217562159
0.0006786425638774344
0.0006746745716291787
0.0006889028785604445
0.0006846212421536344
0.000685617229091187
0.0007004567686128772
0.0006991722743703139
0.000690990146518297
0.0006873309160675776
0.0006800756473461565
0.0006541092619213102
0.0006873453207348061
0.0007048262841837837
0.0007034683883669072
0.0007185920036772764
0.000714603055978998
0.0007102218548091752
0.0006983957588745393
0.000708323440516189
0.0007101430528057085
0.0007124703843218882
0.0006780663578259306
0.0006750105101097079
0.0006715379158022146
0.0005043009890836848
0.0005021769443266642
0.0004910137837189257
0.0004146737798745395
0.0003958853045340057
0.00039251137889806327
0.0003955416086647353
0.0003981058226999887
0.0003739248442498044
0.0003710170564187668
0.0003666160278123274
0.00036475709015414696
0.0003595345984292117
0.0005089232682481586
0.0004863756051492731
0.0004687302255755132
0.0004481548912283744
0.0004567561783623553
0.00044745612380211184
0.00044409942635966404
0.0004397132089412902
0.0004393787109661796
0.0004398131866159553
0.00044083309301228934
0.0004445029798263819
0.0004602134298064142
0.0004618956331156758
0.0004562365336190272
0.0004565281533512659
0.00045474491985463656
0.0004546532636290792
0.00045368534825197105
0.0005440408114166444
0.0005880610295477062
0.0005902868033982931
0.0005757749975372525
0.000565165385867232
0.0005652617100876708
0.0005393067476622124
0.0005365437779298079
0.000529480760761332
0.0005636531517945114
0.0005605350919348287
0.0005612445661112848
0.0005545136210637622
0.0005334776854370834
0.0005507090808832642
0.0005476479736209391
0.0005476208495278728
0.0005507152145779234
0.0005757317044078827
0.0005824417713813088
0.0005763167221456184
0.000559629335196274
0.0005597343663270504
0.0005944162287270939
0.0005742128486745566
0.0005955222681906672
0.0005273850451636146
0.000529548827740628
0.00046570349723595167
0.00046523565962660707
0.00046260529555412365
0.00046490847522810436
0.00045864604950961705
0.0004559320785348734
0.0004509717092915233
0.0004451818245981559
0.0004463382464714603
0.00043076305989744483
0.0004326846119038291
0.0004283023733248588
0.00041596674657932764
0.0004158038615436257
0.0004142617132908335
0.0004214993080517202
0.000436427555179814
0.00043779869002557296
0.00043633117079441185
0.00042948249630565756
0.00043363761645488807
0.00045351363541139554
0.00044821274685041834
0.000779205596848179
0.0007754119285802382
0.0007733149160366011
0.0008184708613028423
0.0008125239109657387
0.0008076428596731053
0.0008107588268371996
0.0008080855136898778
0.0008201379737161955
0.0008159408014804954
0.0008133684850145065
0.0008113011148370916
0.0009493151377247693
0.0009891086587801381
0.000986584802418617
0.0009938961158620576
0.0009958369416558264
0.000991096943346685
0.0009887828642951328
0.0009892480103863407
0.0009882810837687005
0.0009871513874149694
0.0009842720026403049
0.0009807962832194621
0.0009622967737393258
0.0009589681391496816
0.0009563053773348793
0.0009485015034737575
0.0009182392256800175
0.0009073126590636276
0.000857956826339725
0.0008644064809306765
0.0008661798401824153
0.0008537745711348896
0.0008399591380893042
0.0008330153210146813
0.0009458532522359695
0.0009536268016934018
0.0009537854426224643
0.0009453071781828056
0.0009377419675152007
0.0009404194959026158
0.0009234811052666839
0.0009199217135529598
0.0009154787084089284
0.0009192004695401326
0.0009195847407922104
0.0009172522313832982
0.0009579281738744754
0.0009533682064223298
0.0009619573415022835
0.0009566772748829588
0.0009529526348027117
0.0009439316182490088
0.0009203285854930281
0.0009214139202406151
0.0009250969183831718
0.0009219493881468293
0.0009393029033196428
0.001380181388658134
0.0013809059109021636
0.0013609162357315426
0.0013570562708590185
0.0013549024522521405
0.0013526278584133293
0.0013629402154010188
0.0013574824544121372
0.0013507933403233568
0.001354589228475005
0.0013478364832069081
0.0013506445454340512
0.0013347489155465526
0.0013456334530753012
0.00133865628366417
0.0013369423771175464
0.001312765174531561
0.0013265293910080793
0.0013230943590658902
0.0013275151190274856
0.001331524926973014
0.001325134245672049
0.001450396077020585
0.001448581625487306
0.001440239433361292
0.001457889135685365
0.0014440034092371606
0.0014441281915079614
0.0014419652403292653
0.0014369199171948301
0.0014354148296445495
0.00143126848661268
0.0014280607082877868
0.001424093817093686
0.0014224958372796902
0.0014199443407242618
0.0014165831735027511
0.0014116674851521872
0.0013906561491459457
0.001378241857241317
0.0013767709410488745
0.0013798692149936428
0.0013854471494550435
0.0014042230667145577
0.001406137016533615
0.0014025612340381438
0.0014196524147952235
0.0014186985495666438
0.0014108576833886718
0.0013990983203507371
0.0013945847191105978
0.0013918591465491247
0.0013313146267366837
0.0013166628793061309
0.0013167197714552027
0.0013064531861253018
0.0013062270402944235
0.0013151873757745046
0.001317287070588055
0.0013200692955287689
0.0013180552246429568
0.001271762313134927
0.001279935522916595
0.0012764313915754474
0.0012716073607071967
0.0012685328919684012
0.001275507004912641
0.0012739811576842296
0.0012743879078152781
0.0012732478997876918
0.0012790823040912764
0.0012804097373443962
0.001241255100159452
0.0012405166796882559
0.0013583433008969733
0.0013531804601601965
0.0013586363135706552
0.0013503919002506928
0.0013667619861167182
0.0013668495058022478
0.001363850368952514
0.0013621431934415628
0.0014244836764841322
0.0015060427500240942
0.0014968212175093347
0.0015030799202215516
0.001496437926839865
0.0014908026821805601
0.0014782467881200466
0.0014799961950413452
0.0014678254834637706
0.0014573760566211587
0.0014033147473421692
0.0014009655361354276
0.0013826427004526238
0.0013838714093527492
0.0013852075914625361
0.001393276003058731
0.0013716773375327018
0.0013667371240784945
0.0013680837903317813
0.00136510683692662
0.0013627225544162837
0.0013647539730484042
0.001359123540695708
0.0013792768278742757
0.001378923138122296
0.001393296465538645
0.001396715132718717
0.0013939463821763727
0.0014078937567417644
0.001397285467632366
0.0013977247790117051
0.0013956895926928706
0.001391723533795511
0.0013876729475269013
0.0013825868920975131
0.001383403954254008
0.0013713575873371508
0.0013801409172202758
0.0013758527076412517
0.001369656592129555
0.0013682440474890867
0.0013424306124304559
0.0013525145336378908
0.0013482029163108323
0.001335190773088179
0.0013332413592327152
0.0013326408294359693
0.0013310776481039138
0.0013377717057592626
0.001336719249915266
0.0013362400790211948
0.0013334882762900538
0.0013359976379796069
0.0013270501196335075
0.0013353866048535026
0.0013332383522498968
0.0013379920110888036
0.001334305088228226
0.0012216271117448168
0.0012214520752687492
0.0012517300807526476
0.0012506758545363624
0.001258044023099461
0.0012526412352434505
0.0012429674490933018
0.0011740243320828877
0.0011709893714644101
0.0011696714775376478
0.0011790433414211586
0.001142465020816418
0.0011520185795556765
0.0012635920243756903
0.001261613009015155
0.0013814340168866153
0.001382006155553829
0.0013753408164540407
0.0013719730082302625
0.0013703640043642368
0.0013679736581068292
0.0013678685943932026
0.001365920866473512
0.001366082384718118
0.0013617761183388269
0.0013582912923562442
0.0013684362152502438
0.0015462075211737966
0.0015444188512327894
0.0015273161867979227
0.0015486732405224541
0.0015446181440782363
0.001539668115131504
0.0015513867770815305
0.001552829806677021
0.0015422988322357416
0.0015439264567094421
0.0015415794675829458
0.0015427035490434015
0.0015406437739378036
0.0015407625666812987
0.0015403345850124855
0.001538650481379416
0.00152038410205845
0.0014339771652867779
0.001427153179682734
0.001425528021446188
0.001420073377856901
0.001421363266656116
0.0014168394876255804
0.0014076319066990439
0.0014067662494328813
0.001402919046812757
0.0014016062443840001
0.0014002904402592217
0.0013985970359818305
0.001378615880322184
0.0013755105882717602
0.0013723440946815052
0.0013728411783571542
0.00137844648369386
0.0013444228051701112
0.001342789529648247
0.0013518358776100248
0.001299879643901811
0.0012988279004637782
0.0012871267463835248
0.001284873313758237
0.0012870377794545827
0.0012806573934673778
0.0012768632783703915
0.0012366558286927573
0.0012355145019120866
0.0012349046619694157
0.0012382822281631165
0.0012403191700429866
0.0012385953839397605
0.0012295322643690622
0.001230689520519336
0.0012155947860629502
0.0012196643924658713
0.0012189395303428836
0.0012640635543388263
0.001269913354938523
0.0012644331061096514
0.0012587775645713456
0.001379017143697379
0.0013808706684416336
0.00137774326205188
0.0013744958868133381
0.0013843397103179907
0.0013862001349025383
0.0013910471281218368
0.0013867009064991286
0.0013687817878989337
0.0013670787016156402
0.0013697530353472427
0.001370574271470278
0.0013708554377889685
0.0013695004358687428
0.0013654645553624585
0.0013527639802805944
0.0013462438183594215
0.0013406572336499183
0.0013606637239982923
0.0013724183008767597
0.0014052651709444146
0.0014017267772723188
0.0014016975678851407
0.001400102391363223
0.0013993559394322034
0.0013083732707107438
0.0013166825905678117
0.0013046956624716164
0.001296802390322671
0.0012957524801071002
0.0012436257076611466
0.00112182023931342
0.0011208820054320109
0.001117979193470638
0.0011174669124386035
0.0011076292815062703
0.0010791633611268129
0.0010781579648441405
0.0010770041047679802
0.0010753379843719162
0.0010748914263999712
0.0010969798378707074
0.0010851035289843889
0.001084028065556626
0.0010800985711068019
0.0010849782893788172
0.0010817630175707093
0.0010775961397688156
0.0010639571547104334
0.0010743358766829127
0.0010736102509317069
0.0010718519082745204
0.0010801771562676803
0.0010763704275404981
0.0010570972352303405
0.0010601009818484652
0.0010595805708985885
0.0010576162266233927
0.0010571414744960286
0.0011072160678544452
0.0011056110578304967
0.0011033610100181018
0.0011017354389991746
0.0010904803685314942
0.001101291632708936
0.0011013693670471935
0.0011263752412453978
0.0011207380117381077
0.0010266110669267647
0.0010245095371775
0.0010246886156131984
0.0010174229251676838
0.0010089216439990837
0.0010087233019556716
0.0010118905667333546
0.0010146293653853825
0.0010149855771878799
0.0010130914343912507
0.0010112875733411396
0.0010094199949268457
0.0010030387838105064
0.0009925110922937546
0.000993096273875345
0.0009923410142807095
0.0009892810707587687
0.000991618630068086
0.000994774773347906
0.0010394588295796505
0.0010021537856644879
0.0009972498395677497
0.0009920167878571457
0.0009909050583266211
0.000982918103146887
0.0010009954973821933
0.0010018802557684055
0.0009992214665319437
0.0009985184963229024
0.0009976763175746262
0.0010042734077569237
0.0010033480611252883
0.0010018893826688738
0.001002176470931729
0.0010002688168028364
0.0010009599409163108
0.0009990911637568745
0.0009726532480012158
0.00094350445348745
0.000941740120894614
0.0009407522846570233
0.0009302106992598855
0.0009288540904105569
0.000925515852026289
0.000921435400798595
0.0009260291595519868
0.0009224966615120954
0.0009181368816063363
0.0009167658505775063
0.000917877135198217
0.0009157335070088302
0.0009132680197635983
0.0009116767701962289
0.0009125209706501473
0.0009127991351422133
0.0009161768763782279
0.0009217119176163402
0.0009133542566451086
0.0009112717155918701
