0.006079448387026787
0.011271110425392786
0.006619768333621323
0.008214898128062486
0.00611144839785993
-8.555062647377237e-06
-0.002280407526995987
-0.001981323559044136
-0.002563130273483694
-0.0015452931508083236
-0.0014198102574785783
-0.0012119055469296514
0.0018806666573384842
0.0011452233578893355
0.0018130244720850894
0.0019645271142294135
0.0018975691899767192
0.0018020057932038687
0.0017249749627808336
0.00149609900247361
0.0019470825583001975
0.0011735253808539074
0.001157823120896258
0.0023537356642191294
0.002558135199461293
0.0015396452209744077
0.0017034450224205746
0.0022458861431945915
0.002133519928368817
0.0020987753450754094
0.007437997174065458
0.007433240750150148
0.006723571757260395
0.006611159128078725
0.007106525412988654
0.006537047067123805
0.0063575342074297
0.006178465299644113
0.006047761557601916
0.005931130815730373
0.005679909828142539
0.005425231402156451
0.0054643463817311295
0.005307853535729615
0.004959254387200495
0.004861056303854367
0.0044560950235184756
0.004209750744885982
0.004111952657840446
0.003993370877972611
0.0039203034347547825
0.0038423553801895066
0.0037762519462342372
0.003637239167503799
0.0035270998194911413
0.0034970459588262097
0.003392376284519457
0.0031848623459493734
0.002952947100736004
0.002800300005383474
0.0028636806939997036
0.0026267065410456028
0.002586620950182802
0.002425527203125124
0.0025000769223190574
0.0024340133778464174
0.00251189451645426
0.0026780050731916964
0.002497320270776979
0.0027000789909130004
0.002644147566570607
0.0025822790382447475
0.0025961953855388638
0.002611419795527276
0.0025919809378185713
0.002572560631016164
0.0026454850638588235
0.0026038186877923174
0.0025728253250235852
0.0027472169930223118
0.002541759966644769
0.002507491958315668
0.002479950539920882
0.0024818410960827284
0.0023935480060382074
0.0023437788598433436
0.0023005573841807982
0.002251772824861239
0.00216389829042277
0.002354848298457179
0.0023369386302004814
0.002354256806332462
0.002337053715467497
0.0023346990249640495
0.002292046968629316
0.0022517343234905686
0.0017234051638854214
0.0018240109820540922
0.0017521919403952772
0.0016344881497379984
0.0016575809021043245
0.0016003795312429336
0.0016453413902406905
0.0016286344846039782
0.0027457470129071595
0.002670456289961633
0.002459801983773272
0.002412351890915145
0.002400040852146709
0.002338044271111668
0.001892898390971302
0.0019008342592757542
0.0021669120303015096
0.0021448625377556503
0.0021109422281808976
0.002075929960281225
0.0021405923273389704
0.0020995966677662538
0.0021454579889905287
0.0025048750439588523
0.002466324115108572
0.0024852759059404046
0.002450242622099692
0.003389554305409546
0.003337137244439901
0.003373765722538186
0.0033495905456106803
0.003304109027121457
0.0032820536497008726
0.003509583132230864
0.003465413422115185
0.003655444770424251
0.0036252662680114423
0.004057052386741377
0.004028329686875889
0.003835249005128157
0.003791165139483527
0.003839186894765589
0.0038066814515851934
0.003761625952276827
0.003641332530375147
0.0035954635924398347
0.0036077161813005258
0.0035844054579401616
0.003574370531804225
0.0035493728704453563
0.003528996997300891
0.003407351869979214
0.003277914372398906
0.0032668418135044517
0.0032219005305657777
0.0031877004369211476
0.003326960742995581
0.00427180477009613
0.004146733858970737
0.004942498994803213
0.0049258693614757255
0.004786655837320355
0.004816858991807747
0.004783132183338407
0.004755467514769405
0.004748233313184084
0.006430537473112584
0.006389375372876227
0.00636530953151046
0.006329578441307351
0.006312455308813824
0.006270595987786512
0.006339085224360184
0.005972130901198245
0.0062883435982447975
0.006185809378163963
0.006159266846058096
0.006034141782646263
0.005360965959343126
0.005330601694316555
0.004986719194686185
0.004977749061340517
0.005656275498889344
0.005100642257983965
0.004987291269272033
0.004970233061433896
0.005037644410826346
0.005012195225454222
0.005146874185322633
0.0050190483686594475
0.004987417419350943
0.0049349184052309685
0.004912890528832668
0.004894781650535585
0.0048729007564437135
0.006050195113113062
0.0060844450982988985
0.006101382497544338
0.006122814702876539
0.006057778647594059
0.006100492664847128
0.006103457141254883
0.006015497546213735
0.0058811631179151135
0.005849627686336249
0.005811806810078418
0.005783027623336094
0.0057463290736295
0.005786161333886516
0.005754764746185076
0.005602896662262187
0.005543520880064316
0.005539827832503111
0.005516514004019455
0.00549732770165099
0.005446402263251557
0.005431631373412359
0.005465793867492615
0.005449060694108656
0.005464063479467445
0.005445275008342006
0.005392646390575804
0.00534273705310294
0.005302906147129538
0.005291374229436934
0.005443973889738329
0.005402323148700816
0.005357611488887212
0.005349355841604622
0.005336624487238579
0.0053487888634615385
0.0053539613322060005
0.005337760415378675
0.005314333729362276
0.005253458590420356
0.005228819040773444
0.0052165748067916585
0.005191520340938834
0.005564588841279747
0.005120684083291812
0.0051490623834582055
0.005029497127473416
0.00446660651844771
0.004438868564402847
0.004425887811220874
0.00457992699809771
0.004559335938404833
0.004569813444003539
0.0045603378375375075
0.004563614554742825
0.004545071408961853
0.004513572480475311
0.004486681088572366
0.004469871706054711
0.004464709947887244
0.004467108242283665
0.004416239678430714
0.004381489278474712
0.004362448230040171
0.004280752914138717
0.004269381190466065
0.0042719490728143255
0.004220795691855107
0.005103785362205257
0.005179520479122617
0.004924555889422874
0.0043782422166479965
0.004315501545942475
0.004285881915952504
0.0042587746748324
0.004239022357775063
0.004228758382901796
0.0042128152581022305
0.004157300645494539
0.0041457351857495835
0.004141931558565589
0.004115553030688534
0.004078108692086638
0.004070567548415449
0.00408941253920763
0.004163846816658627
0.004142039458446393
0.004125188371576118
0.0041062150702474536
0.006379092810520693
0.006357501599435404
0.0063769069403835435
0.0063989123455636815
0.006376959567014827
0.0063257190322918
0.006258937437602678
0.006305067092178238
0.006562423896684778
0.006539285607008693
0.006533887031590184
0.006490888476130194
0.0064553483531867364
0.00643735480084384
0.006409189892725114
0.0064002819718347774
0.00637463184117321
0.006353738183450784
0.006321297275426334
0.0063014979074141365
0.0064068029399318265
0.006381633771309113
0.006081168218052451
0.00610534059576553
0.00608070499293759
0.006190215254787219
0.006156733804499557
0.00612825389661748
0.006104260522988627
0.006071992328452619
0.006505980170447566
0.006469128112522173
0.006444167232220242
0.0064219848529088325
0.006459100628282754
0.006622214642502458
0.00660570183029009
0.006593510295687023
0.006570799343444379
0.006572329448198762
0.0065603209409091975
0.0065400866731596214
0.006523323202139936
0.006509360590716826
0.006500637102954269
0.0064812939633104106
0.006446615101328753
0.006341464309312695
0.00632022593274473
0.006278788994380848
0.006255437699143066
0.006247963312249104
0.006286423539650118
0.006270571267180177
0.006260833378768271
0.0064271925327621
0.006405694571481445
0.006385553767458214
0.00625666861665463
0.0062070385820254224
0.0061942262754418895
0.006134617900436494
0.006118156213254461
0.006106966293663251
0.006079936195235581
0.006050223232094628
0.006061651575096068
0.006039563255310517
0.005924191526553066
0.005892362400237343
0.005863783838487346
0.0058503654052829285
0.005887093084373011
0.005937118265649938
0.005920124213895347
0.0057571578184886256
0.0057423761178376515
0.0057248516725071485
0.005779773434187524
0.005763520325009698
0.005745168624092696
0.005734232152262502
0.005729188273227804
0.0057044278918797426
0.005693868275835499
0.005680406228141173
0.005663942321284005
0.005648831474856001
0.0057202253278307155
0.005711842356080249
0.00567434822044571
0.005660977848929085
0.005639651185306251
0.005632208731180681
0.005617306857063943
0.005604391564789234
0.005604508787944236
0.005588279114323511
0.005573740526788724
0.005572511882978321
0.005583305621314895
0.005570348667852613
0.0055518248138165934
0.005541993184892053
0.005530963296708872
0.005508467945654084
0.005491390110974051
0.005490917368441259
0.005555647684004496
0.005544596350343324
0.005528536928569359
0.0055205375375285415
0.005521705983233816
0.005520941346995771
0.005588280894726546
0.0055714568558092765
0.005562987225802955
0.0055438500657189835
0.005510864704701819
0.005506224955688756
0.005492033082291033
0.005468188896954349
0.005484857883317039
0.005483628865647605
0.005477505539781349
0.0054696944720427606
0.005453997962011311
0.005437866955270316
0.005427781198452027
0.0054350191957562065
0.005427329494302546
0.005466270588195186
0.005456535221704012
0.005445513748900454
0.005417892279813089
0.005428516587669067
0.005421321390421719
0.00539331156721557
0.005380921684229097
0.005388210162349248
0.00537806109697542
0.0053661433929573675
0.0053920862913246536
0.005377777376355993
0.005362183078632973
0.005278589509339491
0.005362129121809107
0.005481628805328662
0.005582545069621631
0.005554121504128556
0.005571317220899266
0.005556797788498066
0.0055267565095679745
0.005518918830383542
0.005553163531608297
0.0054513586450166285
0.005433367731292326
0.00560366435752517
0.005697137350381875
0.005684018797100454
0.005712397804248574
0.005695014645924436
0.005677972791729833
0.005663150161330781
0.005650126777393299
0.005637503394361441
0.005630525454924805
0.00564098016547277
0.005626976884959735
0.005563088023304342
0.005544722274588929
0.0055809834933540125
0.005566576301559475
0.00554012068829392
0.005515590126953232
0.005504740248909335
0.005489795163125626
0.0054854864886698645
0.0055262099201449375
0.005500145984714836
0.005499951343776035
0.005486473385210668
0.005546189756700943
0.005511021570418964
0.00569322753674276
0.005520210344534085
0.005529404039158634
0.005517590833750721
0.005517011771959743
0.005447942682565946
0.005436848049943737
0.005430272370328586
0.005416374717933191
0.005413032429496527
0.0054030684061462065
0.005396766437638167
0.005468659728230478
0.005444240809687368
0.00543246898779065
0.005405156138741083
0.005395759568635497
0.0053548246312925185
0.005344054150156795
0.005339958376472292
0.005329978214610677
0.005311977450236084
0.005298510191148471
0.005336086516376459
0.004650428234690113
0.00463539680917047
0.004639045821074355
0.004625737931268895
0.004629775201840821
0.004617913500495516
0.004601647783932011
0.004599213832001157
0.004592668743337799
0.004583084709631886
0.0045615563599349165
0.004555044263018824
0.004544043931753235
0.0045340707874350645
0.004477179895722718
0.0046319044223427
0.004637863512837763
0.00462947520746142
0.004626559401197121
0.004609660462820589
0.004608800585044144
0.004598394835544875
0.00456194450550385
0.004541287841393626
0.005796620317939812
0.0057869277795671095
0.005811947756221574
0.005803857254318646
0.005837920067749455
0.005817347842148702
0.0060184713478310435
0.006008712773098966
0.006013121305879531
0.006002811019137307
0.005977789758041051
0.005960708677808903
0.0059029117368647865
0.005890098783851439
0.005879003930458847
0.005898174558830726
0.005885244509868849
0.005851003195097152
0.0058437963963368245
0.005827667878492791
0.005818248557861062
0.005816088542599228
0.005799461604151003
0.005787267263331231
0.005777681887826939
0.005755374244438735
0.005740260899438003
0.005668147903533371
0.005662419164881753
0.0056428243132297115
0.005629437503350402
0.005503293127095204
0.005488047853296708
0.00547836249419498
0.0054547315248716635
0.005358826020550004
0.005347115107585776
0.005348166384628419
0.005324659759942052
0.005330505752778385
0.005324647749384832
0.006036231489879605
0.006025241029086008
0.006012596128221542
0.0060040893920513825
0.005992068895370229
0.005989417136470369
0.005974927739082366
0.005962156842500681
0.005945695623088655
0.005857695022262548
0.005844252145715501
0.005817321951461431
0.005796301464853918
0.006045994262338768
0.006039739748050419
0.0060234666250611945
0.006011269682039555
0.006000619369817315
0.005952200188743042
0.00594189765376798
0.00592919643923423
0.0059406299272129455
0.005949948235988983
0.005943467892472208
0.005931153646521751
0.0059021875719454065
0.005891049665430409
0.005882739622055735
0.005872254292389048
0.005864853334963442
0.005828181783720692
0.0058160778557774595
0.005799962537045316
0.005790260449114674
0.005826045036176235
0.005798254010295432
0.005805490117488041
0.005797132447997762
0.005792716716182422
0.005782408443074422
0.005778394988597378
0.005758173190324734
0.005751514865898493
0.00574051548890408
0.0057230103395738705
0.005724348546797657
0.0057149100828976515
0.005705594637271574
0.00569439750296463
0.00569808660928187
0.005685402338466638
0.005657136945331818
0.006144702889664733
0.006156702162319278
0.0061592351867476546
0.006156107682754293
0.006184751960710812
0.006169751411113376
0.00615924129374472
0.006152521514340709
0.0061301667398107815
0.006117499252373917
0.0061065012879687255
0.0060978351696644026
0.0060853837108374425
0.006075165588598827
0.006066613908294813
0.00605695701034484
0.006047475743417695
0.006037879474684493
0.00604375597898616
0.006029438332567787
0.005996036529956458
0.006018750047263271
0.006042810590294677
0.006025402961446194
0.006019470203201023
0.006010221134210609
0.00599654489569026
0.005990732635550144
0.005981653140879359
0.005972047698264047
0.005988904593897209
0.005982913316813132
0.005971751646754054
0.00594762548006429
0.0059154425980409734
0.005913285056380335
0.005901943466217931
0.0058932176356088
0.005856273168968237
0.005891932242491119
0.005847721251394509
0.005837896021081113
0.0058369957118036666
0.005825700271738104
0.0058209978194313445
0.005887403140462593
0.005875985016254336
0.005864879184135787
0.005913021642337503
0.00590391383796642
0.005893331221198078
0.005891299007805389
0.005885531927524925
0.00587370566445867
0.005866514811645502
0.005862950047434031
0.005895802623080566
0.00589690156637911
0.0058804507280548505
0.005874007670306263
0.005873985411124107
0.005860801016141835
0.005866209594490652
0.005871491564631921
0.0058364518448683934
0.005791723630723247
0.005777080053709473
0.005770574945020573
0.005676338396076099
0.005662371382156798
0.005656871056923852
0.0056507727978499555
0.005642122895059859
0.005632533900482971
0.00562283795641022
0.005586676937263804
0.0055762812851828155
0.005569176690751089
0.005460632681716185
0.005453236040306017
0.005329236027956559
0.005346430563392017
0.005329469236770747
0.005319496787136736
0.005291777548718239
0.005289344401028552
0.0052744511570107
0.005247851796807625
0.005229109022508813
0.005220558071999838
0.005212457808287206
0.005208357960257341
0.0052083047585867815
0.005200783124652973
0.005191665070627389
0.0054386418250372305
0.005598054329327232
0.0055911540512273514
0.005618428050861147
0.0056024878506886555
0.0056624275482793345
0.005675648012548164
0.005779591129908593
0.005752052934391466
0.005731079382596373
0.0057289843912615886
0.005711154746774438
0.005677307388202384
0.005700387741559937
0.005689105727556099
0.005679514936494659
0.005671382444424047
0.005665914479540535
0.0056565252026100805
0.005664333229346912
0.0056498801891103935
0.005647840542229035
0.005470140898566534
0.005462235287925757
0.005461801823997723
0.005454147812402201
0.0054464406852235735
0.0054384862883381365
0.00541611792028711
0.005439707309088626
0.005427978452375935
0.005436179926112694
0.005418899300769025
0.005406466655270434
0.005396158244455206
0.005435169407634809
0.005427507640994492
0.005414829737141257
0.005406034838459754
0.005398540450012995
0.005391551339930985
0.005401250900129031
0.005398459177789631
0.005373404822388473
0.00535976984168098
0.005361985186237011
0.005346683987441151
0.0052893412078572075
0.005290800900305234
0.005268209706664445
0.005182227805707567
0.005177233252931523
0.005156366787994061
0.00515395737208221
0.004895380434621957
0.004887675778010152
0.004849020072357226
0.004841246242416464
0.004831251990014465
0.004810946358628399
0.004757883575002972
0.0047521955489716085
0.004742204676808822
0.004747836802600279
0.004751294281793193
0.004739167571361582
0.004734424465321279
0.0047279396249835645
0.004723928696217015
0.004725283850510997
0.004734507131366073
0.004670394029521237
0.0046661156933111405
0.004655543846902513
0.004644716217870193
0.004567224884111998
0.004580369787148168
0.004572351272703244
0.0045684850219027484
0.0045287095423603456
0.00453158690770509
0.004525950856153044
0.004506296014601596
0.004502358772485312
0.004497477970900723
0.004487239764685659
0.004479181121440966
0.004475676981912331
0.004479275003366269
0.004494642368731587
0.004487139406243078
0.004483190749146582
0.004489846371546559
0.00448944536591448
0.004485152023536198
0.004482444923184769
0.0044795438681425265
0.004472514674027357
0.004458087654902556
0.00444811554846725
0.004442213463244342
0.004434720116892814
0.004425693138216785
0.004416095910484321
0.004417240807651753
0.004413791216876778
0.00440550005168916
0.004399456704785193
0.004392061281575961
0.004385974001318905
0.00502589993270636
0.005020087157647959
0.005022316190657042
0.0050147688214219315
0.005016733510283121
0.00501162748008995
0.0050523303821259505
0.0050539572224944426
0.005042528430798169
0.005038404254048582
0.005016220679006791
0.005011731373830589
0.00504216264685011
0.005029135897736216
0.005099392246173989
0.00508278307008638
0.005129248286681575
0.00512015967267298
0.00517133366954211
0.005185038589760134
0.005181876992196518
0.005157051233852925
0.005175276124960255
0.005168984378163468
0.005143623169166972
0.005153757507284905
0.005138502082334778
0.00512739654616512
0.005121788673490557
0.005116831541080985
0.005107730442266164
0.005103452544535293
0.00508782490931187
0.005113316360596198
0.005105345127872565
0.005120374852716313
0.0051010816218877136
0.005083668958296648
0.005079720667212418
0.005077807165903038
0.00507330831554531
0.005064738933673574
0.005054677820434796
0.0050442073645927295
0.005037876007314887
0.0050297163042634175
0.005030432156721518
0.005024640792053802
0.00501726681020024
0.005022633253974226
0.005003710696581757
0.0049970041928642335
0.0049800972372866905
0.004975997015963053
0.004972569467005151
0.004959814997568224
0.004953488096496095
0.004952758700148519
0.004951213069270822
0.004944540531108266
0.004916884424538699
0.004912265731109237
0.004906293057164736
0.004912940643927345
0.00490099331277654
0.004901442992909274
0.004894332629498535
0.0050213840814329535
0.0050015657983418635
0.005020025023642424
0.005240158523396477
0.00522605272500152
0.005220140996786795
0.0052140084669154395
0.005183188844942295
0.005181961300739019
0.00517445186083965
0.005169735156572959
0.005163635864946725
0.005158957612890731
0.005147756598836314
0.005143836404457381
0.005139414568178266
0.005141369348317744
0.005131573178232425
0.005125523399069243
0.005182061353297786
0.005168679277110867
0.005157283415287056
0.005151233550404803
0.005145345052825273
0.005143430342379251
0.005143009993667244
0.005142171773062604
0.005143129735575753
0.005134606693391022
0.0051343984346303925
0.005171656892415925
0.0051610176487644115
0.005154068289539578
0.005149769580193123
0.0050994966376834445
0.005103011365708099
0.0050951034492556
0.005092964077086995
0.005117088534485599
0.005108850824775744
0.0051064575808307654
0.005100660971853037
0.005095224066941573
0.0050954095746979875
0.005097363608653924
0.00509466422132485
0.00508832691473307
0.005100905796512706
0.005101845994386506
0.005097187758612307
0.005094204587362896
0.005087397277626825
0.005080051623140011
0.005083025936788001
0.005077331243708001
0.005069433350911972
0.0050778487452273445
0.005090538792827802
0.005088775928497258
0.0050839676497454935
0.005076127112834414
0.0050694949336986496
0.005063849511007898
0.005056214130593183
0.00504891665359257
0.005043100288368525
0.005006570032863658
0.00498743518986323
0.004986389538583859
0.0049725274917126056
0.004961387629596072
0.004948882984509077
0.0049411152607704255
0.0049400425277093445
0.004935133861134619
0.00492728299205838
0.004930340747561679
0.004933864895499015
0.004927207494732755
0.004929293024172983
0.00492449825919052
0.004918936898699635
0.004913273319129202
0.004908584890905413
0.0049046224452909855
0.0048992629638017786
0.004896937367802489
0.004889320227286538
0.0048828146228490415
0.004880172114076417
0.004868677526231736
0.0048596277344970665
0.0048537825227010795
0.004853842799201937
0.004848115097090406
0.004850240755338937
0.004848270956650732
0.004844140576409936
0.004833908263648602
0.004832169265878037
0.004809704889952767
0.0048060330936337105
0.004798347109398387
0.004789796369652333
0.004784975041671628
0.004878569087643293
0.0048816063341540995
0.004831579137866773
0.00482419825327473
0.004820009732158742
0.004810101061189109
0.0048032234399417745
0.004801157758579486
0.0047888289371976756
0.004786637701262791
0.004788978858267938
0.004782473351626511
0.004781162463524854
0.004775623086304949
0.004740568171558865
0.004729093225562191
0.004724362790359006
0.0047190287417421505
