-0.010857874527573586
0.04158476864298184
0.05306259449571371
0.06265865936875344
0.05035992603128155
0.04435597892318453
0.040883739944547415
0.041318204253911965
0.0328673455864191
0.027274672111326993
0.025595765871306256
0.025263534285701234
0.02372860414574721
0.02328841299749911
0.021992077221511863
0.01783757030909114
0.0157798664101089
0.015485708344433649
0.013934010628145184
0.013185977303822122
0.014992947340942916
0.011572000519979904
0.012093643104890358
0.010649373522028324
0.011171482136258137
0.010303380269626222
0.011429017767243617
0.013093049501486377
0.012749638035893438
0.012854973875707193
0.014237835421226915
0.013548627834428437
0.013303457115612483
0.01706468139642051
0.02292868801547835
0.02111047734128865
0.021116834391202582
0.02101976287145263
0.020035919093061235
0.020249451726402447
0.01933603020872743
0.019367703962204753
0.019167332243258974
0.018517382598171626
0.022304882487768057
0.022361531487091416
0.02211256634715633
0.02205726404541304
0.02440937570296227
0.024026770491664302
0.023444326334776198
0.023673944974775006
0.02386414648585572
0.023749880822883398
0.023595275914496065
0.02318078005817113
0.02337949601772786
0.023634525118553525
0.024005466707361228
0.023801488626259745
0.02325579904830983
0.022851792212191302
0.023548946224764205
0.023175871003275866
0.023045256229427942
0.02285272012631505
0.02174802405609036
0.021067363348371084
0.020281435805372887
0.019722302709902877
0.01929804071227812
0.018174652664041877
0.01679196670915729
0.012277099679534624
0.012119905352224831
0.011129699081980747
0.010867777008873713
0.010436276672407978
0.01061323179455939
0.00972782476966119
0.009667949634604147
0.009365569404606889
0.009318338388333177
0.009082702495267278
0.010691316660255358
0.01062243302545413
0.010721565427957094
0.010498299213712294
0.010095982711451741
0.01160383007775705
0.012326601854748208
0.01171490658445143
0.011838340460560579
0.00997743975420139
0.009732378920792444
0.00946677462965941
0.008157501360686607
0.00836082154913156
0.00851602075854316
0.008367475834536814
0.00899611268530362
0.008998298151780241
0.00884560281813789
0.00871559354210538
0.008714209277762692
0.008604398262730541
0.008688464213197147
0.00868527576276058
0.008484976251863617
0.008439255790231193
0.008209479951931694
0.00783781777754162
0.007886198010262949
0.00783748155378777
0.007151383344597857
0.006994164747814846
0.006912719572783779
0.00717367121104558
0.006911768643961599
0.006528857267992802
0.007295610478575357
0.006851713320740113
0.006361408343148088
0.01132014060392976
0.010951963212666296
0.010767342856403178
0.00867214644313208
0.00856160865952225
0.0034561682456674507
0.0034301132185896523
0.0032685640573177055
0.003194380391396136
0.002592166837951198
0.0027048779798119725
0.002811815830200967
0.002638803326769523
0.0027193586161508632
0.002710805872535643
0.002462185521809652
0.00240735933085547
0.002381594499087776
0.0019212665664800625
0.0018594256883564734
0.0020698268528513883
0.0020778024687163853
0.002135167565184083
0.001877265725901503
0.001988449960559508
0.001414323556236924
0.0013717885964876979
0.0011851458984892828
0.0011842525975011742
0.0012057451364983422
0.0012274343265040284
0.0022172166664416034
0.002216405417639645
0.0037439542489503585
0.0037969536947543344
0.003958744286501316
0.0041833459645486595
0.004183914315495871
0.004153657936708192
0.004142586139695175
0.004164123803969812
0.004160921300441611
0.0040706967534832
0.004068531218633456
0.004027477995294131
0.003946038232157555
0.003928956980762556
0.003793181176703466
0.003772823965699126
0.0038496913333509065
0.004068891722043709
0.004100371148855298
0.0041712679062301744
0.0041111775567974854
0.004099050083447393
0.004107547524876685
0.004179987494926384
0.004121164808556396
0.0035964254909474904
0.0035516899730757114
0.0035551179596852206
0.0036369629939066706
0.00357525890760303
0.003922015264447025
0.00381605680379031
0.004094799965203396
0.004602242128908907
0.004500612232732237
0.0043661398131525815
0.004303486143435668
0.0045472837118909525
0.004443469105112575
0.0043583316344361234
0.004373752229230835
0.006089551186530695
0.005974071798264048
0.005918284666733769
0.005956891778335527
0.0059488387336826005
0.005990377985119052
0.0059062263014067595
0.005824556010797873
0.005811679331644254
0.005761472968935358
0.005924738510779182
0.005905920168983618
0.005837510361433277
0.006061371828249287
0.006012332511458005
0.00598296178308986
0.005951159390036105
0.005850146959009754
0.005848139956859607
0.006084659524526824
0.00636780189167385
0.006380123923405668
0.006460068813773775
0.006433880758924864
0.006425694429896139
0.006553127826399371
0.006726463765112892
0.006709099486593852
0.006726075574091026
0.006708434810494319
0.006561816563244146
0.006541373745700265
0.006530383161321543
0.006514547753011296
0.006092273473315935
0.005688300060753068
0.005946071389468111
0.006285153683551226
0.006339451509335313
0.00629043658635728
0.006308630121497745
0.006173242897299743
0.006180655270142493
0.006060126080747298
0.006031273377469052
0.005975936035640909
0.0059215517258461685
0.006088588920580909
0.006081762486080896
0.005496576871542685
0.005481972619068315
0.005463442815467718
0.00543894028510023
0.00520363323379397
0.005129015512153392
0.005029514480536206
0.0050248153142485
0.004749981257191397
0.004671734710611726
0.004708132721021659
0.00469833616307545
0.004652825312223289
0.004571829982266061
0.004304308308295568
0.004463532457071512
0.0046945117108848425
0.0046754227608512625
0.004646933620928656
0.004638404341254121
0.004611000802659836
0.004781665379133037
0.00620429170386935
0.006089179135680311
0.006436505404588604
0.0064855432393704825
0.00642723545438889
0.006379201825369491
0.006375392502430235
0.006420186181159336
0.006520422733315142
0.006538878820876603
0.006517895292823338
0.006555228518965089
0.006604192113001827
0.006588994168311149
0.006576227922727106
0.00649091227535616
0.006489205385812305
0.0062177379936862506
0.006223881568682071
0.006205441233634331
0.006537546079348902
0.006547208622584434
0.006772345509252525
0.0068794650028844335
0.006859722990720045
0.006839347097201872
0.00681470227081681
0.006799841834301198
0.00676622138133635
0.006739847556715924
0.006854864701939126
0.006723861530287024
0.0067588869707399845
0.0066790233747326695
0.006593503819251628
0.006595616467052795
0.006548215525553506
0.006556917949661563
0.006451874647845888
0.006445124612753444
0.006595216222828434
0.0065798818918358275
0.0066394151460068915
0.00668986828271716
0.006727617511312197
0.006542185816677316
0.006620352420236773
0.006617085388288701
0.006604821731646855
0.0066282740213140425
0.006551311971270479
0.006511390580566501
0.006446358574241955
0.006357353451681949
0.006336385341085218
0.006501302022773487
0.006559117534340709
0.0065525951054778864
0.006490566317707574
0.0064972613507876115
0.006448862787731219
0.006483052264944036
0.006489319498201901
0.006497575914034169
0.00654613836054986
0.006474960193649603
0.006522909165748087
0.0067333208123437575
0.006740679406456255
0.006752439116603068
0.006674696996753271
0.006663997710854517
0.006626773417290107
0.006618517497147141
0.006605074753129296
0.006911085277417868
0.006980002638372473
0.0069397558170969315
0.006881270097333128
0.006876505110786435
0.006810187457927638
0.006773153237701314
0.006763951649190861
0.006705908885716381
0.0066759760036412125
0.006592139776166479
0.006660345932625739
0.0065833761967217744
0.006532171492688569
0.006618948732463849
0.006709685891918427
0.006664869962440719
0.00666447779554771
0.00666807779719022
0.006680106089174095
0.006708103847013764
0.0068026427892062214
0.006747750578097981
0.00672904242357776
0.006750562501160133
0.00674721953691915
0.0067610926690795095
0.006686280633295358
0.006640262196736847
0.006738794981539352
0.006831325723789635
0.006718143170880295
0.006755145764736762
0.006727510696417462
0.0067010215126680804
0.006712405185987195
0.006688802590742808
0.0065730756989202405
0.0065667968065242065
0.006711749461525569
0.00669511976083378
0.006200610061653848
0.006253570409669743
0.00626191942347694
0.006245081723700005
0.006260550271821187
0.006250174046950202
0.006156307357815999
0.006111615297293325
0.006064050452846346
0.006048395536557031
0.005986689641657806
0.005701298550972414
0.00567714314341508
0.005617374749177308
0.005596491902833807
0.005586623062932416
0.005593426956213661
0.005567028738093788
0.005565179996872507
0.00554944582378354
0.005492724769139719
0.005426777080096151
0.005383269148724676
0.005338102683435199
0.005364596488936693
0.0053579420699067255
0.0052782076144493794
0.005258927452823343
0.005105937576480437
0.005131307439121184
0.005178495070280267
0.005221815661016889
0.005254382915537512
0.005320268713836927
0.005336201647324268
0.005321454280277279
0.005320950927956571
0.005319089083007625
0.005308712107505002
0.005306526931714926
0.005492957808162599
0.0054765644456550005
0.005445828917817101
0.0054384089286150395
0.005409449146421583
0.0054271497362317084
0.005406347588750243
0.005447957628432397
0.005445097622725566
0.005435580097877519
0.005438988089802839
0.005494499175481125
0.005473007335589104
0.005475856145527768
0.005416227566258222
0.00541964809641521
0.0053654165279512145
0.005333242971822202
0.005319901923743407
0.005315123452658486
0.005322585809785843
0.005306212255737478
0.005320481809706379
0.005405395521205709
0.00547713666662781
0.005637890792724384
0.005626376854529839
0.005727183020562678
0.005693247088688605
0.005708748665331242
0.005795078342137127
0.005789480975286986
0.0058857863181775005
0.005868671926332963
0.0058564445325274715
0.005827879541000021
0.0058459777753393
0.005743621500283404
0.00573051127415464
0.005738727819244631
0.005748177659468001
0.005788533137443158
0.0058264781959239485
0.005818111315391452
0.005848396250215222
0.0058050567969865725
0.005735634192498798
0.004082442918668324
0.004077476452994811
0.004572165678745433
0.0044935222853566045
0.0044952717507687635
0.00458677277279722
0.0046209339458312656
0.004611636220458124
0.0046148494833774464
0.004597239379376889
0.004671392200213879
0.004630939949838804
0.00489385099553494
0.004880343880284
0.004851973579490841
0.00482780365278128
0.004842544566118116
0.004831295955821649
0.004780584860208038
0.004722500099976575
0.004712065285223809
0.004714376678777985
0.004740279778541834
0.004702612345652368
0.004676549076229167
0.00477404947905525
0.004689924031769478
0.00471916408941616
0.004684978623074223
0.004666252987597521
0.00468068160535583
0.004668208437954221
0.004660945912099236
0.00463437569397134
0.004617037311177044
0.0045953680527182055
0.004547378689499874
0.004538712465984972
0.004531881083399902
0.004520666210623864
0.004498607242914725
0.004481779409509976
0.0044630947349891485
0.004458714100011529
0.0044282600232958495
0.004424920664631865
0.004418433147598323
0.004411039578553761
0.004380258803158439
0.004337899724197297
0.004325195725933327
0.004332664162422649
0.004335808411706245
0.004281377729790702
0.004282689301771571
0.004271109558568715
0.004245718369028925
0.004236580038834193
0.004235140971507069
0.004205817254404614
0.004166684034048965
0.004152086161077901
0.004158050744145872
0.004121880149212499
0.0042044233433855506
0.0042076818208984035
0.004205697757457191
0.004177007572919448
0.0041684930449714976
0.0041240343697948245
0.004115767906352193
0.0040845873530034865
0.0040784587627575915
0.00405124547661474
0.004088666229283232
0.004121390974041199
0.004114206059062303
0.00409583903150634
0.004202995198937701
0.0041703191293535205
0.004177954391269848
0.004177721201934751
0.004157517776354688
0.004163028905796327
0.004179114210620011
0.004171825303215424
0.004218231552165538
0.004359224989561242
0.0043488432111222
0.004409867809883253
0.004443687673403394
0.004426911387820441
0.004443265155238002
0.004450945088610247
0.0044470771303732285
0.004433475196210703
0.004434095588406337
0.004401289195377846
0.004383091382590994
0.004360669386944372
0.004371298886640543
0.004375033484583645
0.004363112624572681
0.004401089038260084
0.004696178564759856
0.0046883017895421085
0.004724884607197021
0.0046512527122355065
0.004646082089736221
0.004640127710607617
0.004623289441284103
0.004623827050848276
0.0046076836573899415
0.004600713239389137
0.0046040352468229824
0.0046023689734085976
0.0046094730481583005
0.004604308883032096
0.004584599969937761
0.005022638146722281
0.005154960444546514
0.005166559199185628
0.005123585423145519
0.0051353221315610965
0.0051659197657497125
0.005186654837279559
0.005152430081874524
0.0049559231239254715
0.004942962177389914
0.004901530437401209
0.004947662748613409
0.004944252592395073
0.004962264231217591
0.004956733758031886
0.004953433846869968
0.004978085592244366
0.004978822236739215
0.004955252200330726
0.00490755045932449
0.004903758731362531
0.00488911329973323
0.004854913518732995
0.004889551607600416
0.004815408539585628
0.004570593797723279
0.004571327922958439
0.0045532303536348516
0.004557516468564931
0.004531715367339569
0.004524771259536894
0.004567510028983392
0.004547565188076066
0.0045051442719064765
0.00450461317207472
0.0044124242336269544
0.0044594800119565695
0.0044527121216009985
0.0044472761486383594
0.004455918761021167
0.004475676913357416
0.004482464157622378
0.004449189257641314
0.004541441078543469
0.004533767726278944
0.004510887991801482
0.004514165312875814
0.00450105226501395
0.0045235800877890244
0.004538392132404598
0.004555825136889891
0.0045621165887867006
0.004634283879364747
0.004613104679300497
0.004602325821512363
0.004592828906822811
0.004583150868531885
0.004573862217506619
0.004608149337850952
0.004597140419867027
0.004602070076036153
0.0045733207883634315
0.004566690957156629
0.004551998535100071
0.004558288536982897
0.004529810002388353
0.004523330809701372
0.004513704166033959
0.004517295130062862
0.004486643392578592
0.00447408048635817
0.004441179729138441
0.004391359429699885
0.0044813809601268045
0.004479107796214533
0.004464983596289165
0.004457163321489374
0.004469635592469393
0.004446038353142216
0.004368364249773186
0.004350405418812282
0.004326679638222309
0.004339402257820648
0.004312619846572905
0.0042981874309142775
0.004287738404171402
0.004302475082459336
0.004300632678566922
0.004310350148743442
0.004334646479446158
0.004324280105096293
0.004322980571722986
0.0043117207809785845
0.004323401998466803
0.0043223215298117705
0.0043239206636732684
0.004296836064472605
0.004288767678957141
0.004297887349916309
0.004292229497006683
0.004275893363102371
0.004269280659641629
0.004255510750478304
0.004234396507410784
0.004257728569741483
0.0042710743885095905
0.004256151879341738
0.004162457299859104
0.004171724887481635
0.004195370501390245
0.004191077259011667
0.004138720673982563
0.0041308500146690534
0.004114133859769921
0.0040887089795927775
0.004096561135632646
0.004043489080701839
0.004015756542817404
0.004021978596451663
0.004027992859368161
0.004080115556288547
0.004027054126966797
0.0040182449946379655
0.004018441371219177
0.004022283496887318
0.004011476653445563
0.003973888497346306
0.003988187490125043
0.003972493579769647
0.00396967450120964
0.003968303886495691
0.003944041851581437
0.0039356512684685175
0.003928266908283003
0.0039112245409522505
0.003894346786110175
0.0038787687094504857
0.0038853949300762234
0.0039023705178469993
0.003884642733475676
0.00382438987880613
0.003812000862596565
0.00378804992732456
0.0037877894935616388
0.0036921916658763693
0.0036988906595341754
0.0036862497146179646
0.003711672982844348
0.003724979224529859
0.0037145452318913023
0.003702699050267748
0.003690885683013361
0.003678029345274008
0.0036828203080690913
0.0036762662052617703
0.003660832861437782
0.003679112794502142
0.0036660423029048887
0.0036686543039201568
0.0036466833632334086
0.003639803739172354
0.003634717266890387
0.003629355542303078
0.0036154538446217157
0.003593800326198889
0.0035809347584574327
0.003578719940164942
0.0035752723207764883
0.0035641698731189277
0.00359345170457845
0.0035944533005895906
0.003614622438683518
0.003598294477542285
0.0035945933431636642
0.0035790504530399396
0.003577439170685941
0.003550171474140989
0.003540431597177436
0.003492228303168151
0.003481433382357487
0.0034783997491075803
0.0034933226556700444
0.0035154389188768232
0.0034764361679704326
0.003456171596985078
0.00345244582515017
0.003456014230117756
0.0034381565859808033
0.003432312191431185
0.003415705921517748
0.0034213957602016597
0.003401894327315561
0.0033996160302046403
0.0033865004547302302
0.0033770022463111646
0.0033970757499556243
0.0032929301370191863
0.0032847200636752067
0.003336348860374298
0.003339181366943508
0.003332350990218192
0.003308318192823384
0.0032988197111697174
0.0033048355035958394
0.0032673383412570407
0.0032756255336784854
0.003270433197030809
0.003255722011764136
0.003257687546647514
0.003279829965994475
0.003295411767674379
0.003314847964778957
0.0033083128546965903
0.0032384492210344004
0.003236110533559336
0.003225291559176676
0.0032122555962679693
0.0032135029282387593
0.003212211371822017
0.0032144316118848004
0.0032230976353522286
0.0032241540000290656
0.0032132201786158844
0.0032105941844652827
0.0032090236757129913
0.003184671588757883
0.0031927221447991174
0.0031936192258616046
0.003235937725744085
0.0032277686241929202
0.0032025309378839913
0.0031954157738358045
0.003192263263381138
0.003237635882952346
0.003244954547165514
0.003259197418240699
0.0031820361815018522
0.003182935764026177
0.003137997228929963
0.0031321862977694167
0.00312783271168044
0.0031443227105270974
0.0031345833954317666
0.0031327520034967575
0.0030700207586120696
0.003106700062928142
0.0030775838943452928
0.003073115135513643
0.003067348458474357
0.003067798587295938
0.0030386601965304906
0.003033036428731838
0.0030339522125454443
0.0030786999043204088
0.0030891089457286587
0.00309517847558533
0.00307647923642127
0.0030661231938401926
0.0030544717762591976
0.0030636363470577885
0.0030627443952930926
0.003058147543327783
0.0030526711125787357
0.0030580686637451063
0.0030622617970574462
0.0028642793200272304
0.002852905737379977
0.002840692664556785
0.002837415099032993
0.0028525344457809524
0.002846592444569433
0.00282022183395973
0.0027664391041913455
0.0027537608933043004
0.0027565619817265055
0.002748185278288709
0.002751762756564417
0.0027704379939682195
0.0027885956742570734
0.002780771946273093
0.0027738337339208697
0.0027669767748734224
0.0027658899297519093
0.0027865838495615457
0.0028031985426282408
0.0027879629479408037
0.0027843722908525445
0.0027939919556493314
0.0027741117365208618
0.0027662953889768197
0.002758500356237203
0.0027612216953512105
0.0027726158442168635
0.002771281455656642
0.002786491428274342
0.002786556983210701
0.0027687898563690033
0.0027652754952122364
0.002749308318179637
0.0027309078327955143
0.002736367084461303
0.002745848779698528
0.0027213823557461657
0.0027192639854903247
0.0026999291909695525
0.0027158762565959445
0.0027108029587498326
0.002867382605136949
0.002884096651299248
0.0028784474494017486
0.0028850882507870075
0.0029120647033510577
0.0028963084462066964
0.0028911711428782805
0.002939073335691357
0.0029405937146969557
0.0029360672936847737
0.002936011603103637
0.002926545185587064
0.002934333397743625
0.0029188291301308613
0.0029221187370037835
0.0029514562447491297
0.0029499020216900147
0.0029467924965843563
0.002934647473999725
0.0029333126262639027
0.0029600336527633403
0.002963611497556419
0.002969367066400804
0.0029701702241809185
0.0029802581569445393
0.002980914596910198
0.0029581808007473403
0.002949506127927767
0.0029443328370171514
0.0029502833868123132
0.0029422686546434554
0.0029374023528284045
0.0029234011996028394
0.0029317181858572986
0.0029271038385514504
0.0029324193553509595
0.002966407173559739
0.002992034142572767
0.002993632142326191
0.003002279642177559
0.002992931325487007
0.0029901272664342115
0.0030041323619915588
0.0030048751487790266
0.0030094371290832153
0.0030181018608006756
0.0030187826406545865
0.0030112376399180855
0.003017473178143688
0.0030134537778912784
0.0029736748814104042
0.002956111831590546
0.0029499700464813714
0.002963467772821165
0.0029674242839416672
0.002992202478765564
0.0029854062108410876
0.0029909376741316935
0.0029915370469934424
0.0030023485078478442
0.0029952045373727496
0.0030163130524063914
0.0030014829048218322
0.003015392540766252
0.0030086616030966873
0.003003701621510054
0.0029895860448460473
0.0030121195357096335
0.003032316223332033
0.003038026491316694
0.0030155015042026803
0.0030050728366873584
0.003039698335404465
0.0030364206942804987
0.003032263674571565
0.0030435318799531285
0.0030724183621947797
0.0031009451504360303
0.003119074866208312
0.0031137591106057804
0.0030171334770195722
0.0030146710260127484
0.0030039588997729724
0.002974875324815685
0.0029905481553967736
0.0029776299667672083
0.002971485874711354
0.002968860620882612
0.002958387557595033
0.0029695379062436135
0.0029590375954167674
0.0029703249405208867
0.002965539110287393
0.002967935121740741
0.002967960037366562
0.00297587915208666
0.0029662992911127953
0.0029781187315173307
0.002976581031877425
0.002966645551495031
0.002974319195123616
0.0029411611601826856
0.0029306032532173984
