0.011128712445497513
0.03166629374027252
0.016564785968512297
0.020417072996497157
0.017687460097173854
0.013269223006708285
0.015444662189111117
0.014122401157187093
0.026285475026816132
0.03289316010407426
0.031984266747410096
0.030607877514110163
0.029804752940045937
0.06280612504730622
0.06181761767948046
0.07365850101718131
0.07038609564511313
0.06628528502034513
0.06252192901447415
0.060236239451028045
0.06049270563843575
0.05731426470953485
0.05409199550437431
0.05354650147259236
0.05068880054526605
0.05174217449018249
0.04985429254260712
0.052241672352277516
0.05005281469008575
0.04871298559761096
0.04755899561132538
0.04565603952770207
0.04443530974608354
0.040618555414091276
0.039228020604544646
0.03836369177804808
0.03754190136801061
0.03617865849549
0.034170671453466646
0.033041489282168636
0.03211164513846771
0.031779629107954545
0.0323992505278015
0.030646269018244413
0.03079147531104315
0.03626106227153635
0.03578757818225616
0.03475782654856389
0.03300713285338134
0.03280769379389491
0.03189230045357432
0.031163647590767375
0.0311670766548357
0.030688128125091838
0.029015864490897252
0.02871142623112781
0.028980857287212423
0.037258938156163025
0.039643026589571174
0.03933410781252456
0.03874965321888485
0.03793215920542557
0.03817133451593689
0.03779186324502985
0.037037848442030896
0.03638585407717792
0.03564027626656324
0.03468954259111289
0.03421326376264915
0.033575530854237444
0.0332417565013101
0.03539610136944597
0.03480159932577581
0.034722970409008375
0.03381915575071043
0.03368837268593686
0.033126082971321955
0.03253783836895955
0.03180370949703503
0.03151421509481922
0.031167047278580794
0.03188239625817817
0.033101731599474875
0.03269826367716581
0.032499633036380614
0.03232220710180274
0.03197531870153566
0.03134857989020983
0.030378459065428236
0.029696414433931447
0.029829418167735114
0.029412345342358145
0.0295002957474084
0.028936297684221707
0.029036181903696497
0.028646400306354666
0.028317810528037383
0.027830124200048958
0.02728832224151123
0.027050774980170486
0.02699207181485337
0.026667418485073393
0.026277507917257064
0.025959876625399544
0.025709049848681532
0.025483689577727855
0.02787071328687796
0.028299105757368995
0.028004339178600818
0.027752746885583723
0.027517972095146087
0.027420271086028566
0.02739929453277834
0.02646764652580837
0.026225837152290748
0.02604705289515679
0.026352918438487177
0.026149099634005538
0.025949013933617045
0.02583793039079606
0.026172960629366138
0.02620325164256122
0.026058131928420516
0.025819470884278457
0.025439369908001847
0.025583650551985724
0.02544241906252868
0.025307876843049467
0.02523968208115552
0.025094658884625098
0.024853206700010434
0.024869161169569894
0.02462694147747681
0.024143023059393007
0.023936032962999072
0.023547362864194274
0.022207155474461653
0.02209280240483479
0.022240801709371528
0.02227916856005739
0.021945147179919796
0.022959731410133816
0.02247270511806067
0.022262935155745765
0.022510725004943
0.022245880528384873
0.022147835668088353
0.022033213695586265
0.02226609620110446
0.022109874215020236
0.02215115902991356
0.021871710031025535
0.02180271214645287
0.021531322032904227
0.02168844564958145
0.021573545721917196
0.021394261759499572
0.021438354192120087
0.021254406472871815
0.021981311209285842
0.021825855676182525
0.02169454098640562
0.02167664101189744
0.02183131867716318
0.02176060251287098
0.021722348376587174
0.021562494565192304
0.02146653072755599
0.021214683146065345
0.023182999898546143
0.0230380601068921
0.022826957931227985
0.02243365760626349
0.02233147689041551
0.022165423291219444
0.02201462130352994
0.021936623134004143
0.021727763111481998
0.021668634051780447
0.02161411715713872
0.02168457573414066
0.021444105212716662
0.02141913312073526
0.02096387286878168
0.02084153454584292
0.020697659039359443
0.020565186556307326
0.020479603476819937
0.02039106360140357
0.02026897686727455
0.02016872716891766
0.0200854554947905
0.020048766149407198
0.019774157164367655
0.019731585689219292
0.019622316278770195
0.01954892801909917
0.019250198985489776
0.01917340928892375
0.019109617818821135
0.01924574348613355
0.01920648526802909
0.01926174577452272
0.019163668668749426
0.019135368214547206
0.019028342758352634
0.019037747990436286
0.018944170294801894
0.018606038874990908
0.01833705899363024
0.01931140507255103
0.01992145892967223
0.019438223708769173
0.019336875846479543
0.019911778459101248
0.01987561028802658
0.019818312042059586
0.01972859574654078
0.019642790803283645
0.019507915037052046
0.019380733876820544
0.01910961209117717
0.01920282786107109
0.019079107346737578
0.019136615709990982
0.019060927514491486
0.01913841808237252
0.019084749218202565
0.016175616519910348
0.016015070659366512
0.015929584910767982
0.015927021545078232
0.015889648644106375
0.015820048569622373
0.01582991634347573
0.015752933951358055
0.01565441452289597
0.0155832772907922
0.015619958111104424
0.015743652409371554
0.015615489711496264
0.015550555646110067
0.015489283788946415
0.015516744212043136
0.015415983013472757
0.015307723239242399
0.015233601672662214
0.015134253688871951
0.015064034465816827
0.01500234237430987
0.015330087522064204
0.01561020077180889
0.01566414121736859
0.01560678455177423
0.01557295684290241
0.015501751564103402
0.015441263210170118
0.014279750510299616
0.014246232990430726
0.014453862800991712
0.014397166114729737
0.014288603735290057
0.014213835936860788
0.014326801309076528
0.014277104112294286
0.014211759928588634
0.014166557664332289
0.014129738747397612
0.014160408139879906
0.014067034383035524
0.014176352687333287
0.014126690786145138
0.014096240913363731
0.014042328075315316
0.01408174008447797
0.014023790650287435
0.013913950370184985
0.013773955234412398
0.013783177590292866
0.013743110397044305
0.013768438624564071
0.013720112424010644
0.013674112206425795
0.01362704293416374
0.013571175672435484
0.013473734344685965
0.013316513434397693
0.013237159403430152
0.013169707841910282
0.01311199518496291
0.013057575073816406
0.013067967354446357
0.013090377709045108
0.013154676427839787
0.013123647565383176
0.01312303702769919
0.013136205085980625
0.013078511531295797
0.013075872278520079
0.01304208975588128
0.012985644278340891
0.013048213426228906
0.01302549288227871
0.013424940491915834
0.013350658811795469
0.013328737942467792
0.013276100826095172
0.013229223211506146
0.013119581289826009
0.013112467961364154
0.013027202981902538
0.0129168982528851
0.012863896074493517
0.01288525645375357
0.012827283802167442
0.012778326202009908
0.012750071269784393
0.012858598304640222
0.012791004106020427
0.01276566523678147
0.012742616084273432
0.012652079420414377
0.012614921343216064
0.012627712286059547
0.012603821074272284
0.012533524171830191
0.012528447180091301
0.01232276342398387
0.012017855066435683
0.011985446101957049
0.011955702163230685
0.011927540834161802
0.011841025613969861
0.01187264799520917
0.011831631574837279
0.011813902045936596
0.011802424870885389
0.011747259141071673
0.01169038853489946
0.011558438350751743
0.011493861005278673
0.011465428389847137
0.011525694387379458
0.01177573337757867
0.011763520973093279
0.011679602135627031
0.011670285435349977
0.011643539246469936
0.01161189999389796
0.011583836851266766
0.01153902542525679
0.011505380075074689
0.01154856822372213
0.011471471355811535
0.011373183206119457
0.011331691299790154
0.011289758192243291
0.011279059826376314
0.01124522200269794
0.011233172909349573
0.011157867566631601
0.01110755303881348
0.011120842090199567
0.011057590913706896
0.011049219746606396
0.0110172788273608
0.010986388639139495
0.01090382038884442
0.010866341151209012
0.01071149316168269
0.010647888949093357
0.010569949784495913
0.010550507868797023
0.01051851787821702
0.01047626970133974
0.010514374413843772
0.01055699370206439
0.010521400889743009
0.010498662209322105
0.010367474339968418
0.010334838952452293
0.010371018546711252
0.010361063151322032
0.010249714081949728
0.010245511569191327
0.010212711966115255
0.010266019290939623
0.010233678323800923
0.010179655337765924
0.010160355313319033
0.010116841596829226
0.010090736676503401
0.010061190615548193
0.010043362893025655
0.010037520605876161
0.009986505439690912
0.009963070691271291
0.009947462736312107
0.009925587912512145
0.009964025743782393
0.009994538912774933
0.00993404370998658
0.009927312950191617
0.010087189285938334
0.010074172869254163
0.010049063359465609
0.010051731245695543
0.010001072604940712
0.010279510773948366
0.010222564335335223
0.010207916807241472
0.01019147514219321
0.010238852625859555
0.010225431052813639
0.010196084019578586
0.010195584458031553
0.010174381932475999
0.010152287846322798
0.01012292239555836
0.010103192620132593
0.009907931130850084
0.00989568567220795
0.009890184523101217
0.009871408740017473
0.009992503707623456
0.009967541358168136
0.009981956982522217
0.00994399861311314
0.009931718320978368
0.009947372856563441
0.009939676070980922
0.009922952003581854
0.009900120540893835
0.00986584722360159
0.009814920914297995
0.009797430855717028
0.009772807864494082
0.00972139705398126
0.009683319105864625
0.009662995491292483
0.00970598335563032
0.009674775395707958
0.009648979637498655
0.009617295042085847
0.009599796488174807
0.009590614324743446
0.00948610237868968
0.009460677328674586
0.009443575155908362
0.009420673199451777
0.009379481616215199
0.00931442598009198
0.00929786447179967
0.009280094755288988
0.009271745279157173
0.00924216165517854
0.00931934586452377
0.009281299346010472
0.00925888507266318
0.009231062684702623
0.009193747401077751
0.009145299332720784
0.009124815176933088
0.009105574418177286
0.00908001123665476
0.00905661602504304
0.009188075940874445
0.009165405871598307
0.009166110621980767
0.00915906519371763
0.00922662486568622
0.009188962472151358
0.009164072570176362
0.009162379508090566
0.008934555047897525
0.008909185992910658
0.008871367390140437
0.008833733663322142
0.00882748295158916
0.00876703957891289
0.008723218747474082
0.008727498475872442
0.00870607097551165
0.008675594522423351
0.00870931648893366
0.008688425321265352
0.008625414380104756
0.008609662450179155
0.008535051905272113
0.008523080428925226
0.008504174981274325
0.008411425211465453
0.008637623852300328
0.008635345509927271
0.008597880142148054
0.00863719457823465
0.008596676149619224
0.008582513191784385
0.008540561985515548
0.008524917161193033
0.008513311092823906
0.00853782214362512
0.008536093304544022
0.008501647303796095
0.008454029000902172
0.00844231421382562
0.008419539166009902
0.008400403502068372
0.008356770050458578
0.008346342785639798
0.008326817539739318
0.008284509978332029
0.0082849707422848
0.008279428241641094
0.008272780132826979
0.008253429907185411
0.008238587008699758
0.008218640719797495
0.008208324661525436
0.008194871465400716
0.0081776021081545
0.008195806495290196
0.00819451154774201
0.008113752565668207
0.008105634454783418
0.008084118298038004
0.008036192657197159
0.008039810114493087
0.008014328592239443
0.007986296221568741
0.007966011454785853
0.007914013042620106
0.007915131591030673
0.007868699694898815
0.00788127879444694
0.007865088009390413
0.007958488415142967
0.00793616298387643
0.007913467250128418
0.007901020114864854
0.007935947516120773
0.00799004916144789
0.007979499871694067
0.008881484242551339
0.008858303859330572
0.008831496114710234
0.008834851090849418
0.008803727435262362
0.00868378847927407
0.008684206033134408
0.01008209931936017
0.010560189947289316
0.010545626416390974
0.010549741299657233
0.010530112148189292
0.010504753164425791
0.01050229806989795
0.01051276936996538
0.010471349900815
0.010448044832763084
0.010318098039031985
0.010295146306884466
0.010233779571438962
0.010221097619835282
0.010197778653475638
0.010164670159843575
0.010153209084153438
0.010131913666363393
0.010203553045325792
0.010180019980124022
0.010126035887891701
0.010084615600424186
0.009989057261367399
0.009987543853171911
0.009978337845849547
0.009970039626645206
0.009945842734174282
0.009946484255674024
0.009927370775428788
0.00992545552545536
0.009942294140492379
0.009937375476058684
0.009933188751833095
0.009954972698554235
0.00988615393832704
0.009913484487824196
0.009890733349747213
0.009876058470184653
0.009901249595035778
0.009855575585399423
0.009899926261798997
0.010240682100841449
0.010224303655588607
0.01014465067790971
0.010118617455917656
0.010111951268478143
0.010157512613842009
0.010147805707437854
0.010139588210780263
0.010172629924214064
0.01008978431609861
0.010306012867743339
0.010255075263413412
0.010242932945276308
0.010224549593079292
0.010217460148491798
0.010200910904227638
0.010201916702511108
0.010223328320502286
0.010183500779768673
0.009855788765527288
0.009818752710891714
0.009843897016679941
0.009760173540269004
0.009759426656545401
0.009752217478564515
0.009746863438778355
0.009709238249107818
0.009716814524924115
0.01101186661254624
0.010986983003343737
0.010871580184370457
0.011047532357947506
0.011138598722079788
0.011120290153136588
0.01112243890201792
0.011142807060440761
0.011091036979556589
0.011134462732505736
0.011098749841028023
0.011069730173841011
0.011038515989576362
0.010704554778118694
0.010700231780871898
0.012048056327788038
0.012070083843620533
0.011846980163807483
0.011793074752497452
0.0117793169002198
0.011727526727143051
0.01169573442526838
0.011684151714557979
0.011410488738970898
0.011391109321131064
0.011380172726612098
0.011446633547340455
0.011803142849888086
0.011896991660147248
0.011872817492694612
0.011725699294298782
0.011686903930083863
0.01166199764457339
0.011648912139641728
0.011627427800176398
0.011670857263530591
0.011854083212299851
0.011848923338566198
0.01187461621838352
0.011858322386229497
0.011839150385827238
0.011788373012062292
0.011777869501085487
0.011744968199912059
0.011725534836077179
0.011931945646593188
0.01191793165311555
0.01189688645069897
0.011896219987692658
0.011874166079458045
0.011848012310768189
0.01184473152971763
0.011815872367059435
0.011794082232336777
0.011781408883225946
0.011761711330572227
0.011741670958934768
0.01173240222349513
0.01172452736996556
0.011704105520424078
0.01170940335694512
0.011773912297075978
0.01178954489956786
0.011752450616279025
0.011738170844708401
0.011720560041927265
0.011720366010266497
0.011706664284691568
0.011738642415780987
0.01171816313977564
0.011699591467351438
0.011704620018857477
0.011696207494863683
0.011666823842004827
0.011643687009739388
0.01162160549804753
0.011586821448517887
0.01162388013098904
0.011621950025237561
0.011601989959308428
0.011593059818208906
0.011561582891339853
0.01153385910725688
0.011538268008280303
0.011520293638554375
0.011509511285606943
0.011486686060945769
0.011476635601640224
0.011461840410710614
0.011458933626467214
0.011451698393856019
0.011432077541296312
0.01141323139852661
0.011311447024040524
0.011298573386922202
0.011284353987773312
0.011277165082408362
0.01129141765161683
0.011277173635472471
0.01126502580983573
0.011263276465231026
0.011246256663348261
0.011218325388439107
0.011197767025755435
0.011156348828427066
0.011137611188641362
0.011124438093342692
0.011103986861808876
0.011087378043566748
0.011081271791353856
0.011054208296296691
0.011038359990186026
0.01103607044634818
0.01101118819845991
0.010988044475409586
0.010974676659751171
0.010971003290579526
0.01097496864746351
0.010975626864603205
0.01096046020397195
0.01095529252496882
0.010927319386919087
0.010916800655790941
0.010904995793602214
0.010887688567944757
0.010869125400717647
0.010851839592705604
0.010819245564863718
0.010803341126209022
0.010794688702755009
0.010799566783470133
0.010791820186529978
0.01077852298110289
0.010684041236087254
0.010678340192531126
0.010761622520693088
0.010757428798275556
0.01075347234742407
0.01075152190271319
0.01073822968537572
0.010721137303497686
0.010696389249749343
0.010677474159965566
0.010676041080551523
0.010659012325934393
0.010640686438940231
0.01062547727156344
0.01060145344517122
0.010624028883669463
0.010533078446305476
0.01048162073012771
0.010483360181855474
0.010471237272879297
0.010460856012771115
0.010470789395265244
0.010472057476757085
0.010454354183668978
0.010441480557262803
0.010475506877790579
0.010468070277942738
0.010427069147563146
0.010413733810861381
0.010444620937859249
0.010420496511053048
0.010471664523004406
0.01045964778611722
0.010457591586466725
0.010428504406988377
0.010275203846440779
0.010250687594135032
0.010229242081021297
0.010450814524569956
0.010436362384876946
0.010412963479016907
0.010399113785374475
0.009454830631667282
0.009443237745795256
0.009384402719711183
0.009377294686092297
0.009367170079312951
0.00928579785839422
0.00904012114392971
0.009010860337294457
0.008177452985206309
0.008181785399156434
0.008598190651813411
0.008974237522550927
0.008980801875758098
0.008941065435254927
0.009109666780676474
0.009288670913551459
0.009262101596679843
0.009235958382422882
0.00924740157172936
0.009228092965497115
0.009253924551433347
0.00932867047467415
0.009106704918375948
0.00917377804475782
0.009255044701581606
0.009311573476501992
0.00936809848690801
0.009373222362132142
0.009349162831445625
0.009356651363548648
0.009368899031242066
0.009385698040075423
0.009375572651094647
0.009379233296507593
0.009366320574015166
0.009349955936744507
0.009383751091158628
0.009368296305637545
0.009370664711917408
0.00932173372136883
0.009383520460095775
0.009375958641669194
0.00937058533280551
0.00936138527689163
0.009348196994722564
0.009337250127751395
0.009276312227257782
0.009256924578746302
0.009255326229391223
0.009255039925547888
0.00926489427233151
0.00924866852581304
0.009232314382008472
0.009176385661857817
0.009166130039923134
0.009161000692539518
0.009146583882928959
0.009137977276173208
0.00905935630647782
0.009052703214934588
0.009042709914814578
0.009000443116842727
0.008990335035138398
0.008984566268354473
0.008967324669627214
0.008955558850989741
0.008959226505066508
0.008954604464755248
0.008920707423857076
0.008912645658340884
0.00889738096741856
0.008877136100649169
0.008871516447328157
0.008876189995212532
0.008861795750556362
0.008858948634110356
0.00883686676475386
0.008833990607078379
0.008817630416452072
0.008820687489118446
0.008796349211745344
0.00879791602652953
0.008800781048011744
0.008799526138844112
0.008753023916572372
0.008737068817087666
0.00873536913363474
0.008700831712891778
0.008660695891486547
0.008657434334160287
0.008659984352832899
0.00865258251243612
0.008653372025700948
0.008644154181627207
0.008612393712843369
0.008602414901286546
0.008600748348436932
0.008585428495463555
0.008579802477722682
0.008586484155527922
0.008568995836705152
0.008559754359849446
0.008707836833092836
0.008693810336491747
0.00869269298454231
0.008685106040106754
0.008678267714686239
0.008663512471519792
0.008655544290184143
0.008643942284243436
0.008638916758303373
0.008644608034374458
0.008634535133510965
0.008658189895474221
0.008649317447190795
0.008641890437676028
0.008631413765805649
0.008626191645336885
0.008620566386931759
0.008618467500690348
0.008609372685324343
0.00860282503995963
0.008591121796446046
0.008584620243901664
0.00859683602371346
0.00859687725026678
0.008649489417414093
0.0086304759408069
0.008626928479721671
0.008613292856104187
0.008604971032824033
0.008615154638999997
0.008586971364852163
0.008596758209434592
0.008576803928446444
0.008567716350136733
0.008549156788608693
0.008550966257331281
0.008544966035544475
0.008520689014504795
0.008536367127413154
0.008541593520445897
0.008538949750125552
0.008541483926974626
0.008543176392212208
0.008532077254674053
0.008526240473251307
0.00852080953503987
0.00850857398201421
0.008471991599995716
0.00846673068654455
0.00845835413567432
0.008446918799982023
0.008432805433661325
0.008422900803485213
0.008418366947572703
0.008599352960263493
0.008620237923791138
0.008615674855640519
0.00860906199391211
0.008607296740234879
0.008596884467237125
0.008572153579871455
0.008573772377947339
0.008561170648802862
0.008559113190558817
0.00855486781874638
0.008543008836885678
0.008532473438031042
0.008538611540377848
0.0085984100387615
0.008632261123298271
0.008616559606955653
0.00862428304831565
0.008618849505833604
0.00859928060558949
0.008585396180132517
0.009114069773701682
0.00910505221171059
0.009096681610621427
0.00913413766454038
0.008879272281819013
0.008869574210096582
0.008813557791582148
0.008797400097935278
0.008787709060749264
0.008780121504361872
0.00877245913617577
0.008759889315292757
0.008752266570233137
0.008739915931619555
0.008728690344164212
0.008715924061917298
0.008707866445972419
0.008702741313967954
0.008698995152239784
0.008684548621116148
0.008681206506677447
0.008674297992117105
0.008672076268718307
0.008662040382714847
0.008648676198915142
0.008636435569590149
0.008624393033044133
0.00862775956530823
0.008622430412591413
