0.03332645446062088
0.014373379449049631
0.014669020660221577
0.007030446827411652
0.04250082249442736
0.052395895123481744
0.046168681263225146
0.04121345792534863
0.036968433193396766
0.03353198737287046
0.027180058115239554
0.024962488337993038
0.027703382665224895
0.027403629252997528
0.026076888803800092
0.024604362052153127
0.02331402153423469
0.021755204738215777
0.02091583940782583
0.01954927366958664
0.018666741644582617
0.017824216859678367
0.016567614426700548
0.015895444964407937
0.014983017274621832
0.015085476889874331
0.014427477701246964
0.01389976097461526
0.01343974786747518
0.013736908704994406
0.013278971820682267
0.01284505786867212
0.012402660968184452
0.012061362718356701
0.01177669322815846
0.011485008363780323
0.012644534334532706
0.012441325722111518
0.011867803316090428
0.010948995109640411
0.010729541687310083
0.010498306544620788
0.010280732093054787
0.01019653109429378
0.01086931070929732
0.010730468139066012
0.010892423729425595
0.010959185190511894
0.010734274299902606
0.010492605961689166
0.010251374710256079
0.010113016364932328
0.009836293839826891
0.009680434719484762
0.009188029113569684
0.009038328190958083
0.008785087669319428
0.00930833329347463
0.009152812597919056
0.008982643973512653
0.00865867642313523
0.008657713819711855
0.008684376429187063
0.008562844944110387
0.008381838874012108
0.008157131851910533
0.008029056128233443
0.007916167644050773
0.007799632901255139
0.007772642700063082
0.00759826629726174
0.0075426541167360785
0.005279997776547992
0.005225142795340311
0.00515146049244657
0.0051216895739485905
0.00500234666581561
0.004943665118406885
0.0048331270066228164
0.005344802911740433
0.0052716894395239125
0.005160862878606658
0.0051543103111595994
0.005069645922819343
0.004726275553853049
0.004652076693778272
0.004525849366721308
0.004905557473045588
0.0048113624060028455
0.004767129364584001
0.004652368489943274
0.004626057364133569
0.004534663848546108
0.004484527182878654
0.004387212177258938
0.0045671205096500045
0.00499507995556662
0.0049391867005121595
0.005053554273690678
0.004989733001794135
0.005241187458059535
0.005324989814750366
0.0051744096829749574
0.005202466262562666
0.005150403571054274
0.0050196265786147465
0.0049254901398483155
0.004502993613791785
0.00445428274165765
0.004386419053401837
0.0043450369763767035
0.004238627834332618
0.004239739131056317
0.00417554454008654
0.004146965815003759
0.004138430690258031
0.004105605254400133
0.004080037720721049
0.004065177482273917
0.003575000004981904
0.003396576867149247
0.003002637180765217
0.003087987290845993
0.002736694344610442
0.0026673526249180136
0.0026754495061821256
0.002622762092244103
0.00284343929863183
0.002737230070824109
0.002748882509370332
0.002787298809793853
0.002756305208136031
0.0027310182060807458
0.0027010764580120824
0.0026752455252576253
0.002657832591261216
0.002597255433036059
0.002577677629220136
0.002566296784009735
0.002569572741286714
0.0026427235993459123
0.0026126480006496426
0.0025843528884858346
0.0025606122550831567
0.0025178767391978866
0.002536292321757069
0.0025048129224848493
0.0025955162381916625
0.002562661199723759
0.0026154659283428388
0.002613122292419385
0.002594627573178075
0.0036434011478389044
0.0035294675711831547
0.0035038288457051254
0.0034778249505362313
0.00345841513824527
0.0034224640237297092
0.0034427667117142863
0.0034192301451264006
0.0034413773097679247
0.0034023698250512445
0.0034336885689809594
0.0034237997179981474
0.0033308384426415727
0.0031910313061639974
0.0031817848285278344
0.003166386511525727
0.0030481549812333584
0.003038455889812516
0.003116257423455462
0.003101933692728985
0.00302550236694682
0.002995463028658248
0.0029761268997803695
0.0029745729371532404
0.0030245371513200137
0.002948274334878648
0.0030792381288241213
0.0030484955500343753
0.003038670470821992
0.0030308063476377615
0.003005611408179508
0.0029866987307999625
0.002963768968946034
0.0029675867741963003
0.002950113900682328
0.0029438750363874667
0.0030648441837049763
0.003060964610147552
0.0030378633484436563
0.0030761082936636265
0.0030396197226511194
0.0030501822492134626
0.0029826254199086153
0.0029849724146861923
0.002901618904441495
0.002888746559217716
0.0030917101908198687
0.003516369586903429
0.0035025631863174916
0.003487893198325765
0.003466464361575645
0.0034493963108128286
0.0034363681383872326
0.0032349385956714524
0.0032398572286813135
0.0031439311897148757
0.003197721687839866
0.0032373580063201637
0.003221964417636353
0.003206801963014968
0.00319336086178278
0.0031605858709405966
0.003144917263617337
0.0031168766335913094
0.003094542554667522
0.003082559419458055
0.0030640525498959272
0.0030613134411857394
0.0029358410648857407
0.0029527375665704754
0.002888564007824765
0.0029544679943743803
0.0029236197211036366
0.0029116590872536726
0.002924696985932667
0.0028666981304835597
0.002843011375522982
0.0028342443096083087
0.002906407547643228
0.0028189703743255823
0.0028006115426873097
0.002736748892106762
0.0026706532417400466
0.0026638796021594526
0.002624559996777046
0.002616044407800304
0.0023579241796748366
0.002296847922306489
0.0023558340623769415
0.002346785291577855
0.002360782791166445
0.0023474469205675844
0.0023413775547592632
0.0023444012245000746
0.0023435091089272823
0.0022950573334548498
0.0023332699045713555
0.0023188483912627194
0.002363443658482758
0.002349230773918833
0.0023377293438224915
0.0025521798369499854
0.0025623660130520455
0.0025563583136452416
0.002544047141035024
0.0025251247040182657
0.0026044987264937807
0.0025969538183950214
0.002579947010424473
0.002573590593503485
0.002556676481810541
0.0025256607182629278
0.00252715916010351
0.0025301550426213046
0.002689556262312319
0.00268280903847614
0.002844840994388239
0.003026383653139429
0.0029875246922368716
0.0029823903195402655
0.0030956744763353974
0.0031097381917325894
0.003129376336379423
0.0032862356076904242
0.003296710862316447
0.0032408379024722123
0.003285562276947274
0.0032793620022689525
0.0032649159634307126
0.00325133243833102
0.003236384432684776
0.003233190198615809
0.003275800773920128
0.002704054212094432
0.002759486279172863
0.002748611964285175
0.0027352780471746594
0.002505394740423624
0.0025047699733003795
0.0025269275986056707
0.0025191803189930227
0.0025116639075380524
0.0025086903162102
0.002493110848903331
0.0024580206569812
0.002441736708883234
0.002429186622393902
0.00235866055495792
0.00235578594383817
0.0023805064634216753
0.0023790541857986133
0.0023855358627233605
0.0023199113447428784
0.0023054698539178476
0.002330079189948279
0.002396251450752967
0.002380908504217648
0.002375875504018698
0.00239326643552956
0.0023853929641352734
0.0023561647896805826
0.0023519797791821157
0.0023445930883214364
0.0023887641854392913
0.0023282028146155145
0.0023623122886357183
0.0023565798140907676
0.0023435594644707603
0.002350279112122862
0.0023423767313763065
0.0023384678042032083
0.002333836389163763
0.002307910803433881
0.0023024162201348663
0.0022860921866062808
0.0022806480788018254
0.0022923654849088967
0.0022491343950336124
0.002729817495623667
0.0027143585624957458
0.0027293777261248302
0.0024489836684565454
0.0024532373050056983
0.002448908562590793
0.002429161915901229
0.0023970047299704507
0.002380869074049238
0.002357147985729126
0.0023634202856587876
0.0023448143729289457
0.0023367102150248635
0.0023335287985822182
0.0023597237493833117
0.0024151200344019485
0.0023814971501169287
0.0023761816397814693
0.0022769737275874476
0.0022733821705051074
0.00222585346560581
0.0022186573385021935
0.002218524834379066
0.0022281175227401298
0.0022308340403367466
0.0022119409075952215
0.002131597193307734
0.0021148649499578816
0.0021616317348566077
0.0021420737404666207
0.002120887086650672
0.0021222202770484794
0.0021086694544734867
0.0020877833883812336
0.0020818805455920745
0.002063980928652482
0.0020565116756781393
0.002022487277869071
0.0020051482044486043
0.0019915677703980753
0.0019902230116752473
0.001982845194713776
0.0019936810586223953
0.0019613404383223222
0.0019344780009518286
0.00198386399178758
0.001981038508486965
0.001975060003408937
0.001922441673626678
0.0019428015925780663
0.001930123325086083
0.0018974637290164694
0.0019091126264925175
0.0019037884646647197
0.0019001890152912679
0.0018873395928182032
0.0018797223562905506
0.0019337789700098736
0.0019300800749848513
0.0019524437508045937
0.0020492507493349433
0.002044210626208907
0.0020001580391374976
0.002008425313378893
0.0020961439661392697
0.0020862077434861915
0.0020866689306630335
0.002082516775539592
0.002049981563050099
0.0020412499579652403
0.0020105499878361566
0.0019913088943858117
0.0019780184074178523
0.0019697667043663326
0.001959701753015721
0.0019597646299097772
0.001978896718230997
0.0019834976443404095
0.0020117006124254263
0.002006876664160422
0.002009675641902595
0.002019748487964317
0.002064606057233793
0.002069317341269507
0.002025178542348493
0.0020647040848058846
0.002030744340383416
0.002027182052218828
0.0020238713741924782
0.002019134408864444
0.0020196497214231743
0.002009659085375833
0.0019842273236205994
0.001962409784370242
0.001990897373411509
0.00200050752142058
0.002012558100933716
0.002008318620047232
0.0020027225445732664
0.0019213413416234893
0.001927871930614926
0.001937918342266414
0.0019385965828120485
0.0019352475307505852
0.0019348436412197263
0.0019350943043666866
0.0018748635690855728
0.0018716336354147403
0.0018094824386769878
0.0018119008384840092
0.0018143006166351332
0.0018096489433647772
0.0018032938500713983
0.0017974503147854036
0.0017962895531066136
0.001784336835796915
0.0017840609967834124
0.0017998456534895116
0.0018481182020332223
0.0018397841415647598
0.001844310844870183
0.001836431745506459
0.0017262228443521966
0.0017272521151136379
0.00172290530787123
0.0017188269794729866
0.0017187310422344447
0.0017140812711750415
0.0017095893869934502
0.0016946473928064153
0.001720892738707007
0.001789873990440341
0.00177420348140443
0.0017334034441568499
0.0017598245504217066
0.0017543181251978572
0.0017698704943121348
0.0017603363247501674
0.0017601509727605774
0.0017471590619641797
0.0018052768586192382
0.0018062387056023363
0.0018034387059343508
0.0017996297394826202
0.0017958416344964574
0.0017906998512080107
0.0017860439137883741
0.001794607286719537
0.001800275195804112
0.001803866249269914
0.0017973829401313804
0.0017549950074601903
0.001750143957951504
0.0017363573541383515
0.0017060371176855914
0.0016947471327022905
0.0016966986335110524
0.0016940115374251838
0.0016905405618486793
0.0017098719731148489
0.001719004385893466
0.0017151169512808423
0.0017134285209704503
0.0017151755332679875
0.0017071855376666345
0.001703039610501821
0.0016999917724348646
0.001697325821990315
0.0016886864524130968
0.0016807068865951928
0.0016825870130067592
0.0016765080418079704
0.0016704669136569969
0.0016708568631386698
0.0016509054398253678
0.0016491312886335954
0.0016476242815440696
0.0016489030211032506
0.001646985990116855
0.001643137692352746
0.001639720211571219
0.0016390267074884025
0.0016379963711432093
0.001625361244883097
0.0017688025328502863
0.0017078967038757099
0.0017128085348732448
0.001709310180437619
0.0017053622576685718
0.0017006025278016648
0.0016761257629208219
0.0016701932615657534
0.0016773303368400791
0.0017063064612669982
0.0016721304522219985
0.0017188009131121945
0.001718866909482822
0.0017127552179096815
0.001713173270757084
0.001727153619127824
0.001729272469756532
0.0017268020017762774
0.0017235744668679931
0.0017207695222542715
0.001714431518187112
0.0016647425368276768
0.0016635221544671645
0.00166413367691743
0.0016138326826337496
0.001624552443637774
0.001623605957810239
0.0016166848368882136
0.001609215206763246
0.0016100120524735126
0.0015609303612945436
0.0015599541807878653
0.0015612479373188397
0.0015588610428754687
0.001557897410096883
0.0015651013886344189
0.0015608650514054012
0.0015464538667864108
0.001549622725979924
0.0015492860147230576
0.0015473937300380046
0.0016079692085958545
0.0015971358319261566
0.0015961091690909481
0.001594755207267036
0.0015899599819446891
0.0015760291113350257
0.0016361811283440982
0.0016346867853839475
0.0016439539904916627
0.0014237664454380765
0.0014236371670155925
0.0014214578184877835
0.0014159035968996764
0.001412199599926363
0.0013890601227094079
0.0013597027299943462
0.0014822911086537617
0.0014795865153110024
0.0014758496135682062
0.0014726081569386297
0.0014703457421799781
0.0014467443415766877
0.0014673911230198569
0.001463500746006599
0.0014680807340175922
0.001456492663775014
0.0014385281748198148
0.0014370337380911896
0.001434917702791945
0.001618542367743662
0.0016066808782161596
0.001606187646166602
0.001605692736404668
0.001602410061879434
0.0015918608076577996
0.0016960081325891787
0.0017231569632608947
0.0016738552395640731
0.0016648798078371227
0.0016574157502812258
0.0016574429029583887
0.0016430293253171958
0.0016645249666264294
0.0016892574916619215
0.0016874713078709022
0.0016718691887213969
0.001671132531875244
0.0016674104745799572
0.0016660920201810648
0.0016627395318011809
0.0016387771144480811
0.0016431031606107137
0.0016405440152571218
0.0016266346183686862
0.0015978362409527973
0.0016029948365416985
0.0015815704298069385
0.0015747581232216728
0.0016015572897216555
0.0016017566799953141
0.00159864593606501
0.0016094123761522692
0.001607374712077927
0.0015998549177575429
0.0016007014545283292
0.001597638038386578
0.0015931546645457692
0.0015863990758898368
0.001592287494687482
0.0015760036799801246
0.001543964619228164
0.0015488220286793304
0.0015739968313043854
0.0015687400065640806
0.00156280742603788
0.0015600309877409266
0.0015516452113881927
0.001812709485948693
0.0018087092637411916
0.0018264932888865007
0.0018218803268458587
0.0018243347755163679
0.0018349436159098887
0.0018365161894308825
0.0018380075917589825
0.001828945517564391
0.0018221404470057643
0.0020745240108480645
0.002072797586053161
0.0020096048848771684
0.0020081839359195972
0.0020229711824469405
0.002025120258053379
0.0020197894837726328
0.0020437733627325446
0.0020344120725448393
0.0020423742111899653
0.0021302555543346756
0.0021381648589541688
0.002139572487668909
0.002158751171679509
0.0022664282795932496
0.002270238197527794
0.002274386705211688
0.002265779412636623
0.002290489851074121
0.0023074476917322472
0.002293839104453014
0.0022870618200326346
0.0022953349816024595
0.002291977310412498
0.0022847851880056966
0.0022794430397011524
0.0022714416240901263
0.002252933982331162
0.0022493229947415467
0.0022661243346642395
0.002258716636391729
0.0022523692697884877
0.0022435842288467366
0.0022309262870803515
0.0022265345893968686
0.0021669592266771493
0.002165136137653144
0.0021590738188625273
0.002157754478065785
0.0021520718144936884
0.0021210565731010545
0.0021374790134824234
0.0021372841720911353
0.0021064286155053572
0.0021045375504606246
0.002101202254061919
0.0021052200204908556
0.002103008851070645
0.002107126491204844
0.0021036622410594247
0.0021386487475684754
0.002138254656937464
0.002145224657750017
0.0021360302091211194
0.0021341724989836835
0.002137580119986042
0.00213421694504827
0.0021266245646169558
0.0021251563665986226
0.0021182623078435697
0.0021169424410836467
0.002123394499046062
0.0021212881583959026
0.0021546373841908467
0.0021650612880403284
0.0021631623924320852
0.002162519715013436
0.0021546833613990722
0.0021358044931796987
0.0021321510962167304
0.002120847109369967
0.0021228776677544013
0.002118330921302661
0.0021138397405999353
0.002108416906543691
0.002105220235016319
0.0021007260787352326
0.0021077347255199345
0.0021061196944816758
0.0020726558950363654
0.0020696737564050343
0.002066108149198861
0.002057277844696654
0.002042816227705467
0.0020413757984162955
0.0020398966071185497
0.0019965464267069416
0.0019932463876100224
0.0019885603811253243
0.002039980252524933
0.0018997733640580751
0.0018998401365705202
0.0018916866980713055
0.0018910756852247611
0.0019374878061947736
0.001935320604145155
0.0018318255119944256
0.0018292171339643743
0.0017907165236396884
0.0017842157463834986
0.0017814324438741986
0.0017697670616809368
0.0017636966691015167
0.0017622414188991692
0.0017326040273702662
0.001721683250069326
0.001720552856750147
0.001753312058168285
0.0017753098076079203
0.0017671079633610107
0.0017636027058452897
0.0017690592508146123
0.0017615475910937321
0.001765588713763079
0.0017396637717541864
0.001746371510628794
0.0017164115837922042
0.001715259912447636
0.0017064867715315657
0.0017008464843196905
0.0016928008800154099
0.0016867875245058716
0.001687552545436667
0.0016834928594897365
0.0016785407239652283
0.0016482468916942346
0.0016446399020424009
0.0015430834457772125
0.0015436238246092668
0.001540358572769989
0.001538306063272099
0.0015530032160829936
0.0015447529186254439
0.001532395562782693
0.001531146407577462
0.0015361333399609184
0.0015230874346903323
0.0015620897804099348
0.0015506609754870131
0.001553857888255636
0.0016657772762463155
0.001668346385944878
0.0016690686538047516
0.001668322131224669
0.001669073561400271
0.0016714406306388952
0.0016660305359978288
0.001662504716019226
0.0016646915633217114
0.0017410583832097846
0.001738448582526269
0.0017413401505692958
0.0017399185597849597
0.0017375199125855727
0.0017331145192501553
0.0017303416803811215
0.001725728551562043
0.0017175314846185653
0.0017159043398106112
0.001712447308535655
0.0017103062757824728
0.0017067078480988518
0.0017040461263343027
0.0016995928075373265
0.0017001026286933589
0.0017011093244500908
0.0016925189956223394
0.0016909643471643898
0.0016842679524572684
0.0016845173029724889
0.0016805977790795908
0.0016801192933950469
0.0016733768656547238
0.0018200914477182648
0.001810585097422861
0.0018144384941037107
0.0018124940441583298
0.0018013935188916383
0.001822710854110377
0.001820273224419115
0.0018204085097692677
0.0018195966008065494
0.0018225714695145325
0.0018225581630162766
0.0018215368930978536
0.0018316288378156342
0.0018186034629690706
0.0018151767225238235
0.001808272266725471
0.0018063020642835753
0.0017916416398432815
0.0018090389122133684
0.0017936768747458534
0.0017909304284610926
0.0017937272008162921
0.0017849730728583854
0.0017882094285141656
0.0017825485987990862
0.0018119647287214043
0.001819389602039153
0.0018160153988780899
0.001820240361717535
0.0018163621734276338
0.0018155973208783503
0.0017978231099573785
0.001797972546790675
0.001739488019758189
0.0017360588804197189
0.001729785443975671
0.0017243598499232828
0.0017322923034829888
0.0017328693880423011
0.0017152795330241703
0.001711095990044866
0.0016653306301248028
0.0016635298054163453
0.0016618989667645221
0.0016600500878389127
0.0016533572454322152
0.0016794597212709855
0.0017626785046521347
0.001763541728292705
0.0017335065682581143
0.0017249056861158075
0.0017269013882079379
0.0017557999373289414
0.0017476884186954146
0.0017342879815556511
0.0017302078388893123
0.001727974445689086
0.0017261746917243464
0.0017216747204303322
0.0017154251619917878
0.0017158981674081709
0.001705704091225363
0.0016943370641760776
0.0016853851491822017
0.0016957850988501438
0.0016818669345001365
0.0016841793867044938
0.0016897544650052892
0.0016868482819441183
0.0016850421766310979
0.0016855511514946514
0.0016504513794967232
0.0016485447996899259
0.0016485173956537992
0.0016622474233350041
0.0016636361327505573
0.0016581862727101753
0.0016527732876634544
0.0016497780608143193
0.001653388806539219
0.0016501331844859073
0.0016936066740608202
0.0016868715078893015
0.00159098918267369
0.0016006791964912228
0.00160135958756901
0.0016000321490516175
0.0015995181646520857
0.001617247803391647
0.0016074727859661945
0.0016056096502438408
0.0016052673738282985
0.0016025938566779612
0.0015995412562735698
0.0015999424387089876
0.0015960297270311737
0.0015863607147724194
0.0015769976435544397
0.001497471750044895
0.00151184112498282
0.0015127906098231954
0.0015123690720492706
0.0015994435069366418
0.001609381172940393
0.0016212059199599037
0.0014740899023920478
0.0014334395669634125
0.0014324582019748589
0.0014193520565242731
0.0014125279571459081
0.0014126713134143792
0.0014314606537540987
0.0014321260554898798
0.0014376778790118744
0.0014578680052333309
0.0014521622431392898
0.0014730191180317158
0.0014710120219870262
0.0014699591610005307
0.0014706188546591509
0.0014682178407325387
0.0014679780219155685
0.0014569845807486039
0.0014500490712905853
0.0014465160273892741
0.0014506406902047248
0.0014485778824713984
0.0014254072766311395
0.0014184565630659973
0.0014170221800007077
0.0014065089997178375
0.0014097217211754113
0.0014215401583537516
0.0014194647607751246
0.0014419689763461607
0.001438835629443487
0.0014399282254805258
0.0014347700278857383
0.0014393342373838888
0.0014369891049811736
0.0014364760334724023
0.0014348914768986703
0.0014334631988097441
0.001430648943155197
0.0014369325556276246
0.0014347468041495854
0.0014361741774631812
0.0014293846762159926
0.0014400012371318946
0.001437917998452538
0.0014464267977492649
0.0014880157222164575
0.0014884936309331614
0.0014856656317786805
0.0014946022365021144
0.0014914781003793273
0.0014893614473678479
0.0014826782974391084
0.0014992994923149813
0.001496618614612731
0.0014802146505306579
0.0014883752556709583
0.0015049404603176546
0.001500623849306624
0.0014986125865937866
0.0014996827063319498
0.0014950081746945647
0.001492465647214613
0.001489241914154043
0.0015000145060063133
0.0014920495939670301
0.001510830394216521
0.0015247619047371091
0.0015235551519152892
0.0015212493172655005
0.00152644861610578
0.0015342644264132767
0.0015362552866348101
0.0015440312605251043
0.0015426752859431054
0.0015418430629559035
0.001522416594749752
0.0015199981780797305
0.0015181019649880927
0.001516363940686712
