0.03876368701457977
0.26264755924542743
0.2668730244040489
0.1949247360229492
0.1595818338294824
0.15372547400849207
0.13122616684995592
0.11530273314565419
0.10089528365060685
0.09334233801134606
0.08561185497577144
0.07920174335147467
0.07198677563324703
0.06717835433858756
0.06344477487800758
0.061868788390283404
0.0037271792696426595
-0.0043371784053497925
-0.00593691892863718
-0.004759153492549179
-0.0039044189854228802
-0.0034082425105304596
-0.0029215369601540055
-0.004902359477709988
-0.004654451459198483
0.0009345728494399314
0.001367745582163991
0.0011796562005123366
0.0011633103616380367
0.0008659597332288827
0.0010504810106794975
0.0020326953010887513
0.005909358663142049
0.006413782512702573
0.02164398549454441
0.020294986581870324
0.020259914789532648
0.01861366702882477
0.018136154119565612
0.016223330327548174
0.01641016125739995
0.01602651926466848
0.019855841511426574
0.019106539715236667
0.01872516076622085
0.01914886132927928
0.020062590807356166
0.01913060511495651
0.01883256762637756
0.01823830109103308
0.018429144512853
0.018185514221978272
0.018098583137745854
0.016961967169349494
0.017589874402412005
0.016746837877578566
0.016630819439687274
0.016462719931180377
0.0162732802593382
0.0158305525212915
0.016241177956896613
0.016081578788414055
0.015884736129919464
0.012824247246429027
0.012671917767764877
0.00924460710036748
0.009170172584537572
0.009141472059443746
0.012838012524714153
0.012574169154337953
0.012289706707330568
0.012899095918951319
0.012756854206845913
0.012019662868697191
0.012475813799507077
0.013483409285273203
0.012201003454930071
0.013611372901403776
0.013511889561050336
0.013725666391783976
0.013774188410734935
0.013737820767017682
0.013348575974565128
0.012805848157115496
0.012761152083416962
0.012460316257717234
0.012776323545867023
0.012703878474761884
0.012107993894541218
0.01220156414534098
0.01175937320184185
0.011446961416407256
0.011437015374503196
0.010588234706512208
0.010250565930012572
0.010958499845823021
0.010829510960171986
0.01048417471647921
0.010473410295671783
0.010113046895873981
0.00965027495997264
0.009726151855079258
0.009507716189546045
0.009372839096024457
0.00883030333887909
0.009125852639129753
0.009046626434105242
0.00879464435354815
0.008197301018199968
0.007255247116051111
0.007270174659684666
0.006741239229295469
0.006878899240339372
0.006766873008429843
0.006631862341550759
0.006636152320051903
0.0064947722865450145
0.006535204798041869
0.006456913348423164
0.006403976078202936
0.006282447681277536
0.007298031485378292
0.00779921851062682
0.007606932249385867
0.007477628588694935
0.007647266204919905
0.00814828668490009
0.007950374311966059
0.007881286342252193
0.007000261650666
0.006842060441020738
0.006930811795899717
0.00685691955428112
0.007284504999147937
0.007036824131586509
0.0067465042888295666
0.007035433216462508
0.00705026559449612
0.0070141582928564695
0.006744939045805539
0.006802129032480546
0.006699017253525271
0.00660539497483923
0.006524089914505726
0.006454505386350883
0.006185687498306718
0.005918550358163321
0.005886157338223079
0.0058404571574647
0.005814199320839363
0.005787157578053765
0.005849553444468437
0.00588218030986957
0.0058596883228259015
0.00733931707882454
0.0070187618772819624
0.007062969448212891
0.007109088087000495
0.007083097547365472
0.007238161679637848
0.007529022935619811
0.0074808029047259235
0.007587279646342237
0.007493547315243634
0.007485722100813819
0.00768742465984333
0.007653900185513999
0.0077042475018303126
0.007704283967134818
0.007692810255906147
0.007544767966041839
0.007430182009830403
0.00730024383506395
0.007276520672187741
0.007280945520258021
0.007242504006454268
0.0072853562747143994
0.007257719594769324
0.0072183920358333525
0.007146650207812964
0.007170898699429357
0.007098100588674774
0.007072117222971587
0.006881213261481577
0.006877017087586005
0.006750061261694242
0.006739777726173263
0.006706217033160289
0.006721774631143107
0.006720698707071451
0.006559177273023428
0.006087567261842422
0.006181734086304769
0.006125307909678669
0.006095202882032919
0.005994265459402262
0.005931318638789836
0.005928410629007086
0.006178765399381519
0.005932675730159035
0.005676905753662682
0.00562970320868485
0.005621561359422393
0.005677636757084148
0.005695234856441691
0.005688864342949314
0.005829633501259827
0.005719606618677673
0.005539166414001514
0.005495709790826127
0.005471344501958537
0.0057236922413226605
0.005661155452552496
0.005587231608914472
0.005555818668653956
0.005518811892890822
0.005439549031557405
0.005521773624996183
0.005442320238613651
0.006419153054528217
0.006359325057584668
0.006262285925783093
0.006272782279146279
0.006299119859338842
0.006262291134855364
0.006198797225854709
0.00633064528231268
0.006310369680746455
0.006367798934756455
0.0065364043478545585
0.006245901558878391
0.006214135747763646
0.006278036800675837
0.005935402644149209
0.005913886702959863
0.005922868584193301
0.005954737516394976
0.00591894685425679
0.005853505460375652
0.005859346170180299
0.005828501130016486
0.006262309493428989
0.006604322687112998
0.006592080297010328
0.007383888265202243
0.007330527419421397
0.007237896086266006
0.007144504645301677
0.0070516320202732505
0.007016927585125427
0.006897743682895371
0.007776640041426691
0.007653500337183928
0.007525984426691001
0.007514690320590494
0.007445814956458842
0.007443211505811328
0.007409983001398575
0.00722283352705955
0.007175227476955643
0.007139528663993378
0.0070949886539754484
0.00714102438018238
0.007456233476855322
0.007401710811716201
0.007321235791484443
0.007092937988375923
0.007045602479271879
0.007247592334277691
0.0066637174030671435
0.006703092591338009
0.0066749937867536
0.006618827499936163
0.006590721150966027
0.006540048067003284
0.006566470269629037
0.006522220990845851
0.006455393914591465
0.006450672676458327
0.006468306569936871
0.006460955459892866
0.006438530845071486
0.006398291587866486
0.006380607480726519
0.006364799745016983
0.006305971954083594
0.00618559571143528
0.006076590769225735
0.0060573772407851445
0.006031792600582361
0.005849246971555575
0.0058109052218028
0.0057918173127346805
0.005761390862990396
0.005680694812818314
0.0056749399366705505
0.005670342308523031
0.005695685708562825
0.00549627997146066
0.00548634608749972
0.005510112735699551
0.0055645520795212025
0.005520289469036234
0.005459611541610672
0.0054469787496868
0.005421884896492297
0.005413099629112806
0.0057584415160723875
0.005724008998837357
0.0056979140556691465
0.00569350194592307
0.005678073881798766
0.005588556729664195
0.00557085704813723
0.00549515458635741
0.005455757936547047
0.0054174688040070605
0.005515566327970234
0.0055318418178785635
0.005558429812631507
0.00553014910338727
0.005532280749715432
0.005462554614159341
0.005475814540382445
0.005411508776106631
0.005403210478919367
0.0054045327977558155
0.005391069428334805
0.00532372794623371
0.005351390969021404
0.0052513351296598985
0.005225389849899907
0.005119898836950124
0.0051718115648246125
0.005150348498426915
0.0051137356003406196
0.005093829229434638
0.005076104191771151
0.005096644907312386
0.0052027512453160256
0.005198861841786876
0.005214249698047937
0.0052145149246889426
0.0052045630930334175
0.005210875030659985
0.005150678922348932
0.005129712240865974
0.005145969734416933
0.004811510162107886
0.004800890556925833
0.005031601010387027
0.005012075398090102
0.004979827251668603
0.00491096042602858
0.004907480695263163
0.00489500492821557
0.004883790372911678
0.004755549002930879
0.00476322716161425
0.004728245993745113
0.004603205710334821
0.0044422806957189875
0.004439430002193964
0.004424366592058809
0.004673294409869538
0.004640698436550434
0.004616192673438496
0.004600960952001862
0.004565121312889219
0.004602300243042232
0.004484503984498084
0.004449100714393342
0.00442770764775706
0.0044248001614081095
0.004427255206985838
0.0043512478000316155
0.004367361676880925
0.0043700852132908296
0.004302245355345232
0.0042690406139233306
0.004271071866356267
0.004277384829142543
0.004435173402100648
0.004440260759699191
0.004422802876914375
0.0043999809509578545
0.00437604868137587
0.004377874599153671
0.004369557395302066
0.004370306122611437
0.0043597196613796895
0.0044332342715357785
0.00436810861167845
0.004252603842970428
0.0042517303315223855
0.0042338808254925005
0.0042464319277364946
0.004254141083245552
0.004280836571251714
0.004279977856377379
0.004360802192020143
0.004329019166752624
0.004418662595481236
0.004437623638210586
0.004429262607561839
0.004414657766527313
0.00440973740918993
0.0044228514272844615
0.0044292110065104785
0.004414801706894618
0.0044370285537227
0.004433132226185816
0.0044283323837009765
0.004422962071541672
0.004404105609427674
0.004367939909658096
0.004355301011172567
0.004350895053319617
0.004336095705660966
0.0043057142658541585
0.004295011219949661
0.004332856947883507
0.004341526234967671
0.0043875143075574165
0.004377642069393832
0.004337588453946057
0.004314105664107219
0.004252377452582123
0.004383137109699569
0.004372753350240674
0.004453564770217244
0.004447458450494667
0.0043622115550315714
0.004298795456579894
0.0042894248899339165
0.0042394592784321455
0.0042387703947767315
0.00425532476373952
0.004258190938228589
0.004255266115026493
0.004249779548457423
0.004236900032261828
0.004229979885454046
0.004192585056615612
0.004169030459670141
0.004104417719694259
0.004186034188137457
0.004159658249240876
0.004094215236303477
0.0040069797455312296
0.0039915828080738435
0.0039781061440153
0.00398718833212476
0.0039549731722218024
0.003953289808490366
0.003949297966620369
0.0039868608853309805
0.004236414602080498
0.004217486042619825
0.004215431783091128
0.004210983595650954
0.004182913432261216
0.004179723244792047
0.004173907725830812
0.004185019800540783
0.004226085117766194
0.004222652840170725
0.004973151652660072
0.004916007310617099
0.004946470119349138
0.005005437424080226
0.004616804390536681
0.0045573987384155586
0.004539728343692046
0.003834568393159784
0.0038347080950394625
0.0038153932588733896
0.0038130760421418203
0.0038184008465123056
0.003749961566030298
0.004351283962793309
0.0033667522192469667
0.0029192572048847712
0.0033746259057619524
0.003360304656282711
0.0016924393401633968
0.001591514708811478
0.0018009461795882393
0.0017593032211078365
0.0013858044673749174
0.0011228042191013506
0.0008530657532624668
0.0009296530833262116
0.00033176142139997706
0.0011477925662685242
0.0011338444893341845
0.001137159977595759
0.0011491521457689612
0.0011607952244667107
0.001158536819493312
0.0012643476323018444
0.0011996224187549426
0.0012469014143731793
0.0012325831961969035
0.0012248396578150769
0.0012224026211794365
0.0012169062198999325
0.0011710399972755887
0.0011737715291839745
0.0011949393730203955
0.0012032879234169516
0.0012064967471120207
0.0012049813357113675
0.0012468283881124753
0.0012134472894555187
0.0011507746643706304
0.0011567351650094936
0.0011303432545056503
0.0011289707019946386
0.0011421608733545743
0.0010288319511510124
0.0009606092926385246
0.000979717752663752
0.0010425039586871641
0.0010338482774829292
0.0010250379365290764
0.0010216479706810565
0.0010260771143434802
0.001024306465897441
0.0010073225557703915
0.0010036326467869863
0.000977052380138109
0.000962915050819292
0.0009615015224243566
0.0009627238044217915
0.0009349356902830667
0.0009400318912138467
0.0009039713168798181
0.0009011941945640567
0.0008625217805595684
0.0008562058305819527
0.0008437100140214725
0.0008433884577109837
0.0008506962256116252
0.0008987806760316887
0.0009598768153477932
0.0009239300686808046
0.0009156962295010036
0.000880793477818687
0.000962039130386924
0.0009816926068737482
0.0009955925989771218
0.0009902287064331775
0.0009889294917622853
0.0010081417335019562
0.0009910326289581306
0.0010068788719616991
0.001016632771632931
0.0010222084716198351
0.0010148647636271226
0.001006151580576866
0.0009489894441661223
0.0009301116732018288
0.0009370457195440932
0.0009479276500941556
0.0009737528907253177
0.0011158003754503678
0.0012093502295571566
0.0012578707208663925
0.0012473039228615714
0.0012727917527646214
0.001248820899789368
0.0012410940003587624
0.0012406071738982768
0.0012554867274224702
0.0012798049276006847
0.0013195420963689473
0.0014707107357764227
0.0016196303657564155
0.0017357697454195983
0.00174525486807372
0.0017179184176596264
0.001720759568903702
0.0013567870858789046
0.0020861849293970763
0.0020672203490887985
0.0020632728818144926
0.0020537028685547144
0.0020415325256304263
0.0020359469486542106
0.001943213760728827
0.0019477425422946427
0.00194008386342248
0.0019505611904422323
0.00197027281223163
0.001970916355236521
0.0019606296445999756
0.001972271310416138
0.001970221215148437
0.0019595390398665672
0.001955569455654115
0.0019559388625690175
0.0017694358344513433
0.0018824978819966492
0.0018620653843952663
0.001840361791744478
0.0017915049197773972
0.001791358056194046
0.0018141334977446577
0.0018123334495356628
0.0018182074011099379
0.001813359992326709
0.0018255576507922326
0.0017743783533394268
0.0017720699278434985
0.0017544982835496293
0.0017294458778077564
0.0017106796370969478
0.0017018437926209673
0.0016933175080433155
0.0016888411347921808
0.0016877150886469177
0.001681206391169372
0.0017334789231303143
0.0017304195007977865
0.0017174564615541662
0.0017140175569942474
0.0016868411625130426
0.0016805069236845204
0.0016782674228486732
0.0016698604068678133
0.0016454991108404446
0.001641414004518214
0.0016506987701213219
0.0016399470349361357
0.0016369100474383125
0.0016569748306244586
0.001658990377111994
0.0016453187685669932
0.0016970339697558099
0.0017069869294647092
0.0017030610245938364
0.0016934005900043716
0.0017030806687110918
0.0016901003402251785
0.0016888794091894854
0.0016825337412049027
0.0017003271686398765
0.0016972407175993643
0.0017173060491020684
0.0017154653576798861
0.0017101147185145883
0.0017058267458697125
0.001710411586444593
0.0017003509687151
0.0017518009332516662
0.0017551069819993128
0.0017613560614035291
0.0017551886553988099
0.0017527521185980396
0.0017482363443386067
0.0017390325167131189
0.0017364362807514334
0.0017322637486823864
0.001726397253342119
0.0017421002959289904
0.0017301821324312565
0.0017280325279772088
0.001766057501826347
0.00178213735541456
0.0017805810350420771
0.0018531166435644692
0.0018419136049325922
0.0018298010695704109
0.0017386197869523146
0.001741543317836054
0.00173759717544859
0.0017300079501896984
0.0017332589611910127
0.0017318198824876245
0.0017454857065026053
0.0017221970119223628
0.0017150768058078196
0.0017083962757567805
0.0016980644620583497
0.0017079392131844151
0.0016887527704691507
0.0016895004424092638
0.0017144723653947694
0.0019032047090049666
0.0018941183343328311
0.002046668023160542
0.002044313179322913
0.0020416648428959972
0.0020667549394299063
0.0021861795566145443
0.0022357323215279495
0.0022385921516103117
0.002224193261967488
0.002220032402390553
0.0022203514438653657
0.002212863361360195
0.002192200886662991
0.002194593564294696
0.00216950866131027
0.0021659639419616796
0.0020170988606421046
0.0020164855139122957
0.002000530053806919
0.0019911095271398344
0.0019860315026388863
0.0019944665550859528
0.0020257889731057164
0.0020169195169041573
0.002019527060005018
0.002030083513491921
0.002023611484971567
0.0020174122336773107
0.0020008803384371256
0.001988347205163469
0.0020868535659518913
0.0025364375025603765
0.002616464205435394
0.002895205122416692
0.0028293888038709784
0.0028230209095047873
0.0028222050336758025
0.002819170160309696
0.002821881675481561
0.002829196665987606
0.0027999045674146294
0.002795865756106871
0.0027936264843982394
0.002776060555140932
0.002773466574610762
0.0027659705764843216
0.0026939808125373394
0.002672582173072784
0.002671050586188257
0.002688413032192867
0.002683786124038
0.002682720749727263
0.002671966232233525
0.0028238410549218766
0.0028180689427947155
0.002805365393075942
0.002810443635283451
0.002791715087864508
0.00279057274063234
0.0027922699784719085
0.0027837136810492337
0.0027404516253225052
0.0027111161159905275
0.002707314825628725
0.002702808827885148
0.0026757286704889517
0.0026546990064781053
0.002646989685569398
0.002653331429792159
0.0026723256289591644
0.0026697384309859445
0.002664922949113668
0.002662843958305481
0.002658125430068192
0.0026098770841948686
0.0024700718858904464
0.0024526084459068893
0.0024629751182707314
0.0024065610789297015
0.002371087891973984
0.002403437347537605
0.002396999166444902
0.0023962562510803746
0.0023867965083956087
0.0023763203167037157
0.0023686595622385235
0.0023160116231588346
0.0022527579650242057
0.0022571963093818894
0.002267149071022137
0.0022679030123404775
0.0022578954662068914
0.0022321143324099497
0.002226506207413766
0.002245318647535886
0.002248023731892219
0.0022316794827024807
0.0022343461252940025
0.00226635705336856
0.00225857967585253
0.0022467136132495427
0.0022484085852514982
0.002243928669916886
0.0022360206470270504
0.00215980735601851
0.002161556979283964
0.002144085208906596
0.0021366266835534382
0.0021365413372313904
0.002164392856483595
0.0021661585858674497
0.002164379166427793
0.0021650047222089635
0.002152138464837926
0.002146761670870639
0.002144166629618569
0.0021434743193552044
0.0021423310179769714
0.0021402954354499196
0.0021413671311031075
0.0021391407339735446
0.0021245610819731276
0.002114072668333453
0.0021270343699857455
0.0020908684599567524
0.0020885781957088916
0.0021009514699040347
0.0021072395126401685
0.002102744049013224
0.0021060132785528244
0.0021012947661076327
0.0020946620586525513
0.0021028425664147447
0.002095496201363856
0.002096549611856534
0.0021088147416390307
0.0021057824891578397
0.0021622670362197245
0.0021596574502508285
0.0021690772529998946
0.0021663797220281373
0.002164266352639362
0.002169216325645386
0.0021690587360571507
0.0021743259410729365
0.0021612477790581112
0.002160602643400519
0.0021569833118045725
0.002162207805053011
0.0021557157063211234
0.002140829957172513
0.0021336199835273275
0.0021303358999739852
0.0022384106376592042
0.0022500148727716105
0.002161372431197988
0.0021505666753875866
0.002152033488275288
0.002152349977584569
0.0021278927680469534
0.002119529062872569
0.0021191053760622443
0.0020958068390135986
0.0020921651307409706
0.002078332570588521
0.0020902184085639123
0.0020983595779551093
0.002106919056433781
0.0021196948365138453
0.0021184559249182973
0.002124160924233107
0.002111984649479191
0.002114095836220628
0.0021098216506467474
0.002121373883676868
0.0021172473575781425
0.0021211279592853517
0.0023587669540838744
0.0023537491264317483
0.0023533868680077376
0.002349460844683512
0.0023351543458909533
0.002343369635148413
0.0023412200809273466
0.002336816642227485
0.0023372628986456498
0.002362894239922752
0.0023587800844430636
0.00236067756229452
0.002352274786046995
0.0023544197425021457
0.0023592040816268305
0.00239610638159752
0.0023957844274490147
0.0024351586289412803
0.0025082689213539308
0.002734418289111163
0.0028079992558504496
0.002797511189443835
0.002788264440094874
0.002785054870825085
0.0027518516296601253
0.002842551220273319
0.002832893042913936
0.002866451322989047
0.002868660103806193
0.002869898037547631
0.0028641136598002667
0.002845062968497383
0.00286175427938762
0.002852472820559099
0.0028443384043780684
0.002842263318863874
0.00282702069365045
0.0028151414415285222
0.0028021375958342735
0.002790111379904914
0.002796803389266924
0.0027974341231079094
0.0027969415503113553
0.0028020664559462913
0.002796231115934413
0.0027874618306676655
0.0027506931723159716
0.0027327196101745604
0.002726009034589067
0.0027249417171947587
0.0027898671630022195
0.002781984240644543
0.0027828331759741634
0.002778176446311762
0.0027727942216618845
0.0027669643213773004
0.0027663313738476307
0.002761346935609179
0.002764569679730079
0.0027616770269732705
0.0027622098751861495
0.0027587293843836995
0.0027570967382762527
0.00275269659527143
0.0027491536241308345
0.002744856524978013
0.0027485395872664767
0.002751995559762698
0.0027386467823669394
0.0027595856347445106
0.0027964538067738087
0.002806223172112678
0.0028089011271435825
0.002806487405789641
0.002797106113097488
0.002792666062991191
0.002787359947132048
0.0027804231096109416
0.00276613492233495
0.002762518343064093
0.0027590461559444624
0.002755287684887757
0.002751813679816336
0.0027470876006833234
0.0027437913868675104
0.0027408901074576254
0.0027336947566964317
0.0027289862978269338
0.002738482030950666
0.0027370327270868897
0.002730575419483938
0.0027273771004198955
0.002726274405539282
0.002730215117571599
0.002730124345138296
0.002718908163921821
0.0027069180927958955
0.002705864122538553
0.0027204846720237804
0.0026675039492124776
0.002663794956044175
0.0026698893110508434
0.0025781101551632588
0.002586620522689884
0.00279547455224223
0.002819003638809555
0.0028135282557400954
0.002811865638391951
0.002811767329297018
0.002826224418955099
0.002820345134258449
0.002821863928908653
0.0028281084673515843
0.002748084942778049
0.0027443993285015634
0.002742233447735804
0.0027426345208627243
0.0027523192428785016
0.00274505986197194
0.0027507820571994845
0.002747226855342397
0.002756910210904826
0.002783313843255824
0.002783760296969991
0.002783620139151167
0.0028685822940288748
0.002900354627816147
0.002897399690453193
0.0028703974867887033
0.00286945176596422
0.00286952478680658
0.0028828490114028655
0.002879959224280701
