0.015272358432412148
0.016313580175240833
0.03112243488430977
0.06905617117881775
0.047569684063394874
0.04486926804695811
0.07892935583367944
0.07140868498633304
0.06772726373746991
0.06978512123565782
0.06304933107458054
0.057578476790625305
0.05082732139687452
0.0472502493765205
0.04417781211668624
0.04138947506983051
0.040978637304053524
0.0462605414887596
0.039393524348270134
0.038237379852771036
0.03846383525524287
0.03691470008545919
0.036534262986
0.03166155026294291
0.03050409039804855
0.0292493541535266
0.027194258682097173
0.026032118905528354
0.024810290965251627
0.023881023396707834
0.025399089972779624
0.02485111785459925
0.023253370083265886
0.020927181953032104
0.020135176283979997
0.01636332678105179
0.01763658423442394
0.016882967365045964
0.01573967027361505
0.015487390019499314
0.015271202212066525
0.014860757523714458
0.013097719675649636
0.01347976931784716
0.012999425404300184
0.012111532922953049
0.011892807437106965
0.010836596847796925
0.010453739315271375
0.009872671947175378
0.009774397234790597
0.009619386444957748
0.009839109041624597
0.009490490958771918
0.009578634352822385
0.008494260835281585
0.008395522965343087
0.007762130322250519
0.007660758161606884
0.008751438816123806
0.010755501484738719
0.010617523284126365
0.01147281444718828
0.011350044930497039
0.011142990001561964
0.010680505241364683
0.01041073950610178
0.011299280760188895
0.010076216355498345
0.009954165391833846
0.010090644122101363
0.010310058379928539
0.009868450123011257
0.00974820847312609
0.009533719545671419
0.00960481512154658
0.00970465901833123
0.010775106634850365
0.010149243258638306
0.010004954754639368
0.009841907851784147
0.00946499092268746
0.01029144501635095
0.010612603750846841
0.010633667998643981
0.010375453954048711
0.01123295491825874
0.010987175840444946
0.010224763617022998
0.010071608442608473
0.009625473009098485
0.009793805108676036
0.010525331465884096
0.010200025170649357
0.010157142144938316
0.010062768748126085
0.01001755731674482
0.009893719407946179
0.010143209137022503
0.010051024157904317
0.009909002669612137
0.010364368533064591
0.010214635509048381
0.010452842976277082
0.010595104848210411
0.010546927686310686
0.01037718291627244
0.010406888677490832
0.010272727197628817
0.010561681715435953
0.01074711616092828
0.010748876128922662
0.010933999023236865
0.011022217978682863
0.010893997296707007
0.010927921011805161
0.010843295848660055
0.010919839871593394
0.010817991745231374
0.010666643227989343
0.010591566220086201
0.010490034989883937
0.010283475939837866
0.010121072883717726
0.010042049724327795
0.009845641311478085
0.009774374158951115
0.009744800625426719
0.009664782506521228
0.00996348153504736
0.009751930900771803
0.009900630105994093
0.010219557541804815
0.010152201759801428
0.010423494549125771
0.010314245278314852
0.009746896060845025
0.009769121598680142
0.009577825756943126
0.009812766737271609
0.010099763744248372
0.009985071103824504
0.009318841968908809
0.009374591179898592
0.009223590718186785
0.008185877228713263
0.008163728718205384
0.007924442990501759
0.007765188023137553
0.006492197715572473
0.006402298880091528
0.006333898824450923
0.006227593038944749
0.006200446589519424
0.005733039580846734
0.0057430703201847315
0.005740433991768789
0.0056513430705914915
0.00542731196183013
0.0058338256590415435
0.005540532894995939
0.005560178156839285
0.005536178425067991
0.005475337515500459
0.0052450914889663825
0.00512390969109214
0.005584734375588596
0.005629690512794361
0.005782981748309205
0.0060397520585105426
0.005992324374410388
0.005963036872586504
0.005875319104652379
0.006321327378973364
0.00643460746902168
0.005954289862801883
0.00564987045121536
0.005583472574629179
0.005676799333499122
0.005599521191852444
0.005555539078509005
0.005511049884804041
0.005511962420195746
0.005470167294245314
0.005478838436125267
0.005404675511374352
0.005507802256343371
0.005484208136934924
0.0053964196385717705
0.005380828455285564
0.005323797032663909
0.0053519672072381555
0.005323948311924301
0.005352052776083255
0.005302762524498038
0.00526321872207218
0.005250395996192697
0.005208606647746404
0.0050060404356918305
0.005245887121563287
0.005236676629888594
0.005219428524491951
0.005168987798456596
0.005127794412248654
0.005085559198757163
0.004984357163415781
0.004958629794810594
0.004753945233538729
0.004716695675216172
0.004753312694904134
0.004768657716340385
0.00477915233905108
0.004513238751161931
0.0045024070951026375
0.0045533126144113745
0.004488105363961447
0.004455445090537344
0.004410499145253454
0.004273645046156492
0.0042560811349974595
0.004232545135498701
0.0042498074552867
0.004355956558876121
0.004370754029757031
0.0043514335470838635
0.0042517364985670564
0.00418963893076707
0.004170560397209768
0.004343151180934078
0.00428857498432336
0.004269182725567649
0.004193796923502982
0.00415201449274726
0.004104002558581649
0.003989125121857425
0.0040123872472442885
0.004013840642639341
0.004010620321781339
0.003975391618223511
0.003935747676895141
0.003999435551986981
0.003980633501732843
0.00396803221901493
0.0040252493170555665
0.003795537352632934
0.003746555093369494
0.003708422586632583
0.00368408249570973
0.00357324935204815
0.0035905957794089625
0.003684515104742741
0.0034045903351509433
0.003408149629900062
0.003445404494870635
0.003426968204507828
0.003416016054994711
0.003398739030136176
0.003325853951101847
0.003335184829036452
0.0033308164678447967
0.0030740717463044226
0.003071070520695077
0.0030220656995934934
0.0029083733318399896
0.0029825000612098435
0.0029076858268211807
0.0029101336313847696
0.0028821432240935694
0.002837743887276801
0.002821098399117443
0.0027386682044486976
0.00272294805219291
0.002702997060450995
0.0026398274652786866
0.001627148231436611
0.0016113793966402393
0.0015817969050652008
0.0015626368491524828
0.00200492328180449
0.0020025198983179312
0.0019503632272017363
0.0019815366980726664
0.002003352198660418
0.0019532564291199488
0.00202580559434991
0.0020018161649901713
0.001972796366216141
0.0018639885900005562
0.0018812864375549574
0.001895766356328654
0.0019344879434506186
0.0019567002105858764
0.001962441580309087
0.002017040459056367
0.001965654438036662
0.0019703273972463443
0.0019706919071094215
0.001960738816584324
0.001959383775538297
0.0019684922052787108
0.0019181858221437476
0.0018985595748331006
0.0019574469884231015
0.0019711973167551265
0.001986949143720503
0.0019826359859347656
0.0019792404719182373
0.0020652517306574674
0.002080238750298326
0.0020720573117652555
0.0020584975473190207
0.0020419295265200945
0.0020164723989478106
0.002304349626906008
0.0023588861775904277
0.002337799075647911
0.0022836155698337406
0.002316249890758751
0.0023428253888596357
0.0023522194290157925
0.0023946627940706353
0.0024096311875381107
0.002449961583346363
0.0023880101597975353
0.0024526392430548423
0.002428661097807307
0.0023844144733873945
0.002373136267279016
0.0023139875199624576
0.002293142718083598
0.002193580129192944
0.002190509380779001
0.0021740500540730475
0.002157715456855634
0.0021625488759690623
0.002135990093996227
0.002261032863294831
0.002381497472514339
0.0023771682604359834
0.002402776842776417
0.002340298653964894
0.0023700270745611353
0.002363604465604428
0.0023145637912776957
0.0022942543808186435
0.0027625460105697185
0.002852242947713304
0.00286067539436094
0.002786685049317642
0.002788957908130687
0.002816261013818305
0.0027932183342628297
0.002816135585252167
0.002772665824527968
0.00278215571703962
0.0028088944187193454
0.002782938997283987
0.0027515895950541783
0.0028221553559382682
0.0027903990872130756
0.0027790533761250713
0.002718166836788208
0.0026428734660270126
0.0026178442183339766
0.0025979777596238213
0.0028178520532856524
0.0033049083367191257
0.0034054291413606027
0.0033733430456187605
0.0033622288220904674
0.0033080932046305515
0.0033026825243840595
0.0032829802748989938
0.0033516819712240227
0.003333126046082394
0.0033208351483937845
0.0032395476150596197
0.0032418776237642948
0.005423920899920629
0.005428792882433863
0.005402453358852576
0.005400259742515121
0.005357377097046385
0.005319804581435541
0.0052983978270267134
0.005329200449187274
0.005260975397664203
0.005250834564155847
0.005207880613773176
0.005259494303086714
0.00527646601530046
0.005248381745508034
0.005149313382172677
0.005181095377715964
0.005312338712401193
0.0052886717525100855
0.005282624485366042
0.005267862296405885
0.005247503789069014
0.005214671174600195
0.005233230090057777
0.0052255627648788204
0.005219797215854983
0.0052128190599399155
0.0051354196580245
0.00513357301956301
0.005104138472447895
0.005109014747761676
0.004877585133966398
0.00490819226598895
0.004890760125915035
0.004861890224976122
0.004896679386349758
0.004841534310253336
0.004836373984779548
0.004854723873614652
0.004865309214550872
0.004872931505268359
0.004861980495652893
0.004876691101156528
0.004880864650697416
0.004917587284339992
0.00490615372384024
0.005003004613305057
0.0049220801336841615
0.004908726031131892
0.004897695918057207
0.00487520673791476
0.00484764561541703
0.00483111225934526
0.00484453596935189
0.004995646535265139
0.004985193997564668
0.004960416163044883
0.005063675805245985
0.004994826318746221
0.004981234982119632
0.004899132179901434
0.004951558005863755
0.00488492641838208
0.004861518189524891
0.0049314852981327765
0.004978611835499861
0.004938270311588104
0.00495913819054396
0.004972028526111859
0.004996660684030625
0.004988889513150444
0.004989255811993237
0.004949047571299038
0.005014108424255236
0.005013746609700592
0.004997014177174384
0.0049908479300818836
0.004971597652464671
0.004960748679511537
0.004940359284539552
0.004930278864039375
0.00490710430762113
0.005007772909923317
0.004975757710229973
0.004974246737594993
0.004918454524472353
0.0048982117810131365
0.004859132338912314
0.004896175609320717
0.004888643614555267
0.004855262687931686
0.004826554125410187
0.004733572973493553
0.004724720110601283
0.004684853667221533
0.004652276881201731
0.0045852951925419464
0.004618107378832554
0.004603822639861693
0.004598008251686144
0.004460207528047291
0.00444412932186727
0.004437667176041756
0.0044209136802358245
0.004702154170675011
0.0046883284675091124
0.004685802695031768
0.004905515904871291
0.0048914965790399076
0.004880825564259049
0.004862369456152758
0.004821702105180855
0.004872763363391735
0.004848424842090411
0.004817761666824831
0.004816525450731848
0.004809987953231399
0.004840112064020135
0.004844925168588275
0.004838256284079785
0.004890971172184317
0.004875103493162898
0.004890682665524753
0.004888107177773139
0.004879581336907314
0.004865212926291399
0.004858341321088651
0.004798019546387339
0.004791743589022806
0.004750188280987338
0.004748129455977869
0.004777931305066246
0.004723130891119165
0.004714836655637101
0.004712391975070269
0.004711058774384569
0.004698368600395609
0.004661267073660306
0.004656138257436523
0.004661292281272843
0.004711549626320137
0.004703864942544336
0.004690841933604661
0.004682611762887219
0.004634561013204649
0.004639815938632797
0.004660071742643292
0.004609873877387201
0.004641052580757095
0.0045781574670289765
0.004576518927493515
0.004613101615994413
0.004584339300046452
0.004567283589125496
0.004565738513334052
0.0044979546790831805
0.004450631205691025
0.004486138492428659
0.004423436479440507
0.004448332994811489
0.004433072478424478
0.004436137197437885
0.004419851550273338
0.004392667984165941
0.004372865626724388
0.004373793299825645
0.004365348916286132
0.004404293865726829
0.00438733073587251
0.004380642759746891
0.004317510524018878
0.004286609634476587
0.0042674229146239554
0.004235510678473223
0.004226609964169364
0.004227735469362988
0.004210193014597763
0.004256658117732212
0.004269771027804898
0.004295774659438778
0.004460019774918032
0.0044026932153948505
0.004363779271466188
0.004339931695841152
0.004340442324996609
0.004362599029908981
0.004340777912798372
0.004289759103205285
0.00429972027361412
0.00427736210850257
0.004278770756660406
0.0042974631080205826
0.004274371968073186
0.00426267305135355
0.004311103102206383
0.0043628426212263755
0.0043961862262854685
0.004368751029965603
0.004352116614189347
0.004351498264931973
0.004329980683060796
0.004329780213698417
0.004297258825158171
0.004271004612102931
0.004192076221552332
0.004170911329871558
0.0041668367252484136
0.004153336878541543
0.004156092084499806
0.004127914923338058
0.0040532966140775836
0.00404498838862479
0.004072153241393885
0.004073193981393822
0.004089528417035513
0.0040674629868492265
0.004067733621165084
0.004123556352920333
0.004115613521082782
0.004152502780962215
0.004198387542420581
0.004162616252118215
0.0044452965003815995
0.004412505213024079
0.0044073785011489374
0.00440392671649738
0.004489125201189004
0.004501715094106011
0.004493485322897015
0.004718107860538254
0.004678322167332859
0.004674692676268083
0.004657354682820938
0.005694861914782771
0.005665095864720513
0.0056581206300782404
0.005683565785142033
0.0056578657144932725
0.00563440308139627
0.005675815671495301
0.0057324547133615735
0.005809801401107594
0.005828852852503319
0.005801521523415232
0.005801061824083523
0.005787446887715747
0.005739512227731756
0.00578285482835851
0.005843674183515512
0.005852717870899592
0.0058570431254754895
0.005849675419772716
0.00582779713056479
0.005852326390710533
0.005852727274888409
0.005830150608325703
0.005805303056162458
0.005801975045681002
0.005792064445923531
0.0057962060522397186
0.005766902806732695
0.005764565295862665
0.0058168721857817405
0.005838970734110946
0.0057825471525445125
0.005761827164945468
0.005692190950435889
0.005675205284611201
0.005548246007536283
0.005539880119860394
0.00551690111152999
0.005516437029963035
0.0055196782919503485
0.005515522182203272
0.005507474580196167
0.005440845288508406
0.005427807574191499
0.005416085032554358
0.005420964944513572
0.005397973760907108
0.005399832162543761
0.005385502439524068
0.0053792108645627085
0.005376746176436559
0.005368952615937917
0.005347549643626834
0.005363187258708628
0.005355311056833075
0.00540925468810966
0.005537052591230051
0.005529230437706983
0.0055237498775310475
0.0055383039437275705
0.005521236295364708
0.005514297824792176
0.0055036829314144544
0.0055084178684477675
0.005512600579138361
0.00550120374363826
0.0054932127812605
0.005488873070354688
0.005475631216690735
0.005475467591451261
0.0054730247302092515
0.005457107223975843
0.005478001227724056
0.005463175097098882
0.005442720430076861
0.005433113175745767
0.005438318632915854
0.0054043402355453225
0.005376825953873408
0.005380001335381059
0.0053486550276057
0.0053568739874863295
0.005335192964827442
0.005300911203535146
0.005292718231974233
0.0052250747996610575
0.0052260197793928456
0.005210054656090143
0.005217495737742867
0.005234353782517934
0.005249014503847075
0.0052316413887743
0.005223816978348789
0.005226186894731604
0.005234569132376019
0.005230774600077731
0.005232336272209809
0.005192542447634167
0.005185252702840061
0.005138269568604036
0.0050285452462559815
0.005032218777166248
0.005023352885259289
0.005016301226964176
0.005006665552981094
0.004979521260028375
0.004982325408430506
0.004970532779947608
0.004989864008590911
0.005003434525951764
0.004988984553248352
0.004994171045675977
0.0049897937281743856
0.00499134859020003
0.004980124938685787
0.004953234724358894
0.004932852134575966
0.004927204374557867
0.0049351059188803195
0.00493396230810147
0.004910295128279536
0.00490882613114161
0.0048879808303574955
0.004891013205316725
0.0049029695277686604
0.004916308208391941
0.004912396537803014
0.004941947040624928
0.004892506685270773
0.004884753934736617
0.004894692531542576
0.004898737484731332
0.004898980292265514
0.004890990415693499
0.0048811038186199075
0.004882445911404807
0.004887905651322948
0.004873923289300333
0.0048643416079188085
0.004861207683855134
0.004848894529381954
0.004824032413334634
0.00480214549246382
0.0047983441120807695
0.004792655758243567
0.004781400856956111
0.004778160313819321
0.004772207223759182
0.0048233264531613975
0.004827788743506673
0.004825790334025277
0.004830549724489608
0.004825147474957944
0.00481619326505442
0.004789356648047031
0.004775942961339759
0.00476873648947655
0.004651804994748604
0.00469724959631484
0.0046550792384457565
0.0046577142446398104
0.00466443926761548
0.004657072177527862
0.004658792279641926
0.004652890098816326
0.0046592618102899086
0.004653643335991302
0.004641025003062387
0.004642995331605796
0.004629755005619499
0.004622802978450442
0.00460353040211554
0.004586106559943393
0.0046104183449271995
0.0045967932265871285
0.004622368978568249
0.004594913791290569
0.004588668785793193
0.004573970991153642
0.004568881839560139
0.004551366577582696
0.0045385910807144245
0.004532622710621466
0.004525894181105109
0.004522084956092909
0.004515339573213528
0.004512426966373408
0.004507223253613495
0.0045242323329330245
0.004528717287734282
0.004522038503374209
0.0045223799614059765
0.004512640749399269
0.004508526203738127
0.004511619426262254
0.004501778183925736
0.00447918154519483
0.0044469473719931
0.004459505852898957
0.004447909527241929
0.0044406802170593685
0.0044564848779083555
0.004481851196229598
0.004478090052779314
0.004465837984913807
0.0044625930428726385
0.004458124568495328
0.004449978123564116
0.00443266383331431
0.004407512721278474
0.004409133724193741
0.004408951575618453
0.004401328417691386
0.004383312698866411
0.004378302096331873
0.004424376227640821
0.0044230351109848685
0.004443421342219307
0.004394828773006176
0.004400778393949402
0.004404616783054177
0.0044072994887461294
0.004420327721390461
0.004394081906045366
0.0044239432142155425
0.00441721164707438
0.004415278583557347
0.0043761144187424925
0.004355093030140522
0.004327406662084551
0.00432132789113345
0.004264816493992552
0.004337301091802053
0.00433130420866001
0.004325495699017247
0.004287721418519011
0.004283818973680407
0.0042751389610652685
0.004266676859509009
0.0042685717131049775
0.004266158164990001
0.004266537712840664
0.004227320066031175
0.004270319167911947
0.0042703118943561704
0.004277389854114083
0.004278198015916955
0.00426563738529314
0.004251405921629983
0.0042372334383069254
0.0042248675124478
0.004196894720973321
0.004168692793006846
0.004188232513624404
0.0041810274774948825
0.00416387144570234
0.004160278861713085
0.00416382758234672
0.004155039409427748
0.0041587026378287675
0.004179070751229328
0.00419403076278089
0.004211089719269767
0.0042654677911694834
0.004260607378613274
0.004260171456103843
0.004289531716080474
0.0042687507588274635
0.004252563673749551
0.004237050461867866
0.004224156475797652
0.00422255926129568
0.004220369953190833
0.0041973169099988085
0.004210162910614526
0.0042118624483137804
0.0042078165797238
0.004200726381259608
0.004194739606284427
0.00417856568214575
0.004170392034774371
0.004175931374216634
0.004181901676783059
0.0041729644103679405
0.0041632309014890505
0.004165911127272872
0.0041738762760246805
0.004169354091872494
0.004155838460444807
0.004149347985490609
0.004167821819361883
0.0041604633070638055
0.0041642279751436286
0.0041598230236478745
0.0041623470445825775
0.0041595683840151935
0.00416439499757378
0.004159920212415831
0.004157898714014321
0.004156800442157106
0.004138007580590245
0.004128072703852538
0.004118392131148292
0.004094501614555984
0.004068952046938297
0.004055585149811318
0.004052392105904304
0.004049769887626317
0.004043048074732802
0.0040476732533815665
0.004049790663677626
0.004052029865232492
0.004128240707202021
0.004105958609505103
0.004091301271290248
0.004070405966011147
0.004042555680559322
0.004035198099779509
0.004042575914072879
0.004035354426739488
0.004033477561610931
0.00402384303201807
0.004026633912061886
0.004018487768726458
0.004007959320363772
0.004002995857524262
0.004012443408110504
0.0040125093551674216
0.004013474078918931
0.003991729936550231
0.003983620951049679
0.0039717719162211135
0.0039661454905908
0.003956487094727837
0.0039526082509145355
0.0039629987141820856
0.003963081697707544
0.003963722379854733
0.003959508367988747
0.003982848275605747
0.003970584704298179
0.003970250137302861
0.003951795343376146
0.004014422466410982
0.004031778064634476
0.0040304891701648795
0.004028245801423139
0.004052575703444347
0.004038361457620946
0.004033952807471796
0.004032799307252217
0.004024154740859713
0.004009608317679687
0.00400662928974374
0.004001506807032019
0.0040004245969887
0.003995535984058205
0.003985960820142079
0.003979843556379883
0.003974722813981886
0.003970845611869578
0.003955405107692752
0.003951604188890438
0.003947024910236133
0.003958686558674894
0.003954910746318126
0.003949268023697833
0.003951379249923703
0.003951035110159343
0.003956576431397119
0.00396631523306055
0.0039640106042423745
0.003968715413080879
0.003965132315669722
0.003960896031179536
0.003961602725043656
0.0039540099009143514
0.003951168578118437
0.003949727366118093
0.003933060469512177
0.003941322786431556
0.003958257651204465
0.003927337141342482
0.004269224155127379
0.004255638154625988
0.004405277198980517
0.004388811613347559
0.0043875985315858
0.004419872036422019
0.004425053907353983
