0.03332645446062088
0.016396572813391685
0.013696685782633722
0.010057309176772833
0.05471196017848949
0.06116477074101567
0.05361296086630318
0.04773296631174162
0.04249907264602371
0.03878471126716415
0.033306059180176824
0.030635019795646756
0.028668022909966704
0.026883481470091897
0.02672502738641925
0.02403834059163381
0.023742291374623574
0.022365607575537936
0.021470092385425237
0.020186739449854944
0.01908658551507291
0.018230250861961398
0.017233718717761807
0.01657100464915857
0.01576450388081587
0.016091105974434566
0.02466591434079289
0.02379513854273306
0.02307586637713636
0.022400375797353208
0.02155453698287602
0.020893619184128267
0.020307357844157038
0.019617854920215907
0.01895058096528778
0.01843518681817915
0.01805603845921149
0.017480209504122823
0.016605956885905472
0.01612756020679116
0.015880295140613312
0.015620088419974454
0.015548702116410075
0.015277925830903562
0.014903002113620138
0.014670373811237904
0.01619844951468015
0.022167131056467407
0.02065386747824959
0.020247856007664065
0.019899649347280494
0.01950504343376279
0.019147334427274197
0.018714466526845084
0.015644366558652624
0.015547776142244524
0.015265534853573745
0.014917805519470964
0.014640245579721517
0.013510302068798255
0.013288229032989488
0.013075627118514453
0.012811115475301444
0.012671083288800074
0.012652623119555007
0.013590378177577257
0.013405195863550245
0.013403543826100664
0.013182969213292898
0.012986699996321809
0.012985940801020964
0.012846341929043648
0.013493354845932854
0.013454089113414131
0.013297740850918527
0.013073108609453562
0.012833436064400489
0.01264584212425044
0.012422263354437748
0.012220275168573732
0.012110654954573499
0.01203626050627496
0.011851552521745492
0.011729986249274054
0.0115115686689827
0.011397635664482434
0.011301217051616482
0.011254415231193755
0.01097041777352893
0.010889009937083036
0.010488931602041068
0.010379886851687939
0.010245962141430316
0.010138092150124352
0.010029765926977536
0.009916086663709852
0.009776731633996396
0.009577756977420785
0.01057531344173185
0.01058878388541398
0.010440661521059548
0.010460933511531392
0.01146971119522697
0.011604059172081873
0.011491985098919548
0.011413713024097397
0.011346121386749373
0.011820789152281595
0.011699986850660274
0.011547711551142752
0.01144077622218122
0.011221891714337764
0.010934996467863368
0.011915623461612521
0.016189602781917625
0.01616531729907878
0.015997909139868927
0.015823480465922392
0.01596494944551523
0.01487360778090319
0.014257717270918905
0.014095741793751334
0.013988129475570356
0.013819207802589517
0.013384709829667359
0.013298612663796902
0.011066216062488367
0.010988605098765933
0.010587357771034409
0.010507726102686606
0.010455275137163966
0.010232087728185353
0.01028491361969135
0.010301835799785934
0.01023909198872442
0.010172543995561212
0.010122866308360035
0.009981606992473744
0.010341594959598818
0.010278271727669732
0.010233206002352824
0.009621642201223456
0.009479192574013322
0.009407362639492559
0.00936572117409438
0.009123357445812157
0.00907958589699332
0.00900111009964318
0.00885598909163188
0.008893281999049903
0.008832988193812766
0.008747631321146438
0.008711693883416558
0.008698636461039935
0.008427988952135848
0.00836000649886359
0.008319155543096165
0.008240321554591718
0.008180947808568822
0.008308151329175926
0.00824930045169306
0.008206251811690027
0.008528758280634782
0.008364508275752257
0.008399317245949724
0.007638878989426221
0.007586054024527373
0.007722534732636519
0.007895311173727836
0.0077680593918738735
0.007780575272104325
0.007508147284622385
0.007226117375571398
0.007181681259659987
0.0072710729047933235
0.007260783881435403
0.007438743995295597
0.0073850985478486906
0.0073122473674124625
0.007279201389606517
0.007231055537696386
0.007214207598000267
0.0071510493961519095
0.007169153301062606
0.007136231069370133
0.007039492507955438
0.007104243138336586
0.007100229453479949
0.00701281520623046
0.006979612741582476
0.006933364716549781
0.006899673068994559
0.006948761240638897
0.006959983311968153
0.006917689899711727
0.0069016655600853734
0.006857256201144975
0.006813615114285071
0.006448263677993965
0.006409578056146208
0.006390017207870711
0.006355141505266121
0.006331924796576656
0.006372717091147845
0.006325194526352701
0.006308324166098644
0.00629242765503827
0.006297629357879017
0.006352388606111553
0.006306158597309361
0.006278337909226945
0.006255022079147948
0.006214845046028658
0.006192484253382603
0.006168104384111453
0.006169134342536267
0.006142060371288557
0.0061227926856784465
0.006086311055531205
0.006063741862628242
0.005922783718979024
0.0059725434798055576
0.005909791049004653
0.0060253102405759896
0.005971664298150379
0.005886623364177557
0.005869872094097028
0.005797692621425432
0.005799401006958718
0.005734685963735101
0.005571034506201924
0.005548435562336964
0.005526630037844041
0.005497177843434208
0.0070671385921618245
0.007158643124571788
0.007035039751314772
0.00700612200712556
0.006917705081559687
0.006924410780807965
0.006922327100631465
0.006888513372131428
0.00696052806994035
0.006996570443241541
0.00687160195972192
0.006779633016828191
0.006648603818575791
0.006626429362859561
0.006624944233597486
0.006527632936183406
0.006506392526023857
0.006558854288216576
0.006486358477416176
0.0064882736094124755
0.006464376511104317
0.006451667295769987
0.00641815734388376
0.006394769081965663
0.006381382012114042
0.006376087483380145
0.006319960404903037
0.006299428040270838
0.006278846757319995
0.006256268425204323
0.006232190043500253
0.006285783865739553
0.006248259954720277
0.006188798435734536
0.0061560939941652255
0.006115535364815546
0.006110338182198199
0.006091603761115204
0.006154203424630659
0.006137896057837429
0.006113192170759891
0.0062669800415675846
0.006247155033136764
0.006153300050530274
0.006128304262347226
0.006079764327671736
0.006102503185121857
0.006070949560321919
0.006025903689590793
0.006071082380290851
0.00605067716320912
0.00605459222221728
0.005943052895039118
0.0059143224912407534
0.005888012902141778
0.006181335764305216
0.006168162022333163
0.0061377224955859126
0.006085888621541644
0.006043265355377005
0.006060166548269151
0.006052148267663016
0.006021883158524394
0.00600674856847084
0.005944756623672822
0.006007919781397524
0.00598786365115916
0.0060254003227881965
0.005989614898250066
0.005967110639522001
0.005916724784803433
0.005947992393514896
0.005922406717383468
0.005844100923043849
0.0058052990606219865
0.005786340894444073
0.00576896690994871
0.005726403806331794
0.005716228728986396
0.0056896180849492755
0.0058307560102548416
0.00579838652629405
0.005914561291234037
0.005860462269839188
0.005818712646214403
0.005804609629540262
0.005767022696633165
0.0057364090525288515
0.005753288744376784
0.005695190980242417
0.005674394238968746
0.005689972427756227
0.00565589759669198
0.005629704524210923
0.005603069014085281
0.005584536326396361
0.00561995008548003
0.00557539972068333
0.005515600597168017
0.00551720803756433
0.005514460063533895
0.005495106045554664
0.005511706255475525
0.005534497687213972
0.005510112057056488
0.005450649326257508
0.00542384936822828
0.005177759694386233
0.0051655611984410005
0.005152417334350007
0.0050584443187411
0.005044213313473815
0.005020748075711982
0.005006199989655983
0.005011687131232707
0.0049988337305899725
0.004964430093009874
0.004952038280803058
0.004915938592952599
0.004890567808031608
0.0048758866850108756
0.0048033772969060095
0.004787166815578889
0.004788101659205665
0.004892624134016733
0.004811575987770981
0.004796688442661301
0.004787176443050933
0.004774267281371079
0.004769312743614228
0.004708291606658226
0.0047002906436214706
0.004687329711882533
0.004651104078003762
0.0046296465947258045
0.004743403652872733
0.004745805915859731
0.004724133712335994
0.004710128542727141
0.004702035484253419
0.004687004493887865
0.004649116466569442
0.004624547001084354
0.004622973498341857
0.004657968198980109
0.004656317948494793
0.004611395678889174
0.004602445862488507
0.004598648566608659
0.004578013677345034
0.004572076122543386
0.004583489301757942
0.004564454438521568
0.004558974992255504
0.004536813138484147
0.00452983559052253
0.004643511355889309
0.004638784054085265
0.004707568191291182
0.004693043677915835
0.0049142620713003675
0.004915900209718329
0.004907606882734939
0.004868367868383701
0.004863320635668053
0.0048461680932616645
0.004981201374939513
0.004961907578825483
0.004665403241341485
0.004651175970592482
0.004634122485835429
0.004600653912294568
0.004608485811224768
0.004600773670821338
0.0046287865565717715
0.004616750018630642
0.004611063192693737
0.0045665456051501244
0.004575740750874822
0.004563611748814854
0.004771712131619438
0.004770257741016577
0.004706752300102302
0.004694300519391665
0.004678190734211092
0.004663947499485737
0.0046510567460818705
0.004638187180805214
0.004590781167005937
0.004574875643456291
0.004547184329140242
0.004537242930621036
0.004519764147066473
0.004487714899771962
0.004473775201768138
0.004464527523692572
0.004471715925285891
0.004468238637447895
0.0043690906140364675
0.004384285183964639
0.004378381662876835
0.0044167097777464285
0.00427112533504511
0.004260575160370111
0.004116097468563968
0.004111293195650474
0.004102613914111876
0.004086192807887719
0.0037671935564388822
0.0037123707041675316
0.003707211628270944
0.0036917824667117337
0.0035762287986277064
0.0035765821584186532
0.0036103571638037954
0.0036192135211323352
0.0035872080131725856
0.003554035801250038
0.00453272400423755
0.004517820578517513
0.004509976640436327
0.004487497079117605
0.004475488547279181
0.004467458296778969
0.004455877372801403
0.003918802775734258
0.00391217713312671
0.003932612560623812
0.003910152822378399
0.003922151734830889
0.0039520566498792145
0.003425716237748095
0.0034161697307680547
0.0033779555076506227
0.003322832589006742
0.0032988335544452433
0.003426132991512134
0.0034143946273043043
0.003429061774416659
0.0034208239685118956
0.003417198928891123
0.003456261109682012
0.0034380388548989685
0.003363227819891913
0.0033396836973224593
0.0031843184012875503
0.003190032246236869
0.003078906113474896
0.0031152042871582003
0.003085845469925589
0.0030655693820039933
0.003034065676585557
0.003059494236755397
0.00324318150038985
0.003570413973558996
0.0036233401083012227
0.0036028738379276265
0.003855539415118794
0.003909192806981004
0.003924063423024056
0.003909228126582492
0.003885467208026413
0.0041081146347903465
0.0043562409797935665
0.00421661757971741
0.004184061011812775
0.004181840061076739
0.004185171743395918
0.004167155275036548
0.004140091137090307
0.004084740632096073
0.004076060208213444
0.004076151578066314
0.0037502694798325483
0.003742213549255609
0.003776965398766742
0.003753785031420863
0.0037448732162810657
0.00373717462935018
0.0037190202504364662
0.003937158039457408
0.0038675094585495415
0.003916514040302188
0.003909070943834369
0.003904448135794002
0.0038921319403763255
0.003908865980349442
0.0037927366495439487
0.0036836765366735137
0.0036779375686420974
0.00366834142729382
0.003681993082974648
0.00364959896047145
0.0034870160261097644
0.0034995587342220914
0.0034820751320257504
0.0034798598421901107
0.0034698543431369135
0.0034613685639577614
0.0034606540268265176
0.003452620707782852
0.0034464167931669365
0.003440138936632639
0.0034244094459846973
0.0034065694883961477
0.0034413252484940663
0.0034347175128845455
0.003439440992579338
0.0034266533025134535
0.003422850677252247
0.0033729016336726558
0.003364828743072047
0.0033809106388463968
0.003371421577140018
0.0033577195846009873
0.0033569611090711934
0.003342631986542707
0.0033360931312473225
0.0033555518762655562
0.004432317428710346
0.005432604941482502
0.004936629824785091
0.004889042769712266
0.004946653821550576
0.004940137341743256
0.0049386710680127946
0.004966586697109203
0.004706791648186307
0.004674237183293526
0.0046671775612666805
0.004636633593890171
0.004613041058732955
0.00458939665412811
0.004568187715297451
0.004611648670438534
0.004625432190628818
0.004666099813888879
0.004635158149943224
0.004614489565754316
0.004605837447427039
0.004597106075177875
0.004578586674030645
0.00455114884430116
0.00486245295511387
0.004850327907378998
0.004822916891257524
0.00471305327399559
0.004703404922413709
0.004698021102167195
0.004691172761715236
0.0046558620979526176
0.0046323431775551266
0.004620747858512704
0.004601018350723176
0.004593776832176834
0.004616656341840535
0.0046562714139597285
0.004656960950963326
0.0045910650532636115
0.004583781408615587
0.004573830568634788
0.004577177846211448
0.0045696922492650055
0.004562173867232787
0.004586792310195342
0.004576714091102104
0.004103916927714173
0.004095844155973642
0.00406012415879371
0.004052655563847543
0.004045714386208617
0.00403883012722796
0.0040478887284208145
0.0040276160986317065
0.004019158758932989
0.0040168313695568905
0.0040281689819024495
0.003938292066770221
0.003948253788947382
0.00393334888092173
0.0038885920863770836
0.0038894939538607546
0.0038911500814955424
0.003892940725049412
0.0038851135700467814
0.003912977597300529
0.003906598330317789
0.003901081506434196
0.00389274994487118
0.003878954022284587
0.00387389446542145
0.0039126441114584985
0.003906299673287027
0.003904273589411873
0.003954657150473109
0.003933041698462429
0.00392354008123864
0.003919274950165313
0.003923540559692049
0.003954225908469866
0.0038813066694617397
0.003882221205856674
0.003939981476807383
0.003929993589988029
0.003923434164698835
0.003919631479487433
0.003912160267895279
0.0035368119839732284
0.0035399972764494493
0.003532222378998984
0.0035287095320298465
0.0035226532082480643
0.003527789256667684
0.0035228206154004843
0.0035173875134653083
0.003515021809514103
0.0034890168636074422
0.003516395417809373
0.003566643242925019
0.003555835097964189
0.0035353423173967993
0.0035314935134068783
0.0035640656962951035
0.0035155776281147106
0.00353875112557557
0.003534458154592648
0.00364131414580504
0.0036289361098340053
0.0036227991784318165
0.003615645203420785
0.00358372611700215
0.0035788576406893687
0.003619486416338356
0.00361729383318801
0.0036269858491228134
0.003616177961471427
0.003625514391950708
0.00344808532123489
0.0034633964475555786
0.003458016468513817
0.003447580226301276
0.0034361895513146386
0.0034276917026907663
0.003400845288507157
0.0033991909335514526
0.003387659181908746
0.00338237156930701
0.0033765893152029893
0.0033495781745091647
0.0033480084694949078
0.00332868595386287
0.003316541136279043
0.0033167819272548003
0.003310239876360936
0.0032961572154317016
0.003289811561987949
0.003284449793729449
0.003257608149687161
0.0032624612526796263
0.0030421685089069
0.0030401810880244526
0.003040273517331466
0.003044856146323542
0.003050460880362448
0.003034142439885588
0.0030434313640410196
0.0030390018255275113
0.0030290076382249297
0.002996278094656181
0.0031407244067869367
0.0031403332550609324
0.0031512076762593524
0.0032429265761056434
0.0032433140057752928
0.0033055877555993735
0.0032834587258799325
0.0031851136428087267
0.003182416314519667
0.0031501367243041123
0.0031412193828756437
0.0031193068356027264
0.003163849011761652
0.0030274234163103113
0.003010961587567268
0.0030062907984453485
0.0030076168084673806
0.0030011853368428257
0.0029883253201467845
0.0029718783089918476
0.002961985717702182
0.0029507821631185923
0.002940423553118949
0.002938175440848982
0.0029343248156661144
0.0029117639482237325
0.002910834078712583
0.0028938936578666247
0.0028523786636500525
0.002864611372162502
0.0023962250007391614
0.002380509930676642
0.0023996947699818218
0.002405291041095469
0.0024088828169269785
0.002354588615973518
0.002362619004227314
0.0023300337684390104
0.002322454952108329
0.0023108262794169034
0.0022963014340177308
0.002306912048426357
0.002316303272187932
0.002303659485387753
0.002319402366303298
0.0023174467360270895
0.0023065734898017106
0.002332510466300276
0.0023294958531475977
0.00232424767828533
0.0022723577866027673
0.0022840551025505563
0.0023262113567712743
0.0023254641011954814
0.002317805331270831
0.0023019211547809885
0.0022980450703614774
0.002292840420468223
0.002295128691440357
0.002296386636195606
0.0022958389368023056
0.0022501143901930243
0.0022384640038531104
0.0022502544622492755
0.002247543726992554
0.002245087366785118
0.002238937847504017
0.002251055270794653
0.002255962659810186
0.002255124500222802
0.002252351862158724
0.0022475549846988174
0.002231548516462358
0.002223475575395825
0.002220693483242923
0.0022190870637738575
0.0021980454476829853
0.002195053949600676
0.0021939991673353538
0.002195312078644127
0.0021828060330584594
0.0021710860758945203
0.002165497584643465
0.0021637387419086384
0.0021632619876329547
0.002160268163392674
0.002159996905946202
0.0021527146501247913
0.0021525931254416835
0.0021376498679175353
0.0021687976409047374
0.0021667963230411463
0.002163998229410897
0.0021615404211045397
0.0021590863585886776
0.00215735228796347
0.0021517228750816348
0.002165559761196885
0.002163838905458348
0.0021607410023186126
0.002157495663920157
0.0021492525389864314
0.0021438562565205314
0.0021453984063960403
0.00215336817803327
0.0021533110684416558
0.002153337813643986
0.0021460626002600975
0.0021421599390665947
0.0021388981624126855
0.002190922983684406
0.0021625755039836095
0.0021625433334387955
0.002162870322760624
0.0021977761378352877
0.0021934552742361676
0.0022057737864238864
0.0022632020192046615
0.002259719615709971
0.0022591150263420743
0.00226128528814032
0.0022539329109538962
0.002245904304454878
0.0022597997256938508
0.0022555438406418617
0.0022367910055819834
0.0022343522241663268
0.002186640696912975
0.0021824826196497117
0.002162671424369792
0.0021668242923798564
0.0021761410096187085
0.002171951854203744
0.002165149596595925
0.0021618818207438852
0.0021591562554151814
0.002161718450752464
0.0021693241579321242
0.0021984815432172225
0.002202474439697659
0.002188004657286716
0.0023269998705935185
0.0023212473817882462
0.0022570312093803066
0.002256011134388724
0.0022486931680888223
0.002240209092041364
0.002225484275250362
0.002229000508693564
0.0022085014127971635
0.002174188767796226
0.0021792740388425513
0.00215702923539868
0.002086959711239118
0.0020815377575567886
0.0020804057897653634
0.00207790057985695
0.002075898598691949
0.0020850111258825274
0.002018554620576646
0.002015611686170294
0.001939556419079752
0.001938486531419096
0.0019490386296382744
0.0019420609349984409
0.001934392829508423
0.0019226102062486457
0.001928112683782861
0.0019269815675340756
0.0019244900619176796
0.0019222670157365113
0.0019144922206034394
0.0019128872060191092
0.0019072655133127246
0.0019074931438059389
0.0019001435332153325
0.0019477068858118245
0.0019237335273249072
0.0019155876077442241
0.001917258128334679
0.0019134098192797537
0.0019080326566372405
0.0019050592513998172
0.0018644869870218473
0.0018610163098305532
0.0018576659176299446
0.001874722862100832
0.0018745654336397776
0.001875262098063542
0.0018595432290386118
0.0018609405460553745
0.0018433247690471174
0.0018355529502723216
0.0018316563509667707
0.0018295879147204972
0.0018864745203649713
0.001893893620406124
0.0018922609261283428
0.0018900723013716319
0.001889137809899463
0.0019150124349493352
0.0019160834857773442
0.0019143163447270242
0.0019099493046858258
0.0018971528828706438
0.00190283197801733
0.0019022871449531342
0.001895669188418949
0.001905308026884776
0.0019178652581290983
0.0019134474102663057
0.0019071845419809524
0.0019225189582869145
0.001919463671567942
0.0019268837886705268
0.0019276756520530745
0.001918838516212018
0.001918846641881926
0.0019208437590699289
0.0019147757091646043
0.00191234715367475
0.0019119105256939419
0.0019019258462148185
0.0019119558397654823
0.0018998942380434596
0.0019253391886068282
0.0019122324177091405
0.0019054286547059533
0.0019031904802727436
0.0019012266214749908
0.0019174277351291023
0.0019236031278088673
0.0019245778675772958
0.0019228881877025805
0.001960141589108416
0.0019343101289431325
0.0019331893535474301
0.0019330904291826943
0.0019322597453270843
0.0019181351807774378
0.0019162088876462898
0.0019201750492433823
0.0019191920526391492
0.0019007963149225678
0.0019073864668068838
0.0019041535613627905
0.0018941268085372717
0.0018749631040773504
0.001871056159527362
0.0018725020646673
0.0018694251138161942
0.001869505458233856
0.0018632931652019435
0.0018612157501993766
0.0018598633201374172
0.0018666878511150225
0.001871399755748686
0.001878688438029818
0.0018764191798137464
0.001856433264245617
0.001814276916019396
0.001821364078345924
0.001811842498030588
0.0018047112571028315
0.0017907357719613348
0.0017820346974442161
0.001789677394075495
0.0017870869894700654
0.0017864194224557844
0.0017971046763966506
0.0018168933912835533
0.001797247240406768
0.0017877775939056473
0.0017813598285468123
0.0017860671470810172
0.0017835364090146549
0.0017799795144765322
0.0017723824915129882
0.0017721605421284479
0.0017694902541911758
0.0017512729797985892
0.0017248564465860141
0.0017038490585455234
0.0016932382534865966
0.0016996708742792912
0.0017010684830636024
0.0017016525751489982
0.0011661141554998593
0.0011648592518695904
0.0012340379919364792
0.0012281791050764797
0.001226862994017608
0.0012261687055471044
0.00125918444858094
0.00126039307617504
0.001252978660919321
0.001240685043285789
