0.013752840459346771
-0.0009583234786987305
0.007065543904900551
0.03440382033586502
0.06033890570203462
0.14039586377995353
0.12205774342874064
0.14771070419293308
0.13434527688659728
0.12409389277242801
0.11212126060854644
0.10403530736668752
0.09830979703526412
0.09019154428193966
0.08552129234885797
0.0740659906912376
0.0704075382091105
0.06797820667883282
0.07514644064940511
0.06884894559958149
0.060231972189450776
0.05982840227206113
0.05739074281882492
0.054190625809133024
0.07196252588899088
0.06731286475917805
0.06381200969086159
0.061287210065999916
0.05984021639451383
0.05757288006885397
0.05366399601916782
0.051816118485999825
0.05189639965400976
0.050647480945502005
0.05755345766536063
0.05772526496769608
0.05616335815897113
0.05423928634860576
0.05357663966715335
0.05199955244798485
0.050880975344972226
0.04959441195133812
0.048053046878935246
0.04741759741057951
0.04527173468681132
0.043184538173707224
0.04199450205002599
0.04039107238379666
0.042655924018472416
0.0423100440050749
0.04110668805571127
0.04335356916669965
0.043270615153704506
0.042771887084977166
0.040644185600935315
0.040038677536996796
0.03974908495578782
0.03896216810601996
0.038848419883288396
0.04064979919491972
0.0398529668323575
0.039418425388811545
0.03859606365585927
0.03801929679914157
0.0373264826114543
0.0368919067793706
0.03658941173789032
0.0361322891844463
0.03493138717354404
0.03493503906803438
0.034512993206994365
0.033750045585305685
0.033343166672951834
0.03261175926153855
0.03218657391966856
0.032062998437625015
0.03191383589859093
0.03155621849707785
0.03108080055098978
0.03104999217630166
0.030108191277377464
0.029523569192871964
0.02929585706442592
0.028722093626856782
0.028546339041705025
0.028826041607421683
0.029688630559989652
0.029218784533441042
0.03075714242748086
0.03055623701804285
0.029838475236750147
0.02943659434095023
0.02912752855100984
0.0291525671129899
0.029064269694572414
0.028516741408894458
0.028656035430648596
0.026735189960531012
0.02622573136992286
0.02584659369687761
0.025614842477450866
0.0252605472093457
0.02538104034465504
0.024777228329219806
0.024607251667887638
0.024279902964965308
0.023971809770079774
0.02380047434110006
0.023383910324826663
0.02305763614781385
0.02265232866869025
0.022782574570016617
0.02294564324486265
0.02244791623923684
0.02213924704671532
0.022376760829968423
0.02228928684657518
0.021982077420630464
0.02175432699101899
0.020509153675222533
0.019990580348721625
0.01978681219232503
0.019603391952959123
0.019556711138691747
0.019415107744631337
0.0205928337119527
0.020882716195501413
0.02076595952028639
0.020683704313481797
0.02079912877636286
0.020519242816424754
0.01990471068547366
0.01994707644960509
0.019988415621790205
0.0199930576084572
0.019801736595601957
0.019444658795955413
0.01936921814712863
0.019732908795205208
0.019372182254636564
0.018925633842640382
0.018803541667814776
0.01864645103058946
0.0185186541546939
0.018303764671843165
0.01821836459230264
0.018337268307191516
0.01814172095064411
0.01818756814463995
0.017342518750248188
0.0172366266415338
0.017097899113900448
0.01694428639421421
0.016825304830431816
0.016640840368031953
0.016679576053476898
0.016869316697990095
0.016816245240771424
0.01675384937661874
0.01688149570370301
0.0193700670723855
0.01928664704583345
0.019076609746595592
0.021546176878495533
0.021240623848420195
0.021364236039647686
0.020736722675792404
0.020522535939428117
0.02046666456050897
0.020467303013524358
0.020339685103376828
0.020228783665642118
0.01992805991101014
0.019852499124660552
0.01987937039170488
0.019689343615479787
0.01994369480218686
0.019371613109284
0.019238601090425314
0.019353237809312338
0.01893172077777038
0.019113697115105414
0.018973905854774938
0.01888020733792989
0.01871113626315178
0.018449681496962324
0.018497969637850317
0.018798540666312587
0.018717094868311263
0.018708757046519905
0.01856851145051526
0.018387325899132615
0.01827434889375731
0.018107323064050898
0.018910966872662895
0.018187661255475815
0.01832063057938487
0.018259828486397917
0.018292485826823395
0.018089310129101283
0.01820081920278867
0.018506052511287712
0.019101660823912868
0.01901982382547519
0.018963903057314362
0.01881104597460775
0.018677584759503724
0.018835423224322655
0.02047668878582217
0.020345612651706004
0.020622038051545315
0.02046366537207335
0.020288876381596096
0.020204962665204305
0.019962371599427167
0.019817941565407775
0.019889098246861678
0.019871643081798587
0.01915596791791772
0.01852826831932917
0.018412869835538824
0.01824288756869558
0.019236489582388976
0.018998255018507024
0.01917562714599658
0.019769966685149555
0.01929358273755816
0.020064617853609672
0.019814144593977328
0.018823103149455785
0.018778992809529885
0.019609920833161897
0.019256280138879686
0.018996715110459153
0.018829816250649476
0.018687523293106544
0.018577951347766485
0.018511465278884726
0.018419756732328107
0.0182228645933425
0.018359728326611154
0.018303664245713634
0.018283531327157477
0.018132487530297402
0.018052873422904712
0.018093189806913074
0.018004978152373143
0.018001982592276297
0.017890327321132656
0.017821656422925183
0.01775746868663683
0.01699711852812802
0.01697862827320819
0.01695304974233368
0.016890814744101604
0.01685030257002296
0.01690336465704718
0.016860183254450673
0.016767161439593822
0.016622130641083945
0.01669042329957091
0.01656852137034462
0.016478524924120094
0.01625120762081044
0.016067497151916067
0.015982782103475326
0.016440902772114564
0.016410086312388394
0.01637641005713873
0.01641480976391784
0.016403112075803472
0.016347429179287984
0.016273932728404873
0.01618090402991089
0.016113716384954426
0.015839673852546334
0.015880444842322053
0.01586414524917342
0.01619377882431895
0.01622835453744694
0.016250663203912212
0.016200530757204484
0.01635718013428015
0.01630403402142979
0.01626026475784969
0.01619212347296155
0.016192171939918714
0.015604448163757837
0.015443960414067369
0.015404072032298877
0.015275322579203042
0.015244937872747763
0.015434645089997166
0.015319011883486578
0.017313709034784266
0.017287091975083102
0.017071244974687844
0.01831196998475731
0.0182538726826897
0.018169406695682812
0.018107040024505913
0.019338234703682015
0.019246688067620494
0.01918915310191358
0.019045146994994284
0.0190114564406807
0.01893903255442237
0.01885852204657592
0.018706469702902413
0.018682911464460866
0.018619366313475615
0.018571835069451495
0.018059020208166687
0.01781308782113244
0.017759236897072248
0.01779114573768691
0.017737180238579408
0.017691640749166453
0.017713314562024622
0.017704582061782503
0.017638965209935926
0.01760669905009707
0.01763229654547846
0.018097028578452492
0.017989760442769762
0.017934879084617564
0.017914602202370424
0.01790228505186472
0.017905792361301753
0.017844909371764577
0.0178007615496284
0.017777032811962384
0.018417055197345933
0.01834302499852103
0.018281990036658036
0.01826649938052997
0.01819721904542635
0.018322653846800135
0.01841724699941767
0.018409028087566486
0.018336680971871678
0.018308376837229922
0.018224219962999208
0.018201021999424423
0.018311624224950453
0.018278315473617652
0.018750544962099897
0.019050818527241473
0.019013212615391253
0.01887128649606501
0.019076825023810022
0.018989604464619992
0.019049906074023407
0.019219724300914304
0.019086795557699737
0.019060560251183092
0.018722623911349354
0.018671893600626103
0.018613531032719448
0.01855772493924389
0.018504808333030913
0.018417813833456583
0.018361300803467654
0.018336686262644016
0.018409397621331182
0.01838469580964158
0.018356063565474676
0.018264491212311985
0.018216718407033167
0.018102809391109996
0.0180949548003389
0.01808255470024507
0.018036161237184642
0.017988079653431976
0.017987698446612493
0.017901734047537227
0.017868405412488363
0.017860294526103784
0.017820379780727987
0.01769000748991283
0.017658285514441825
0.01761614994721017
0.017596245432590286
0.017548810096167333
0.017464055909553237
0.017464592988489725
0.01742100287570869
0.017496569394876184
0.017524474750881886
0.01739508467768094
0.017369795700223963
0.017346240378947088
0.017352672797559216
0.017295225311506887
0.017233985155465738
0.017250452734006855
0.017210841158419005
0.017128603654869273
0.017070594924152846
0.017052075863372262
0.016998289702622356
0.017024456801253477
0.017026706915095207
0.017066100858910783
0.017123479720117914
0.01704603019490821
0.01674902718114741
0.01672657260905798
0.016701091643672724
0.016663163516289794
0.016601052398576406
0.0165767876665868
0.01693958780786771
0.01690982484247492
0.01685601123160899
0.016913254899408335
0.017083502027014526
0.01707769264433721
0.01706282537918362
0.017012724627446477
0.016981515691889316
0.017501697325682717
0.01747838016830052
0.01746501436183121
0.01745297166927688
0.017418623744320374
0.017357409674408814
0.01730169338447701
0.017243038084856138
0.017195860411768703
0.017071653743321955
0.017019948353732828
0.017069973615384443
0.017014896278216084
0.01695919715224793
0.016916588869465864
0.016855303955064536
0.01696954839831063
0.016895996762270292
0.016845899659405368
0.01673636916493872
0.016709344664433013
0.016741782381736292
0.01668934717544178
0.016724948976982415
0.016713251556651116
0.016664637383655655
0.016617735845756567
0.01657206456797819
0.016588876404884195
0.016568469438924406
0.01652397726000458
0.016470211768822365
0.016455661480386675
0.016423050550082214
0.016417572483689382
0.01633361463565136
0.01626186256351717
0.0162072008283323
0.016196201425126545
0.016185579094753582
0.01616452820096206
0.016134457992879554
0.01618133749792814
0.0162052511699226
0.01628107946202543
0.01624400591831974
0.016188859035060423
0.016150082605692787
0.016149503656914133
0.01600951733910164
0.01594947615931753
0.0160018727296319
0.015899032216617166
0.0158679091423934
0.015902808400513366
0.015858451090314713
0.0157329739916716
0.016174045320318953
0.01614620396165516
0.01610311535182237
0.016069524043420925
0.016034880621514633
0.01599984285913736
0.015977192813470216
0.0159207192175253
0.016257210082749537
0.0166206794229321
0.01653155922968113
0.016451376497526447
0.016304480186043645
0.01628821656170716
0.01620583534997188
0.01612095892807997
0.016050687192722367
0.01605857354956559
0.016103649595738352
0.016042165118171657
0.015993272669264137
0.01580666601176872
0.01578232459410882
0.015853612612082155
0.0158164518048464
0.015791897292336522
0.015769458137633915
0.015749789099461606
0.01583812303768242
0.015809329041240536
0.01578426432793542
0.015853416000938505
0.015823882737549887
0.01579094787861711
0.015763760923502214
0.01573560575488957
0.01565297180944659
0.01562859264550989
0.015570629941179122
0.015538987059636076
0.015523415770104108
0.015494065716971744
0.015429896474021985
0.015326884538015412
0.015371430669031448
0.015445368570453023
0.015430269958743558
0.015407481400227194
0.015344187453041709
0.015322792757300785
0.015202479384057598
0.015161972348017048
0.015127367303046752
0.015096682967577943
0.01507151721844152
0.015186531513616049
0.015148608230311557
0.015091383064016582
0.015052068778608001
0.015220871393038377
0.015164928732405401
0.015135730178630801
0.015064732705129544
0.0150230421305636
0.014945180196424638
0.014875818498501012
0.014807616005696023
0.014794563740096885
0.014776621669034639
0.014759598954670656
0.014750405138527828
0.014753947343792241
0.014731378086160998
0.014736773729977804
0.014716172288256021
0.01469034611138408
0.014758790804662848
0.01475567533341999
0.014725158545171934
0.014735363693724609
0.014697206767076377
0.014677378834588818
0.014640055936545786
0.014560388386262791
0.014557747130698361
0.014359957494039467
0.014342547056196081
0.014323922100836653
0.014332680779338736
0.014386328778545565
0.014346821699291483
0.01433964478481569
0.014310097343848473
0.014323269934547888
0.014301092047098299
0.014402928395682718
0.01435202420099006
0.014287665933031648
0.01425164985385077
0.014234273547679843
0.014201020310905872
0.014162193314956191
0.014104617645570389
0.014097752782402774
0.01403650892571522
0.01402597826603069
0.014014710620945212
0.013986833899296211
0.013964651063002254
0.01464709814033885
0.015052620055532822
0.014947086962667984
0.014933409337646569
0.014904606009992152
0.014930455230477495
0.014915437367940413
0.014893589823759929
0.014862593990739702
0.014799810183253213
0.014772480897697164
0.014704413345510462
0.014647224815539135
0.014728082585082002
0.014705993717568776
0.015020776392594424
0.014992745466384095
0.014986381416705451
0.014937373730691568
0.014910441465058532
0.014893632070375506
0.014860034964742055
0.014876586464523313
0.014832830928711934
0.014794882555753548
0.014762642500043858
0.014760116900589962
0.014781972853952193
0.014751636538831178
0.014761414031707614
0.014794634991575205
0.014776261158159854
0.01475175552579295
0.014735025480813343
0.014695927605180927
0.014632632328870491
0.01462077524047346
0.014583085236450544
0.014598654379416121
0.014537428106606956
0.014501182674667226
0.014445527611736456
0.01435880527537164
0.014333793479555795
0.014399160863647741
0.014377321818239752
0.014326076296994136
0.014751200083351804
0.014746371449959684
0.014729327826029384
0.014695712062238736
0.014675343998533218
0.01465253671930883
0.014630571778118766
0.014654481469296526
0.014639802293086243
0.014615446198352644
0.014559254081160756
0.014572252972045032
0.014523736096937993
0.014514588356898454
0.014496142962643026
0.014472589809565561
0.014496246150047014
0.014489550637042053
0.014447159754822256
0.014396664204577149
0.0143922586875106
0.014350829011022831
0.014256569879687904
0.014206088517000412
0.01422573889924962
0.014202024290741832
0.01415602773826449
0.014103154264559742
0.014138170216861607
0.014124189254642238
0.014123952904644122
0.014105105872536182
0.01404948254517757
0.014061616140021707
0.014078661882224739
0.01402657407923393
0.013993794150554193
0.013980836628359875
0.01395113186405362
0.014440477242158668
0.014418888288345503
0.01440483707192794
0.014355721731947
0.014335612258520702
0.014397164733707231
0.014364481767794748
0.014335491181309605
0.014295234482876536
0.014303571155430263
0.01428272417928331
0.01425948337597146
0.014225264079784073
0.014150952426144768
0.014125464970623764
0.014102522530036216
0.014072950993339077
0.014050886941978827
0.01404236246182276
0.014043784070869385
0.014010486333620932
0.014001950241498862
0.014003111925988276
0.014052446848792255
0.01401692533721343
0.01400765065960254
0.013999077356530068
0.0139815538752316
0.013942337608919384
0.013945783657205045
0.013919353805538534
0.013955834802591691
0.013910499124183774
0.013879570460928959
0.013829876473767893
0.013803966307412494
0.013798187667017335
0.013780730579056898
0.013780458142009771
0.013748474501374019
0.01372210569231986
0.013676491363820174
0.01366928496407449
0.013652487033650587
0.013622910042972758
0.013604326360170187
0.013579938870976744
0.013578805254905813
0.013641673698232356
0.013624811870060753
0.013624193463715371
0.013615394691912941
0.01359810167275039
0.013583534884833924
0.013538135746056385
0.013516334984180433
0.013500614188501306
0.013484538772860367
0.013631121443103656
0.013592945266758
0.013898594780954959
0.013851008906504318
0.013812070161093462
0.01378313380791705
0.013749032119633723
0.013746882079883383
0.013686085329343936
0.013734126092870462
0.013761398093796857
0.01377934800366739
0.013730740210513322
0.013711193784551412
0.01370309756274262
0.01368922380788718
0.013676196259265529
0.013633755750566105
0.013609747911047583
0.013551510032250903
0.013541719611164602
0.01348689652876546
0.013458323511618828
0.013445777107364621
0.013426085623320138
0.013406812822852303
0.01340741090660876
0.013405149936213435
0.013420028598632172
0.013400314879689856
0.013435688817359117
0.01337545402678698
0.013355399997907944
0.013353072498106177
0.013334641914655044
0.013330734790012386
0.013305281364387427
0.013437389189682835
0.013413481739631724
0.013417257060350523
0.013376162317927865
0.013502152520307112
0.013480351464297146
0.01346334495415765
0.013436426942496225
0.013276280421607445
0.01325408164380401
0.01323645192971573
0.013223153247590992
0.013202566040895378
0.013186242869186264
0.013155053470747627
0.013133643864828999
0.013114782027665018
0.013083634686166965
0.013083667716476472
0.013086043564937368
0.013047402394460983
0.013037950066509905
0.013075494872934692
0.013083735842555448
0.013069991672089578
0.01305120369139765
0.013039123506566627
0.013015288663072763
0.013011227984854917
0.012986392238295662
0.012975806072136031
0.01294698362238995
0.012943214185067336
0.012864751403569671
0.012841248276440155
0.01286226418079021
0.012849720937119577
0.012785894768915559
0.0127781965925576
0.012766343142335929
0.012758549166351755
0.012744248002143419
0.01272170283016461
0.01273693898064112
0.012711281886828265
0.012701811930921741
0.012688652036826266
0.012654735519584358
0.012673068819877802
0.012650833275610904
0.012663774781011421
0.01264869619530838
0.01261189406137338
0.012601192449939508
0.012588819085138002
0.012573474258727695
0.012571857085646817
0.012561616568074146
0.012535437266996114
0.012519812706299848
0.012504028553368952
0.012496651521001044
0.012482764153796419
0.012472718873343253
0.012391852728367273
0.012378438958280547
0.012364976487015797
0.012351870011787777
0.012316276112785008
0.012345532850226092
0.012297885239829708
0.012297473845824278
0.012297299834508314
0.012278656237892637
0.012248259815846731
0.012230938024572277
0.012224052468680514
0.012223748934056342
0.012208251691982634
0.012195818357695338
0.012191844410571149
0.012179959751207307
0.012161197210258974
0.012165484331464404
0.01215317203346077
0.012133315481192404
0.012106515285505949
0.012096040177463555
0.012095748372561837
0.01209259872643652
0.012072544562837453
0.012061087986591997
0.012050772858320359
0.012048959641439205
0.012040200559736305
0.0119831075413069
0.011967182115902497
0.011926643915116966
0.011898082175136753
0.01187747496401143
0.011861155897241087
0.011832185025466168
0.011828196284163855
0.011812353940374706
0.011769966295371793
0.011757544306539256
0.01175208273905219
0.011751326945024409
0.011736468749062747
0.011724095548715261
0.011712822873728733
0.011700691307518806
0.01169055035444585
0.011669636160876998
0.01164677935314382
0.0116432239075578
0.011630815494263962
0.011630306651902653
0.011616812016245188
0.011600640239643193
0.011607726289481287
0.011591218830253268
0.011565307369517032
0.011554319361162973
0.011538861588421545
0.011517489344816828
0.011509404103207995
0.011490137697556474
0.011448613919942835
0.011438129849915022
0.011418354226657858
0.011409440018115438
0.011401522298777904
0.011398371810510965
0.011376123794217218
0.011362933269952734
0.011352717543603431
0.011322187652261801
0.011318146484197034
0.01130229130264231
0.011286285644170701
0.01128516287302509
0.011272090036040851
0.011245280530971602
0.011231354756668742
0.011224539549938588
0.011218611023348894
0.011195521620390407
0.011242556088919293
0.011236429786008363
0.011225283541685
0.011220487148088152
0.011216516017583259
0.011197077187063486
0.011187133397391715
0.011172088917967787
0.01115954856859841
0.011132543025950991
0.011111120982887173
0.011096572228981808
0.011101431777339018
0.011090219327105834
0.011074612792157879
0.011062911360500015
0.011074814348410176
0.011062606207184111
0.01105238361052239
0.011050678998451923
0.011035237164813843
0.01101740096613338
0.011011062548950965
0.010997467296475502
0.011049789053495086
0.011368415593218393
0.01135060885673923
0.011393389405135098
0.01139712642485915
0.011370860349711832
0.011364209814176312
0.011354943382115448
0.011338775747097216
0.011326341703714682
0.011304917315811971
0.011288742882703234
0.011358531468202659
0.011351415965963927
0.011377947220357038
0.011387140215179285
0.011373028678013012
0.01140224598555418
0.011381551304884848
0.011366747129009185
0.011381804253048626
0.011371524444536927
0.01138044498894106
0.011395819750575254
0.011372297802658853
0.011389436237807162
0.011366191245061667
0.011358098854498587
0.011332305424745294
0.01132233753109753
0.011329975394385846
0.01133449434720969
0.01132645424311917
0.011363244488318928
0.011359340015408888
0.011350554382502286
0.011333766689386333
0.011326566166695721
0.011328757140290692
0.011315800139079917
0.011300051824412951
0.011287176231545158
0.011267259935014933
0.01125226741085517
0.01123789746114929
0.011230678734564311
0.011237504924203886
0.011228546836959976
0.011231098616259962
0.01121742422651069
0.011209114561346904
0.011201936747955114
0.011193642047593084
0.011181385594232353
0.011172912659550283
0.01114238231229363
0.011134205156930128
0.011128472486818869
0.011118737382101245
0.01111255698467451
