0.06258636713027954
0.04212898031497995
0.028618618962354958
0.030400212947279216
0.030011860731368266
0.03547976438754371
0.03483056562254205
0.03060524380351934
0.028343665017746388
0.025630336910994214
0.022457058134023097
0.020409489426618584
0.018478842003137937
0.017174454925892254
0.016072404352598824
0.015006165252998471
0.013429953212228915
0.0022116132987369044
0.0020643760246457526
0.009472382634634239
0.009156154079722579
0.008738461687006866
0.008463910720214093
0.008379985799547286
0.008520526773421667
0.008256815182027855
0.00810526252982007
0.007571583852605444
0.007227866318620121
0.006954129663250981
0.006699408610074898
0.0063943027917323925
0.006409786170800492
0.0059442535525054815
0.005817043134205355
0.005689328390085517
0.006518139655542512
0.006312529537050675
0.006151741571920865
0.005751251484936091
0.0056441478475227035
0.005274874686641173
0.0051737994010843304
0.004939823627905246
0.004719925962569464
0.004640701872592622
0.004677600345379079
0.0045867142478676435
0.0036221972705970957
0.00356912833804552
0.003956469796041624
0.0038840756788663102
0.003742650780084118
0.0036174824751056284
0.003588108291166591
0.0032788532689824396
0.0033410394774771924
0.0032939061820181454
0.003267450711549218
0.0032272071363623834
0.0030752364530804493
0.0005651051902705552
0.00021436778331462554
4.811997451514721e-05
-0.0011512479110079438
-0.0011889329819754141
-0.001218951627058288
-0.0011163777989154858
-0.0010496144529107787
-0.000938790326984766
-0.0006302705228841284
-0.00036001127751062785
-0.0003641902488173403
-0.00044839929604980743
-0.00031518379632632
-0.00019577605010678823
-0.0001947226855218831
-0.00017243259355405468
-7.060425023155666e-05
2.909854245242506e-05
-2.28210706043753e-05
-0.00010200027639049372
-8.58481484361384e-05
-0.00011626292227233517
-8.811002238829824e-05
-0.0001358473222688047
-0.00019110788748962306
0.00040084735993648835
0.00013396747421615313
0.00017166490739167712
0.00017245781173582628
0.00018938024794640075
0.00017015181537259128
0.00027499578634313524
1.0157172406836642e-06
0.00022834788408723067
0.00017477600793389635
0.00017642293904726697
8.667012814839624e-05
-0.00025012294191574557
-0.0002622932214067366
-0.0002532617042199458
-0.00023794570880944493
-0.0003403211986075088
-0.00019336233492380764
-0.0005058048586888807
-0.00027648690653829256
-0.00022454147523220122
0.00012299989539314796
0.00024677666662174694
0.00015074328588785197
0.00039454020035145946
0.0002488950228501346
0.000240644569820014
0.0002725273653626994
0.0002460692429981718
0.0001482613765416547
-0.0006005896738766584
-0.0005699653991541725
-0.0005802063265750931
-0.0005787753927178857
-0.0005464459996224714
-0.0005472503314869711
-0.0005167705030762605
-0.0005787184507801352
-0.0005062744741563656
-0.000514081599760631
-0.0006017714108601263
-0.0006740447282097137
-0.0007174367104316649
-0.0005982799079488786
4.3299842491922045e-06
-0.0009492319707655354
-0.0009867653876426642
-0.0009589599525604772
-0.0009608973981493953
-0.0009829043331104714
-0.0009847116969519964
-0.000961536716671878
-0.0009823501203890328
-0.0010261096861758643
-0.0009243610283784042
-0.0010442402551436533
-0.0010642315923930802
-0.0010788665454191239
-0.0011213415854814043
-0.0010827345623830628
-0.0012745284995446212
-0.0012687159613415143
-0.0020364168203078894
-0.0020166110997658854
-0.0020141123510684887
-0.0019440045970051363
-0.0019008947082423437
-0.0018530392281741709
-0.0018025232285908493
-0.0017685690741191032
-0.0017561358645424379
-0.0016708966268652156
-0.0016390207937722657
-0.0015032940891727287
-0.001595366308781636
-0.0015537619627405267
-0.0014761390754067572
-0.001504718524893727
-0.0015001668892176913
-0.001488623571752951
-0.0014345714176702596
-0.0014449528453149155
-0.001406028597897848
-0.0013242333154562936
-0.0012416701550300054
-0.0012876834518737138
-0.0013240431761784885
-0.001361359205185926
-0.0013713598900259544
-0.0013520115368173523
-0.0013447650194876345
-0.0013354287622253961
-0.001271684662780136
-0.0012104190143793034
-0.0011523997222593115
-0.0011698793143849525
-0.0011572897658019483
-0.0008095139359460112
-0.0006937354944791417
-0.000577983468440622
-0.00057615574191986
-0.0005447730802284486
-0.0005445669064830375
-0.00052500238268749
-0.0004042894800010847
-0.0004066658238463286
-0.0004196490845060912
-0.0003770551569204502
-0.0002751867538380092
-0.000242363171502913
-0.0005200997211203456
-0.0005054451924297613
-0.0004568389036350387
-0.000650971844692376
-0.0006631580414035444
-0.0006456684242199549
-0.00067926895405058
-0.0006714764758461335
-0.0006005209958158856
-0.0006296886822733194
-0.0005449164348877814
-0.0005413761849922598
-0.00486741921644723
-0.004584778684490956
-0.004653372504482508
-0.004586782049632221
-0.004615920998642038
-0.0044863306899666595
-0.00431900692044533
-0.004582263606165508
-0.004420902979735351
-0.004385812005884046
-0.00427011345779577
-0.004263102820504673
-0.004196737012730634
-0.0043129805801527255
-0.004302280248213921
-0.004284659022200322
-0.004273402455101549
-0.004241715605786066
-0.004231476840301563
-0.004211687838687792
-0.004199175723974271
-0.004271393781797588
-0.0042557688467112125
-0.004210662223819322
-0.004189626724388638
-0.004172628890431704
-0.0040279000963834456
-0.004014680016277887
-0.003994806446776788
-0.004024992925133118
-0.004001491931787569
-0.003956546971096015
-0.00391625061339805
-0.003918129247230368
-0.0038721550795028682
-0.0038605714242560384
-0.0038593084122672166
-0.003841242702477639
-0.003874030893865596
-0.0038728943282912943
-0.0038573370123292736
-0.0038624515159354474
-0.003864690556259698
-0.003876270315403395
-0.0037695652565304825
-0.0037560344353266824
-0.003737040130838938
-0.003726344749162491
-0.003724835360391042
-0.0037173027732093867
-0.0037022597684515583
-0.003682761095931446
-0.0036739438047980934
-0.00368747608188807
-0.003675721783080042
-0.003755879869041886
-0.0037563391591364276
-0.0037889736735749802
-0.003781198438763971
-0.003807584349474552
-0.003816635816651647
-0.0037615781095208913
-0.0038510327080668533
-0.003760987700358923
-0.003758918579154522
-0.003737921742683377
-0.0037171554980269597
-0.003793873291176019
-0.0037525418882062545
-0.0037500049408273695
-0.003769798872629272
-0.003818826312821562
-0.0038062298530085405
-0.0037956180307523496
-0.0037752102865181917
-0.003768511222820148
-0.003753133371746361
-0.0035901597848098598
-0.0035824027250770233
-0.003569185520810324
-0.003400544586920066
-0.0033776678592403186
-0.003401726317200007
-0.0032922074522775185
-0.0033112147299847097
-0.003314685313804099
-0.0032729467559871987
-0.0032619901378973058
-0.0032507587435418187
-0.003213844175697887
-0.0030011422071361104
-0.0029909084718479756
-0.0029610057863344984
-0.0028964664009819042
-0.0028272455265949733
-0.0028112937368479566
-0.002946496633023095
-0.0030802869728708557
-0.0031506038980072893
-0.0031302438025323366
-0.003121682402180543
-0.003099453166750886
-0.0030926127065917463
-0.003083187128430356
-0.003059642548771716
-0.0030090008753223298
-0.0030119958248425336
-0.0032504945038625633
-0.0029895102418329624
-0.002989104536823106
-0.002913412154644744
-0.0028998692248040823
-0.0029017605135408697
-0.00288883724901951
-0.0028898301216227435
-0.002953592477578983
-0.0029613789444351757
-0.002950308541940325
-0.002935563037797383
-0.002925557695628165
-0.0030341501282610695
-0.003443649326445337
-0.0034374236946185426
-0.0034559353659357134
-0.003443921911908112
-0.0034336686480422765
-0.0034147497470646427
-0.0034170576150433676
-0.0033753104441602445
-0.003361969133252654
-0.00333630192715144
-0.003320641323003464
-0.003290123396050612
-0.0032795412765386396
-0.003312106623438328
-0.0032341279171841583
-0.003220168565582283
-0.0031863430536634096
-0.003705336840953884
-0.0036835279055230778
-0.00367800381881277
-0.003654176831560107
-0.0036451550200870112
-0.0036366776219201808
-0.003639598782432534
-0.00363038648534262
-0.0035645918747113756
-0.00356560924477656
-0.0035438665625933375
-0.0035384279640816706
-0.003528216825500666
-0.0035133223669487367
-0.0034862741907619476
-0.0035010016925118353
-0.00348878897874447
-0.003511262139447174
-0.0035016010259841155
-0.003491579112782663
-0.003474814144746674
-0.003523891866014408
-0.0035120602227040475
-0.003504073454228434
-0.0034979693676448357
-0.00348412427735838
-0.003449584068788681
-0.003438542656500005
-0.0034189257815822062
-0.003409449926452931
-0.003410553492142328
-0.003404836353633742
-0.00340017455750621
-0.0033929292649524075
-0.0033888236252922624
-0.0034147063586071145
-0.0034118340417777495
-0.0033675747220801035
-0.0033516854822034916
-0.003327090723481906
-0.003268602716608258
-0.00327281065780344
-0.0032592591999271035
-0.0032571285674952814
-0.003251675579221604
-0.0032448096698949867
-0.0032366963938030378
-0.0032135611421137866
-0.003208851257936004
-0.0032105295420423946
-0.003198184777061567
-0.0030860154741640137
-0.003087985915525385
-0.003095214244493587
-0.0030773972926010536
-0.0030634870080674683
-0.003072984684829996
-0.0030504993356847746
-0.0030172488413010576
-0.0030791625445536
-0.003076995559338301
-0.003067459452598463
-0.003070246009379166
-0.003062912279982837
-0.0030552245671126577
-0.0030081734073859833
-0.002963516282121768
-0.003333297866989736
-0.0033392651459084634
-0.0033324992772921164
-0.0032937146268410184
-0.0033825865732415826
-0.003355287954140307
-0.0033546624154257155
-0.0033462099512964957
-0.0033419348024355433
-0.0033364008455229097
-0.003384294246370273
-0.0033739235795742883
-0.0033590882776649697
-0.003349018854461257
-0.0033439883421314603
-0.0033179473568891436
-0.003305858418318368
-0.0032815353904535405
-0.0032835892897842534
-0.003306730649345045
-0.00329794500275382
-0.003254643491081316
-0.0033223052608234893
-0.003310805315955712
-0.0033114021786042765
-0.0033002633393641556
-0.0032759429095964815
-0.0032885733194265277
-0.003279752226418323
-0.003274861941545066
-0.003267798618604183
-0.003279762963339987
-0.003276584775335322
-0.0032288429024376493
-0.0032129875807408496
-0.003179052785677683
-0.0031797178119398594
-0.003170350693088774
-0.0030974238806734697
-0.003118251177247557
-0.003107213767148016
-0.003101678575859461
-0.003094044509949391
-0.003090933642228015
-0.003088354795893436
-0.003042790386993099
-0.0029494177207036506
-0.0029393753668623492
-0.002908526759224985
-0.002899601092197186
-0.0028859402748708392
-0.0027116532567286475
-0.002700115487385072
-0.0026902260138810335
-0.002692390623161237
-0.0026898067442245725
-0.0026833594746507113
-0.0026769363565177723
-0.002670730752635276
-0.002647358855174388
-0.0026458466114842438
-0.0026231709604530563
-0.0026292225730194557
-0.002642539618206905
-0.00265598025739564
-0.0026593206111897648
-0.002633883382708314
-0.002646736076283514
-0.002645374975814353
-0.0026462041130967512
-0.0026797544300646474
-0.0026802173386729746
-0.0026762381690697682
-0.0026831772738734605
-0.002673907171384245
-0.00267038036690792
-0.002659826280021631
-0.0026625090619577718
-0.0026596102491121304
-0.0025213532139355486
-0.0025305836394739246
-0.0025604712697111626
-0.002314199125815587
-0.0022791023029184536
-0.0022720334859477583
-0.0022676480535545355
-0.0022644751336764347
-0.0022314753611860226
-0.0022474035301731036
-0.0022419768753997506
-0.0022280337757886732
-0.0021242061344736995
-0.002120038236658213
-0.002135031487681117
-0.0016302492312046091
-0.0016466276708775268
-0.0016464654615901957
-0.0016479023664619685
-0.0016757328403435986
-0.0017077428304581234
-0.001702718451608318
-0.0016982921890507314
-0.0016835138539273036
-0.00167427311928652
-0.0016267240206406513
-0.0016555353342653767
-0.0017067609563152296
-0.001713148075829029
-0.0020026958257382908
-0.001998168784415437
-0.00194720745161034
-0.0019415582996745366
-0.0019311725698185679
-0.001888722054561729
-0.001886345542097498
-0.0019098561068140868
-0.0019300727821848012
-0.0019304519565077048
-0.001986027862013348
-0.0019916803334517584
-0.001996639443764726
-0.0020015619912408487
-0.0019979454031894424
-0.0020367596874053275
-0.0020360912732064235
-0.0020314348306289098
-0.0020191719833605936
-0.0020085854833052893
-0.001994443252014581
-0.001958957269366984
-0.0019502829089858855
-0.0019520855113634942
-0.0019507743186129587
-0.001952942898181031
-0.0019410451380430123
-0.0019462275672801164
-0.001959913047239356
-0.0019481827840811075
-0.0016369230703039703
-0.0016234936483670015
-0.0016179811284293597
-0.0016203656415074645
-0.0016118248533536785
-0.001608863272335569
-0.0016100335975871907
-0.0016063016163556261
-0.0016300370909991988
-0.0016305241574054376
-0.0016367824577147637
-0.00163489156685959
-0.0016342984855832363
-0.0016485613399054644
-0.001651253515531055
-0.0016496603093081367
-0.0016390831092793251
-0.0016375116233965906
-0.001640453982039539
-0.0016554368541102167
-0.001643766696272394
-0.0016671599999940742
-0.0016608066501046564
-0.0016573592329916713
-0.0016570791982700008
-0.0016639102302111245
-0.0016525380140278833
-0.0016384976759225142
-0.0016137000802513108
-0.0015419666805822955
-0.0015265112020667756
-0.0015211048318594525
-0.0015007465862356747
-0.0015015297176556737
-0.001507258417825673
-0.0014967063237009291
-0.0014884442996166605
-0.0015437409693714816
-0.0015444286590708708
-0.0015711962524860381
-0.0015687108287189512
-0.0015465050002466097
-0.0015426230384036892
-0.0015362057003381357
-0.00152325499366757
-0.001513166495370297
-0.0015145415723479033
-0.0015126980339276118
-0.0015624535013418759
-0.001548960737464717
-0.0015460554097552809
-0.0015439667490509154
-0.0014890892983776536
-0.0014880094668339654
-0.0014855214157442351
-0.0014822851621657865
-0.0014816998002418985
-0.0014864549000258593
-0.0014771328095258805
-0.0014719632182881419
-0.0014708417218494384
-0.001466078941196362
-0.0014393162315149333
-0.001435423823571809
-0.0014461056781832117
-0.0014751038461841223
-0.0014985944622528601
-0.0014871000437166812
-0.0014842888917049638
-0.0015252161132970397
-0.0015277232928733258
-0.0015237067049602042
-0.0016384022822017784
-0.0016509577209968043
-0.0016552651689432716
-0.0016412054133627025
-0.0016517802797828887
-0.0016556891578623414
-0.001638380232064644
-0.0016528691699087255
-0.001649839098497157
-0.001677763479689363
-0.0016795488721890583
-0.0016756179339584656
-0.001669814557824787
-0.0016668426663234404
-0.0016647694626044534
-0.0016587123169647974
-0.0016543276163182184
-0.0016713435116186327
-0.001669553108061432
-0.0017133625320794215
-0.0017032227459999414
-0.0017000402890594165
-0.0016907926003091513
-0.0016389429728082237
-0.0016348416105253047
-0.001676833297627779
-0.0016750625690978814
-0.0016756784724863887
-0.0016712650988412597
-0.0016337342362562977
-0.0015901710453252282
-0.0015890449943333509
-0.0015779707415293377
-0.001555246501542382
-0.0015526510704093558
-0.0015642128661736347
-0.0015449391415865328
-0.0015443220472881266
-0.0015470079694301626
-0.001554503680436165
-0.001553073610336794
-0.0015583618594570202
-0.0015850137095479438
-0.001581582336076459
-0.001576470461658397
-0.0015691456016019162
-0.0015545542655672764
-0.0015612869826785497
-0.0015521628677396613
-0.0015515747188193792
-0.0015520354780315466
-0.0015500624472567016
-0.001550838755612649
-0.0015468821344439034
-0.0015449600017317983
-0.0015430335638945151
-0.0015415584289271158
-0.0016369425019804634
-0.001635353300845208
-0.001610352042539854
-0.0015751271822454836
-0.0015567457174831113
-0.0015526103271588714
-0.0015493567069427747
-0.0015513932376474044
-0.0015513962857681626
-0.0015313803937531416
-0.0015199644570912515
-0.0015147164920809601
-0.0015221667323779085
-0.0015205163200261757
-0.0015214884681789163
-0.0015906459183599275
-0.0015817032783241934
-0.0015796003221475981
-0.001580774404139911
-0.0015795024835441238
-0.0015857594412829984
-0.0015839849035769883
-0.0015838109172099588
-0.0015697120560856502
-0.0015738337624729495
-0.001577351303861738
-0.00159155731870578
-0.0015906731246988627
-0.0015899933787295593
-0.0015937546029184313
-0.0015895028399533118
-0.0015890767190438113
-0.0015891638356285375
-0.0015865436486398091
-0.0015892236871390586
-0.0015853199070978783
-0.0015880612692944975
-0.0015805577646056512
-0.0015765237909570223
-0.0015673412192798955
-0.0014225457705640107
-0.0014186620594136407
-0.001414900675821439
-0.0014131322815014013
-0.0014241252644277371
-0.0014237511641312975
-0.0014420113501253005
-0.001438151330273273
-0.0014315308221571575
-0.0014605160101128886
-0.0014569373297453304
-0.00146914227840339
-0.001455561497559942
-0.0014569216147680454
-0.0014577583826105632
-0.0014602388544167455
-0.0014636616967248265
-0.0014805784680435394
-0.0014090984788141681
-0.0014073387273915818
-0.001403925070941948
-0.0013989640125165808
-0.0013943070906562878
-0.0013963957555739059
-0.0013203835801913063
-0.0013109360092042827
-0.0013164419884871485
-0.0013131897118679868
-0.0013122148422538905
-0.001311389551177699
-0.0013103684764916627
-0.0012756258763849367
-0.001264031030779661
-0.001269594232610115
-0.0012494357980169842
-0.0012485746144018216
-0.0012554716669433788
-0.0012441093569864998
-0.001242006140033367
-0.0012252265868365967
-0.001230454763810597
-0.0012539203859997013
-0.001302556944931127
-0.001306193773117246
-0.0013205984180950715
-0.001322879995901379
-0.0013207138194277174
-0.001313794536388316
-0.0013136963598995174
-0.0013098332248415519
-0.001271407893101473
-0.0012745100614193344
-0.0013140844274124493
-0.0012846835897735876
-0.0012923133978253098
-0.001291193317673271
-0.001189497808248985
-0.0011526285916028057
-0.0011523300198092521
-0.001156549214839053
-0.0011518135998065918
-0.0011458856022133603
-0.0011378896215620633
-0.0011379040855848887
-0.0011379187726029611
-0.001136912715627645
-0.0011689101325881254
-0.0011661220917918809
-0.0011649418694334212
-0.0011552460819994025
-0.0011499609523046167
-0.0011405854966508755
-0.0011496116227650446
-0.0011652236953797457
-0.0011660909373335095
-0.0011634414414062634
-0.0011592486607036416
-0.0011765204583753072
-0.0011900130561202675
-0.0011532137434727258
-0.0011511756297890128
-0.0011700911742100195
-0.0012467753820545008
-0.0012496534896046488
-0.0012465034201436834
-0.0012431638087856288
-0.0012244001984872827
-0.0012196042733216646
-0.0012162439810962193
-0.0012101487162429207
-0.0012090289066561415
-0.00121059564247379
-0.0012084709780906366
-0.001203137276492021
-0.0011789748625796474
-0.0011684292140051048
-0.0011968911331457113
-0.001207558510923707
-0.0011921002973634216
-0.0011911641605009454
-0.0011914156189785005
-0.0011923130174729465
-0.0011895448850841738
-0.0012010809882876876
-0.0011951205608140205
-0.0011922806746345789
-0.0012109104092060156
-0.0012104236462093182
-0.0012066951273890351
-0.0012088926450989955
-0.0012119023642696424
-0.0012143170960953547
-0.001209724365477729
-0.0012170108977843657
-0.0012152392928926118
-0.0012178639921773423
-0.0012234448649981852
-0.0012217596624569046
-0.0012204828119276678
-0.0012109312860190372
-0.0012304164483362455
-0.0012317105377694616
-0.001258585413386797
-0.001260547045083418
-0.0012602118215059922
-0.0012474655912331587
-0.0012851486709310304
-0.0012943046676467498
-0.0012944514190179777
-0.0012937234231783785
-0.001300229029684242
-0.001296593970349914
-0.0012911678261391824
-0.0012876243307180404
-0.001286810507366619
-0.0012876593123608271
-0.0012810171174181713
-0.0012715597861198713
-0.0012690414308737167
-0.0012719518926704737
-0.001265887705572645
-0.0012648199345945878
-0.001274532153936657
-0.0012825447312690898
-0.001278686953170494
-0.0012515948849875305
-0.0012471584197578807
-0.001244079259350687
-0.001245549342215588
-0.0012403229842959194
-0.0012426816345517066
-0.0012259777469404128
-0.001217518436406473
-0.0012115719705081457
-0.0012092699600653636
-0.0012038726288702492
-0.001207316545436484
-0.001208340115491327
-0.0012470237864927987
-0.0012426232750842488
-0.0012384748731462689
-0.00123540338365389
-0.0012334779635141473
-0.0012070013174339637
-0.0012099543373131174
-0.0012166485501782865
-0.0012137048641703994
-0.0012448492792357818
-0.0012428237673677307
-0.0012433569671774355
-0.0012531953541701974
-0.001249729757269733
-0.0012594255910277127
-0.001259567438751219
-0.001245777175903612
-0.0012445665417508199
-0.0012478320884947726
-0.0012582795559622655
-0.0012682061879825852
-0.0012708287159207598
-0.0013021517757123699
-0.0013042147774792756
-0.001407255683556065
-0.0014398970315014433
-0.0014369433335721174
-0.0014354086945862672
-0.0014347176852790235
-0.0014622869168006518
-0.0016585666736836815
-0.0016494933075081096
-0.0016467310915058958
-0.0016456422025296548
-0.0016409774394540494
-0.0016356384323889038
-0.0016306754490276831
-0.00162786475104642
-0.0016257666518885879
-0.0016279540882944434
-0.0016261756490730458
-0.0016257492185546563
-0.0016190640383714331
-0.0016103781185788707
-0.0016021089232212083
-0.001590126801185867
-0.0015962979187216899
-0.0015947425146554577
-0.0015816875769211877
-0.0015685798474825339
-0.001585163841759046
-0.0015404574555740096
-0.0015400267043113535
-0.0015266509855959302
-0.0015240143225366443
-0.0015252608832075866
-0.001528909942315367
-0.0015279205476203422
-0.0014892950475439571
-0.0015326157089340148
-0.0015367371472492957
-0.0015292093321824878
-0.0016291731636621132
-0.0016149611423377614
-0.001612857729843301
-0.0015973266531690178
-0.001594631607555013
-0.0016007058892287575
-0.0015755433267391184
-0.0015746898602657516
-0.001573089059827518
-0.0015747158636602906
-0.0015725931020619467
-0.0015698049149706146
-0.001564947469266625
-0.0015603672428183008
-0.0015624024531172207
-0.001560833939913594
-0.0015597748030934274
-0.0015580679642653204
-0.0015499982167376115
-0.0015439007351414687
-0.0015479623520450539
-0.0015351753859192984
-0.0015266095663054727
-0.0015252401208950095
-0.001526039530719174
-0.001550098921270998
-0.0015501230397450667
-0.0015485228514361812
-0.0015456374642338125
-0.0015452949815289506
-0.001544172106178697
-0.001536878521158373
-0.0015375194155673793
-0.0015325602171809608
-0.0015319917787967082
-0.0015335102148863176
-0.0015291170549472076
-0.0015296287621191494
-0.001538276928253001
-0.0015308140856138605
-0.0015117313987012358
-0.0014999104542005278
-0.0014946708011663733
-0.0014927566510134153
-0.001491894351992026
-0.0014883086551054465
-0.001483102385583559
-0.0014841419503617828
-0.001482412686037744
-0.0014756031529809532
-0.0014740897936494789
-0.00147541047641367
-0.0014742591822927659
-0.001462201227600948
-0.0014538543110395425
-0.0014520724336929912
-0.0014474167885903581
-0.0014439534942866903
-0.0014423163028387533
