0.04051930829882622
0.08934170256058374
0.11584515683352947
0.08882367685437202
0.15056908689439297
0.14976460859179497
0.13704538764432073
0.12106910482462908
0.10739890644326806
0.09880075002597136
0.0933450520193825
0.09990657729884751
0.08301077337403381
0.07753916103392838
0.07194976182654499
0.0682348425993148
0.06504755053255291
0.060310124860782355
0.0567682776134461
0.05347654666929016
0.051393469160591995
0.04959301646474909
0.04822164017241446
0.04708245571702716
0.0453131121690743
0.04475309646308972
0.04274510703648305
0.0417105953273331
0.04033452393099042
0.04097114980686453
0.04124089734614242
0.03983622241525372
0.038581816435051944
0.0375083093564691
0.037795893269099476
0.03714486902793615
0.04295878295210727
0.04155535226126605
0.040661872053169616
0.041391602072796595
0.04050061434030618
0.03889219730626788
0.03785584788949394
0.03652867118362334
0.03586127823876699
0.03489624396055695
0.03414962233364345
0.033252441212629893
0.03367235226789485
0.03306827107307442
0.03292075746307646
0.032326368889595634
0.03183771681290599
0.031343079038726296
0.030575563102112378
0.029227755344962955
0.028388059796396088
0.028410905216410088
0.028512253272735166
0.027856802356001867
0.026658689304660487
0.026566817234861553
0.02581636017021079
0.025183331982519153
0.024905622832716943
0.024712200882955792
0.024664465045241384
0.024509394036916363
0.023674015123729696
0.021304012874705347
0.021084908695128305
0.02078671527592692
0.02059991254999828
0.020574472621083233
0.026081280366174457
0.02566757703853115
0.025178418817141855
0.024824253321754947
0.025749210038338764
0.026201761020117495
0.025822858874140875
0.025534282205626344
0.025029743846971517
0.02475436487344694
0.024181770114769574
0.023611140145716806
0.023643130560892362
0.02380909573736735
0.02374850788619368
0.02441201109060464
0.02371701844917285
0.023899527764829086
0.024927468175326088
0.02415119891643131
0.023830580280142986
0.023672202090761554
0.02343036986801925
0.023118609494313293
0.022225871745031323
0.02180429546872504
0.02148043153140986
0.02162153245564731
0.02134060699161357
0.02098182491913793
0.021495796272197287
0.021399146352816274
0.021042567839483838
0.02056866842151167
0.020020708227953456
0.019331963302836097
0.019423432005818808
0.01919379479878179
0.01894547493531974
0.019075752185333687
0.018767526475632377
0.018698824225311994
0.019067417567801052
0.01879403399530517
0.018132453510770582
0.018040032424263604
0.017642118065373705
0.017218022597802248
0.017122072413668882
0.017069000339135533
0.017136002275427543
0.017065741640596297
0.016845200485477115
0.016974004243623268
0.01708071671533757
0.017029319454396844
0.016853912301347456
0.017561495015257625
0.017399625642461457
0.017420790729078435
0.017229229785323916
0.017141568979221217
0.01703028546129961
0.016840581901927595
0.016587234746631502
0.016215152093143278
0.01603179750226202
0.01579986659767614
0.015772408494538266
0.015701912856532323
0.01564101314679273
0.01551189895031885
0.014130512182443478
0.014066264916980176
0.01399280622213458
0.013884374784731262
0.013451989322723085
0.013269434883137496
0.013322698374962218
0.013115464426547051
0.013161162510723213
0.013074022619154569
0.01297700247665443
0.01289324807779243
0.01287337456378737
0.013046731244662768
0.012878577763151473
0.012663172315834723
0.012600572400005176
0.012512068270536312
0.012715418565687335
0.012621245698997766
0.012092729277182596
0.012020444742696
0.011860135249683965
0.01166331874511657
0.011317330279907344
0.011431276655589056
0.01135417282575977
0.011783985185569952
0.01162214315660425
0.011398932742649472
0.012200793323337282
0.012103193386213325
0.011558139990342576
0.01134592016196671
0.011225772063391141
0.011735102358971383
0.011755946951503258
0.01154555891690826
0.01176685246924359
0.011705854886465451
0.011602320568388367
0.014409041592713306
0.014276777892863671
0.013804929007907734
0.013846476502900863
0.013711078921236443
0.01350454892843155
0.013334725987022884
0.013246177960595837
0.013136275593654682
0.013077604078753578
0.012915689126125082
0.012777130987960844
0.012728978015612163
0.01260232909969838
0.012561886367190796
0.012499004173864084
0.012224139573574978
0.012039008315819888
0.011992533832388045
0.012162287909282338
0.012087914306764007
0.012040214394108349
0.011960762392363171
0.011925097390732569
0.011722811015143535
0.011561173156325958
0.011450208635286018
0.011445837887111811
0.01136323136507109
0.011290236821060645
0.011204430527802237
0.011154107565843419
0.01106711602885681
0.01101879326826977
0.010932057308431952
0.010927440741787519
0.01083606054566594
0.010738274063739879
0.010787613999400094
0.010778378872680808
0.010728880099893255
0.009818136550071046
0.009766323068350541
0.009885755515856078
0.009815331116516562
0.00975276457327896
0.009739948594893154
0.009725103343953382
0.009765323683499649
0.009716659253844682
0.009689812831703391
0.009573135236617725
0.009609140879600178
0.009484975235796469
0.009454274113882154
0.009480218419024621
0.009548677261491141
0.009659944102877939
0.009653093539101081
0.009622153383632752
0.009540400315164014
0.00947528030793183
0.009413804104542402
0.009466474767476843
0.009408564335094188
0.009355205539054806
0.009436063595143535
0.009408036984268625
0.009400396418244972
0.009336680716017353
0.009256182925939263
0.009204795342968567
0.009181857723484028
0.009141250086711895
0.009115639310675418
0.00920544231859932
0.009140083458898414
0.009083326993277296
0.009058923662634921
0.00893831516093915
0.008825171977536038
0.008673545859400528
0.008663805596645563
0.008618558815000784
0.008544864494399586
0.00846364156043082
0.008435540173245085
0.008438054810698224
0.008498308145641162
0.008404585614292914
0.008339195426488394
0.00841353362463581
0.00833221850191737
0.008305630337237217
0.008234121534988193
0.007624577544998497
0.00758306944289392
0.00751205278870689
0.0075462195247116455
0.007413897383028398
0.007414072746560818
0.007365968732909976
0.007300313596759327
0.007296982628958341
0.007253492425264215
0.007186901758204781
0.007161318317600292
0.00714504807606195
0.007156366865920465
0.0073262058308226205
0.007332200957906053
0.007217022994882431
0.0071465004696913
0.007059512028681883
0.007007655113814064
0.007005055953701042
0.007057393993609817
0.007130621193818374
0.007132884986578802
0.007080380049838034
0.0070581657679760585
0.007051533051473542
0.007034461420677737
0.007038972880251005
0.0069267803131001695
0.006854155862586767
0.0067839149350581345
0.006755369423064879
0.006757322812859819
0.006671791734597093
0.00662507942376285
0.0067029429827016465
0.006694471789415164
0.006659843965602742
0.006625024263924367
0.006602471305760214
0.006533427269448745
0.006628803494050703
0.0065354824100695135
0.006570837888675007
0.0065192559298402515
0.006532667080032164
0.006492958648384939
0.0064706467760022755
0.006454910386763462
0.006467583427703414
0.006439130118207093
0.0064142577430175195
0.006538781372502794
0.006514289145483281
0.006504173510588413
0.006467698269818147
0.006417870400521275
0.006371771885941289
0.00636057018111637
0.006323572097117423
0.006312553761898127
0.006299817839245764
0.00629259689703654
0.006225784312051875
0.006198510375670441
0.006160920207954148
0.00611362934654494
0.006100814539339894
0.006067933096377599
0.00606052383979767
0.006033033356693589
0.0060375078979897955
0.005984595709210342
0.005975323431187327
0.005964107908247545
0.005993779865901972
0.005881464746851642
0.005873625692351883
0.005756833106465383
0.005798307452945726
0.0057768403585961945
0.005746691306586038
0.005731705266427839
0.005721732000181321
0.005638687624526653
0.005589669960947407
0.005559227982067788
0.005489585723856875
0.005448193896540639
0.005433743193161669
0.005380566195740055
0.005326707729607812
0.005379715258600216
0.005225264867515151
0.005173075156462057
0.0052002306915758375
0.005169318580548976
0.004938327017239008
0.0049268022869888685
0.0047421265849152405
0.004471481952350587
0.004210336686810479
0.003886746442834642
0.00389139084238439
0.0038482598189185525
0.0038702014336684854
0.003893304545202475
0.0040661952016122
0.004067687716295956
0.004115564564714529
0.004075342766156631
0.004063959378908467
0.004044863760986854
0.004027259887892859
0.004285073380104445
0.004197143112178309
0.004029864552962079
0.003992147818633437
0.003994536146659647
0.004000195347814067
0.003951060688798602
0.003934164696904654
0.004079789944042859
0.004052654864233985
0.004108710489096346
0.004155999777778958
0.004165745307643241
0.004096354354719417
0.0040809306071267265
0.00407922780555999
0.004059740699791202
0.004028807972575191
0.004033952972299487
0.004011231456405892
0.004067011666192443
0.0039365844442814
0.0038533501075818507
0.0038469602853601556
0.0038387921823042235
0.003837529366617946
0.0038398363758289406
0.0038694656101364772
0.0038497297493909934
0.0038269307152514987
0.003813437569280216
0.003807628971218606
0.003804278791125261
0.0037920464431038066
0.0037563348943276172
0.0037845296941215827
0.0037744190557940107
0.0037331155818644594
0.00374180477921578
0.0036505229697912514
0.0036471789559706868
0.003635291125564517
0.0036198538190198417
0.0036034715706003157
0.0035867268960259667
0.003586542892842951
0.0036011101945507425
0.0036547090310729705
0.003689322778520171
0.0036600480271512673
0.0036875444598820565
0.0037308518770280182
0.003741685405929578
0.003749472659405225
0.003822045118630725
0.003855920521430116
0.003850081959639542
0.0038204645517046286
0.003776306043497716
0.003761622744196045
0.0036651972658584223
0.003643683174627569
0.0036130962725309545
0.003613922566145726
0.003602113974088054
0.0035717320109236823
0.00356207129661925
0.003527790677792175
0.003549826698444036
0.0036067578874545304
0.0036915124698441754
0.0037161813633382655
0.003781004207796512
0.00376919733358683
0.0037615499336761745
0.0038589931900327107
0.003889730304638902
0.003894509769696838
0.0038818900305138335
0.0039005107660977554
0.003879357653872705
0.003885321618448262
0.003781769715654691
0.0037820178975425524
0.0037609028994991744
0.00374555286249263
0.003506374837333795
0.003902812233568864
0.0039341552642597625
0.003920598178932567
0.003921877871877425
0.003942491411651976
0.003926438013010593
0.003919153250727848
0.0039300569529719725
0.003947797770386177
0.003943149992229526
0.003936956350791598
0.003907322058685109
0.0038871472270950737
0.0038784891642832564
0.0038836730751791
0.0038621783737644343
0.0038459977266435247
0.0038468775809367534
0.0037989334692639844
0.0037414906404124033
0.003925421321730073
0.0038646064700188594
0.0038812618366810153
0.00382943195845494
0.003800417580151031
0.003775729739971531
0.0037614313719700433
0.0037275232782802495
0.003731968433558592
0.0037171210574316158
0.003614130619944469
0.00361839961311221
0.003587293955122123
0.0035909617895386915
0.0035983006976423914
0.003578120633039615
0.0034855166071569997
0.0034766895750499177
0.003467092786229989
0.003480740948635636
0.0034619744629939943
0.003471986412574785
0.0034718299988471097
0.0034728933490274882
0.003489036929962782
0.0035457536243292467
0.003539635153687326
0.0035409934015085734
0.0036939260406940178
0.003707148182416921
0.003754118498105901
0.0037521110460950343
0.003710593124446938
0.0037178389064674694
0.0037351681547416137
0.0037428863222737406
0.003720204466861508
0.0037312717947180097
0.0036932662828001025
0.0037281914697981314
0.0037200666771414403
0.003724736111994973
0.0037001809103683727
0.0036690793013838797
0.0036651159486923816
0.0037207502921719465
0.003726547248452724
0.0037085125259116104
0.003689309494960324
0.003689188123229667
0.003687390964069957
0.00367728644494791
0.0036734460499308658
0.0036935346084542697
0.003675491921447761
0.003736733613170947
0.0037431067261895364
0.0036397135664430124
0.0036372350405918957
0.003644012709496439
0.0037177797679335996
0.0036544228563223946
0.0036327177300515476
0.00361633895609326
0.0036263965399580414
0.0035953652801260384
0.0035981308448334312
0.003608134699780992
0.0035938613365898305
0.0036123349746871357
0.003612438221504508
0.0036022067496224537
0.003613945116721181
0.003529215473466545
0.0035090704503216207
0.003507298687338685
0.00350135522988573
0.003488721609044507
0.0034475962088996647
0.003451662296011369
0.0033914887336592855
0.003389012742310826
0.003374836839506631
0.00337984574457048
0.0034272411580678896
0.0034088645434336338
0.0034056163322757804
0.0033927839342622465
0.0033918120619027122
0.003477550584709406
0.003438805969374954
0.0034198366666962974
0.0033984003080651535
0.0033876191141924915
0.0033744391157718616
0.0033787961249447324
0.00337165543850916
0.0033625735097972433
0.003384431863696283
0.0034078589150843665
0.0033855778575304636
0.0033751205153589856
0.0033694526095802554
0.0033739366361600623
0.0033615075671075798
0.003357720444814956
0.0033313985283408873
0.0033632357314048156
0.003394261331025184
0.003385393149351953
0.003367868821796587
0.003374856881321081
0.003379557325906329
0.003373003382629203
0.0033728931706601462
0.0033446131985531034
0.0033381666998989782
0.0033848242309874243
0.0033778040294866743
0.003373018905520434
0.0034019095204270637
0.0034058302992945886
0.003392164648813042
0.0033422891933038565
0.003341177302516164
0.003360042739630024
0.0033054643508070394
0.003263613813825971
0.00325734441040806
0.0032751805754011724
0.003259296869088849
0.0032722928931898554
0.003295400743752269
0.0032753868845432754
0.003266690083910356
0.0032662782616849333
0.003257807656089738
0.0032717326647293456
0.003283235619006592
0.003275189807010419
0.00326615571092681
0.0032160831023355916
0.0032502267001998653
0.0032466028109178436
0.0032484229802727067
0.0033275310253043427
0.0033312021514352213
0.0033084999698258385
0.0033022579995114925
0.003273337822272401
0.003208862076884005
0.003192635216392979
0.003186656282627298
0.0031865708116930883
0.0031848996360856756
0.003183158468025338
0.003194038649096663
0.003185142535922782
0.0031573844486945646
0.0031636089140801337
0.0031552659779403853
0.003159050597750606
0.003184825261255922
0.0031813878584472117
0.0031828760754998115
0.003174719052845899
0.0031636119977823257
0.0031574632449042324
0.003150839967935035
0.0031454097007021812
0.0031466073712703214
0.002312092044826818
0.0023173647201249117
0.0022874735950715853
0.0022751157702741117
0.002268107595994364
0.003076510838795547
0.003069325093531739
0.0030496829657063757
0.0027403054102901727
0.002640956180216332
0.0026305289135830972
0.002531823626012796
0.002526762296482159
0.0025216397677507688
0.0025177453910762075
0.002499019598246499
0.002472273242413929
0.0024642375990968444
0.0024420403778258157
0.0024076894935268606
0.002336825315280675
0.0023793815171484784
0.002380686501661932
0.003133783585258888
0.0031270565891561297
0.0031120297140799992
0.0031286333270296733
0.003122942322079321
0.003136445989779437
0.0031387587140575433
0.0031391752157966224
0.0031349748253985395
0.003139493666124251
0.003134875152338764
0.003123823476695935
0.003112259890564996
0.003121426532131212
0.003148862483574684
0.0031517471199842143
0.003139910029960199
0.003153622705707611
0.0031468692899767198
0.0031238089371291218
0.0032388837801085543
0.003251187164909958
0.00328975383945614
0.0032809040036418263
0.0032609450599971035
0.003251131439324593
0.0032579407648160278
0.0032826757914882422
0.003289367510120964
0.0032953489204518597
0.0032884982047755593
0.003284897923115357
0.0032792317609765783
0.0032541098601679
0.003248235151458437
0.003249292687962753
0.0032530354867998028
0.003253057898240845
0.0032151734319497824
0.0032089819217350234
0.003393003950210134
0.003410923893295738
0.003359502426479159
0.0033181089356987834
0.003305184908063518
0.0033031947534193796
0.0032950157314306718
0.003297053173233015
0.003297754704241294
0.0033048508598348555
0.003319206653938936
0.003323529790696274
0.0033011155289986655
0.003338121642868166
0.003334287541210698
0.003339540574311072
0.00334437182570423
0.003330236799858724
0.003374676300749661
0.0033665590946242298
0.003357280237986213
0.0036205245576904133
0.0036288238815863016
0.0036400010207238258
0.0036310986784854815
0.0036232823607956132
0.003624418693109516
0.0036286826922729415
0.0036175185740224412
0.0036339947567182044
0.0036366907037588933
0.0036475871224258293
0.0036430936489933387
0.0036358752928434424
0.0036075617733756786
0.003612713178154077
0.0036110543906502624
0.0036031797632696053
0.0035782700724292815
0.0035732662224088815
0.0035723493539710277
0.003588703720727228
0.0035634104081618866
0.00354071418312586
0.0035146449212779545
0.0034955004382148866
0.0034947758576798307
0.0033434305016544225
0.0033365605851229906
0.003329916933981676
0.003329719976843271
0.0033225569581611714
0.0033433911940488545
0.003291624260630012
0.003238307039493277
0.003234316785043721
0.0032534361153697053
0.0032256663917304387
0.003221454544568821
0.003237042123744974
0.0031906740832346203
0.003183458242771767
0.003166008571629056
0.0031024072380013853
0.003141089136852988
0.0031385396231943387
0.0031393175014085475
0.0031403268629291445
0.0031228664776772465
0.003119540880638547
0.003111517905432977
0.0031087490433279207
0.003072986524999984
0.0030785299503808
0.0030772674026302883
0.0030865025073089827
0.003073564490977344
0.003065172548738109
0.003053082011524504
0.0030518934442388722
0.003025053434496989
0.003018636779190941
0.00301265942068473
0.003009302507877176
0.0030080183711918957
0.0030147837691545196
0.003021626236223323
0.0030197316330650304
0.0030324474951575094
0.003030563161983087
0.0030299083822749
0.0030301064888164386
0.0030135493263095114
0.0030035372106676987
0.0029987698756309047
0.0029982974590359946
0.002993118412206144
0.002996732812892782
0.0029772334994813744
0.002973110351561095
0.00295056406432108
0.00295079331552968
0.0029452190386167845
0.002942133370429505
0.0029104196920166593
0.0028982975226055393
0.002890719801870589
0.002894057934939385
0.002891188176397672
0.002896103935902526
0.0028872710875208043
0.0028856383653967136
0.002897070585452167
0.0030045699972221468
0.003000374502473476
0.002965777261354219
0.0029638090259183317
0.0029637848376568078
0.0029596872343480877
0.0029432896307964415
0.002937629923351687
0.002930183060352038
0.002934904700388754
0.00293695920778045
0.002948449554255428
0.0029491773434387014
0.0029093122128456307
0.00290782764013437
0.002906755952704755
0.00291527941750932
0.0028977197249039897
0.0028964424915221398
0.0028888341692920256
0.002901445021508799
0.002912475880077187
0.002911568307118218
0.0029051571913126188
0.002903757733624728
0.0028972710354294956
0.0029012268401583776
0.0029082184421316526
0.0029047540061690573
0.0029419379238468948
0.0029449792655152104
0.002944708963984099
0.0029625473132930467
0.002970050823752306
0.0029663027608961335
0.0029897338391238603
0.0029861603609361615
0.003003538817918089
0.0030108246346439074
0.0030019604313190375
0.0030044390394848744
0.003025327344470333
0.0030279665882959276
0.0029904327518904283
0.002973382441114645
0.002973651133292558
0.0029751445835345344
0.0029723939129487655
0.002972714329351842
0.0029701007295971854
0.002957201329862295
0.0029652885809608688
0.0029520237016959767
0.002955033413158152
0.0029440139028343256
0.0029533281308211042
0.0029471932539749082
0.002928663292966244
0.0029330567721815143
0.0029340249527370276
0.0029331029622039206
0.002921826856621459
0.0029195340277749183
0.0029132216031343802
0.002900112623571246
0.00290765848088388
0.0029030451863969616
0.002888943179910389
0.0028954880304753834
0.0029540355265526338
0.0029575356496962077
0.002966806679954988
0.002940149454626475
0.0029591894460908328
0.0029540845581522185
0.0029559623577244563
0.002952239387861644
0.002964412636231244
0.0029452786951327773
0.002949391010498658
0.0029377093391282283
0.00293329461447533
0.002930421893357886
0.0028936871753196553
0.0028978462855673453
0.0028969476230691674
0.002887642417384228
0.0028794534164456034
0.002875506738039949
0.002875580638436982
0.0028606921679207903
0.002852245659843156
0.0028381467177828208
0.0028294983787445316
0.0028015484886736585
0.0028132261776042063
0.002803485924159676
0.002803902674503128
0.0028037211764579306
0.0027936916783556647
0.0027850450815829304
0.002788680334869801
0.002781150281046516
0.002780127601303976
0.0028109399957875216
0.0028057301230218186
0.0028047953637989763
0.0028022952334140366
0.002790021860795661
0.002791105471396514
0.0027999860647512555
0.002797005169868416
0.002794563163004307
0.0028226090155013504
0.0028274795972292304
0.002814093748759857
0.0028096704356472247
0.0028038615087219976
0.002837115997999102
0.0028303177816958063
0.0028227967248879164
0.002821031395867996
0.002836322994807203
0.0028415306675969175
0.0028364408802729084
0.002829967578968259
0.00282193587206311
0.0028188824748658333
0.002796467475281693
0.0027913254697080597
0.0027750844310207314
0.002771938725256797
0.002782896756924928
0.002781197737983155
0.00278870545825642
0.0027940642075808203
0.002794042689840165
0.0028005596952903203
0.0028065074933340335
0.0028043748923429913
0.0027956446101781098
0.002787505433146538
0.002789692892564277
0.0027812838824498544
0.002763713527563767
0.002728330295890814
0.002735637284680595
0.0027395019174436984
0.0027379890229645037
