-0.033961012959480286
-0.053391121327877045
-0.039973220496904105
-0.03270943812094629
-0.015875192165064316
-0.009517028229311109
-0.006049182120477781
-0.0033391226445221235
0.001005881209857762
0.0012434542983431707
0.0011188182033947667
0.0009960357050518862
0.0010429408804546775
0.0018433608987834305
0.0041162761281157145
0.003908309268915807
0.004359947263664152
0.003378738555750858
0.0035387073221500023
0.003954068007823522
0.003724496265270069
0.003564080948189771
0.0036730597454758627
0.0034932546652271406
0.003242316473076173
0.0034495916320506858
0.002671126605491736
0.002734706814125871
0.0026753201602938742
0.00261118116806404
0.002447320943929299
0.002377300805219972
0.0018573809577313066
0.001758616201238641
0.002480915175005471
0.0026469490381911074
0.002257625005433128
0.002229646274943848
0.002277466349005408
0.004402160709659944
0.0048889631065581595
0.004753081353894316
0.004669555636031543
0.004229573515961723
0.004165494909260736
0.00409202039984248
0.00397890842198952
0.0037621552971303365
0.00368618193664588
0.0036327103015911925
0.00361877817284459
0.0038305478970045745
0.0036391182759500755
0.0035718907618006173
0.003476033870226403
0.00344710389566771
0.0033908642683948918
0.0006875016537131883
0.0006701814330881445
0.0006669728838281354
0.0005957866392676673
0.0005439245442320237
0.0001456702525501881
0.00013169166676771607
-3.511985238276069e-06
-7.205351156794344e-05
-7.793063773802399e-06
-6.569721111759192e-06
3.5395816251235056e-05
0.0002653224128921516
0.00025314792785340685
0.00024103900387385498
-0.0019812808805491433
-0.0020330533924667795
-0.002237724879753507
-0.0021820663086701093
-0.002180726889398499
-0.0022024988072270038
-0.002195724735429395
-0.0021756917010435127
-0.002150273389217058
-0.002604389884396939
-0.0025962613886111375
-0.00239633819060948
-0.0021681163316527603
-0.002177878763344696
-0.002117050053625876
-0.002060448174009079
0.004497801606905542
0.004441666517887714
0.004305991292273139
0.004250295260565615
0.004154619290815428
0.004122205562031778
0.0038979372602625513
0.003838266942712488
0.00384398349335094
0.003868964727088395
0.0035374236764619126
0.0035544188035015792
0.0029600681651465815
0.0029646140298335948
0.0029055208886767593
0.00289260062466686
0.0028690144580015738
0.002807563298085931
0.002782897360803973
0.002748201749663492
0.0028117207842032334
0.0027855528746144253
0.0027250111561443187
0.0026906907874719955
0.0024228157560349226
0.002247786679325382
0.0022118001085392933
0.0021624237693981543
0.002095175070897281
0.0020342439089259994
0.002396263050710938
0.002373400040371113
0.002329239503434692
0.002297726257257467
0.0022347132100783776
0.0011361222323030239
0.0031461070036692997
0.0032358923028626553
0.00464716765236517
0.004585756591788328
0.0045407374693940475
0.004520152841218329
0.0044808790107984395
0.004451589742447846
0.004274941507792936
0.004277537517784234
0.00416338698115022
0.004133109468063869
0.004046849409517737
0.003975548301503089
0.003978924884774775
0.0040089409155519345
0.003991096597736701
0.003951399736022954
0.0039216898607163705
0.003969106778797519
0.0039359611868822475
0.003909794840362593
0.003877454302956059
0.0038662008112886367
0.003914003435202177
0.0038427663174367657
0.003818032953428262
0.0038701433144274692
0.00396662523232774
0.003943354036844893
0.00393863935716628
0.003911714916105256
0.003879020476624993
0.0038681944168034413
0.0038393686581457607
0.0038148438105969247
0.0043009594403962586
0.004264812978429857
0.004250240181890396
0.004221036037294352
0.004208804745462386
0.0041523350039437785
0.004123383272815861
0.0040827987654208356
0.004156238065736356
0.004138342895719009
0.004198918575047027
0.00409064941071048
0.0040712469729013495
0.004005906120000875
0.003944648975902966
0.0038841295640670323
0.003924026767246811
0.003819523224216567
0.0037852867388008045
0.0037491021621814755
0.003700284106753816
0.0036816684456584766
0.0036613591485191777
0.0036452888458026454
0.0036255583419074608
0.003621090143175988
0.0034327752525720656
0.003341954910461533
0.0032984044348076604
0.003263824624876451
0.00321039657687076
0.003200934020661535
0.003201801776947495
0.003044317209628972
0.0030148211143550354
0.002945723453559381
0.00304097464638721
0.003057293069173626
0.003024058044575213
0.003039376099574535
0.0029395989051660973
0.002921097011575212
0.0028993544299238225
0.0028963379584971208
0.002878908379924839
0.0028667880622132973
0.002836996710881907
0.0028794993810830802
0.002855251540070944
0.0028455844034854074
0.0028329343371434296
0.002818111057849351
0.0027826070602535546
0.0027610877997493715
0.0027524673957520516
0.002782827595975477
0.002770212907516325
0.0028094944970261807
0.0027933532507383734
0.0027769573762229612
0.0027219027696454797
0.0028090973117719264
0.002799467491091234
0.002784894360132363
0.0027842866049822453
0.002772767235898561
0.002759111058861765
0.0026490943747896453
0.002703105887232361
0.0026834301069518472
0.0026981627985652947
0.0027026025362099472
0.002676322861355941
0.002556050335152444
0.002549016565954862
0.0025480983243483532
0.0025433026064451943
0.002531183383211538
0.002532045535826914
0.002516698525911558
0.0025016622788194423
0.00247028007914256
0.0024593480696940362
0.0024402954159791577
0.0024034149994294294
0.0023211104369560676
0.0021824461742477514
0.0021695894961833075
0.0021752524646290144
0.0021697615048176994
0.0021198594759115406
0.0021015674942699955
0.0020701247244795146
0.0020639969718781806
0.002034512314622819
0.0020620204236348016
0.002054103675280121
0.0020532047933785177
0.002047284107398952
0.002097849989789621
0.002106629929300676
0.0021214264984976993
0.002110187936688655
0.002055562187929615
0.0020314836494667978
0.002031639851938216
0.002093527013076075
0.0020866870918156716
0.00216761191375015
0.0021170851155869422
0.0021127944028461717
0.0021211822855321735
0.002211212565357432
0.002203337900335269
0.0021932902599065313
0.0022173196785032216
0.0022094337329180134
0.0022076256226092753
0.002199659352481835
0.002199217187219181
0.0021907594205616814
0.002139839013197625
0.0021232921159973833
0.002140910070789819
0.002137166350449837
0.002139719406942734
0.002127096728953705
0.0021023844269259023
0.0020927543717773733
0.0018001302396254556
0.0018238708764005311
0.0017621191852223864
0.0017407039862655164
0.0017337758893194504
0.0017280768346658165
0.0017297386077329904
0.0017298454400808305
0.0017108013654862845
0.0016888130320391345
0.0016846491708079905
0.001678039503109565
0.0016750310919948401
0.0016686368326190896
0.0016624817554075613
0.0016582029636909772
0.001654371477781832
0.0016467157619409663
0.001716109108546011
0.0017213593272777735
0.0017544530709034585
0.0017109557675445517
0.0017159130926743878
0.0017024401230900735
0.0016956235126902698
0.001696488739704552
0.0016844240457924234
0.0016895633677032422
0.001656623560129479
0.0016523653914191565
0.0016469744270206162
0.0016310733353635276
0.0016069722708946146
0.0016563874437620345
0.001642408683860248
0.0016409307959321005
0.0016287980985326513
0.0016250773503376974
0.0016272729135325102
0.0016188604764245257
0.0016165129923728803
0.0016055115442849303
0.001596521087132073
0.001612376149996148
0.0016298117562641992
0.0016366193000673503
0.0016189944028414994
0.0016122125962283493
0.001635694504574021
0.001624115726821511
0.001618233627654735
0.0016334042389133745
0.0016225384687122433
0.0016475447088406927
0.001642841491949464
0.0017180556962683802
0.0017447442764762589
0.0017443060158717138
0.001737697927760267
0.0017327523071019534
0.0017273322987719133
0.0017180494404039426
0.0016828247270297561
0.0016855519274966608
0.002185961527464599
0.0021786118699453553
0.0021750654596267996
0.0021628992585367777
0.002155559679086667
0.0021985400902243195
0.0021895539713539768
0.0021764672833568177
0.002166035405271008
0.0021548150140046317
0.0018912668232263828
0.00187450418411945
0.002067012190314427
0.0020709026873943093
0.0020116757031884763
0.002007287689815025
0.002001294082362015
0.002059385980985138
0.0020193834320939184
0.001973354344176537
0.00196942471821482
0.001112337277284477
0.0010549124632591499
0.00105997229351603
0.0010695631600766491
0.001061631530664224
0.0011173557620581115
0.0011166278795517145
0.001069599440213118
0.001052287653237727
0.0010480622438919526
0.0010540534015636353
0.0011261663408962007
0.0011104705973621941
0.0011649700652288425
0.0014322508441415643
0.001434493155362766
0.001402238329690739
0.001400664573595753
0.0014030244956348512
0.0013419248256537643
0.0016676909618039688
0.0016637550198041397
0.0016613241091157649
0.0016542747988771737
0.0016575848263164523
0.0016582107624013513
0.0016552830271773851
0.001665766933218232
0.0016667497606393609
0.0016643676802625218
0.0016654783152611563
0.0016349646827310135
0.0015831373165579579
0.0015493430774903706
0.001622299384254758
0.0016201120608519094
0.001615269148670865
0.0016108821531657365
0.001610757301014326
0.0016461721065325146
0.0016561144399160044
0.0016521986688256076
0.001747534028184823
0.00174478924774058
0.0017346061540939402
0.0017294962315973902
0.0017247632786165923
0.0017719599667410356
0.001761946325406722
0.0017761433213565718
0.001772606755336834
0.0017743685777054825
0.001776367932515628
0.0017779827578425285
0.0017557055013914873
0.0017182231528777411
0.0017019654199733243
0.0017028846048027296
0.001528034477160969
0.0015212965343714875
0.001503454769748998
0.0015522883593603477
0.0014519834276724643
0.0014354213527276486
0.0014278679791128856
0.0014082738210219052
0.0014042670400528767
0.0014167272431395408
0.0014187877250233295
0.0014033281475860165
0.0014013753486891182
0.0013958720061396743
0.0013229704653505386
0.0013164233605331744
0.0013264305627025252
0.0012876940443296144
0.0012864315318535044
0.0012841412100363238
0.0012598543909700419
0.0012592735090088307
0.0012018648235345868
0.001199392340868443
0.0011869324064929466
0.001184360444558618
0.0011838950175566112
0.0011754334073231804
0.0011466926273491589
0.0018883311042164736
0.0018823356575184936
0.001878739761428655
0.00211693000769843
0.002108419931431566
0.0020852566581081007
0.0021078696402743818
0.0021090325088772128
0.0021096608087203825
0.0021063856738152737
0.002313294640232956
0.0022986746417750377
0.0022942907862766575
0.0022889710256194344
0.0023395279361616865
0.0023916768546982264
0.0023755969823563996
0.0023663373060344383
0.0023980983308106328
0.0024349128427229704
0.002419188646400503
0.0024343719174598957
0.0024244776732734157
0.00244051955308167
0.0024364004443715504
0.0024271118327231335
0.00241687227433669
0.0024141159423193962
0.0024048009312122105
0.002410308308509872
0.002372421896788298
0.002367521767118445
0.0023700812411940808
0.0023639542270331958
0.002358198257853167
0.002354273049827478
0.0023488636681854216
0.002396063742307886
0.0023930478390378133
0.0023882603011143814
0.0023835647472524504
0.0023808790591114543
0.0023771042599379337
0.0023635103162442184
0.002357880905364229
0.0023445685936016726
0.002334379530134845
0.002327595686455975
0.002325167461112475
0.0023213698902218
0.002315434083208178
0.0023113594779892556
0.0022930142093438217
0.0022687807677251558
0.0022507845400577837
0.00223023444808487
0.002225308875099058
0.0022209042345716253
0.002220109366370811
0.002209129937132812
0.002209020868293313
0.002199847247452069
0.0021922692251246166
0.0022990093392151693
0.0022913560426853995
0.002288180455827908
0.0022897965257441533
0.0022018200941327525
0.002193105621854091
0.0021880141718570354
0.002186474822404459
0.0021866523117958815
0.002186849535815932
0.002182271222351632
0.002188000100753756
0.0021801995450261976
0.00216142577102635
0.0021562971893116676
0.002152480317004444
0.002160773115387419
0.0021566982851417013
0.002155361741974017
0.0021482298596661423
0.00210674707675388
0.002101896378556636
0.002096979552603094
0.0021026488529886484
0.0021029025092502663
0.0021008234227681394
0.002100444918428559
0.0020876930349130987
0.0021144436497069897
0.002106316464801439
0.0021014715338842855
0.0020642875623506484
0.0020237823108732013
0.0020205152405116133
0.0020183810444093157
0.002014314965499948
0.0020159501529659262
0.0020264779821633043
0.0020124296570526285
0.002098134368259751
0.0020901217532083467
0.002096939360263573
0.002094432569985882
0.0018363579191602317
0.0018410226683587497
0.0018018056418852017
0.001802531242993967
0.0018021869377765492
0.0018105234276316027
0.001807616559757578
0.0018118413655625067
0.0018075756531826242
0.0017967486655865786
0.0018370143565827914
0.0018272004359303113
0.0018591137515657594
0.0018554276921756067
0.0019217026923732108
0.0019252022413159058
0.0019220068557858252
0.0019241557925982573
0.0018941811191306903
0.0018940996769278853
0.001891692165363391
0.001892066469437106
0.0018787096366307658
0.0019845848015681913
0.0018032522008196096
0.001769474160655801
0.001751007969566874
0.0010691897840379066
0.001078919885385795
0.0010898756380260787
0.0010933227418742414
0.001097652498001476
0.0010966835674353376
0.0010961538533332932
0.001093374632148138
0.0010916510672034144
0.001090004580577784
0.001088965796373515
0.001089591038333342
0.0010950048218684304
0.0010949858917052727
0.0010980175907400796
0.0011117718054555646
0.0011579880492509978
0.0011615983850972258
0.0011548857407199305
0.0011523373444024875
0.0011538559833309536
0.0011530229323775405
0.0011517640506985174
0.0011483568524103109
0.0011470185515874225
0.0011525572779722724
0.0011507105308594325
0.0011408347630709355
0.0011295061716917799
0.0011344670669961444
0.0011157994829761422
0.001126589394825449
0.0011332596877851296
0.001157159997922058
0.0011755239005824866
0.001164790073346552
0.0011847519783138557
0.0011823205530976431
0.0011730202630001112
0.00117725139284379
0.00111711929139346
0.00135396916404681
0.0013468050712366754
0.0013476817608713764
0.0013449610463197766
0.0013438372564517766
0.0013439656694178596
0.0013295909022451515
0.0013284641185468539
0.0013276199991005926
0.001326912120336368
0.0013294117112587604
0.0013335667150066086
0.0013394386186615758
0.0013377207958742774
0.0013373309969374229
0.0013335427695535423
0.0013638069243293058
0.0014350454164029608
0.0014391561558301012
0.0014305318075918006
0.0014293647474175632
0.0014184553576181908
0.001409430409641874
0.0013782493172694703
0.0013753163169834244
0.0013865566001587501
0.0013827014754332553
0.001381564424502397
0.0013604394481091715
0.0013585430268065492
0.0013565844146796692
0.0013497752132509858
0.001365003815629864
0.0013622924321544546
0.0013276727676046786
0.0013252696341401963
0.0013183479268844976
0.0013127006133249431
0.001316363682926745
0.001316042722623526
0.001303028195889186
0.0013013939031541707
0.0011791582389762553
0.0011755202794895832
0.0011774683778762714
0.001168880815542267
0.0011680532877519339
0.0011642792418415744
0.0011945310363882262
0.0011867809406404725
0.0011829864249697985
0.0011796558306651711
0.0011778849195347406
0.001177628063566728
0.001176334214322958
0.0011767126337730483
0.0012008535368492087
0.0012005911988909816
0.0011987528839794896
0.0012059866743474473
0.0012124497318874601
0.001209312454396687
0.0012133002559356382
0.0012235160047956494
0.0012183585146759998
0.001218529372410678
0.0012146738232023749
0.0012084170356455447
0.001230614608659298
0.0012316743599250003
0.0012312555854946856
0.0012159357545275574
0.001209710121791514
0.001204829558825528
0.001207593193545889
0.0011981644925404106
0.0011874847601335455
0.0012077714805722546
0.0012050001728025805
0.0012028783049298248
0.0011905794892485189
0.0012275760385702429
0.0012273171888790408
0.0012327219644829564
0.0012299072593240396
0.0012263940637282796
0.0012021614025146381
0.001197051964941711
0.0012014452193673966
0.0011792588104482767
0.0011792211296671356
0.0011787174296137189
0.0011754550239417858
0.0011887980681521677
0.0011626617700500213
0.001158860370760716
0.0011529586287148405
0.0011684992203805278
0.0011668464427747123
0.0011608830580089643
0.0011482657440448144
0.0011287717075818193
0.0011271093553659696
0.0011219337705959881
0.0011241289161748106
0.001134750995012742
0.001139252291855342
0.0011428340419570263
0.0011391092123710408
0.0011535772970779352
0.0011531536616394098
0.0011375810451127407
0.0011301827095408323
0.0011272178331734376
0.0011258374070336114
0.0011578410555843025
0.0011556282439018437
0.0011512614259701756
0.0011423396387491883
0.0011413338250315902
0.0011952080114167986
0.0011986584708436547
0.001193136242433331
0.0011897816353259795
0.0011989752965053235
0.0012170384360450821
0.0012217836074782905
0.0012232701181856254
0.0012217095710546938
0.0012300449905752076
0.0012338638942718226
0.0012272016427417004
0.001231532259735526
0.0012318296976233062
0.001232360724750195
0.00126795307324788
0.0012689864133001905
0.0012679781181949928
0.001297632576435361
0.0012913385678155085
0.001284719082069269
0.0012816464701002226
0.0012793484657428172
0.0012711586096977518
0.0013140193527184378
0.0013100211538973844
0.0013101245009635694
0.001311867064633325
0.0013094531039140633
0.0013016038549724272
0.0012984148455399492
0.0013006601143757549
0.0012994834595228021
0.0013030315524506261
0.001299700971346328
0.001271095627426991
0.0012716695853079525
0.0012762493062186497
0.001272306410487683
0.0012719343639602866
0.0012709687659116478
0.0012603644010897165
0.0012588142757287758
0.0012499457652006595
0.0012441254716935152
0.001237597681904924
0.0012340130260793016
0.0012407113825324385
0.0012389343013615058
0.0012391642785858237
0.0012370216715231004
0.0012394575190268827
0.0012389923999532172
0.0012356884525380053
0.0012314156072973947
0.0012320414237347215
0.001231064737346121
0.001234301835048094
0.0012333129298800173
0.0012390105477638157
0.0012511505923603326
0.0012582718465708415
0.001296002215433017
0.001298906748713591
0.001286907476924443
0.0012587061701219027
0.0012539721811372498
0.0012524878922805874
0.0012581388228004012
0.0012473730836200113
0.0012463437600443686
0.0012434909118440149
0.0012173042530894446
0.001222015573882549
0.0012102952522233027
0.0012015217507089654
0.0012023847638683663
0.0011913574168024806
0.0011957077418998903
0.0011829542346128866
0.0011777858909316923
0.0011755748806049583
0.0011754316190867695
0.0011773255133340084
0.001147229909999125
0.0011489614145480259
0.001142844381902764
0.001143605070445037
0.0011432885277127497
0.0012089237782053474
0.0012076952065197466
0.001200460186074653
0.001195655770652749
0.001195663170987883
0.0011984469162655143
0.0011990850484066761
0.0011996218836557665
0.0012049542221055638
0.0012015718355265434
0.0011883735912038501
0.0011863979855076662
0.0011876701980469198
0.001188416021775457
0.001181067119417745
0.0011800384810970266
0.0011935725788725547
0.0012592248884107718
0.0012776985594221608
0.0012650987594229406
0.0012219940260615458
0.0012211419074291598
0.001217462108548536
0.0012170144750404748
0.0012033698314177091
0.0011983667504890634
0.0012045917522304575
0.0012046160897853783
0.0012021008246816227
0.0011983090928385626
0.0011959705689337566
0.0012019134820478539
0.0012040837940386904
0.0012024985899726321
0.0011801694358981917
0.0011737768638751468
0.0011891452868048066
0.0011964218002284478
0.0011683184692530045
0.0011687550949498195
0.0011731377074368089
0.0011780643413604895
0.0011762003796054307
0.0011805149691961755
0.0011783375908594293
0.001176615475749579
0.0011745895979854792
0.0011718702680198537
0.0011627558039926144
0.0011689689924367947
0.00116359378634659
0.0011567370730743794
0.0011453049381165868
0.0011544616231311316
0.0011631691862870224
0.0011577133101025412
0.0011612290448701004
0.0011587846285837648
0.0011511466975943853
0.0011441247174557286
0.001147660615125129
0.0011485595080596757
0.0011495478873413745
0.001148119950782523
0.0011359489142185823
0.0011347010236296981
0.00113436065413153
0.0011322761415478542
0.0011310590352161141
0.0009027527409636342
0.0008974399341928276
0.0009186136486062715
0.0009168525531691317
0.0008907493883784543
0.0008884327849737776
0.0009018597409622736
0.0009097610286309825
0.0008694410085121247
0.0008733134818710994
0.000874691106344812
0.0008727083060765846
0.0008663066384214889
0.0008299980266080039
0.0008319041498398493
0.0008335298154242859
0.0008346463265667854
0.0008334769766156827
0.000833236926698187
0.0008355825250852293
0.0006656234345700275
0.0006779803063481287
0.000677928632545459
0.0006760957682957628
0.0006077735075185193
0.0006114178501968788
0.0006037115568082946
0.0005995621288147421
0.0005988760697089471
0.0006004685831832362
0.0005977417133267588
0.0005996382033117661
0.0005956520759477939
0.0005960938354537577
0.0005959400200467057
0.0005904558773392218
0.000589693715883718
0.0005906570579975001
0.0005882749831357698
0.0005895964468131325
0.0005882874813561776
0.0005840015978263064
0.0005801831548913819
0.0005809504400929996
0.0005801830566601826
0.0005695873805071455
0.0005785273195737648
0.0005750803504965947
0.0005747715861041399
0.0005723115893839216
0.0006002855056208683
0.0006056397753643294
0.0006074084120644626
0.0007040616001195868
0.0007020157601323906
0.000701822716109742
0.0007159015996509199
0.0007151926370282505
0.0007127898027741833
0.0007096898403908435
0.0007043590147711616
0.000719361133113375
0.0007122075065446605
0.0007115227613947109
0.0007105852922955016
0.0007078552236133818
0.0007069106694380674
0.0007159481444623211
0.0007141802808390647
0.0007115338877670183
0.000709824487308777
0.0007381783988445321
0.0007376756226201605
0.0007409463222396151
0.0007398074910966334
0.0007391058024821674
0.000745321438713896
0.0007548719125008627
0.0007166792445032254
0.0007146063097343415
0.0007149742821328121
0.0007117883624506399
0.0007108752923591407
0.0007409230578749318
0.0007511241304212465
0.0007548354025511762
0.0007517764655609638
