0.186197429895401
0.12189934682101011
0.10627766721881926
0.13582165259867907
0.12748352329557142
0.10664547780262573
0.14762603875715286
0.12957960522423187
0.11599381798878312
0.105215946466408
0.09715134425399204
0.09237796777429488
0.08708412632612245
0.0851693382486701
0.09378505131462589
0.10290237214854535
0.1034128240102695
0.10716076004073806
0.1046437556389719
0.11615664001909037
0.12517245744609018
0.13077571425263
0.12784500268753618
0.1260507372394204
0.1344217374705924
0.14555000075725488
0.14085891500248435
0.13758619287019141
0.14515022241200007
0.14271328144616657
0.15757573026348837
0.1590097560406183
0.15462787558927257
0.1506789550717388
0.14752352812017006
0.1453440432512277
0.14316830171370196
0.14094465431303554
0.13783910172060138
0.1315964088752503
0.13171641697131456
0.13151569829084156
0.12957487272267998
0.1376891031861306
0.14319264192296116
0.14114687972246337
0.14876478336130583
0.14356749291930884
0.14267539635300638
0.14592025808843914
0.13471441558347302
0.13234670056065304
0.13156078414370623
0.1304208335890012
0.12941683486237063
0.12766987892488643
0.12610296124656656
0.12323833904150182
0.12171763967101774
0.12081216449742437
0.11887918405174731
0.11712294139914099
0.1151779747597175
0.11567840113376199
0.11359195610169663
0.11242783087681037
0.11041230876820494
0.10856008984526436
0.10697245184398661
0.10569225321523852
0.10462214049120026
0.1039482087872872
0.10128727838762008
0.1020839895959944
0.10090855318182888
0.09960305985885785
0.09750268594003646
0.096156505195872
0.09443621673854075
0.09358840777228282
0.09457428736339624
0.09370856582894029
0.09294678702107859
0.0925350465428304
0.0916737019907424
0.09069304994104073
0.0900948000595567
0.08979416918532741
0.08861324540339417
0.08658737060358081
0.08530979054352357
0.08435340854088953
0.08404990253435018
0.08160408719099672
0.08028362384357031
0.08032440935194346
0.07984825303036802
0.07895220410210474
0.07816237613267739
0.07883399709918552
0.0781217366428453
0.07981869346604607
0.07759325965386016
0.07705166658907692
0.07787545988026504
0.07723339374349068
0.07636342986424341
0.07576179773271212
0.07497728989110337
0.07424172399689342
0.07503450957665345
0.07442091294694124
0.07351427904091244
0.07268349955658153
0.07191882062259797
0.0712506879478272
0.0706583038815969
0.06753959396155561
0.0671032383160007
0.06677131481566824
0.0668396470113086
0.06625641135610574
0.06478138260248563
0.06494911484187478
0.06426699182881598
0.06313863298149905
0.062736148870954
0.06220529008748798
0.06180956498854086
0.06144459890192809
0.06106534366501207
0.060883951735336235
0.06607226241134989
0.06556416393076593
0.06514255435211139
0.06467994770169413
0.06411393923453816
0.06366110416154362
0.06368723165734477
0.06326723697798411
0.0627950469067183
0.06225927104364266
0.062030959789909655
0.06158794130254863
0.061179177796911524
0.060939550893555516
0.060540171549734206
0.06009125404080206
0.0605806676007342
0.06030471684196845
0.05963929222573494
0.06491970031840269
0.06483211602551517
0.06456920940376402
0.06381478567364428
0.0634558628017386
0.06308449254131032
0.06279571028609338
0.06257040445816534
0.06275549805065136
0.06253900968672334
0.06221791893776592
0.06203015030414247
0.06167196354468952
0.06153904963796684
0.06103663924631172
0.06062700606811897
0.06019204636910363
0.059816382103942065
0.059361839646879334
0.05916613431513412
0.05899302637900333
0.05868441467180093
0.05844057869864633
0.058142588367032205
0.05859639548129633
0.0582061324342484
0.057873162682566245
0.05737725090358358
0.05703641173464522
0.05705455025104082
0.05681435671944143
0.05642042744053156
0.05615715297360631
0.05612746473390522
0.0558398182520688
0.0550821317936309
0.055053854885661425
0.0546512691031431
0.05355306369763271
0.053334275534325605
0.053167759032782515
0.05286794427281835
0.05261019436278361
0.0523169948241308
0.052121503117581784
0.05223581238121804
0.051971280932995106
0.051794491945474905
0.05158558536514374
0.051675320634938855
0.051439249263835515
0.051174124026860536
0.05096398627402536
0.05060232595232029
0.05033992404306022
0.05076444242793236
0.050584643172115806
0.050229048615576546
0.050074104362849384
0.049850819322427777
0.049637522681522266
0.04940732370569182
0.04991123430772016
0.04931192455842395
0.04877056381080414
0.048694365278448205
0.0484580151950962
0.048389996856779145
0.048250172723124755
0.0480716140573186
0.04782319605332748
0.04765067870461543
0.047382938979555776
0.04716211321441237
0.04709427770702089
0.046885095327110216
0.04684055931983094
0.04675327997285186
0.04660327899349388
0.04644438513862734
0.04371576137763806
0.043622861881730465
0.04341386300883199
0.04310620978146091
0.04293844602065839
0.042724385990383626
0.042534588883625116
0.04234540455193689
0.042168259190509504
0.0420275657148628
0.04182475030593723
0.04170083655612203
0.041660681346726
0.041496220351210096
0.04141181727342483
0.04207425380117194
0.04182412154784607
0.041671396691119314
0.04158055560039061
0.04135046073301172
0.042055281272789354
0.041880132221409655
0.04179377863526017
0.04163107052386296
0.04147792554162408
0.04127175065525448
0.0413703741746214
0.04124365948530166
0.04112669738733043
0.0409630056471077
0.041843108750725735
0.041784274260642254
0.04171004942991719
0.041496223244243624
0.041197333107519316
0.04105009651441413
0.042038840999295356
0.04203409767748479
0.041798168868281825
0.04168127357607935
0.04150275801732326
0.041336456348781365
0.04118852316274903
0.04108254094835899
0.04080429126126929
0.040680123452455655
0.04050551174921203
0.040364919836117376
0.040135958978120806
0.039935584504121005
0.039749573689536626
0.03961799264611666
0.03950846072719354
0.03899910723362316
0.03883514296667465
0.0387008703712329
0.03825305490295331
0.038113404736163696
0.038056534221731914
0.03790880852874868
0.037818580436355005
0.038357825787836176
0.038253167448012895
0.03811257426285601
0.03778249407241981
0.03761917946746124
0.037462688187825624
0.036861931262149795
0.03687207092897676
0.03673532652161362
0.03659738254427553
0.03638031615187892
0.03624363593780054
0.0360933237011374
0.03596366235587431
0.03585073606915434
0.03564857591311282
0.03554392699978405
0.03554237559901916
0.03531707978720825
0.03516472256801927
0.03521650252125232
0.03508665715639909
0.034834982959194044
0.034865193106439735
0.03486773340286301
0.03459712869026422
0.034480822175100914
0.034481036301261266
0.034341282322597894
0.034118246623017934
0.033975314413611256
0.03377842561700022
0.03362077586724211
0.03351886603135376
0.03352206383999323
0.03350525792322962
0.033457853641558545
0.033403811128697496
0.03317899012542609
0.03307807746842536
0.032932241774557294
0.03284339224606918
0.03277787483689496
0.03286633651132918
0.032715648198817136
0.03265740969774634
0.032574842249467856
0.03226873236387432
0.03211482764427326
0.0319893357921636
0.03196713728606863
0.032007473184511165
0.03196434176094947
0.03188396026064997
0.031796228129553177
0.03178437148590429
0.03170667182620879
0.031654763085557994
0.031310540750630673
0.031396704854868424
0.03124029439246533
0.031244666763896135
0.03118310633260661
0.03130507770715755
0.03131635852292043
0.03122056678325341
0.03089931431426924
0.03083305655742563
0.030564066480256048
0.030552079592903254
0.030464333420680757
0.03038173810154683
0.030295205935345987
0.030088543665261633
0.030007644859601286
0.02994498704078348
0.029751207797262622
0.029768673052356715
0.029713698389382277
0.02962261500236846
0.03013324970574014
0.030045726917140785
0.029963134360785123
0.029866633610753566
0.029774379444745265
0.029700409562101484
0.02960172429394379
0.029736602444307404
0.029704356785569225
0.02959804504864492
0.029515055739542106
0.02943960203216167
0.029424532069996526
0.029329073771269427
0.029259584621558088
0.029146071919135298
0.02904532705620228
0.028990830131106735
0.02890182273975888
0.028803905565247194
0.028653612670675968
0.028585671731992904
0.0285610354387447
0.028495330347750505
0.028441690681364734
0.028307572376630126
0.028223019121869572
0.028157469417398755
0.028134385311865438
0.028053455117517355
0.02795936709702403
0.027847373405439812
0.02775619421511247
0.027658204676561087
0.027624598748005536
0.027570088436467844
0.02740056750899827
0.027250270646220116
0.027209923604124067
0.027170030600078436
0.02731769463275997
0.027408693889394417
0.02730542210597027
0.02740400433418903
0.027079367757628387
0.027011916169528295
0.02691453231111933
0.02694798987990658
0.02679673887457382
0.026746544156162427
0.026661328720228125
0.026675402367939506
0.026679570396759257
0.026604637102645417
0.02600302768330726
0.025911823514588966
0.025773528123309623
0.02571011532354383
0.025980828215459162
0.025798541291331314
0.02577326540527531
0.025878599433605702
0.025691140820969138
0.02563649459745471
0.02558507657692007
0.025489985667912118
0.025307929055270486
0.025239082351931435
0.02514670626029878
0.025100215397889203
0.025029720089134535
0.02482900152884139
0.024765960362464725
0.024708475064451344
0.02501483330297558
0.024964937766070634
0.024892059705388294
0.024683833213178664
0.024814686309445763
0.02469272422662083
0.024631941168005392
0.024616605712799333
0.02457437057589565
0.024468813844586053
0.024406156654220048
0.024329150660728924
0.02416065901463455
0.02414067804621715
0.024182229112388726
0.024151290965090003
0.024127040669617555
0.024043991071264675
0.02400520220185307
0.02394203710170587
0.023904024351760828
0.023863439605115083
0.02376505782477249
0.02374478735257336
0.023706436412809975
0.02357659248216027
0.023522255459433417
0.023429346108674302
0.023393706401515082
0.023366967827802607
0.023329750736593248
0.02327911697610256
0.023171270168252985
0.023201275906409843
0.02324381766989835
0.023487893655362534
0.0234127858229013
0.023609934930663205
0.02369704220062857
0.023322395749977676
0.02333557427786603
0.023412300505237783
0.024120413936848006
0.0244913690708897
0.024422429601448407
0.024393755265402453
0.024764407647696777
0.02473644739248543
0.02466409509132413
0.02470633030689405
0.02486839736294023
0.02481495365594933
0.02475105798413276
0.024777303936674204
0.02469674825643519
0.02465195886062402
0.02457129925708626
0.024523705347166788
0.024460878280985785
0.02441525402649017
0.02440134003900739
0.024344553141125085
0.02440702907733078
0.024363456026310577
0.024298324786570874
0.02426905381080481
0.02425244429216904
0.024194752789629164
0.024156605995672122
0.02419204954212174
0.024173957167445425
0.024162160962389805
0.024101851820831535
0.024086552621421755
0.024014420139478843
0.024092170781418957
0.024141968621879895
0.02411174182319967
0.024066169543101913
0.0240384223637329
0.024010243476864552
0.02395868584006848
0.023916959059084215
0.023909655653333563
0.023879490214449427
0.023870653026673034
0.023647768840933638
0.023604815097788986
0.02357026137662015
0.023576878970785878
0.02355795166396566
0.02339774335339077
0.023358383004314292
0.023301331491251284
0.02324518777230946
0.023087007071255574
0.02317454665947424
0.023263772967145453
0.023551067481153865
0.023534959376718522
0.023481142756932333
0.02344296781991043
0.023377718616922533
0.023330751233558805
0.02324247190673315
0.023191311834584206
0.023217168097043408
0.023170379209510435
0.02312470794025774
0.023035438738471116
0.022984372938895072
0.02294202085901157
0.022917101844515307
0.02299334159924616
0.022963214040540372
0.022971806962997915
0.02292543456932826
0.022877075093380043
0.022783754319876042
0.022598281843192285
0.02256382383045641
0.02249938079082529
0.022370131572416404
0.022224693234992352
0.02093079305540685
0.020861245916530963
0.02085002560298506
0.02116385866002096
0.02112338911850502
0.021095055462181156
0.020838340236871818
0.02080642898726461
0.020791073306915243
0.020772338209711007
0.02069568035359407
0.02066715529367627
0.02066842088287842
0.020646596390755948
0.020604992923519465
0.020574662341822304
0.020529737296170882
0.02051182390639915
0.02049879124629806
0.020446714619775368
0.02041940059442255
0.02039741760935094
0.02037015379888046
0.020315991851604844
0.020334447548936038
0.02029778765421086
0.02028434170394656
0.020237973052823672
0.020202013254796217
0.020174674374663866
0.020164166423470846
0.020124196800278566
0.020058646262555897
0.019993581506856588
0.019961369230280152
0.01992480818220011
0.019880686106022793
0.019856895065351418
0.019846956324086083
0.01981801643828348
0.01980432771585517
0.01978006274812568
0.019759477003781244
0.019748691140675935
0.01972553398908612
0.01968433266503522
0.019651233571105695
0.019610208064862716
0.019585080307977815
0.019608882639638465
0.019585124354585284
0.019546474546747544
0.01948920180648899
0.01945065925703382
0.01939476175463761
0.019428610290592646
0.019398156803994412
0.01935634632182708
0.019333084361370823
0.019368656371358876
0.019346769722158295
0.019299677909930445
0.019274540299012405
0.019268011689547237
0.01924173200837775
0.019219587487433583
0.019235451407097388
0.01937583235992628
0.019352214564287325
0.019333833176797002
0.01931389636343605
0.019187264519420964
0.019264226066252634
0.019235043524170645
0.01922581155456264
0.019188394957649176
0.019147208399334422
0.01910127984130794
0.01917779686408509
0.019215558514422058
0.01899294718074934
0.018962142886841716
0.018897628753909896
0.018908554745459445
0.018847601193423203
0.018662742012110545
0.01863364417347056
0.018615478828995582
0.018604401230704445
0.01857127780255889
0.01838842988853217
0.018194766606786778
0.01829298917905961
0.018236570596420063
0.018233190518347635
0.018199057611970146
0.018153802440618476
0.01813892986372587
0.017784940948103404
0.018168893967983765
0.018129856420403313
0.018140177313509226
0.0180752172114694
0.01805192516957129
0.018004136806629076
0.017952687715541628
0.017925996931019376
0.017880383196013518
0.01803466432521574
0.017944290946952598
0.01793995686024771
0.0179394758914513
0.017929652775356932
0.017908916797235656
0.0178101519429455
0.017771222239034472
0.017725880778396957
0.017651953355431797
0.017298027010005174
0.017288879264412565
0.017275505433539673
0.017236688093127346
0.01732475749734128
0.017297852409981718
0.01727173270753161
0.017222429129421603
0.017201354098164312
0.017176823324258343
0.017146367505982668
0.017128021245848498
0.01717313411233489
0.017108919425656476
0.0170734679633245
0.017046076966348838
0.017096407398330484
0.017488921088286025
0.017467670728796764
0.017464307219055012
0.017518076698851557
0.017514208749022722
0.017480106101614257
0.0174583706899554
0.017472759867926638
0.017452092017853003
0.017429521138701394
0.01740691991148003
0.017321982242101762
0.017295394713045736
0.017372071943302363
0.017393356386561407
0.01734677354276782
0.017364390543299663
0.017396136952198413
0.017362534171090693
0.017309181188025005
0.01728241816444088
0.017263144622599987
0.017242039961154892
0.0172432221750942
0.017224654383126342
0.017213177448448667
0.0171882561893576
0.017150983814178906
0.017144307206174127
0.01712369340696998
0.01714789037831379
0.017130488613366378
0.017045695811321943
0.017009233360177144
0.017008999668276285
0.01699729597554794
0.016978501933518665
0.016957404996950302
0.01692268671026454
0.017177792706665022
0.017115553749943037
0.017081730006681888
0.017066885182503072
0.017071697889477894
0.017049374362088244
0.017052151605233243
0.01701945678494367
0.01697257917874768
0.016973468464597182
0.016949417671225927
0.016935159687127787
0.016927506104930216
0.016900395482052404
0.016892358624739343
0.016874751373680275
0.016879038666651462
0.016851433864246878
0.016828760554549526
0.016805365466774438
0.016766800337857653
0.01674959454394027
0.016715312200782696
0.016602835927996617
0.01658353573195148
0.01654121227412638
0.016495594461665593
0.016473119621819268
0.01644853789068138
0.016450900730466605
0.016460719791399365
0.016457175673554907
0.01644821174306297
0.016420052732927952
0.01623415665712967
0.01631844422044216
0.016273881835729562
0.016251911563230192
0.016226976899648686
0.01621966475181894
0.01612089951368608
0.01611939843109741
0.016095662078829575
0.016067345309719223
0.0160575492278071
0.016030403212602896
0.01615513567495239
0.01621542300519259
0.016191861885177475
0.016240576762155394
0.016200816274875598
0.016193806275274253
0.016201511353083866
0.01614364150425504
0.016076942757645096
0.015877829788754936
0.015862360258442648
0.015888724857384504
0.0159185532609635
0.01590470287121641
0.016080295815243423
0.01610068921513314
0.016028452863153655
0.01601338603450912
0.015842199367241024
0.015736125515539566
0.01567320044415084
0.015661105773323424
0.01603861503086804
0.016010284848065492
0.015984278647331734
0.016059086493055666
0.016088684424496034
0.016081831646828384
0.01607511216212376
0.016032595754897072
0.016029100949250533
0.01599590952580569
0.015893026224837025
0.016211946242291303
0.01629294606278583
0.016118983292452108
0.015535683300546286
0.016011624950050474
0.016014401667683986
0.01619533425119669
0.01616360368951477
0.01628888588055452
0.01626537865439839
0.01622573450614809
0.015966032904909156
0.01667187306078605
0.01599800573502992
0.01597118332701217
0.015945998612802322
0.01591650381995476
0.015913870591822848
0.015848225633605967
0.015837288668248916
0.015914921496978197
0.015874478971777118
0.015899066560667436
0.015884994376255228
0.01586901901226191
0.01583604643997895
0.01577070897464776
0.015751746545043965
0.015752491208884025
0.015732410691697004
0.01570492729514679
0.015551134006247502
0.015534437405105184
0.015495199585438699
0.015467470716842208
0.015486267615288308
0.015457841761450201
0.01543942477736128
0.015554457826422188
0.015681347836814633
0.01568010308917046
0.015604961421647143
0.015745839917352268
0.015679171887330423
0.0156697050746802
0.01566341879212924
0.015655692647121383
0.0156491052882944
0.015542348544486669
0.015580702200771663
0.015585975458180213
0.015397134554475602
0.015434580892903152
0.015455914651343846
0.015468805681504001
0.015446955163100556
0.015428755690965213
0.015395966709708605
0.015375803212744859
0.015343350587582282
0.015207151931415834
0.015172665595664523
0.015157108455387092
0.01513994584971224
0.015124630444883177
0.014840032886504406
0.014825162348179587
0.01469717902599123
0.014681432407124027
0.014664004643429936
0.014631790977996311
0.014616382077682387
0.014554363344339115
0.014537225184025596
0.014529490629102243
0.014507521650779736
0.01442156751424619
0.014468525839012331
0.014466096394528213
0.01445005462410653
0.014441843116938897
0.01444679268013381
0.014424927584142011
0.014391513951743254
0.014401711212195474
0.014405957345497634
0.01438083539143891
0.014456628954672134
0.014462932646565238
0.014478664309386508
0.014386650197375825
0.014221035718931019
0.014158707138606898
0.014135436249378424
0.014120249569434244
0.014359872601167053
0.014436256661495388
0.01429248190613221
0.014088109457756341
0.014078200404941428
0.014005847441636587
0.013987806113487062
0.013962086473723193
0.013871541923937617
0.013864162910090008
0.013849029421395707
0.013834139126854095
0.013837919357410577
0.013804468278107286
0.01380122288222953
0.013656482239687066
0.013637924359406852
0.013573687761652232
0.013612404985448627
0.013858992812204847
0.013873000862572222
0.013676980753329232
0.013668683791066422
0.013634908182422016
0.013615758748728961
0.013621152695465455
0.013622169813582233
0.013645253508571008
0.013640884065878718
0.013630492647558218
0.013628828464271946
0.013636400983360338
0.01360717796018155
0.013616281551292273
0.013714346176099216
0.013677931924628451
0.013658658088921336
0.013650545146795047
0.013705928787581253
0.013782291111805288
0.013772920376019664
0.013808192776828092
0.013797703952762775
0.013794097042161838
0.013629925319890128
0.013562848486990619
0.013533257691798915
0.013399180717816322
0.013388107434080577
0.01340153319107593
0.01386533162326154
0.014293595804640047
0.014072433245797511
0.014042810090403018
0.013971979669113536
0.014038152284442574
0.01409525474863596
0.014108868398271772
0.0140787299388185
0.01409153497813073
0.014103916578698023
0.014097599892247572
0.014083823584619478
0.014064946708800881
0.01345631328356501
0.013504492559087264
0.013526338471371722
0.013490513808319442
0.013493770819726672
0.013475359566754521
0.013478510292021122
0.0134591438763377
0.013450618899021738
0.013454469986267401
0.013434537656425312
0.013429624111808086
0.013427247461604746
0.013416462739015944
0.01343606913859816
0.01318166915605119
0.013175268790684605
0.013149123935663403
