0.08422239124774933
0.13477328419685364
0.11507824901491404
0.10148763731122018
0.08786984626203777
0.07790819874831609
0.07223523827269673
0.06683455780148505
0.056436528638005246
0.0516966272314841
0.04583277809433638
0.04548296167586858
0.044961829603250535
0.04230863073219855
0.040214739448856555
0.03902177518124089
0.04059470118954777
0.03847239440993258
0.037344185542315236
0.036058473711212465
0.03309152673252603
0.03134452353191115
0.03181081245808551
0.03128568243235349
0.031037554538880397
0.029761209825260763
0.027547303470782925
0.027135108453061038
0.026335046029028787
0.025484792595248544
0.025696976059407458
0.02511909394524991
0.024243313209701543
0.024483399565464678
0.023599983613368947
0.022140790186067284
0.021966486195053314
0.02494861510916589
0.024057381419697772
0.030455783923815295
0.02905901934441533
0.02710118305566178
0.026443528842223292
0.026279932907265085
0.0256615512366609
0.025596232733074962
0.025186833872188185
0.024216826420695493
0.024062349260784675
0.023483048088154653
0.022884815926842664
0.022414969882207366
0.0218810542633205
0.021190900630740948
0.0208927360986958
0.017912322749269363
0.01785094650253524
0.017838351613984005
0.017073586517168816
0.017092255902186514
0.016885225514640962
0.01702879688939049
0.01680286368718952
0.017397472380588825
0.01735064565472191
0.017192125789570932
0.01662834960734471
0.016278698699602825
0.016064652539457054
0.016555140508194514
0.015868038150882863
0.015513313951748993
0.014738688237549783
0.01617772573449959
0.01592481476224125
0.015721601245066073
0.01543347687215711
0.015334369059168742
0.015509148534329139
0.015385225402294757
0.015042960017681028
0.015269457540721685
0.01462437905276948
0.012836203865213867
0.012750598351568589
0.012310067821968473
0.012163863095338455
0.012063384182970927
0.012070207630232388
0.01192620061312362
0.01146323900320567
0.011569700377833057
0.011827783187246942
0.01160629625358668
0.011535563374006115
0.011508983870747396
0.01145712824476579
0.011962915746015358
0.011804284249665217
0.011738012458363752
0.011475719864178889
0.01156416476265645
0.011422949454684457
0.01144552697050607
0.011298172813972003
0.011011538109916187
0.010977367392991223
0.011116068268733084
0.010946516410066665
0.010780955728789508
0.010532194121749076
0.01007340776433229
0.009874684994492944
0.009735680692424272
0.009393091984936201
0.008980747500362884
0.008871612522822132
0.009006850755022172
0.008906849090514401
0.008459094470205207
0.008497312494179576
0.008385134634667847
0.009132664441318827
0.00903201664332301
0.00875111492738749
0.008884375453853295
0.008878963702045444
0.008766895897376045
0.008669285294420737
0.0082743015924099
0.00808383159385289
0.008185334522032035
0.00809586556270413
0.007734592611625517
0.007817447330179517
0.007715415896977009
0.0076157082035881165
0.0075483383994428945
0.006678405531316201
0.006569158900958483
0.006547915700882099
0.006189529599224618
0.006178927773564488
0.00683240562693441
0.0074890571915901824
0.00744481766232144
0.007410212530836315
0.007230977019163839
0.007319055818176521
0.007224660777696565
0.0067238916901834825
0.006632224891754784
0.006955697936725552
0.006855219317930604
0.006620286310909511
0.006760216434486215
0.006702611693682129
0.006919168286558549
0.00689907878331724
0.0068328376296873
0.006363059209378004
0.007254281417649541
0.007209012466241474
0.0071257902531546
0.007126424988627956
0.006947788236659962
0.006755095595768325
0.0067426128276436475
0.0064996220825431815
0.006702615939045319
0.0068730635261894145
0.006679872470447594
0.006441757746305771
0.00645523448042306
0.006545124405833621
0.006493928293384468
0.0064567948284093325
0.00641608179589817
0.006344698122767217
0.006381723151519095
0.0062919506860083345
0.006099818845958925
0.005997960760989533
0.005961000379741296
0.00588370897082402
0.006018861285647391
0.005907994798109671
0.0058321032033144225
0.005816564727635859
0.005593152452535753
0.005760135322210167
0.005548487556434763
0.005385735522554805
0.005361699780974634
0.00524439239798456
0.0053292975718448625
0.00515003005663554
0.004895643354510543
0.004814313901588322
0.004777081088343665
0.0048754102744088335
0.004908568363434871
0.0048292161184637005
0.004768473932110683
0.004735649713694834
0.0046735024000945456
0.00463513975913744
0.004490279691721622
0.004522577771872639
0.004671110176830003
0.004651467975356425
0.0046196131690453435
0.004608301595440921
0.004577697203278025
0.004730621193798641
0.004727022021189163
0.004763774350050567
0.0048155787652868765
0.00474102800468576
0.004741196460048441
0.0046970570226082505
0.004730848965627634
0.004722185409523916
0.004747632362672855
0.004706127317189613
0.00492846287555156
0.004691754937020803
0.004804382510950962
0.0048283248486847685
0.004722450734358042
0.004745573146120198
0.004662607819973114
0.004657307501910177
0.004549538841015325
0.004715779296544746
0.004728601639795626
0.0045755197516125995
0.004524605591765852
0.004572534182322368
0.004538004697663749
0.004558129214454628
0.004400479627884312
0.004066319061256183
0.003967550960939607
0.0038900597951359818
0.00388727843457916
0.003950825993313396
0.0041331188883221015
0.004205325182061645
0.004182801284619508
0.004245400114173426
0.00432095726309602
0.004339524375652441
0.004328918661100463
0.004408757580222302
0.004410919381381677
0.004369497277084451
0.004235084977227492
0.004208738114595272
0.00418790810388224
0.004189714275741284
0.004247689447914581
0.00446405012520369
0.004500306761419438
0.004326766467114031
0.0042125599559968575
0.004128742488726642
0.004033437087010165
0.0040324851827420035
0.004031345960460743
0.004031451971112643
0.004002393534638999
0.0039128748790095876
0.00383408915674822
0.003832444270222408
0.0037651076822101215
0.003658541627295262
0.0035859587615669633
0.003529063710344158
0.003372617521624867
0.003311080024214396
0.0031953931114777874
0.003205526526689425
0.0031908007387660055
0.003177361575059489
0.003325759558954669
0.003431191317859986
0.0034223059726037914
0.0034310300563510257
0.0033898148351649785
0.0034182666027870626
0.0034106209853889727
0.003365418279969584
0.003337486418382408
0.0033359304623052214
0.003277367976712071
0.003255847842477876
0.003150678312376355
0.0031225759747515757
0.00315639546138708
0.003195211355495792
0.003127905754749003
0.003004081739690217
0.002901583265123859
0.0029444651569017623
0.0029549399849273126
0.002962572277295283
0.0029341184579719072
0.002901813795887716
0.002900743984484034
0.0028402533769109057
0.0028577623816323106
0.0028184535840873257
0.0028288369172341427
0.0029027042352326254
0.0028621052990062327
0.0028697621333925363
0.002890605580384281
0.002901547274268525
0.0029099150519089857
0.002886657556988914
0.00272185499033813
0.0027412758498053078
0.002717091209219341
0.0027454836335835966
0.004990826042074233
0.004986242273511514
0.005446460965835408
0.005480770170018361
0.005449019018117497
0.0045233265027272
0.004475504487323613
0.0038883853956435204
0.0038957952384475578
0.003892160227440488
0.0038891345297417533
0.003907959621858415
0.0038962269428180637
0.0038925412369494833
0.003917773329151681
0.0038568809509688553
0.003866915684566718
0.00387750313800711
0.0038962761680865544
0.0038117722463807528
0.0037570551307187553
0.003798124221007705
0.003868654008553149
0.0038286789065958685
0.0038028640585999287
0.0037995221479253504
0.0037964215011087924
0.0037933277421023206
0.003942772939401143
0.0038434415681253653
0.003828812845629128
0.004079764538318409
0.004067617582519149
0.004090358903987284
0.00426416118404186
0.004315143607869407
0.004346337782433284
0.004333585641598895
0.004339651185668344
0.004289639522251549
0.004293816183327018
0.004238646248584546
0.004142781334826953
0.0043924666074343765
0.00438872565257406
0.004918341025596198
0.0049510851726198134
0.004945837015586155
0.004940332744425785
0.004972954017037102
0.004982326517100213
0.004926009183883836
0.004965593346786542
0.004876466131138029
0.004897318762241867
0.0048695234339550175
0.004878034443301503
0.004864444779286716
0.0048417131272870334
0.004793482361068236
0.004791163106163778
0.004893632083153114
0.0048592501162230545
0.004869761371250767
0.004838283898581602
0.004932447472778483
0.00489531710827439
0.004928629555376628
0.004894055117988561
0.004895682258071673
0.004950532956683416
0.004982423312972589
0.004963903144185195
0.004973861389007656
0.004968208780638795
0.0049791947461546564
0.004975617777298511
0.004959899986751778
0.005156725258020297
0.005155947526631274
0.005236750289412214
0.005234163086011087
0.0052096255567359775
0.005193858036186505
0.005238403420166827
0.0052512143005320885
0.0052243714835596275
0.005170898202830336
0.005207213540757864
0.005184073544184619
0.005262762957059379
0.005155444819325337
0.005234065291283964
0.005267896890291018
0.005258392162522585
0.0052616210808586915
0.00533994041583072
0.005280235923254508
0.005190650715958332
0.005171916952456173
0.005168988117353834
0.005113252859522384
0.005082342381690067
0.005095717359502089
0.005100052193182108
0.0050911396197248215
0.004944761999797803
0.004957797879021628
0.004956188268996994
0.004940384581184164
0.0048488379642314125
0.004869607809721603
0.004915435818487524
0.004887038133694499
0.004894366666179392
0.0048716587078498465
0.004721784241929546
0.004710827273319834
0.0047526901303999855
0.00471166828153927
0.004717212215027418
0.004585832410287243
0.004620818361999859
0.0046761319277963355
0.004655007128278522
0.0046476973314714
0.004629968374758908
0.004622494741748114
0.004601178438387367
0.004559543691835937
0.004533228897861532
0.004493779522508155
0.004466535234778178
0.004233584617158284
0.004232185119394333
0.004251255926316273
0.004216076699955513
0.004215006064096721
0.004183252285840497
0.004168411631256053
0.004191961432971681
0.004181231539965112
0.004191093914049955
0.004174957009022467
0.004170722709998352
0.004174880700440436
0.004081800455241283
0.004093728245595547
0.004081422634373768
0.004315506974812368
0.0042602809903112375
0.004243712841823438
0.004222167786823238
0.004225000064616331
0.004194279143968197
0.00420351140659991
0.004222760041336889
0.004157734271629589
0.004183402195448043
0.0044435520525619365
0.004405357791502915
0.004489474218733784
0.0044867539678839375
0.004437991743669757
0.0044295837130120695
0.0044237662277589575
0.004402898606451321
0.004447861019614336
0.004444276243024935
0.004435926338520673
0.004462438139650355
0.004520590193373303
0.004505005796469814
0.004593302475987009
0.004574714355615017
0.004528445374189078
0.004521723345540486
0.0045163479630395634
0.0045058659793080665
0.004479126753391367
0.00445985514567284
0.0044264358249043855
0.004460391005631983
0.004436008881334697
0.004398681827453601
0.004387574794122891
0.00440184537447957
0.004414600687865211
0.004392065523639872
0.004357699607927612
0.004378208101432547
0.0043680638124991965
0.004352727139019638
0.004333099074854271
0.004329939830343061
0.004339694932091566
0.004503577219186103
0.004501529905624259
0.00445118391121339
0.00435600232210333
0.004372728879292248
0.004371385636742083
0.004601908213787299
0.004637360530532022
0.004633894335656569
0.004619394332197625
0.00460360277525812
0.004682690519399157
0.004686669338925389
0.004674744762201387
0.004638048972274584
0.0046419707713536195
0.004671095249589523
0.004657007719247813
0.004514355900935839
0.00447378934408724
0.004468103325655636
0.004504406290888098
0.004507115934740483
0.00443852069945887
0.004425821502687043
0.004416406282200822
0.00441708242046123
0.004446427446303216
0.004400747782654706
0.004381234343505327
0.004372732721291871
0.004339914278792127
0.004264842498070053
0.004265604424185674
0.004271957279986387
0.004265868345648556
0.0041619193691665385
0.004156865176940176
0.004170830672712248
0.004173497165519305
0.00416260971933799
0.004149478796934746
0.0041379094749186395
0.004142100829692799
0.004148923171781882
0.004116966206195906
0.0041376334083715076
0.004131965321517276
0.00412739157354975
0.00415812096413196
0.004202079639325563
0.004179670329701374
0.0041666078671772555
0.004113497859988359
0.0041054569860069735
0.004099139365569812
0.0040465700290317095
0.0040404383666163115
0.004036843309138079
0.004056303237530463
0.00405045472755214
0.004046178006344602
0.004047562097274887
0.004053833101873702
0.003999834933085769
0.0040151265701857215
0.004023887007240313
0.004014928403440711
0.003980553018456321
0.004007349251411591
0.004006268665163892
0.003998695257231944
0.004007570768663462
0.004012221113318465
0.004001704846384786
0.003988071311990204
0.003982075332537244
0.0040173814999677
0.004008668164831876
0.004038585484413858
0.004130847225329424
0.004161031625217408
0.004181111824009883
0.004169340936905826
0.0041639741288254165
0.004157686349189093
0.004217835874675224
0.0042308617754434836
0.0042210301048421165
0.004218526707001164
0.004216634069526115
0.00430958929628283
0.0042939476514560785
0.004287299489173077
0.0042826093045007525
0.004257975197412248
0.004257691171026293
0.004241882856454586
0.00424775212925174
0.004240638119396176
0.004232649618900278
0.0041421622146840436
0.0041336164534092005
0.0041785274093714825
0.004186036050367209
0.004167568171396858
0.0041744519685452865
0.004168224603950333
0.004163838238322527
0.0041542496074277015
0.004148400392887995
0.004142574586594126
0.004136520055834005
0.004181070587855518
0.004137631810564127
0.004126510219385731
0.004132620982988998
0.004011462831113028
0.003987576808146964
0.0039696486251910405
0.003938895725524914
0.003975544395272319
0.003979411628097302
0.003961986183814549
0.003954663204275354
0.003926750339523113
0.00392612559237993
0.003919777553349453
0.003919277033488202
0.003925372471645812
0.003886072586396084
0.003890799056056505
0.003875943158312443
0.00385967196443079
0.0039045763312934
0.0039007918763053757
0.0038871737633378207
0.0038462603519402614
0.0038466354563998595
0.0038416634149866353
0.003829034937680515
0.0038344545632808427
0.0038148540628835954
0.0038285521254105715
0.003828803348568633
0.0038319833741891456
0.0038491198893981773
0.003828154871615574
0.0038185578045031423
0.003804153525769451
0.0037869764450400648
0.0037786511112576646
0.003774411054673025
0.0037876697733844064
0.0038060353259986644
0.0038077134438474517
0.0037965889710148484
0.0037873671177829525
0.0038057202028819103
0.003799910403110772
0.0037728171321082154
0.0037863645185199123
0.003726856326208505
0.003710190792711942
0.0036967772769496412
0.0036903078756484724
0.0036761303170731547
0.003659831558732134
0.0036476532245990276
0.0036269700026134305
0.0036219875361840344
0.0036102856518781304
0.0036181380777961557
0.0036095117410141833
0.003612448270278997
0.0036992636245053692
0.0037046690279609992
0.003706439647690534
0.003709159837305001
0.003699097145571676
0.003705702561773845
0.003682148952396933
0.0036835423551816967
0.003667497413797528
0.0035821728677063454
0.003595147784378408
0.00355528445050058
0.00349615209696579
0.0035467101850464445
0.0035575214430710812
0.0035539189914272854
0.0035627719097384727
0.003563961156292246
0.003582550817742878
0.0035649769924220027
0.003599284250648508
0.003584038830357087
0.0036089016009807767
0.0036003951013318224
0.003686040053124756
0.0036855225464494084
0.0036812312011825755
0.0036831576516851866
0.003689767570733858
0.003672394953876937
0.003678937531991072
0.0036689921904071764
0.0036711307802263175
0.003661813555704502
0.0036597930623633273
0.0036479323379133913
0.0036538392532177925
0.0036696538302198544
0.0036576949564535157
0.0036559178836054916
0.003655083616154383
0.0036870896063571196
0.0036853849049343036
0.0036680208745019224
0.0036256526516200787
0.0036372890886142537
0.003669020618901657
0.0037239521934069636
0.0037396948192525876
0.0037299343685580975
0.0037071508111713677
0.0036944850145569424
0.003691606602165857
0.003759281078419259
0.0037580460421134257
0.0037599752685253123
0.0037231633446762427
0.0037212619735298162
0.0037240499669683584
0.003713981097267612
0.0037091848654562005
0.003687977938844103
0.0037000448266840866
0.003680932884589189
0.0036495303842996934
0.0036491967515219306
0.003653291067204822
0.0036498471612135164
0.0035998776180283117
0.003596614574378479
0.0036297862914883286
0.0036204665324315317
0.003630356118234197
0.003645236684998745
0.0035945801644940785
0.0036093853909539247
0.0036415434612420976
0.003587457887497889
0.0035587913759074436
0.003539741885646984
0.003535349893887657
0.0035155154691425745
0.003520396936129643
0.0034978160264671743
0.003500647623600479
0.00353972680404626
0.0035557881214748665
0.0035969983286574365
0.0035510504138110983
0.0035459587215582095
0.003534710995597668
0.003569305690267474
0.0035838948786730326
0.003584985318681993
0.0035833470074158945
0.0035729368263092264
0.003599766895212521
0.00361403635814318
0.003618489694664608
0.003613906275653936
0.0036501601725854147
0.0036680967697363246
0.0036597752312081937
0.0036670584403113364
0.003662709791522174
0.0036733923343637777
0.0036984391719570913
0.003711860834314316
0.003715039025495303
0.003712008748050034
0.0037198000992959587
0.00372797836752768
0.003715462391523445
0.0036908232027885344
0.003690303405236433
0.0037000183126892684
0.0036847606329624997
0.0036531811487215417
0.003651375610549148
0.003667394437820338
0.0036774721578125688
0.003682077945191853
0.0036922382348410225
0.0036696642828678806
0.0036814856225989576
0.0036601389135615487
0.0036565713938755207
0.0036555087797795352
0.0036734484534115394
0.0036764479897682155
0.0036695643082364643
0.0036665252956142786
0.0036466882038154683
0.0036018064962005237
0.003587993386995207
0.003572585481713172
0.0035739751853444183
0.0035692665299322684
0.0035600587199263916
0.00356392366472263
0.0035662052784501902
0.0035726679858104514
0.003568446128615296
0.0035646561744033813
0.003553453700065579
0.0035372704911998103
0.00353008651325504
0.0035190982206107432
0.0035197214934458666
0.003523008140513774
0.003518974531855427
0.003508084191262259
0.003511990943499025
0.003556336830334567
0.0035501750244976617
0.003537094580478523
0.003526705729083189
0.0035166383472445615
0.0035028957788888044
0.003468771559328104
0.0034523124592612175
0.0034637128100383605
0.0034629744877578586
0.0034578035396424325
0.0034583197086709215
0.0034313595922947694
0.0034221865232582313
0.0034104987018677133
0.003409191599940053
0.003399444003941255
0.003392466896576792
0.0033939809402985777
0.0033750843632051088
0.003377413695871123
0.003367457160827126
0.0033744340048402085
0.0033766177267255016
0.0033525454099290145
0.003323668439207567
0.0033192382620338594
0.003309861936588971
0.0033077945120487556
0.003300951456648452
0.0033383773534482663
0.003335433585984774
0.003347687196924694
0.0034000456002746386
0.003403965326875854
0.0034017314557979496
0.0034112139425047324
0.00339910934364837
0.003390637785366547
0.0033699938039206496
0.0033641908761123354
0.0033613821160624643
0.0033772732026891767
0.003362162340269899
0.0033471486562415605
0.0033435841719438096
0.0033284950412320892
0.0033174379462846113
0.003289364883896318
0.003471188976287124
0.003462299765601914
0.0034330448708388642
0.0034366017569125735
0.003436561313365589
0.003435628568735598
0.0034090264001475803
0.0033909152912016093
0.0033865235328581047
0.003393287766672067
0.0033719955905785874
0.003383394796209586
0.003368868708333289
0.003388706826579918
0.0033705431565614914
0.0033548487607985194
0.003351772138144824
0.0033959216280686033
0.003410331240572623
0.0034016969542665695
0.0033687954309836866
0.0033617708196860565
0.0033218728414652916
0.0033430541420425126
0.003341884426538258
0.003315084111134251
0.003313575741358723
0.003313856984841811
0.003297583668521342
0.0032946724032099036
0.0032725593808697975
0.003265108274712076
0.0032574334813885515
0.0032282725152722345
0.003224846935129034
0.0032115921360704566
0.003202550875124503
0.0032057085428824315
0.003214035839237564
0.0032101430455609586
0.003207014723027011
0.0032014008938046922
0.003221275084187339
0.0032156608835324963
0.0032083552253779892
0.003190104553978599
0.0031844786455437397
0.003173931762172895
0.0031715383679991166
0.003167752788654357
0.0031676735934850456
0.003166951716032381
0.003161851925425189
0.0031618553432191357
0.0031568223024294826
0.003128118733802318
0.0031285615436728925
0.0031245699851937224
0.0031165956046956297
0.0031136138199214856
0.00310901698594535
0.003101476806428668
0.0031136535099013456
0.003113585156337813
0.003136628277030299
0.0031271949116685933
0.003121529879903148
0.0031123234209124977
0.0031011306329207992
0.003114740233601655
0.0031135119416765412
0.003136729074934124
0.0031353571273625104
0.003240187565845376
0.003240419694739332
0.0032350587597093
0.003225127013257546
0.0032209566058071545
0.0031983547707460686
0.0032079049336259805
0.00333563989433413
0.0033389768031213173
0.003343975045369724
0.0033381702165812925
0.003323827546084688
0.003321387732772607
0.0033298162059243602
0.0033213835245110685
0.0033238224656559653
0.003345228589026412
0.00336643742318642
0.0033594029091555196
0.003333148197799029
0.003293848826823347
0.0033054287893574934
0.003300953157604139
0.0032941466277436287
0.0032987207667168872
0.0033396318763562662
0.0033345461975819515
0.003338406969036446
0.0033350212722909793
