0.05866808071732521
0.05709778144955635
0.05976602900773287
0.05384939946234226
0.03595621480296056
0.031005303292269155
0.055304444904322736
0.0505432730100842
0.04699564505135641
0.04813245687083426
0.04562984208071915
0.04239711015879248
0.04777034552535042
0.053152589693975946
0.051959858457848895
0.04843046577126884
0.050819222873542465
0.04838020360023764
0.04481519251712598
0.043094817421487755
0.03991622287801213
0.03773001869431818
0.036802952531919196
0.03540795475710184
0.03566180757479743
0.034410186340446
0.03374076776422693
0.03350053145148759
0.03222487760164464
0.03131151394993668
0.03118024583454826
0.03140912490374776
0.029240146310150848
0.027329394144804352
0.026797878378096763
0.02614382874988322
0.03381023437434219
0.033283749801250026
0.03116372298973146
0.030436208298452554
0.029356381642476958
0.028806828197936497
0.0283446031469132
0.02751192926273991
0.026692639709875468
0.026780235558807684
0.025601701498089817
0.02512659825032994
0.024823653518687924
0.02457542415005245
0.02505940575680981
0.024726995352638066
0.024389706549872808
0.02410807314709844
0.02373356216828271
0.022937924856434384
0.022624895612885842
0.02224799619111531
0.02149451515676142
0.021048507494775593
0.02134536610232785
0.020120696306952984
0.01969024038589849
0.019742856692307832
0.020569206301870775
0.021592263634483414
0.02160899508367839
0.022047616246129387
0.02153957252157851
0.019582359305530463
0.018927426492963497
0.018497851053699332
0.01824313628241872
0.018081948168886197
0.017537945644059943
0.01715374813723534
0.01670117631632213
0.016220058027147956
0.015893468594003927
0.01533894765874899
0.0150883422281434
0.015081307218208093
0.015452770301462365
0.01526197613189544
0.0150466447731285
0.015011715564887493
0.0146408374011199
0.015585059280444473
0.015098757981063998
0.01451392997961982
0.013873297864135915
0.01324687255371201
0.013468452532369479
0.013836087189663783
0.014775279347910928
0.01479589073203465
0.015235390876448346
0.015012222409220125
0.012223100663395593
0.01230648908842502
0.012718288265579539
0.013010088680990179
0.0129072069461332
0.012912613203349917
0.012710808228288403
0.014173783637174165
0.014099966602063628
0.014471550058752908
0.014583228855520821
0.013935266168544753
0.014040720537845375
0.013989042215650914
0.013888043632297854
0.013668217610203374
0.013420148964385209
0.013304030960505331
0.013289436500645792
0.012896847441604657
0.013146819352793196
0.0130641265745344
0.012729583466501876
0.012591760853547754
0.012357553022147546
0.012311290340498089
0.012023998381909987
0.01196192837261602
0.011951758637223973
0.011894194667350297
0.01185832273465796
0.011701840571419313
0.011641129510914621
0.01161451505224003
0.011597675095840507
0.01130063468072977
0.011074983793899743
0.011229130043478232
0.011084430511919374
0.011000747825086062
0.010908279174639443
0.01089278591304674
0.011218755400221478
0.011162252503225799
0.011059218745180661
0.010676394800398623
0.010679589991923416
0.010378189460171673
0.010524982157811466
0.010749134840599986
0.010692165657722694
0.010737698872894387
0.010668252885041408
0.010779842097476556
0.01060930399644466
0.010688377504477329
0.010593353510231296
0.011668786266373734
0.011582850560374973
0.011745859053917219
0.01152292806582408
0.011440916616695213
0.011390778965483421
0.011496961727435548
0.011679676468569275
0.011696065888232118
0.011882623539064968
0.011898926887967932
0.011690655157075344
0.01153978387916118
0.011526500756222307
0.011409801522907057
0.01131898855863593
0.011225753616557765
0.011032791740673144
0.01095057191127644
0.01091393351949094
0.010897298536189731
0.010842254079925407
0.010798717935455107
0.010745892412443114
0.010767267839417094
0.0107631992451478
0.011190672025919108
0.011260576619584422
0.011249440135685964
0.011184425195879338
0.011123966777237754
0.011127460532929446
0.011054242867945614
0.011149298851102525
0.011521107025160463
0.01109124105081111
0.011027134385972071
0.010960048588308414
0.010893004585075394
0.010766103604008974
0.010625047123899936
0.010603687151381028
0.010559715189469085
0.010507787260430619
0.010056153995498066
0.009875847118195492
0.009926081923372212
0.009763949038660567
0.009663417089656661
0.009622184372505891
0.0095100135069761
0.009487430952783758
0.010083529182891324
0.010723109998313385
0.010688003936481219
0.010459440995753454
0.010385750808633909
0.010371380834160226
0.010332233124537118
0.010351927454461526
0.011140643369405373
0.013083571195789307
0.012751288290351367
0.012674769701367355
0.01264985154076832
0.012783374257049056
0.01272646295292523
0.01260269288715269
0.012874545638527086
0.012809631817915414
0.012714092442658122
0.012558264501996349
0.012733132256511138
0.012557385747862521
0.012533824779350274
0.011887822397919318
0.01201026902827353
0.01198781773974843
0.011776291661613428
0.011032418651142246
0.010994804199202412
0.010965221173481164
0.010896221227397366
0.010767842366840329
0.010859742918495209
0.01095627347131986
0.010986671161549461
0.010861647532290013
0.010854125938411525
0.010813618566612776
0.010747069443329997
0.010794139710689635
0.01073771316114434
0.010832198877236791
0.010756891647857448
0.010705654749934112
0.010618425685182576
0.010570088702443732
0.010528134947583322
0.010563789290586089
0.010527361407563449
0.010305090979181124
0.0068024767900531115
0.006757983542383244
0.006647753631281281
0.006584102823199047
0.00685290947851738
0.006901355518824516
0.006879822855687883
0.006835834412372492
0.006721671882032297
0.006670425620269708
0.006620997520051989
0.006577188502975591
0.006621249668223678
0.006639136345898689
0.006738004832756236
0.0067235603048015685
0.006695200476096933
0.006453858580810609
0.006449039079335471
0.006421746887419892
0.006346298622340454
0.006359991690987944
0.006432459984961523
0.006479278636467964
0.006534894020358328
0.006549669659518608
0.006493250790701581
0.006240572311758327
0.006236665858136713
0.006081502107210518
0.005995817416710897
0.005896837706175815
0.005893374667114879
0.0058717477650258735
0.0058543141338292335
0.005731399770850642
0.005523579136243522
0.00539924457110385
0.005325877083671625
0.005270501931065891
0.005280887313560111
0.005249669829208862
0.005167059901544037
0.00512264537983897
0.0050785173749414315
0.005065118027280388
0.005147539467272172
0.005129676082706393
0.005113037332004316
0.005185406248469968
0.005232023399320956
0.005370964847538883
0.0053480442515477
0.005323504584409344
0.005330954416608134
0.005282089476133275
0.005258528559398462
0.005216253882430966
0.005225365360914533
0.005201213994687974
0.005161170677014045
0.005149824343334324
0.005074327361260062
0.004638142081976122
0.004587703170460259
0.004572534833170243
0.004548039795347268
0.0044856807310741185
0.004440937240466338
0.0044484304857089554
0.0045457909197375215
0.004325683322597543
0.004302568250533407
0.004286935380873887
0.004276426898209965
0.004094978886908109
0.004006384082795322
0.004012413287325338
0.0040761690773518855
0.004067608910718147
0.0040966371672020475
0.004075539653507902
0.003987303499799469
0.0038704782911087427
0.0038551928183781945
0.0039968519586816515
0.00401272728838417
0.0036893551836948944
0.003597543560527389
0.0032934280285168735
0.002935940729748357
0.0030013879539079065
0.0029758795200511344
0.0029843826822054066
0.002935401331940023
0.003082697071009411
0.003101981414603322
0.003268138195922343
0.0032547936936695534
0.0008040674121994377
0.0007960809422118499
0.00081832208064345
0.0010537828756218884
0.001018212762553858
0.0010050431073652154
0.000970703757967366
-0.0005306026364887251
-0.0004987704221387053
-0.0005023276647622725
-0.00048352702754568305
-0.0004535321859096527
-0.00038062612411277514
-0.00033682948717348815
-0.0002571028172663222
-0.0002591134583166872
-0.0002510186329447967
-0.0002628857582652409
-0.00026870911723892886
-0.00022893218378863367
-0.0002152163965138571
-0.00025239090414013414
-0.00023118370713507642
-0.0002846125059723305
-0.0002098478694874343
-0.00018790116928477338
-0.0001974946277035476
-0.00021495685886967474
-7.127494986442531e-05
-0.00017270862956012385
-0.00011949781554970372
0.00022688765800916305
0.0001838236298704531
0.00018563227142358925
0.00018062621596498927
0.00018776102211034046
9.5485338275218e-05
7.259349634905428e-05
7.750661468962701e-05
8.544823372095322e-05
0.00012766191919845877
0.0003267208830993728
0.00036185637793095435
0.0003637132253596464
0.0003996626564460165
0.0004984801540540557
0.0005389713278958853
0.0005360761919650917
0.0006164663521890573
0.0006151666842013089
0.0006215058849335743
0.0007111151907780792
0.0008148065607046358
0.0007318216045313366
0.0007511797919558526
0.0006827888218939595
0.000846447782820996
0.0008764902823352097
0.000878156157551312
0.000847219808121501
0.0009007732282669994
0.0008930612418957216
0.0009768063771410855
0.0009805145776457785
0.0010258727246962665
0.0010233959714946949
0.0009891427595542781
0.0009151149741784758
0.000943256726069259
0.0009630893598244052
0.000845313546909817
0.0008754807534287794
0.0009275727388909185
0.00043288601721471983
5.061657813913744e-05
9.244984354851052e-05
8.363821491445989e-05
8.46619967333685e-05
7.007596300061863e-05
0.00013104325952380591
0.000115965885659311
9.361656780718843e-05
0.00012199589063211633
0.00012637782703858418
0.0002546848630352396
0.0002308371127977197
0.00020600685637143585
-3.0034146562037508e-05
-5.2448784117594094e-05
-0.00012874104502149042
-0.00011930087742128241
-0.00013132694348193719
-0.00014115410462384718
-0.00013900686285413783
-0.00014164782791405354
-9.957146922088056e-05
-0.00012295038175476507
-8.408003761740796e-05
-7.552367637880243e-05
-6.057290660668481e-05
-5.6011936468217496e-05
-4.168861657980317e-05
8.1624788277632e-06
3.435422239345643e-05
3.9497908273829863e-05
8.241230599052481e-05
8.695761068243695e-05
0.00018511850928877024
0.0002021070372022404
0.00018906540655414637
0.00018842712933501404
0.00021244407372562391
0.00019614026922622923
0.00024693157315508604
0.00012272672306684398
0.00011920452889016926
7.283434161045287e-05
0.0007430580222219357
0.0007482417236094905
0.0006869004562080222
0.0006260651178491356
0.0006346439514119532
0.0006175969371421701
0.0006517548641802681
0.0008898199880925518
0.0008751123705054482
0.0008687308572991763
0.0008172715008954847
0.0008236696973463088
0.0008152915661206913
0.0008020196914540151
0.0007523971332778904
0.0006884007774678242
0.0006175091921787098
0.0006249588822526604
0.0006010940067142252
0.000623765562084565
0.000582898019006319
0.0005740968381066842
0.0005725714700953256
0.0006058150893624203
0.0006253742165550834
0.000663680399826256
0.0004711708606628755
0.0004802358827105592
0.0005578188129925621
0.0018418994566470892
0.0019137252583790803
0.0017916137268495216
0.0017862838346357679
0.0018354845948826172
0.0015438232216494524
0.0015448488989575503
0.0015452282563960865
0.001484958181265477
0.0016196423744511334
0.0016561542023974319
0.0016598964512949406
0.0016707584227262863
0.0016006888769142722
0.0015284302577571378
0.0014372508357048354
0.0014736360749968518
0.0013163492978785496
0.0013978400815057887
0.0014368783755260802
0.0014757209636634399
0.0014512082229789637
0.0013898915329353977
0.0014153875652333902
0.001427408146892869
0.0014253517601041266
0.0014191570723064634
0.001421715826177156
0.0013835066374189057
0.0012195136396002
0.0012220252573525829
0.001200136059740656
0.0011770545897345902
0.0011983794612515984
0.0012008833468369693
0.0012294761720437366
0.0012295145507474985
0.0012678601288958775
0.001251627888749141
0.0012635890700280583
0.0012715295375421449
0.001272294377756444
0.0012663326874028165
0.0011945547433540168
0.0012119975375766926
0.0012090990383144854
0.0011749635087008612
0.0012177187441184737
0.001207413372933349
0.0011878103358527014
0.0011849017105748586
0.0011173545815541374
0.0011005520845429155
0.0010513393162926048
0.0010509729076291154
0.0009909552861565637
0.000999836244955071
0.0010114741705564653
0.001008345156850443
0.0010150248234116347
0.0010224918018822524
0.0010787254476000748
0.0009973123007846355
0.000983645179897386
0.0010039478497482072
0.0009951458263160967
0.0009811479406811137
0.0009661370618925278
0.0009706413953494173
0.0009439503628273724
0.0009377637727673587
0.0010429944511523165
0.0010421351587158053
0.0009521800636590606
0.0009590777801450401
0.0009714767945763818
0.0008099604183747692
0.0008096441892741054
0.0008197686164595822
0.0007924015223312946
0.0007617020609645807
0.00044313788032914803
0.00043904770996282694
0.0004088329657490956
0.00035538486519639346
0.0004804730682664589
0.0004729523614021273
0.0004764321832283294
0.00047636682540688985
0.00044831577112267853
0.000645825069490579
0.0006413767200859376
0.000650185679959443
0.0006544230821432401
0.0006409296174599795
0.0006777092143259604
0.0006011609609413368
0.0006029323226607156
0.0006059043019398079
0.0006300042137510516
0.0006452512088257126
0.000646774229364587
0.0006653174449917849
0.0006608896257522223
0.000662404233384887
0.0006587052982463329
0.0006580241164287923
0.0006568496370914376
0.0006570549637746478
0.0006536046735927874
0.0007169997001143346
0.0006230880989507541
0.0006589043676923426
0.0006857276092735447
0.0006546498173911784
0.0006606685265583441
0.0007206187529523139
0.0007069616932545592
0.0006352230857169032
0.0006558373554091676
0.0006489684577760356
0.0005905799376312587
0.0006034739954585225
0.0006003669135668296
0.0005772041795411161
0.0005798413966903006
0.0005835120465018773
0.0005810294470881835
0.00043443200655341385
0.0003975046930358633
0.0003836763516741921
0.0002838982916785361
0.0003483150311860597
0.0003696871438305592
0.0003785560052892206
0.00047416693418204556
0.00048164359200199557
0.00050797862388148
0.0005173675639854363
0.00046454128595814416
0.0004934083154914491
0.0005479889628098311
0.0005712960012802717
0.0006007794998359408
0.0006053517114914995
0.0006579608071788383
0.0006508103688695197
0.0006524328564521808
0.0006320113586236816
0.0005687484088489961
0.0006783250532848477
0.0006986317913072797
0.0006891459242313642
0.0007231951132788774
0.0006797394478968842
0.0006744919540604299
0.0006634025625041351
0.0006592170705292434
0.0006682669177733652
0.0006733331206408424
0.0007223412193338957
0.0007564992239940299
0.0008260788301697407
0.000845185004398459
0.0008379191505352491
0.0008379318073175389
0.0008461248098764822
0.0008504689146189215
0.0008312680116605788
0.0008293347967111137
0.0008261496328022583
0.0008254814895163065
0.0008353827938044078
0.0008920091743002481
0.0009295737605138734
0.0009676807339969063
0.001132633554387956
0.001093975128340988
0.0011155133436811502
0.0011180182535826461
0.001122508172705909
0.0010903319240680228
0.0010878861951455017
0.0010691052838618339
0.0011374087805665445
0.0011268654197920066
0.0011320113103610646
0.0011187538905315156
0.0010660935248900294
0.0010657358549156922
0.0010651227472009768
0.0010681380660577946
0.0010719986209038988
0.0010381542706819954
0.0010573864212065466
0.0013557419260228952
0.0017604528170029055
0.0017779061862466126
0.0019128444099860442
0.0019126907340830455
0.0019278016968035563
0.0019245291926736192
0.001916832407541033
0.0019394840337181238
0.0019440819204888146
0.0018915706828492023
0.0018871759564999418
0.0018842535228262127
0.0018098710153138693
0.0018379768752378623
0.0018330985689271552
0.001839982839488465
0.0018852284171552785
0.0018640997713010171
0.0018602523406397395
0.0018811180999567904
0.0018696458127831397
0.001860616792966355
0.0018588413213591825
0.0018577344751743523
0.0018682628772327583
0.0018762026231430807
0.0018737687856858786
0.001865962270237027
0.0018751437525609644
0.0019147745836241863
0.0019244309040727307
0.001936021802184727
0.0019227123080642697
0.0019176731935189551
0.0019132041946743077
0.0019502013965690356
0.001971154063065348
0.0019576331212206137
0.001941808619873082
0.0019394112709535975
0.0018875174397033148
0.001943218143109804
0.0019570137069336506
0.0019662211661889465
0.0020375062109666505
0.00203527465064997
0.00202572484273337
0.0020186868240265696
0.002016166111578561
0.0020069801799989626
0.0020115714232670106
0.002021288239859356
0.0020835268113590577
0.002084589371410384
0.0020964555353940916
0.0020324159448654876
0.0019926837921957446
0.001981899859941938
0.001973593663256845
0.001989728548250811
0.001987860562382446
0.001977069720522767
0.0019718253050592816
0.0019742720364852306
0.0019312476781876446
0.0019318235862704888
0.0019500309574601925
0.0019416475743756524
0.0019032760896682962
0.0018937637563113574
0.0018909251580072235
0.0018633196076264034
0.0018782011685887468
0.001877736114349542
0.0018768085455819704
0.0018745867325548758
0.001924138890074372
0.0019324783258936522
0.001912815528085324
0.00189829095950755
0.0018843230988773569
0.002149046753497704
0.0021330139051084873
0.002162678255873524
0.002149972289585924
0.002126360513235787
0.0021729759164951313
0.0021281459965560236
0.0021130294594952077
0.0021102796793022317
0.0021135913662367768
0.0021138583712398073
0.002129356920428985
0.0021383692085062316
0.0020102167350515058
0.001995960308228608
0.001983728377131246
0.001990201109192075
0.001972667738437276
0.0019730877108858477
0.0019189236677266254
0.001922446284793398
0.0019191021173788842
0.0019097445236712035
0.0019086264552034744
0.0018929041786515536
0.0018944862185212993
0.0018352052342054835
0.001813716458891211
0.0018208336130913281
0.0018142238963915578
0.0018099729036961073
0.0018117812587526857
0.0018203520436349029
0.0018769575824462742
0.0018787096680550456
0.0018741828643767608
0.0018860274778563259
0.0018923540231683478
0.0018910153224050458
0.0018843253379156647
0.001874253101371525
0.001870514069030389
0.0018678468738426203
0.0018636490217564252
0.0018642198111311562
0.0018793143246102386
0.0018891983797073766
0.001844825250961855
0.0019260475508415338
0.001951337018623909
0.0021177891036453485
0.002051675119953585
0.002044868885573287
0.0020368762928291728
0.0020360042551925495
0.001860527326604936
0.001852582983141025
0.0018468192068435893
0.001854061609622767
0.0020084004759458613
0.002020646136827976
0.002016676396731284
0.0020064562961333715
0.0020112426044550115
0.00198493842300738
0.001951919431996584
0.002359878970481892
0.0024354737860500376
0.002435126857349679
0.0025333574402269248
0.002541412069599306
0.00249395503197548
0.0024904020121831456
0.00247383416876108
0.0023576001496100475
0.0023600732354884025
0.002272077021698431
0.002161340110240302
0.002139763136379952
0.002113630212836645
0.0021183713801076936
0.0021084962719486846
0.0021129676054443837
0.002050504915267214
0.002031101843152417
0.0019385935944022659
0.0018994386224041192
0.0019158399482469524
0.0018545641212242365
0.0018447935646439951
0.0018382422000436487
0.0018581473771544072
0.001856928971938236
0.0018553770681322575
0.001856254648117876
0.001872024671343357
0.0018829454775321378
0.0018987490295086134
0.001902924723142067
0.002268729754425951
0.002263269200570883
0.0022739878651522826
0.0022707399094436644
0.0022809306028648236
0.0022838242888374286
0.002277865411962576
0.002262988598121372
0.0022565059181025335
0.0022541185653639053
0.0022508465323604994
0.0022904786080271944
0.0022941097860094514
0.00229819339132567
0.002293499857357853
0.002304324821807055
0.002338113111331296
0.0023387165425992618
0.0023483952587687643
0.002324290608139539
0.0022771948217349606
0.002249626206438499
0.0023081938640569133
0.002318854858692173
0.0022167959697047455
0.0023213099455139277
0.0023234118222735397
0.0018376124530346237
0.0016384493242085063
0.0015891971468668781
0.001395207866457041
0.001368279168968832
0.0014075887032512333
0.001459912079566706
0.001455308858368132
0.0014584554217773565
0.001480399469399412
0.0015643614852044797
0.001570881687885619
0.0015815367139771974
0.0016150109799839413
0.0010624383617610599
0.0010540791633607042
0.0009964524652192857
0.0009990225550030654
0.0011004707595723563
0.0010907040124386407
0.0010998157213631364
0.0012968089698413886
0.0011162665589330065
0.0010494650758099352
0.0010692194394232562
0.0010820360012817592
0.0010816283322337156
0.0010598756785679482
0.0009464772354330792
0.0008893518467793409
0.0008930174715301582
0.0009713824496786662
0.0009877418636959766
0.001019464173209305
0.0012184833048698809
0.0011789361643691407
0.0011327230404064416
0.0011990631875220426
0.0011889670927153874
0.0012599018931988863
0.0012559488516459708
0.0012830531199495587
0.0012799777693541547
0.0012738261561485364
0.0012658286331890783
0.001272438537517017
0.0011996935092824978
0.0012298018725691877
0.0012063902060084344
0.0012865659587363344
0.0012841265262194556
0.0013039390040240227
0.0013118049604670093
0.0012860122729459026
0.0013089121894949178
0.0013192787684106649
0.0013209629151039277
0.0013153885503691257
0.0013452678321380562
0.001348116360483042
0.0013628398751030473
0.001913521359553163
0.0019170730399682419
0.001900156913895262
0.0016297570456538207
0.0014145388977864143
0.0014818550987187777
0.0014720399753997083
0.0015360576268703377
0.0006710376608560919
-0.00015638267923220265
9.441717511974852e-05
4.015231002155084e-05
2.7994925663470134e-05
5.486694521889301e-05
-0.0009176844119318644
-0.0005318558644202583
0.00031444541285948933
0.00036138122163235144
0.000296918769846629
0.00029396818980377044
0.0003174569822509874
0.0003186726613482002
0.0003059761870047984
0.00102479163708008
0.0009840343422066263
0.0011603665290002218
0.001141051655784911
0.0011857942877812324
0.0013308873535150228
0.0016898221251708417
0.0016778617720705198
0.0018100326196945427
0.0018462869961222133
0.0018523139952085078
