0.02112402394413948
0.00383169949054718
0.022930655628442764
0.04716247022151947
0.04493972659111023
0.12820773465292792
0.1510542593896389
0.13304085926049286
0.12260861434042454
0.11276200142773715
0.101581536543866
0.09443766752687785
0.10173870902508499
0.10446309112012388
0.09805561792018126
0.09296391332549428
0.08813106442620565
0.08664592069353125
0.08282304292661138
0.05890433169302664
0.056711014598311696
0.05532889050411304
0.04661508756786741
0.043612535879947255
0.04384593793208927
0.04032970963615097
0.04501078915200197
0.04330079628812985
0.041983239465237916
0.04078567273268898
0.041551543679815964
0.029950703003895345
0.03145507223534345
0.030753956791678725
0.029717392744108426
0.027753908630787735
0.027016139759277743
0.0262772254451799
0.02694073550374015
0.026220441891005405
0.024992741981155378
0.024735750656217602
0.025248126194293785
0.02449412277977293
0.023948554262144334
0.022415363397003417
0.02194502987428375
0.021534174116451907
0.021816659687319776
0.02249617922672199
0.02228144143121497
0.021446458245232218
0.02090435742974041
0.019117589621931663
0.018463470861856235
0.0183170872644456
0.018564670271408783
0.01562915668700491
0.01604806385488095
0.016023061181930066
0.016879855013910625
0.01842677935178111
0.018191456639215176
0.017906578534390205
0.018175807489597268
0.01811845830394956
0.017457810686798494
0.017169648259237034
0.016906165651744232
0.016765676787234583
0.01650393361422984
0.015898451927494364
0.01562902389009282
0.015291266054070248
0.016392823220628905
0.01688020754765792
0.016591817830862384
0.017915300574725426
0.017727663607365687
0.017216133213182338
0.01694720669538805
0.017115896226170598
0.01684579730568831
0.016670262441723885
0.01837727927865439
0.018478261243321817
0.018251090723920657
0.018111211101896015
0.01949451142572798
0.019287428589010672
0.01883333199214615
0.017782738758376247
0.017769302088554276
0.018050282238369905
0.018181867611929192
0.017794881693505175
0.01736292408895679
0.017583616591185677
0.016939940662705346
0.017870351216308596
0.017391481332357652
0.017133880791466837
0.015286712751101461
0.015113981694005263
0.015301832143450166
0.015311620316237536
0.01505217269651541
0.01448893710733777
0.014280262755081917
0.014138193570836753
0.016105408535492787
0.01603863828875274
0.015755382828565586
0.015498562615223078
0.015413362589556383
0.015183216144438271
0.015300395038724747
0.015319880075114908
0.013972491530876154
0.014407546937269412
0.01658578987326856
0.01638428154410947
0.016242070401917344
0.01732575545506553
0.01719007047405098
0.017118728454279777
0.016483270190747145
0.01627824967230722
0.016301249403309518
0.016001999455074016
0.015974254938720907
0.014852593546554708
0.014705633361035022
0.014573874678548987
0.014550092125479279
0.014391569116910806
0.013832906242949302
0.013567149071709642
0.01360211618053395
0.014113152606482129
0.014138527813410183
0.013972766582212593
0.01395285034029965
0.013830365232946678
0.0137957900061674
0.013756167959678467
0.013785449239327828
0.013602307233912562
0.013418779241619634
0.013266146225031368
0.013328164220423024
0.013184480629693962
0.013059616916247513
0.013124025990480499
0.013128140826712556
0.013043000154081543
0.01353197789911617
0.01345815860451076
0.013287969108569086
0.013291084167463647
0.013214881128392952
0.0131593327701486
0.013147058552088465
0.013162669163042057
0.013096690078683937
0.013363712374190657
0.013672106668222803
0.013536981793641269
0.013561486712013205
0.013708309729635298
0.013582366276708386
0.01356478566956582
0.01346585549709879
0.013019189506303513
0.012886544580066
0.013409411899369247
0.013685014283642941
0.013737659200612325
0.01396749299698664
0.013914507210771782
0.014084172608128715
0.014096246532589458
0.01400725871644681
0.013922731134398661
0.013875388849829572
0.013407003472218
0.01328694799009641
0.01335770865839477
0.013263510311279737
0.013286880930917365
0.013191495953227177
0.012999863464233265
0.013053031243712725
0.012859021116776437
0.01274717321568311
0.012664042439531571
0.012761911309401812
0.012665446770749515
0.012619405824516431
0.012435764878517969
0.012382471169481088
0.012199577614791193
0.01211418397353697
0.01205093161310864
0.011950374927622652
0.011812974085552156
0.011948611599319307
0.011971565804268234
0.01198156326870611
0.011427886323656848
0.011797681484615232
0.011758891453238489
0.012000426648687309
0.011915568915076639
0.011817156779957087
0.011722793724025224
0.01155034749028529
0.011586131041892907
0.011584432379459027
0.01157893407199641
0.011544705811953
0.011498219793768921
0.011377258651139394
0.01126784069748181
0.011115836260574495
0.011290341485158374
0.011223031178049393
0.011253345597842416
0.01134263070011713
0.011272628336804164
0.01158361002910231
0.011467293033510231
0.011509243025530011
0.011681290391703783
0.011593338529040667
0.011526835369848039
0.011581083934533035
0.01142394900683383
0.011373555043974186
0.011329685183023618
0.011701072438972157
0.011653311032976245
0.011525537936755483
0.011402514953004686
0.011351307019036699
0.01135404678113449
0.011224368273331255
0.011235364486255782
0.01115590685768984
0.01124896643571073
0.0112119238102524
0.011191227540268888
0.011212420654180641
0.011309694218239288
0.011385887348978939
0.011302477985227311
0.01169681680174869
0.011231615661839415
0.011193187938456849
0.011203816491295133
0.01118334294861104
0.011154178380142866
0.011243936160154228
0.011195026572468635
0.010984803678396092
0.010933149446190895
0.010915825423852317
0.010837644991875178
0.010759760400375212
0.010734691185579459
0.010707931041585706
0.010447436087166091
0.010330417332618434
0.010295814203564076
0.010386609170962109
0.010320739631267051
0.009893371508140179
0.009895396357741015
0.009926669381716881
0.010026800557863279
0.010011994609145229
0.009964502805493462
0.009874135981154832
0.009838849548536362
0.00976605823819551
0.009574579792738097
0.009592518961249468
0.009493191324288799
0.009461170376944831
0.009452938588449719
0.009466454150491669
0.009458138529368615
0.009351857578133218
0.009412812480852947
0.008582106817984077
0.008549489562833981
0.008552900258250114
0.008581051975761199
0.00849761834271096
0.008492365784817784
0.008601990468847858
0.008550188795197746
0.008558335912216287
0.008570280218244995
0.008996164279166613
0.008924161990101863
0.00891204890488894
0.008790224426445576
0.008794125067933846
0.008742368469198925
0.008843925629872284
0.008805306252507195
0.00861445021764434
0.008656416956653132
0.008587600388291544
0.008557828876067956
0.008552302265028702
0.008470885424771072
0.008371190946309061
0.008520812525688095
0.008460126465630435
0.008422950514622496
0.008365477157726495
0.008472116289911066
0.008953516809891135
0.008882446406624165
0.008796492260532933
0.00894791897691327
0.008968303300207472
0.009212212770539989
0.009241958281848605
0.00922780581271029
0.009298166092645515
0.009258278160279526
0.009153477798896513
0.00907322247730269
0.009079725532372305
0.009075675627929604
0.009046439089990378
0.008990378436206387
0.008917499249542332
0.00906573895550992
0.009067551847777407
0.009325635333653477
0.008988760441684323
0.008987588835115233
0.008950318117832071
0.008948348039950644
0.008943730613017179
0.009057044780261253
0.009073455224345451
0.008997130832006942
0.00904748651316115
0.00925509118914446
0.009125650540227064
0.009242081314557504
0.009257791526472534
0.009264023270533208
0.009236416827318149
0.009205466678102915
0.009144131904622297
0.00909834861827208
0.009114005244695217
0.009105262170507477
0.009928341089783466
0.009866635670393132
0.009878587777442901
0.009857172416497854
0.009818189238777026
0.009882713314095591
0.009926108247850843
0.010302195385418045
0.010818795988306314
0.010797256028279653
0.010751093520431156
0.010798329730155012
0.01144892453381091
0.011436672026714138
0.011448764796736396
0.011458250418368942
0.0119168373533032
0.011879271154070638
0.01190731356230874
0.01183912970319196
0.011837475703923033
0.011776244657677265
0.01176165839052307
0.011713557456473987
0.011666696448213389
0.011617774620194867
0.011566154005443101
0.011555792658374125
0.011517185005146608
0.011485990201700708
0.01147657532287253
0.011464659374451227
0.011450952584691455
0.011437787927621809
0.011412751169409601
0.011405112372799555
0.011413746061665354
0.01136027470175593
0.01145864146678607
0.011446043575343526
0.011427491842516756
0.011626713393205725
0.01158683651067572
0.011657685778060504
0.011594876943428705
0.011589902286574137
0.011623943919650487
0.011596581355804469
0.011575841296035099
0.011540634641830576
0.011512538185273188
0.011510575324119959
0.011416185317429023
0.011396179140113667
0.011405477180475528
0.01126290019373454
0.011250257195164983
0.011232061394648277
0.011217502128584906
0.011177656422026786
0.011161529125048378
0.01117535782872974
0.01124327169630892
0.011236477886868797
0.011213311638214712
0.011193391640296233
0.011166227181294947
0.011128019539015068
0.011124658818592207
0.011076833258166203
0.011074602022570016
0.011050045444577874
0.01100957620217567
0.010945687973304337
0.010904855475977955
0.010892153245712634
0.01096299001054177
0.01091369272498246
0.010925237151405039
0.01091832060568307
0.010869656517321765
0.010724782567784835
0.010741798139731277
0.011035293970336904
0.011027206621365625
0.010987857092474436
0.01098045587152824
0.010904801864650877
0.010875428509965156
0.010886462761606042
0.010883754732116873
0.010815882081338116
0.010778695489427356
0.010759690168901088
0.010765689790739844
0.010704674272279818
0.010713480922088101
0.010694402218348756
0.010658696170014146
0.010629301278486407
0.01060260300783844
0.010568783565537056
0.010602201176802308
0.010583292476327487
0.010554725790589529
0.01050914963497236
0.010468703658015154
0.010493154583245817
0.010787783936132722
0.010763846186332792
0.01079021547011201
0.010754615401817907
0.010566908138936622
0.010511679424649579
0.010687171242413262
0.01060603404264672
0.010588402121764491
0.010616531537741601
0.01060346486085394
0.010595734644028323
0.010607058569451657
0.010704607371952248
0.010709953381771551
0.010693603715190852
0.010714316790049166
0.010689266964929767
0.010631806510538463
0.010653130224628205
0.010673696867111115
0.01064971320641537
0.01062857013147872
0.01069955554508774
0.010741833744460269
0.010708185376828988
0.010675471996190018
0.010587731563344872
0.01055692124715727
0.010494629838818648
0.010462460955577183
0.010468373847157122
0.010449913690435386
0.010424257663659068
0.010492190111595323
0.01047731152564572
0.010450652581137396
0.01034586145036804
0.010561981678392833
0.010550355402340644
0.010769800038180209
0.010709278428140404
0.010906928772776372
0.011033211124752869
0.01101911341673496
0.011032794450359457
0.011030587604797724
0.01101523402192577
0.010984400258947268
0.011048864623323343
0.01103279577547733
0.011153568753396105
0.01115264730663445
0.01107719413201859
0.011154584218192284
0.01113658101057601
0.011185463973241935
0.011132156467828152
0.011204114227767506
0.011164826337697139
0.011341170730698872
0.01130373228154205
0.0112550746835855
0.01126267088276248
0.011221686553177119
0.01119200228899198
0.011173596290043648
0.01114522014329701
0.011168582928521594
0.011164011979136006
0.011164981786243824
0.011152786084818173
0.011151059435155137
0.011159823257373925
0.011167870472477618
0.011166730571626413
0.01115622707049954
0.011126171077471452
0.011082350394513068
0.011089743704452532
0.011037379948738345
0.011063011240650393
0.011038310011754992
0.011032060923178533
0.011041548053857504
0.011025708884313985
0.010987899932245315
0.011005995238163297
0.010969949608628904
0.010938676682070922
0.010916966610548494
0.010903515265347939
0.010951297608608957
0.01097020688606343
0.010954637384176584
0.01089583313287364
0.010830918181965344
0.01085642550912099
0.01088582662339614
0.010847464004323445
0.010813796661148413
0.010787632663369814
0.010752759020558882
0.010759359668291434
0.010775334314945878
0.01076812437246512
0.010741675588511046
0.010727732697992274
0.01063132150773969
0.01059607133719794
0.010563743647589807
0.010517175724077161
0.010492994955426178
0.010466424778446518
0.010452012784088487
0.010436997231861315
0.010435768609898059
0.0104075537714004
0.010761817121198643
0.010658056985643411
0.01066101028863026
0.0106712029636407
0.010631336128939208
0.01062165448672981
0.010599287299215035
0.010575079397984051
0.010558666092207802
0.010551488600820821
0.010520447544197379
0.010516947719626038
0.010498339234830475
0.010493437722729402
0.010469254015705911
0.010452893039321325
0.010364822856373431
0.010393529922310681
0.010379118304298876
0.010422632149927486
0.010425067264674182
0.010414525085500302
0.010397272044091238
0.010376770926423638
0.010348102614845221
0.010278320159122336
0.01026663793547419
0.010213948009435612
0.010185718515628734
0.010183012197240313
0.010166962534751457
0.010210228162570245
0.010227640842528597
0.010214432578440751
0.01018405386041061
0.010146241730797223
0.010098022575527988
0.010101489305836018
0.01008208698975587
0.010101981343987073
0.01010525971310304
0.010090180150123593
0.010072690690628891
0.01006535953671605
0.01004998774103726
0.010045311029918567
0.010065906836584112
0.010040958543163784
0.010028929627878819
0.009974415453990651
0.009949054772098112
0.009917352584655599
0.00980083499630184
0.009784799642037857
0.009775972384858538
0.00976680643666518
0.00977685223592238
0.00978899504472781
0.00976424331991718
0.00974843558496273
0.009734192618134605
0.009727984840823349
0.009715402122182536
0.009720251236452173
0.009708766973145851
0.009721762456759651
0.009698906006138647
0.009671480784953003
0.009659420261618146
0.009639940813357088
0.009620183899969123
0.009617483446853543
0.009574450938001624
0.009565107169196964
0.009492791935140072
0.009499979939003166
0.009451103503195415
0.009363061767064529
0.009346482751251606
0.00934410906270502
0.009350272330006454
0.009340087320298557
0.009325640340327379
0.009337317293026934
0.009328555296789635
0.00931895403411553
0.009292454019897676
0.009235981029536527
0.009137960989713012
0.00912271326878922
0.009097374579152285
0.009094698661576963
0.009077418615805988
0.009107699822872389
0.009078186400249634
0.009006455175821253
0.008965957513028961
0.008955962706393737
0.008947957716578537
0.00887213783677635
0.008881803937599526
0.008880478073775629
0.00888869176757648
0.008851399009196396
0.008859759985285962
0.008840790332944388
0.008743260388514749
0.008727592174117008
0.00873543131215099
0.0087271151702503
0.008721938198717563
0.0086942999853897
0.00869231126704439
0.008682226682914069
0.008647662128398343
0.00864501852842504
0.008631598448550524
0.008603033458134913
0.008598850278715072
0.008578232506063477
0.008580296666111563
0.008650953479948476
0.008636377348612834
0.008619242595098399
0.008628647402286608
0.008651358281805173
0.008648857828923625
0.008617517556988684
0.008599934389187392
0.008547461821423817
0.008541330322848996
0.00853713274174042
0.008528582264382389
0.00850038790770261
0.008491141638383739
0.008474307986805187
0.00857598636351184
0.008542379838496263
0.008524324020453777
0.008441249273173398
0.008411511628859294
0.008418070364744751
0.008344952942205892
0.008332077459413188
0.008347882408365294
0.008351937489864632
0.008325308450273069
0.008306786043037633
0.008302588077463422
0.0082854904189163
0.008263481532366621
0.008296988651276769
0.008307996726725062
0.00829064578767992
0.008261796216862462
0.008277874671850349
0.00825761442376491
0.008258449858693647
0.008248728786905616
0.008237525554806047
0.008223763236449669
0.008230191187090207
0.00819921103253312
0.008186766954327
0.008179994626540487
0.008169414652028601
0.008171246076751593
0.008149507215564985
0.008143169703927073
0.007331813991779004
0.007306414780013268
0.007301927947205517
0.007295050944371709
0.0073007116139123885
0.007250989943742154
0.007181315612023029
0.007729831586630109
0.007522469813592127
0.007513176140832036
0.007476357213084399
0.007389368903397959
0.007397355427673364
0.0073899367528044765
0.007356137808998155
0.007376021720194772
0.007362886535365173
0.0073386534139757075
0.007329059948481806
0.007322976586202958
0.007303821676838247
0.007291575725463675
0.007284080124020677
0.007284628809058492
0.007305518003509858
0.0072985294749089505
0.00729740096359388
0.007278094920084519
0.00728624910259318
0.007376384512076305
0.0073408573974358465
0.00735497009339849
0.0073469400733696495
0.0073358334240389905
0.007340097258748997
0.007327721575079095
0.007304184517745459
0.007299462040167959
0.007241526412068337
0.007228088383635631
0.007216737310959618
0.007208007979546415
0.007206580532116854
0.0071673957708167845
0.007159532029948188
0.007153599047019425
0.007154731000378353
0.007106147786111943
0.007094085213140568
0.007105527375609173
0.007081247164575567
0.0070854280445193756
0.007064011200032746
0.007033021489106221
0.007039766354226383
0.0070286938720457
0.007032602670989514
0.00694303496117126
0.006927966644037386
0.006958525110016266
0.006941663413339763
0.006926309923573977
0.006922149931220402
0.00690242978615644
0.006899302408847062
0.006800393969765995
0.006877806192016779
0.006868997183901149
0.006863102450614648
0.006856578693469904
0.006859767536011282
0.006848847447704786
0.006845909286592842
0.006847846700948931
0.006804451778667712
0.006753517251919057
0.006745731194220988
0.006769309243657421
0.006751687622116274
0.006745850253944468
0.006721360147288396
0.0067370517895282735
0.0067295970233358406
0.0067277595285498435
0.006712126427401722
0.006699109704004735
0.006694915160974395
0.006683193536514845
0.00666764523676028
0.006647547568906763
0.006628826851535215
0.006603936554356858
0.006596325856828928
0.006592742069809764
0.0065773094715605085
0.006562646328271419
0.006565663250665273
0.006573665450763461
0.006551674716781759
0.006551850372708822
0.006543859271965409
0.006547596618255474
0.0066094776049746345
0.006600995307423924
0.006598780264087417
0.00660039216261702
0.006605551901167092
0.006599018831328552
0.006565830553881832
0.006558214810452079
0.0065363643260033365
0.006520901917193709
0.006542398569249863
0.006538607909246111
0.006497943299423379
0.006457098287936377
0.006453161091228346
0.006440921037952192
0.00642719660409906
0.0064096695706460025
0.006388424152019996
0.006373021177221055
0.006350147547379633
0.0063427561422010935
0.006337494244318896
0.0063323544215294885
0.006308950350551352
0.006302165161278937
0.006269736791754264
0.006223425562225365
0.006221908934963939
0.006208642281067511
0.006209298446434241
0.006206263944925176
0.006217205787289574
0.0062180751531286755
0.006214931680541339
0.0062098679668360895
0.006186297811712567
0.0061876017966036164
0.006189853749226337
0.006184777120346918
0.006123785428017758
0.006108389178179453
0.006106153468939729
0.006173315641842126
0.006174306139136114
0.0061370031901423535
0.006125902259978246
0.006122118659198531
0.006138967729241851
0.006132299307162687
0.006116509420188004
0.006101927629291678
0.006092533828465462
0.006080284386263982
0.0060016670220314795
0.006003093601361462
0.006000119066077434
0.006002420943411351
0.006022688858108667
0.00601636422158512
0.005999223123760381
0.006007070098246421
0.006002089416929156
0.005987528029126008
0.005985777167533814
0.005987033177163929
0.005961763504580573
0.00596617750610071
0.005957014649118852
0.005950205378271124
0.005929390907292354
0.00583749258742052
0.005826395506476301
0.005823932992040471
0.005816460320055887
0.005805708374474401
0.005795634835525812
0.005792209673319967
0.0057844841282398704
0.0057799638814187695
0.005776364785861801
0.005770102986527997
0.005773034918204544
0.005800812055983684
0.005785072741334495
0.005775911292130727
0.0057795843611154005
0.0057753384539453246
0.005767315605058682
0.005769509446929259
0.0057763687934683115
0.005791474284526838
0.005787953548834316
0.005771021724689062
0.005753840876191181
0.005747150595460076
0.005743204118513756
0.00574018372083933
0.005715792701121977
0.005682483337704143
0.005665491597149351
0.0056631068497810825
0.005652055041979133
0.005639127514913921
0.005632524080185672
0.005655067702636284
0.005639042051887956
0.00563769235252284
0.0056099976101771885
0.00559495399968241
0.0055944883449872826
0.00558399786332789
0.005590016983885285
0.005598675910643265
0.00559607046831352
0.005590026558655164
0.005583536216461915
0.005589376643569726
0.005584589455334415
0.005568635947745101
0.005589887333032191
0.005583915319679436
0.005582732280543758
0.0055734368270092234
0.005576778926451164
0.005561565798799226
0.0055543104022684
0.005518718557890912
0.00551582581036341
0.005505170994388955
0.005501285103496274
0.005489970508729115
0.005471132353156462
0.00548763459471914
0.005486804493196197
0.00549829320685579
0.005500237375474058
0.0054941918514086995
0.005488613955283478
