0.006079448387026787
-9.385962039232254e-05
-0.002359270816668868
0.003978339396417141
0.0056359923134247465
0.000639551718320165
0.0044609131291508675
0.0037309573187182346
0.013899958529509603
0.015021177537908607
0.01382149613345973
0.012818096792146275
0.011766846869639785
0.010810743237379938
0.008219662555347895
0.007957410324118374
0.007441651719596445
0.0047755702368081805
0.0046900463261408745
0.004161510325502605
0.004662206076318399
0.004431995153224664
0.004324107037973592
0.005104011963121595
0.005140473649729619
0.004979677907950074
0.004791327496475009
0.004545442818198355
0.004405537702647661
0.004263611522600838
0.004003350431048604
0.0038967394405820736
0.0038097278833019513
0.0036713641544338337
0.003761468701769548
0.0035821323014002915
0.0034895570440168855
0.003422216657035723
0.003368485999817496
0.0032682280374191175
0.0033400799813015137
0.0030866517512084454
0.0030193633663822615
0.00319412365238855
0.0015788698456953697
0.0016596998156796399
0.0027007316248273136
0.0026379578199822043
0.002628276383911726
0.0025750954504759403
0.0025256193286203113
0.0027762811603095996
0.0007388942123253851
0.0014444630159811255
0.005491817892951596
0.0053994228860813715
0.0054217199660092
0.005221663755761812
0.005022284740274094
0.00548746282112886
0.005337312331786024
0.00528935896144258
0.005203299455899926
0.005153238048492666
0.005086262587417771
0.00516464706183865
0.0050579656899572036
0.0051578488846776025
0.005065780539267251
0.005631566290798171
0.005587939930137513
0.005531090302586205
0.005322261981328251
0.0053141163759573866
0.005250447672551676
0.005149743635430044
0.005101524279290555
0.004983726014352564
0.004912289603862524
0.004792182947076749
0.004751303130322461
0.004680119061476838
0.004680941124639681
0.0046151346301485366
0.004579331171551662
0.004416431619522459
0.0043999826627276195
0.004327860269134704
0.0042257287908594515
0.004393611948306814
0.003616572707632382
0.0035819693985886508
0.003525346632159204
0.003473405653379532
0.0033813172346602543
0.00334382159657178
0.0028984421476670142
0.0029984704390267607
0.002987388397777982
0.002992767722803775
0.002787189751924261
0.002692900821590605
0.0026985482968484627
0.0026643708074213213
0.0025364796552856017
0.00262408153397803
0.002576200174324325
0.0025476820229506274
0.00245449897249108
0.0023867267990279844
0.002236231977836469
0.002239466670868909
0.002267765450341634
0.0022475981311720805
0.0021544974333664916
0.002139361597260298
0.0021412966564994243
0.002237336958700819
0.002316053023605496
0.002956984886127021
0.0029265667765342187
0.0029172577737400928
0.0031233964143593225
0.0031622377262683628
0.003136553325194182
0.00310462666343161
0.003063744096266423
0.003038888866539377
0.002895999209879221
0.002979685009331873
0.0030096037970162672
0.0028973209742356927
0.0028858476155741637
0.0029870067471940175
0.002962704191839511
0.0029396868235878615
0.0029151011394392533
0.0028788946961972347
0.002585576582870483
0.004034176787649654
0.0037930725736938726
0.0037646561933696054
0.003536893750202179
0.0035255732537640676
0.00351005493695545
0.003483853605516467
0.003463610234010395
0.0034406337044795617
0.003427629924068851
0.003395258855315187
0.003375310661220669
0.0033544128802734355
0.003464209586446171
0.003919215806132756
0.00392271080347247
0.003950964557959785
0.0038564440174819643
0.003821536108691091
0.003773333655499304
0.003748556553919063
0.0037436386392298076
0.0037196890199792674
0.0033089966530430387
0.0032543767621973567
0.0032308597412382583
0.0032057431788765165
0.003186937012980624
0.0031911407437378073
0.003177673896511007
0.002900194246931229
0.0029592799400297563
0.0029900010975146426
0.003150128369636425
0.003152339137408753
0.0030381349321363517
0.0030478423938653755
0.003036495280733958
0.0030139895573397606
0.0032083839665574517
0.0031611286794338456
0.0028461240468499443
0.002919095143013576
0.0026566243559500466
0.0026419020966607855
0.002627976292945192
0.002571947403631256
0.0025604886992523683
0.0025697725227690287
0.002561394254275674
0.0025697897560315493
0.002581058840481398
0.0025562304160298348
0.0025641730685445952
0.0025207601097346766
0.0025512440673138605
0.00249141658844514
0.0024972770571375924
0.0018358587340162815
0.001908993259203274
0.0019076723940305636
0.0019049524992507322
0.0019064942662853073
0.0019046297259360592
0.0018979103143309934
0.0018760003599488588
0.0017203073946512808
0.0017735094026927734
0.00161707908357661
0.0016302603472251522
0.0015611795273910735
0.0015479588400235404
0.0015071694859540767
0.001498370937892635
0.0014532332866977887
0.001366923745957107
0.0014693110786010391
0.0019677262940821097
0.0019827485143671638
0.00179405221457604
0.0017864436767634551
0.0017964882726782673
0.0017868473633772498
0.001457403724186539
0.0014727586388471566
0.0014838132913215672
0.0015646380249968357
0.0015770758796989305
0.001381639763782786
0.001223220998571895
0.0012158780642903594
0.0009964738681384068
0.0010243655476145088
0.0010192853315724945
0.0009795807544426883
0.0008795957906471133
0.0008782021252068578
0.0008722903938392233
0.0007359689494843866
0.0006778354348777338
0.0006834467606031156
0.00048165803210312706
0.0005258729493275694
0.0004928570744268088
0.0008568240443365773
0.0008503367690588623
0.000842881610923165
0.0008786461806765528
0.0008461189911367464
0.0008314946726604859
0.0008334103596674593
0.0007610450302597648
0.0007577640829658948
0.0008314674225804061
0.0008281534744823819
0.0008565326376697187
0.0008491873294400471
0.0008117165368536784
0.0007897791796895204
0.0007399033779130668
0.00091020187952465
0.0008872399976515267
0.0008940093726439414
0.0008866780295427456
0.0008067246286510428
0.0007876084083616863
0.0008044489892090657
0.0008300838080550215
0.00038104088946469176
0.00037935337222060793
0.00036843756342227953
0.0003618790034285211
0.00036063703574878406
0.00039243318697516075
0.0003811489764220022
0.0004182984499704537
0.00041564335592262806
0.00041320977004734283
0.00048119310472381137
0.00011149754011837478
0.0006439653745176315
0.0007747432209983994
0.0007718168708636505
0.0007745028574582915
0.0007868877317441913
0.0007774426611087478
0.000767614192664804
0.0007834548789813019
0.00025771289517431326
0.0004744148652113451
0.000483830849817297
0.0004719448385402194
0.000373186658757563
0.00034489930954050864
0.00018578738490143478
0.0001601961769641091
0.0004809096757685537
-0.0003284034561916645
-0.00025006116023886557
-0.00024706898242584215
-0.0002598135213950083
0.00026938610952864276
0.00029332227804183423
0.00021907186768849678
0.0002298702792642415
0.0002296197851963843
0.00022642651351179578
0.00022727725251582537
0.00021758395194228415
0.00021525780673161535
0.00021978752447817968
0.00031353044580147534
0.00035634602024108556
0.00029825730278760484
0.0002978459607610234
0.0003020868267712228
0.0003302140398816247
0.00033610756884244297
0.00022419122769205593
0.00022702168798787375
0.00024376777256403983
0.00025610101811648754
0.0002549982933549594
0.0002570078109267452
0.0002538083900267708
0.00026447553401156047
0.0003243064689763275
0.00031719685985746697
0.0003498962025531788
0.00036967227669348283
0.00036173745173133896
0.00035544794318631074
0.0003544711996307412
0.0003412420620641119
0.0003416443849047629
0.0003440366162002275
0.0003472071446443667
0.0003687468452509834
0.00035516180793758706
0.0003719741866221114
0.00042295248406730104
0.00042554013110377125
0.00042566399958822166
0.0004385510654195309
0.00037267141041398376
0.0003733194860857034
0.00040208141985025785
0.0004083366221315934
0.00041647973216836444
0.0004185645577360594
0.0004176144079727959
0.00040490666078147453
0.0004083515633816588
0.00042475261391901337
0.0004083540469828623
0.0004062035908482579
0.00031991272001452093
0.0003175960660557827
0.00035859014583606777
0.0003464808614504987
0.00032981138701115165
0.0003437668755953635
0.0003271045914381155
0.00011568228569808437
0.00011562855204779573
0.00013281608290362644
0.0001350153905482457
0.0001319921772115476
0.00017302801274654594
0.00016675064080855906
0.00016922191778115516
0.00011566005275287305
0.00013044242528537333
0.0001320489284316782
0.00012932271065074172
0.00012899735548052666
0.00013814972339968432
0.00015244249655470613
0.00015072675861098485
0.0001513434315567903
0.0001585462100175117
0.00014735141840992253
0.0001493374218402628
0.0001422319124202446
0.00013898928493715808
0.00018298414155830918
2.9539968699995086e-06
4.02511440154784e-06
-6.509436597107341e-06
2.1944950281185642e-05
2.1705156062259798e-05
4.384537422139496e-05
1.9889305801786636e-05
1.918657547086037e-05
2.7724017343622355e-05
1.4865746466931506e-05
7.994859105674522e-06
5.975729148684572e-06
1.2379177814979139e-05
-7.609295785185559e-06
-1.822067506940274e-05
-1.452695434536864e-05
-1.4715822147330869e-05
-1.0286273339773107e-05
-5.602012438261826e-05
-5.64162391411018e-05
-5.9353759026155465e-05
-6.772765553197152e-05
-7.196099079659491e-05
-7.303612911062056e-05
-7.331020743857195e-05
-6.97148019161886e-05
0.00016283475753184595
0.0001675347837827653
0.00016732922087985382
0.00017949122048304092
0.00017566706067749312
0.0001783133668280357
0.00017631932846782562
0.0001756192877283403
0.00020456801697484332
1.6196812350108167e-05
-0.00018991472648552743
-0.00025756530116491496
-0.0002594158223869525
-0.0002569974259460184
-0.0002637460158601216
-0.0002440292094807955
-0.00022718929331097583
-0.00020722573843285662
-0.00020815722211468536
-0.0002117128874951271
-0.00021195907522256665
-0.00022518759110656266
-0.0002225635111579141
-0.00021931221758969465
-0.00014563243570949851
-0.00014352719110370018
-0.00012863032768144488
-0.00013146252669932963
-0.00013834255646243994
-0.0001139966250783832
-0.00011428988334085027
-0.00011509161812854512
-0.00011278203520724245
-0.00011551218193593682
-0.00011594457211820105
-0.00011996410882326276
-0.0001297514358772829
-6.75597145285173e-05
-8.376378218700415e-05
0.00011910286122527892
0.00010730901005653976
0.00011621912765319482
0.00017188401320059575
0.00016860222023608223
0.0001672977256614188
0.00022651750938428765
0.00025064538614835317
0.00021096805121092395
0.00020682153069160404
0.00020593041268488526
0.00021173878122950586
0.00021353027296237243
0.00021596510240308168
0.00020916629469366652
0.00023566815426426328
0.0004607324457281686
0.00047182045418904897
0.0004952683738357601
0.0005132370261289649
0.0005185700839219721
0.0005199024087692396
0.0005172678744846848
0.0005166203248671477
0.0005031583850684908
0.0005028608909322011
0.0005042230146980011
0.0004729009268086066
0.0004706721001677289
0.00046968858209870177
0.0004826737233609155
0.000460705848509216
0.00046310578834680874
0.0004617303204232151
0.0004611241378774556
0.0004648261474582269
0.000517491715225364
0.0005172690202172629
0.0005157870054044547
0.000512308416803623
0.0005499666060568131
0.0005431659192660172
0.0005401141164146683
0.000539242430485585
0.0005430240749048266
0.0005483873322281036
0.0005334257567852213
0.0005327299607822084
0.0005410348185432678
0.0005447938038268197
0.00054197288499566
0.0005320177577478161
0.0005224767908924752
0.0005822915140411765
0.0005579311896775909
0.0005569089562682955
0.0005606541917407557
0.0005565941090826679
0.0005060213751694044
0.0005256052657915664
0.0005349217268708638
0.0005280452057375497
0.0005334821324437924
0.0005244751453115128
0.0005256078938738185
0.0005198006946868526
0.0005930553285650744
0.0005931195672839515
0.0005935358238590346
0.0005923503285745444
0.0005931416056182752
0.0005904877170018941
0.0005836430686315895
0.0005892903967850596
0.000615978878006627
0.0006401719058780382
0.0006230787246949792
0.0005803496560870183
0.0005723171698607411
0.0005936851633649134
0.0005919062524586297
0.0006013379859460729
0.0006021413369143136
0.0006027524073143927
0.0006057244271137763
0.0005935489944919913
0.0005916947911760562
0.0005531179665952918
0.0005510193223320441
0.0004786120934216127
0.0004794334017821629
0.000476877103320974
0.0004848173141086225
0.0005047003100734317
0.0005043193325849444
0.0005119839934927219
0.0005391115121936476
0.0005413459796898334
0.0005363376523051895
0.0007028255405217661
0.000598205531843264
0.0006338847147417525
0.0006360251621015862
0.000744665503009094
0.0007518159716140969
0.0007494651217744752
0.0007640756017594042
0.0007646808097301082
0.0011638874986114652
0.0010768272208218036
0.0010769784044715122
0.0010947510585389497
0.0011218089384299756
0.0011201474903208318
0.0011259924597591515
0.0011576759630831498
0.0011509251593304756
0.001160313972002654
0.0011773657079270626
0.0011754399059143265
0.001171199629256704
0.0012169741467592515
0.0012190182634543578
0.0012162412081132704
0.0012195653646769097
0.0011843186526404605
0.0011806521730741047
0.0011796904707364743
0.0011656988552298081
0.0011637328243492074
0.0011516200547765712
0.0011481524959307083
0.0011465421599676706
0.0010347657697828763
0.0010314154918198558
0.0010330101826900378
0.0010321412732002117
0.0010251269077266555
0.001019800434563477
0.0010571341240631481
0.0010578444463116958
0.0010505997671971343
0.0013288242507585883
0.0013130908109157938
0.0013178452798169541
0.0013055812854860605
0.0013002083884403643
0.0012966769504456728
0.0012788486295570096
0.0012807729546660453
0.0013056104776462906
0.0012537279510272344
0.0012519635482485636
0.0012193035131493792
0.0012136543890735908
0.0012123688746430391
0.0012096682752940086
0.001202794508843774
0.0012267938262710725
0.0012007402741185105
0.0012112534609870795
0.0012113242625820494
0.001203872876522818
0.0012232954760714558
0.001222849659603976
0.0012158637699921152
0.00124595564963716
0.0012454454175430797
0.0012439046983261873
0.0012445285318557562
0.0012941888340994654
0.0013005206082479898
0.0012983405424591154
0.0013116448765300465
0.0013276820757683952
0.0013212759173312067
0.0013191544201264591
0.0013174142065215425
0.0013158958343035302
0.0013116906837113273
0.0013097296893296465
0.0013103850019598844
0.001318796553679606
0.0013303713972743767
0.0013263473000928439
0.0013828669504349195
0.0014796252786471327
0.001456938940572343
0.0014498028351937382
0.0014249788432302564
0.0014526762411335324
0.0014544063926299716
0.0014523424768396024
0.001428945060703087
0.0014182910503921287
0.0014225852954117258
0.0014092785349958726
0.0014065431160733268
0.0014068317104857478
0.001390629647523829
0.001834260857553639
0.0018111683027101472
0.0018050360353388788
0.0018478726583848707
0.0018497072610582528
0.0018440450196089272
0.0018370392329230866
0.0018355898275678937
0.0018369792619744156
0.001832225433200937
0.0018290032247468343
0.0018255466166970863
0.001840227676135023
0.0018392817595654365
0.0018264008142789693
0.0018260832293481369
0.001816620331228589
0.001806255078869245
0.0018041228326916095
0.0018809669299009594
0.0020769347494008043
0.002061932089675175
0.0020349448006948424
0.0020194925030254727
0.001998440000913582
0.0019858986431394434
0.0019888358622432312
0.0019859778301997886
0.0020200591477693257
0.002006457772370327
0.001990221193433532
0.0019807453213569522
0.0019755419038869687
0.0018028235152844122
0.0018020012556951705
0.0018057144711793602
0.0018116663301958253
0.0017711929273870417
0.001828367279257153
0.001812363005670936
0.0018155969836635146
0.001802532466628843
0.0017981647865217777
0.001773536536261453
0.0017695132749515519
0.0017687092726089869
0.0017715420004699972
0.0017693631721125952
0.0017679660138076438
0.0017652239398460584
0.0017467505081380024
0.001688481055261146
0.0016845907522260678
0.0016929679557893505
0.0016907508535007948
0.001687205614524016
0.001684654004755864
0.001680557404141466
0.0016791659863781526
0.0016759452191277497
0.0016743159489599293
0.0016709707264425716
0.0016708276609396196
0.0016751705085797874
0.0016628823730027089
0.001650783284309241
0.0016486618029973588
0.0016469201833863715
0.0016476677183997431
0.0016480970364817435
0.001658510462843163
0.0016740377973537524
0.001663128129196732
0.001658912801712148
0.0016583440645253189
0.0016608806338019426
0.0016582807562637066
0.0016547846508879972
0.0016538982766016446
0.001657656436787273
0.0016661132452080144
0.0016710774543927099
0.0016565315473953597
0.00167085000196859
0.001669958813539802
0.00167368748209723
0.0016685903593253665
0.0016640924701506927
0.0016536701465918553
0.001660990242361112
0.0016586974640859543
0.0016562324607221563
0.00164825970725644
0.0016499446515149613
0.0016409576282674896
0.0016392904264132477
0.0015975816943738206
0.0015730145583991825
0.0015653756798734958
0.0015590614001365316
0.0015620016648509097
0.001558704524962634
0.0015602132740308936
0.001555855188286802
0.0015557440678137617
0.0015375605746549515
0.0015085104548538876
0.0015068699030459057
0.001513183500856033
0.0015192591459342957
0.001523348563698401
0.0015203133958591483
0.0015195714510514724
0.0015108701061584684
0.0015112063548868768
0.0015007371168377888
0.0014989125438683983
0.0014958576519085317
0.001494483776353609
0.0015294891313296461
0.0015351849295544614
0.0015582918326687957
0.0015578651712786897
0.0015576220451757503
0.0015503679101106411
0.0015481357423622864
0.0015299706066686345
0.0015267620046391789
0.0015304653709837404
0.0015156708114294625
0.0015366434489157185
0.0015326483080919551
0.0015248545629354337
0.0015215342839206432
0.0015201301776955173
0.001514401735492907
0.0015176235780031914
0.001514630268846028
0.0015215506517834722
0.001551424465162154
0.0015503862736630906
0.0015383424364525447
0.0015361663728628739
0.0015346620114376167
0.0015325156125264665
0.0015500037820429062
0.0015520416090406201
0.0015481688933937793
0.0015460151558022548
0.0015328598103596526
0.0015634613565178633
0.0015602645983348947
0.0015534338912678795
0.001563040458242306
0.0015508498017315733
0.0015479797488253961
0.0015512479198407359
0.0015500241389295572
0.0015477429352145436
0.0015451594231986772
0.0015442446658104553
0.0015471252556016274
0.0015321681680364938
0.0015338087506954587
0.0015357789594868459
0.001533416245225254
0.0015419664215856736
0.0015143108240709743
0.0015133876669052603
0.001484844275253597
0.001483729180726037
0.0014768555345738045
0.001477041607873196
0.0014745274135709782
0.0014544978707762772
0.0014551745141310262
0.001514558420005005
0.0015130284808913207
0.0015171377403832235
0.0015148762145303887
0.0015133951856835944
0.0015129281442308933
0.0015144883418434013
0.0015130156213383698
0.0016098113941678811
0.0016103181743230557
0.0016065228610712464
0.0016062745285554075
0.0016052816549637086
0.0016037370497022578
0.001604638496073657
0.0015972692642768095
0.0015964537162561651
0.0016711348058131843
0.0016635217151134039
0.001694583791651667
0.0016945870554086239
0.0016737424579165495
0.0016820250302985481
0.0016805215101392036
0.0016906128807846592
0.0016867686347628197
0.0016839116234740792
0.0016767029892211592
0.0016773177117590798
0.001674532251803606
0.001671565142066098
0.00167019090666111
0.0016689665290699832
0.0016672029043704169
0.0016565272347426332
0.001651614506192552
0.0016601921384744036
0.0016582449379995672
0.0016487423102306388
0.0016460194717845135
0.0016436512486599356
0.0016410201042121111
0.0016366789555371977
0.0016337690879833586
0.0016332256049753026
0.0016338456325632024
0.001631274935358595
0.0016305633425134688
0.0016259476498306303
0.0016307475796601275
0.0016380728423392881
0.0017232965804544352
0.0017205961711066614
0.0017189023255056379
0.001722954713484534
0.0017178496086336923
0.0017267201727860695
0.0017255128552206701
0.0017132771977631093
0.001709469722044815
0.001688816810023178
0.0016901495593498147
0.00167471753563374
0.001672866365809169
0.0016882489429032763
0.001682322837241924
0.0016831010675305493
0.0016899883769396168
0.0017016806805441693
0.0016985371877251184
0.0016942537236386047
0.0016932343044919935
0.00169166200362775
0.0016885264093970892
0.001686960294024023
0.001687089939620366
0.0016949546352427332
0.0016954662627721435
0.0017032942376470404
0.0017100207454781426
0.0017078578138841711
0.0017074202471213742
0.0017033600462857258
0.001703343164992654
0.0017029274108548837
0.0017014439858656126
0.001701970556496236
0.0017002594597305114
0.001704696087609278
0.001715611979872477
0.0017514336446500303
0.0017512598248633677
0.0017531145196877027
0.001749104227862946
0.0017492134525926792
0.0017462788736193715
0.0017432202145826463
0.0017415188109314212
0.0017465580112342343
0.00175691071716537
0.0017528184877615514
0.001752950270888119
0.0017500572061650147
0.001747047494724122
0.001755822731828838
0.0017560456939442186
0.0017712336828410956
0.0017713712589220896
0.0017613778473985766
0.0017286792180932584
0.0017133601510370348
0.0016997811946975548
0.0016968140155535995
0.0016923763377874326
0.0016939868424209659
0.0016264816188471028
0.0016307092729872343
0.0007966481220512569
0.0007913994529380318
0.0007901895767063338
0.0007186888504289338
0.0006779056457909909
0.0006883404254289138
0.0006876177570308901
0.0006959257453317381
0.0006940248653067194
0.0006839423470770486
0.0006905355204143772
0.0006878784327599539
0.0006852940171473635
0.0006981176330860879
0.0006957718076846022
0.0006970395862651923
0.000694205378761115
0.0006928848819079435
0.0006985988230012477
0.0006959947387877501
0.0006966796023711613
0.0006852818346873794
0.0006753891271613473
0.0006788329838490595
0.0006757356364833869
0.0006736695411671041
0.0006756547325299651
0.0006753488688827715
0.0006697352111992637
0.0006658910905397577
0.0005621500974032257
0.0004311521380859492
0.0004083489192478416
0.00040628923348788137
0.0004104983865389301
0.0004966719221426642
0.0004956014612659512
0.0005004846425232225
0.0004994328890864882
0.0005295622495784156
0.0005385354497969465
0.0005306057343989865
0.0005288923331553614
0.0005285288497995105
0.000527387851665292
0.0005269923165689423
0.0005327977358633796
0.0005613068443663447
0.0006106650063008849
0.0006229568681472172
0.000621794582751242
0.0006122702667129221
0.0006109557176795861
0.0006142624422113259
0.0006158915626297692
0.0006047566042416304
0.0006037828120638423
