0.013848753646016121
0.013979359219471613
0.020792369730770588
0.015044950507581235
0.025553486465166014
0.021167761513165063
0.017387955216690894
0.015252849074184062
0.013603492651600387
0.016944462444040582
0.015487157128518444
0.015250598662532864
0.014294713344757577
0.013091739228305716
0.012255326466402037
0.011287145070074233
0.009719512813414134
0.008803270610147398
0.009575850376859305
0.009142367005725167
0.02382714582067406
0.022743704447866945
0.021816612199472733
0.021598562428262087
0.021723505089399766
0.0233304917066427
0.022435109166378555
0.02130125443940854
0.02064063603950975
0.020133497394366012
0.019506769325744248
0.017890738109902795
0.017211579140755082
0.016903748015673573
0.016187687790887955
0.015765875673890626
0.015296795229292729
0.015007863401805465
0.014995251603249934
0.014585284557386604
0.014340752864622384
0.013989713972943385
0.013544452407090422
0.013275730841430943
0.013036027934108662
0.01215969491626156
0.011908974158965673
0.011675431748272434
0.011430381779791788
0.011156923860064982
0.012345759136503777
0.012039924111823497
0.011830449678840253
0.011597985648338428
0.01179564163092956
0.01166895705197627
0.011468422515839656
0.011278418814210945
0.011136072111548854
0.011029907889648903
0.010870444975162465
0.01066278536537928
0.010500870679607031
0.010315784824510605
0.010411641657507667
0.010370014935606783
0.010270407746943152
0.010112533087680198
0.009974006221662942
0.009869632200488795
0.009732491436403104
0.009392200404027006
0.009475290821904531
0.009383399628762468
0.00917552736236279
0.009062217410340872
0.009123465626311002
0.008960262478271775
0.008843571021679968
0.008785669954693421
0.00866972231259996
0.008588471435710333
0.008463286244347864
0.008399350471239927
0.008097085637293578
0.007875185129172495
0.00779185283764409
0.007612724102911901
0.007562203562863746
0.00742671298164399
0.007362624865535238
0.0072889689489715965
0.007235976022592644
0.007208833929096159
0.0070798035471853
0.007068011614334411
0.0070057023785549885
0.006988611535464344
0.006930025828623918
0.0068752878300308564
0.0067741004668813104
0.006683459063371406
0.006521898698897887
0.006430283316183799
0.0063621968409554005
0.0062344901308049655
0.006145408444825558
0.006057805307887698
0.005768525044682485
0.005725419157061959
0.005664449639230699
0.005634391122879838
0.006158345872041032
0.00603422633784763
0.0060495106604478216
0.006003182497184977
0.005970228455888738
0.0058931431662391145
0.005846976742395789
0.0059512490381377105
0.005862033053193455
0.00577935862401785
0.005690050902264762
0.005646282727248042
0.005626017935846621
0.005574381183241647
0.007609478357039741
0.007557669671070986
0.007479134648299532
0.007406718480087049
0.007412066801683102
0.007324397930139296
0.007355696787869167
0.007143996602799576
0.007104833250302957
0.008106895412609876
0.00801980803478965
0.007962061974480449
0.007915476660855349
0.007876745399879459
0.007840337882184878
0.007782830272526874
0.007629964444378051
0.0074702154157546795
0.007952016327280573
0.007790364041828654
0.007789726717050687
0.0077329501997009135
0.007822904175748897
0.007835706250587117
0.007791273740382934
0.007738195095965306
0.007681204360140967
0.007687658417290228
0.008037290831662876
0.00799987877444379
0.00789053178761859
0.007937257881287293
0.007927868952083373
0.008025717192965052
0.007961755898981614
0.007908990683353313
0.007804321093472692
0.007929049603990278
0.007882286641863875
0.007831834649027904
0.007929355096556328
0.007912980212699814
0.007888597720354001
0.007829156496520535
0.007760365934129452
0.0077437407900195696
0.00773801168769092
0.007661037654532783
0.0076100010839416565
0.0075707640524362955
0.007537126147336706
0.007394327510160641
0.007238475381988486
0.0071982109186127605
0.007143792607786342
0.007093815957186512
0.007050869701466263
0.006980865474906749
0.006837436805184434
0.00679258980645417
0.0067250988817869105
0.006646922393840558
0.006472559649218484
0.006246370232693912
0.005992039672870909
0.005956377338939537
0.005939156853443263
0.006335408832259975
0.0062630242634385234
0.006710934868217727
0.0066850474351961755
0.006645632032658925
0.006621039671663309
0.006613759545274007
0.006578862425680431
0.006555644105480445
0.006530834832208745
0.006512083689094428
0.006503426028006976
0.006399340388898799
0.006362762130965375
0.0063504320425209785
0.005902510638684145
0.0058720263573743825
0.005829421752904
0.00581257835806931
0.005797755770740495
0.00579210375225832
0.005794833199817932
0.005792189369148206
0.0057778637440380675
0.005737665981188795
0.005565001671691954
0.005598200253399017
0.005629288943063338
0.0056357015626564535
0.005452247943594558
0.005413330639259787
0.005381889693890761
0.005438203044455716
0.0054197864017368645
0.005431546015305521
0.005407144784302268
0.005337228650870749
0.005302956513521073
0.0052845652756414105
0.005284953116736292
0.005269878995270429
0.005250132168700891
0.005235459106909957
0.005208720455101219
0.005191950461689372
0.0051579728199309715
0.005124136484848796
0.00577423855868478
0.005794052996659755
0.005796114175609546
0.005776610637466157
0.005749345330506794
0.005741648397020532
0.005714189708376052
0.005687076670230351
0.005641331937920767
0.005582660730509365
0.005576557933275739
0.005534003850216645
0.005510749927674709
0.005481177012210108
0.005448106014057429
0.0054982326024394035
0.005473533033245773
0.005451354381938924
0.00538549958767432
0.005406797924594171
0.005356539211816683
0.005411746717328575
0.005422383434327483
0.005387706928480116
0.005386623463283126
0.005318293177419381
0.005292805537627921
0.0052693140546191414
0.00526438698951905
0.005314267848262208
0.0052826365576145356
0.0052674410782303244
0.005249650609272915
0.005239478198081168
0.005237741450611685
0.005207241868332534
0.005248464519112359
0.00530453924481685
0.0052807273596304815
0.005653267333918296
0.00561625912412134
0.005609457728618758
0.005634165088952318
0.005612832613712126
0.0055988275101941576
0.005569896630677944
0.005536030165431938
0.005582437398519194
0.0055629634173438415
0.00552573346942335
0.005437375792995499
0.005408970939832635
0.0053885959232440606
0.005385680694746688
0.005393338728665821
0.005358474390996345
0.005295619949018314
0.00521762762447456
0.005180931295374949
0.005171455754587143
0.0051629184791028
0.005145730934996791
0.005142729378779842
0.005045882519477686
0.005030815952731024
0.005005548725347185
0.004986500684215381
0.004935105016986646
0.004911946892060505
0.004891055708680335
0.004872144376349752
0.0049032126720262
0.004880100706987791
0.004867803849721519
0.004850189801247693
0.004828211264521374
0.004882203377649677
0.004859019218983061
0.004841269939561243
0.0048362186554920155
0.004819222847359494
0.004804522712704517
0.004782086669028676
0.004775140611051868
0.00476208671157361
0.004744592072135648
0.00474915912060923
0.0053706713958758725
0.005346084127130311
0.0053060233875320585
0.005297873195789189
0.0052293361717951825
0.005251047152614229
0.005235833526760993
0.005211866604310801
0.005207382314705472
0.005198539575117917
0.00518068138905423
0.005167335393686216
0.005155853192413107
0.0051472340948312606
0.005080136347590244
0.005063080533905438
0.005196686663143538
0.005184255052629434
0.0051856680542297015
0.00516314241758664
0.005133960244069368
0.005104281407506536
0.0050884780103451505
0.004315425834275545
0.0047433938818806295
0.004727648941385308
0.004726456554932847
0.004703801878676631
0.004686935509629064
0.004671691402728869
0.004650336182713547
0.004630603951995403
0.004613557824607967
0.004601719218667388
0.004607166615774991
0.004605796777188796
0.00457073004134095
0.004560569917636508
0.004551452581670162
0.004541245448545731
0.004527247359534171
0.004550663905487256
0.004557984170804836
0.004555041608968635
0.004540188195071201
0.004523976711999252
0.004506599213113075
0.004497264842049185
0.004654467672309391
0.004666422829566282
0.004649797955883902
0.0048246194511624395
0.004815724332567261
0.004863407198424724
0.004854709286704431
0.004839151118593081
0.00483001595519501
0.004814249353410633
0.004769906792505426
0.00475654286702527
0.0047685427285277734
0.00476371381914643
0.004737079585180378
0.004725467886563985
0.004717119932807115
0.004733737098485369
0.0047247069237585735
0.0047095987739348925
0.004696461678620705
0.004681477125553616
0.004666466370187312
0.004805353080555503
0.004792761759300647
0.004771699829186908
0.004744160746191869
0.004733194034655535
0.004718779972653812
0.004705223479159657
0.004690387226822522
0.004340215214124684
0.004399174913234011
0.004392874741248173
0.004528605200788187
0.004526174655006136
0.004517514497725536
0.004501114323904517
0.004487364431801084
0.004483609969681242
0.0044731863226341794
0.004465147990340137
0.00446106026908783
0.00445441991476054
0.004358793595433016
0.004350925337934816
0.004343517191942573
0.004322941796244609
0.004471479403539838
0.004458887276005773
0.0044460662142253695
0.004517090302852864
0.004496469888032909
0.004509509045652354
0.0044926477908405335
0.004490179284066137
0.00447302244175613
0.004445607072785328
0.004464816377530326
0.004459077661105117
0.004446010936735715
0.004439175556324526
0.004440344133942574
0.004418053228238768
0.004400697141851969
0.004405586732703165
0.004400246481791678
0.004380807447821943
0.004350224084461506
0.004336179606825314
0.004228186613402977
0.004214320116651443
0.004199456119648531
0.0041899683865873755
0.004151729677009814
0.0041451317417091245
0.0041363399232831255
0.004129324849355977
0.004126822203333785
0.004125920831970767
0.004118389231384643
0.004102780157738307
0.004110128014571131
0.004088994533104476
0.004081770033692261
0.00403777664285143
0.004026457436720198
0.004034744602402747
0.004035749696683317
0.004099249713562023
0.004090404584014819
0.004136991873511004
0.004545944875237398
0.004535952592383142
0.004521051317967117
0.0046194874143019
0.00449504388545073
0.004439074014631448
0.00442939124500538
0.0044177667742519
0.004442265038945358
0.0044313674326651184
0.004421242412159899
0.004411035564665627
0.0044050591759798256
0.004388611285993272
0.004338262843245404
0.004330670181941456
0.004327511162267271
0.0043177486626473725
0.004314951218098225
0.0043261057724103885
0.004413088305595834
0.004422037164714512
0.004433868678639116
0.004421033103855317
0.004408705069530118
0.004384890859037553
0.00407448106616173
0.0040497835223416755
0.004071034045559814
0.004107545063112429
0.004121535967673028
0.0041135943327244556
0.004072216190709686
0.004063563817125612
0.0040618502494568194
0.004059929821201035
0.004055845416695599
0.004040274697875534
0.004036198632968553
0.004023268380364252
0.0040219030147588715
0.003993453101529483
0.003983849336187792
0.0039568354960834926
0.003951311544561139
0.00408503441931917
0.004075182259246108
0.00409245806625313
0.0040921779563277754
0.00407418528760562
0.004067232375749742
0.004064089637554732
0.004073290169657886
0.004066514811167772
0.004072607093349641
0.004063593312571522
0.004056055154110896
0.004047952270695331
0.004047293808573316
0.004031474610904041
0.004018770660342934
0.004006750447324684
0.00399777684009139
0.003990610018215521
0.003984212207575264
0.003979581907777521
0.003949616611709432
0.003944603098485695
0.003947741577820259
0.003971391428793971
0.00396889326168737
0.003959357680839637
0.003959966301970204
0.003952585999333361
0.003943980918298565
0.004327418910781267
0.004321116134761974
0.0043147183940883335
0.004303458012737624
0.004299122577235814
0.004293004616877953
0.004315302137732604
0.00432247697182023
0.00431278967001465
0.00428055118351585
0.004257845036778024
0.004269501014871133
0.0042598320543750234
0.004273396211154721
0.00426465030211137
0.004259911887137871
0.004139548852630719
0.004133023099082827
0.0041214442989973
0.004118689886645506
0.0041073280115739115
0.0040977804108849325
0.004091074788962361
0.0041131607439280375
0.004106684263564925
0.00409656057578704
0.004107333673483359
0.004097540663170839
0.004075427494985973
0.004047902149098397
0.004050586223456765
0.004043109453063063
0.004037091292212193
0.004051115094651066
0.0040374828758352336
0.003988465103596725
0.0039759072278057125
0.003966515086290778
0.003956697567943029
0.0039498794696312236
0.003942468118149085
0.003831318273016492
0.0038244270733320137
0.003817851829423945
0.0038087574384484194
0.00381630648599578
0.0038100245421662455
0.003811742743751904
0.003804441987343828
0.003803502099540308
0.003796599491300723
0.0037964155790987794
0.0037804577493304233
0.0037690553231437907
0.0037632176402904944
0.003754973877136308
0.0037484441984876465
0.0037410774954232157
0.0037407600039627152
0.003736975472019362
0.003734926645064718
0.003724985864229418
0.0037140120355964195
0.00370462602928107
0.003694430880255144
0.003688907505492178
0.0036201459471232626
0.0036144317648989454
0.0036118651938772403
0.003615589009371991
0.0036072417448585847
0.00355075800544591
0.003561946855323225
0.003575635772165695
0.0035577540974134334
0.003552172166007689
0.0035427919949612306
0.0035344548787867793
0.0035269939944555444
0.0035298189754231707
0.003511639644936312
0.003491149531502735
0.0034712220651225653
0.0034624255937157366
0.00345659031308447
0.0034509644303458743
0.0034496312171829573
0.0034452495045133157
0.003450906178069899
0.00335956135036018
0.003353379513287144
0.0033549923383640813
0.003347569521953202
0.003340536653194579
0.00340336501424966
0.003408086364450714
0.003407236712143904
0.003403152142641472
0.003408924322143298
0.003392098496495944
0.003392570706648633
0.0033683981497247637
0.0033783834761230377
0.003372475226465774
0.00336923480120242
0.0033334312939854688
0.003334592915299036
0.003329075907623747
0.0033216021426479597
0.003313088947747969
0.0033174117851911696
0.0033108610883226205
0.0033074941946257914
0.0033002132173680513
0.0032951646128443366
0.0032920742154096405
0.0032867323960531175
0.00327539348165948
0.003272188921708108
0.0032631650842926494
0.0032596756517628426
0.003212530716443583
0.0032059945927551885
0.003217696767746559
0.003213201183575203
0.0031981291622762975
0.0031965531215159336
0.003206963467768828
0.0031882143161857
0.003172083216142693
0.003166098285560817
0.003160145747813784
0.00315637745483636
0.0031394046766479947
0.003134186131724544
0.0030909960257460823
0.0031018490650239895
0.0031070115042511983
0.0031023784777542245
0.003123183979274506
0.0031186750911303593
0.003116846035957331
0.00310841567489413
0.0031128183330241884
0.0031089758934412597
0.0030922185787185022
0.003090177583046319
0.0030792271287195384
0.0030776767350967535
0.0030749831469713495
0.0030695558654890618
0.0030609500147305885
0.003058998701848826
0.003059691850572747
0.003052666275318784
0.003052002852273386
0.003041168036881044
0.0030314304414953315
0.003025834591843413
0.003021444745387381
0.0029833845979344987
0.0029803761732801605
0.0029660033891786217
0.0029629313881391842
0.0029598478148044243
0.0029604076343915688
0.0029471770009377547
0.0029383279658686417
0.0029309265705756917
0.0029234967985178766
0.00291801299489957
0.00292048643708881
0.00291818534135637
0.0029146154493232537
0.0029126301150601734
0.0029061831760202163
0.002899993492458928
0.0029002497543232134
0.002886531207094316
0.002879530746698834
0.0028741957566985224
0.0028709690320277326
0.002866294360877157
0.0028552535565623863
0.002853839349742105
0.0028459350634478763
0.0028343480601942563
0.0029468209877462482
0.002944892513781762
0.0029403171692737335
0.002937660721008614
0.0029340505897448316
0.0029339346168873485
0.0029310336602515045
0.0029257825261719598
0.002909561330457672
0.002907272870072258
0.0029024128062172393
0.0029126126673456086
0.002907260128644816
0.0027311440270290873
0.002756927339268304
0.0027546154092342573
0.0027504246189949126
0.0027499524936103067
0.0027481446607966645
0.00274515522516836
0.0027433979365319317
0.002733015473698645
0.0027345491875635304
0.002729726102222343
0.002738836975523418
0.0027318528615001753
0.002729608858457637
0.0027691704152591236
0.002739735154101964
0.0027371463321909776
0.0027412982893919896
0.002737929339289091
0.0027365544699224646
0.002733278346520485
0.0027528280913970463
0.0027496215339049175
0.0027434253180600543
0.00274331462951711
0.0027369034253152307
0.002743570951492797
0.0027372000499220855
0.002729893954101065
0.002724911089395666
0.0027533518675088484
0.0027532765724144082
0.0028092526257676048
0.002801380215329632
0.0027983301202710383
0.00284745000952004
0.0028455433576872907
0.0028416133156704566
0.0028418030683996917
0.002825972976797952
0.0028313177873055045
0.002829640930539631
0.002811690323234662
0.0028062003855289426
0.002800882573846761
0.0027989330945076196
0.0028018382968932817
0.0027968499015734198
0.002792873798474214
0.002793583574433303
0.002778835210521999
0.002781059808522796
0.0027749243449281726
0.0027634569153472495
0.002761137489422946
0.0027574934817251513
0.0027547441492879344
0.0027509081808196195
0.002747051591262112
0.0027423075947738363
0.0027346798791614436
0.0027290836674821327
0.0027217938483273894
0.002706556936815476
0.002705140281205317
0.0027086634373676296
0.0027013884852715685
0.0026983995543398425
0.002753337822885548
0.00275000109968067
0.002738205158795321
0.0027280559437367195
0.0027263363206425305
0.00272209968079216
0.0027216017015568145
0.0027190223252799377
0.0026976549698812828
0.002684934343988462
0.0026883990602010977
0.0026864837511813263
0.0026832415241832353
0.0026789500734109035
0.002670016475223725
0.0026290397680474404
0.002628393519088319
0.0026277303409643093
0.002621867577869686
0.0026191581331326307
0.002621662398382787
0.0026176807554629386
0.002609657693102713
0.0026029907930018373
0.002614706915564913
0.002611445078503939
0.0026070103851283184
0.0026034247495514344
0.0026005783972972664
0.0025811459666336507
0.0025787421631982164
0.00255438011543528
0.0025639682625688857
0.0025621498572159906
0.002585378361643428
0.0026174670261084926
0.0026176947258908477
0.0026279850436046874
0.002618647371786843
0.002649336020839701
0.0026929690312230497
0.002685731403068819
0.002681346028205585
0.0026846971426398017
0.0026976872336022906
0.0026947782870855117
0.002691605815400091
0.0026884246592737654
0.0026819227823326247
0.0026800062476681446
0.002671823294449677
0.0026682019402576567
0.0026674495612176593
0.0026669559151326445
0.0026812754168672325
0.0026750857500297425
0.0026796959556218912
0.0026836793625365373
0.002679650905505604
0.0026681968062670512
0.002663626429105718
0.002662097038110091
0.002659682745580621
0.002659763999374775
0.002655352920265029
0.002652815539157741
0.0026281796842064936
0.0026253068086698936
0.002610093583800989
0.00260747607641161
0.0026448879756749127
0.0026440256954661004
0.002643970773801002
0.002624080736460723
0.0025664103737924864
0.00256072592686066
0.002559571405014985
0.002556943360853793
0.0025627257365434435
0.00255395195373054
0.002550971104048962
0.0025897009778777015
0.0025870152525389496
0.002581914797886697
0.002596165549895035
0.0025947051179613266
0.0025892126055797656
0.0025869465549978165
0.0025847315472896635
0.0025909888758860874
0.0025883229966403745
0.002583316452041556
0.0025639823685534436
0.002561549348935146
0.002563219299568121
0.0025853731637894843
0.0027358458205346036
0.002734398515970243
0.0027331755957345455
0.0027291786776170958
0.0027238396899105085
0.0027193014921047523
0.0027126188600864127
0.0027067770343257905
0.0027014151294333724
0.002694864129349458
0.002720539125993733
0.002722141907170803
0.002722997390359833
0.0027199374708565247
0.0027055562294586093
0.00269981392766675
0.0026947434763350325
0.0026898054660823303
0.002688507505015352
0.0027464830737603993
0.0027941456965844005
0.002762497463684301
0.002752158141208953
0.0027575983791974018
0.0027551296960295468
0.002752457914747866
0.002740714603982851
0.00273935943909635
0.0027368381675593285
0.0027610059092469173
0.002758896786715272
0.0027545681403583684
0.0027531591265637515
0.002748686846426504
0.002745779099207739
0.0027482600849108967
0.0027421243672329193
0.00274022115171882
0.0027512964663005193
0.0027517218332959938
0.002749788647760609
0.0027338712408394796
0.0027332422656265918
0.002730583367000513
0.0027333479309874236
0.002726516934972576
0.0027088368758431333
0.002707688130944362
0.002705041922644368
0.0027129635085412092
0.0026955478586535506
0.002685200277820707
0.002686016439599819
0.002680543388324255
0.002684242192518233
0.0026525408897571157
0.0026503648618380134
0.002648435310835955
0.002643926051308306
0.002642438696188738
0.0026360466190716745
0.0026333586853976914
0.0026285652534535978
0.00269625899545363
0.002694079150840421
0.0026899674722630977
0.002669439513863445
0.002664897148978729
0.0026589547071431295
0.0026535836269853093
0.0026509147712672773
0.0026248736183452524
0.002617497743516162
0.0026145298815135358
0.002613238170690969
0.002610580908052828
0.002615250291681114
0.0026125875615559367
0.002613158794978747
0.0026095191322036936
0.002605123340711386
0.0026018886085586593
0.002601697130640698
0.0025979724636305272
0.002593316446736489
0.002590099827248299
0.0025863733041534124
0.0025947576547946764
0.0025970408656598035
0.002593985916950182
0.002591932537210724
0.0026039428597362867
0.002608083981507655
0.0026044831368841567
0.0026031936528367614
0.0026004208224202617
0.002597322505531635
0.0025948862046626183
0.002474277141127398
0.002482319095974952
0.0024773341271416612
0.0024754123935308062
0.0025383173561380305
0.002523552665935746
0.0025208853306790246
0.002510802323142834
0.0025090764466826855
0.0025007185373898803
0.002497749680146154
0.0025221879285554512
0.0025223813749883062
0.0024582602869821957
0.0024562881830598863
0.0025067106628425045
0.002503709029818511
0.002500537344810193
0.002510226123174412
0.002536099233984707
0.0025317223439219444
0.00252945891402247
0.0025270200055490274
0.002521666456958725
0.002517365269000252
0.0025099717164411223
0.0025160063856610715
0.002516175091602826
0.0025115409615841396
0.00251590820526884
0.002510297768523566
0.0025054341467965835
0.0025037652820223107
0.002504954381956501
0.002522213418821516
0.0025493655514072225
0.002550997434649078
0.0025409450855570417
0.0025384013703434573
0.002536646146152487
0.0025326736542087267
0.0025312764225019707
0.00253018036248235
0.0025274042168378654
0.0025165819623708435
0.0025141309968907837
0.0025147887778946905
0.0025279261345148565
0.002525016471924412
0.0025238503860642064
0.002521586754982522
0.0025103980031455234
0.0025083736172660243
0.002506241975684285
0.0025042957735868622
0.002499455703893484
0.0025019257295401842
0.002498816233980471
0.00249858426397786
0.0024957235033292854
0.002494945127919434
0.00249242217354175
0.002515937817467972
0.002508640195355574
0.0025088998647146855
0.002509241414688704
0.002505097008747378
0.002532527700031108
0.0025297899455920766
0.002531761035873401
0.0025180341437292353
0.002509896036444278
0.0025123662893585612
0.002499796691414638
0.00250414262477028
0.0024985366132478644
0.002496090017645721
0.0024986065937799063
0.0024941991303998844
0.0024906410153587395
0.002491103592238809
0.0024861812256851915
0.0024831967488761113
0.002476224084962131
0.0024705434761976867
0.00247322084817546
0.002471711151540787
0.0024673739317056
0.0024642479583180453
0.0024970472222344167
0.0024287082196446535
0.00242543648824205
0.0024206327157158245
0.0024196148811234017
0.0024172396990979838
0.0024189586973717364
0.002417636153397331
0.0024147229690037577
0.0024107279519588022
0.00240707969031524
0.002363279995390306
0.0023743039214090514
0.002372342447648688
0.002372201709349816
0.002370916512144668
0.0023811958360836524
0.002388829601164059
0.0023873926221514774
0.0023784523991985337
0.0023778467158028093
0.0023353055083193282
0.0023219930807203987
0.0023180899085717306
0.002312428329489213
0.0023113965606463673
0.0023146783439530975
0.002292326760746963
0.002252916447677003
0.002251414029034278
0.002228398783730672
0.0022260680379695445
0.0022233280841821817
0.00221538827533504
0.0022284727330127764
0.00222680368162271
0.002221263549746704
0.0022164416266431636
0.0022146704856990597
0.002217220389561493
0.0022158356389885385
0.002208588611483071
0.002181213921892004
0.0021802747248213213
0.0021786415678694653
0.002179336235805518
0.0021805679958476513
0.0021793873631885904
0.0021689196279654956
0.0021648206017705843
0.0021650736169630475
0.002160291467865732
0.0021626899257074493
0.0021613809393045864
0.002157995419342228
0.002156016892204989
0.0021620996621459585
0.002159086153852732
0.002162630504971861
0.0021606748422318017
0.0021600416925005193
0.002153336322949277
0.002150522809609197
0.0021598192672992317
0.0021670491579707076
0.002171195653101731
0.0021636415440235398
0.0021616740076330567
0.00217017756508269
0.0021653122856125644
0.0021740193911479523
0.0021672927249153473
0.0021540997315495822
0.0021525670450930658
0.0021496641882011273
0.0021442963745481997
0.002144030378600675
0.0021416628612870078
0.0021351201923820104
0.0021335266978902323
0.0021304746142351933
0.0021342249499056156
0.0021310502462451824
0.0021288496704203247
0.002123705317099331
0.002120734203064345
0.002116563162728265
0.002114262464044686
0.002108345046639163
0.0021182266314498607
0.002118389660034852
0.0021223260554219963
0.0021214150847368484
0.0021221858297373127
0.0021206927562164558
0.002128340595232695
0.0021200230457372677
0.002110579318093404
0.002109156375952422
0.002107666937112446
0.0021031399689076208
0.0021899596305810856
0.0021834106995881272
0.0022051904776369115
0.0022049609326466953
0.002205467506916336
0.0022058879227123086
0.0022041069889183083
0.002204166193621915
0.002200566824146487
0.0021985596453335437
0.002193186658175595
0.0021928300460290076
0.0021913300863902327
0.002189396112772992
0.0021849004696355323
0.0021847459275628808
0.002172262941532581
0.0021709535813063062
0.002177959494760809
0.0021831113020411488
0.002180782688263221
0.0021797786840110976
0.002182570934339348
0.002160126625887328
0.00216637630548843
0.002165146947794236
0.002163616184135033
0.002161359393400823
0.002162536495177754
0.002152882563594686
0.0021539330169871836
0.0021600482298063106
0.002158388022131757
0.0021540999580084846
0.002151266286910689
0.0021497741840759313
0.002152039148139403
0.002043956060124827
0.0020423832853660516
0.002044150134483612
0.0020438871804381374
0.0020396120020194372
0.002038395112078265
0.0021043442373600675
0.002103771024617482
0.002108314671336333
0.0021219631634444105
0.0021190177201141263
0.002117339011630521
0.002175830890161905
0.0021732754250090632
0.0021730706978128444
0.0021705202313761617
0.00216926657324731
0.0021675383151421464
0.0021668141953363265
0.00216832150817354
0.002164106393307469
0.0021626528404306753
0.0021627558099735016
0.002160153105120733
0.002149129684591997
0.0021479770677415673
0.002148062191427772
0.0021453842879574333
0.002143613912363666
0.002138672133306056
0.0021406353788304125
0.002140477638013632
0.002127680130314515
0.002126241193427924
0.002111125789747213
0.0021084971361459894
0.0021055415579489694
0.002106010761537867
0.0020664488528161005
0.0020631745087542
0.0020628099188211278
0.002057952797618413
0.002047895334844181
0.0020461369243815176
0.002042738074282732
0.002043313465077343
0.002041157545473992
0.0020383304219563935
0.002032810474783203
0.002023581562332958
0.00202118625781146
0.0020104947963512404
0.0020035606037907025
0.002002300678734453
0.001998424777595584
0.0019955660939682783
0.001995649356462395
0.0019921697534413343
0.001993352748999909
0.001991326414291068
0.0019940825320309717
0.001988987439091999
0.001986871745328264
0.001986584419797995
0.001991987407092075
0.001991723210722522
0.00199187791099242
0.00199075643617106
0.0019897085461942124
0.0019966103630013597
0.002004852108877696
0.002003668515150416
0.002002276317899439
0.002003839137561769
0.0020062637650625314
0.0020056676791407107
0.00199598980590637
0.001995592097141829
0.001990609060182988
0.0019923530403530457
0.001986986828277076
0.001986605323493903
0.0019825661631648213
0.001980828827926598
0.0020216783850131106
0.0020422767582711746
0.0020406350154737653
0.002041821073706867
0.00204053618661027
0.0020412787872344895
0.0020420987985233564
0.00204202024454957
0.0020382633678014254
0.002045492814333004
0.002045407805752202
0.0020403552875767946
0.002030968825953365
0.002028469961584398
0.00202938759050793
0.002027088169958357
0.0020226845672470903
0.0020215430301369877
0.002019067918625062
0.002017844819052514
0.002018029938656055
0.0020127464818986886
0.001997736434504413
0.0019980997151792614
0.001995929722827687
0.0020084127200706444
0.002000156985285162
0.0019964847292964615
0.0019916143937112676
0.0019979679028352872
0.001994487716172679
0.001990044040479695
0.0019891684683187643
0.0019984935133214466
0.0019914893188260935
0.0019890743738175455
0.0019904985984543783
0.001992339697245525
0.001989352435266741
0.001989013698591469
0.0019778215201508554
0.001975760055077719
0.0019691461439767443
0.0019684657776050433
0.0019557108523400877
0.0019527807897797966
0.0019523773777844681
0.00207538650901798
0.0020736378209624583
0.002076053024938485
0.002083666296782774
0.002085791952635052
0.0020835836086207336
0.0020818533366857147
0.002080268153998051
0.002089956573142617
0.0020878687034958424
0.0020882498276366835
0.002090196705881009
0.002088420366767201
0.002087720020446591
0.002087834662806824
0.0020851259830082383
0.002087059140427764
0.0020865914100915393
0.0020850056286930993
0.002082548635095282
0.002078797309775174
0.002079081495888945
0.0020762672813012654
0.002071545605093154
0.002067235936277881
0.002065951391305621
0.0020699239823103
0.002072818154951877
0.0020742270947700396
0.0020779887829437335
0.002077608470728837
0.002075762080590795
0.0023192370844348554
0.0023151322357828643
0.0023120827582886064
0.0023132700631222003
0.0023120874665957048
0.002304105978276987
0.002301889397240136
0.002300370607449446
0.002284550184353485
0.0022835905002178292
0.002286279563244262
0.002298431345031295
0.0022951662085404115
0.00230086730268763
0.0022998442035462433
0.002290607902067931
0.0022811422312778063
0.0022800620352109277
0.0022964442272099617
0.0022964294358242283
0.002294816466638421
0.002292045620266879
0.0022910987694268552
0.0022871158889743843
0.0022959510091361914
0.0022943861227166257
0.00229280103022956
0.0022959945121953894
0.0022993472680124857
0.002295776960522174
0.0022948158037922987
0.0022947184115943028
0.002292176688394384
0.0022920264202605845
0.0022737062054567483
0.0022717281139267415
0.0022707914236945116
0.0022697222538590484
0.002267222317165738
0.0022641299472467976
0.0022615214061755115
0.002261839087389674
0.0022607333916785178
0.0022501867738346348
0.0022479628538879487
0.0022470539347690444
0.002245490096622813
0.0022458794519782275
0.00223038846001235
0.002228245676175787
0.002226287887697368
0.002219458322636418
0.002216657203665585
0.002214998846887468
0.0022291516853172157
0.0022285114925770077
0.002227578237928271
0.002225226158620727
0.0022235031155464313
0.0022132564963668958
0.002163889654176951
0.002159417467575826
0.0021516878096856686
0.002149008558964623
0.002146527948837627
0.0021726708270041807
0.002171974620994452
0.0021641731450481637
0.0021726514743181475
0.0021755418077008017
0.002182912428455345
0.002178781021919507
0.002178519368771699
0.002178077887486797
0.0021776369234653217
0.002176857868116262
0.0021752678479025987
0.0021891682741799114
0.0021875627162530552
0.002187196087495163
0.0021803460528982345
0.0021796566358464552
0.0021702158400218404
0.0021731747277107852
0.0021638530548713938
0.0021762841250258587
0.0021748732739614806
0.0021730881704896637
0.002162383239638087
0.0021481397080021242
0.0021465209410766444
0.002140631400032065
0.002141366283509056
0.002121518004012253
0.0021180452362911683
0.0021194746229608883
0.0020835100009237105
0.0020824185960821866
0.002098866303849938
0.0020967265976115637
0.0020948647493679493
0.002092993522521646
0.002102340221989057
0.00210075351443095
0.002101590547480241
0.002103476615505302
0.002103291669960242
0.002101343959649486
0.0021081864281579724
0.002106270147799337
0.0021048769202406704
0.0021038352462870885
0.002102408897304228
0.0021019837728569997
0.002100533749818091
0.002103042245637199
0.0021021795976440046
0.0021013135942026546
0.0021008274043473386
0.002100988485347165
0.0021002115549326687
0.0020965603554363417
0.0020933038726818278
0.00209116340145907
0.00209082843759795
0.002089912486398178
0.0020917085750598724
0.0020907656150925607
0.002088936168943914
0.002087798457228679
0.002086028399474383
0.002092078097743972
0.0020712422408462753
0.0020700972819279275
0.0020656775281060837
0.0020644440185699237
0.0020621118733846256
0.002081492906506273
0.0020801182457104743
0.0020491537723210666
0.002048073706350322
0.0020476813329255894
0.0020471760420828116
0.0020459003272976515
0.0020475500891911627
0.0020457340896186432
0.0020494653783998335
0.002048665655345421
0.0020470734162426536
0.0020458318172793997
0.002043219399814951
0.0020427919139485683
0.0020409320252459903
0.002047352035140279
0.0020476166477624885
0.0020473288783135583
0.002044785490282903
0.002043012158764967
0.0020386271438254853
0.002038210025869006
0.0020376300214820053
0.002036986187658159
0.0020348132177335273
0.0020308458623870323
0.0020319361311941465
0.0020372423008092966
0.002033818643197578
0.0020354428556818957
0.002035106981028727
0.0020315078593608747
0.0020418045671253826
0.002042450083496619
0.0020412030108529263
0.0020401008665005137
0.0020420819654257813
0.002040697025324352
0.0020395205553376604
0.002037696797740938
0.002035178636611146
0.00203311238665408
0.0020353259139049193
0.002035951350277375
0.0020343182089766513
0.0020342881217460533
0.002033381931035849
0.0020319154060073658
0.0020303021290684143
0.0020421771435785627
0.002015941827214108
0.002019816662032203
0.00201962002781774
0.0020237646488973624
0.0020252579212821755
0.002023878423340379
0.002020175354509936
0.002018457757205843
0.0020120288003175448
0.0020136195589228996
0.0020195499414837727
0.0020173945098365875
0.002029728491521956
0.00203309591580103
0.002034641351713793
0.0020339258805368373
0.002033209550411347
0.0020294196558590604
0.0020154066643543007
0.0020156497820002428
0.0020151256481572483
0.002014420695247564
0.0020116305616896734
0.002018503029814898
0.002267236590751271
0.0022642144387211905
0.002263302873856301
0.002263756465263142
0.0022620337594214074
0.0022635631973570774
0.0022622444443526654
0.0022609124828228844
0.0022590957850329276
0.002260017713529628
0.0022456857645240286
0.002246008035798831
0.0022502056194562115
0.0022509872679008234
0.0022473481819711956
0.0022402861179728504
0.002256967984615983
0.0022540438567274688
0.0022476699227367168
0.0022486151430525392
0.002246547522199596
0.0022459889237327803
0.002244647707469359
0.002241585576302997
0.0022405668677666713
0.0022416494738810603
0.0022400946542213565
0.0022396400108389896
0.0022370009923921783
0.0022343008677770284
0.0022382371621744133
0.002237873353936046
0.002235793016909767
0.0022329256649840073
0.0022308439302820703
0.002399755916911675
0.00239893076862547
0.0023949628476792727
0.002395193005564924
0.0023936922565101866
0.0023922297271988034
0.00241439237994627
0.0024129055584423582
0.002411239872616166
0.0023855529174899807
0.0023952017506834685
0.002393840718612767
0.002404443844188726
0.0024011558022923162
0.0024004538691689216
0.002399173450397539
0.002396436618175892
0.0023986662676902665
0.002396438058010684
0.002393290637527474
0.0023919332312672863
0.0023891982950662795
0.00238769945002944
0.0023861847586530093
0.0023840515440435492
0.002385753562931156
0.002384129666630513
0.0023827050509370165
0.0023856623191535267
0.0023829353660433637
0.0023813222301075675
0.00238371677490117
0.002384333096298208
0.0023865433174960625
0.002378504650635488
0.0023953972947882
0.0023961443146378433
0.002418696805023577
0.0024217251126105958
0.0024256368985715766
0.002410950103271487
0.0024059700549201326
0.002403952742833755
0.002403904043472055
0.00240229023855757
0.0024013489467472
0.002395790749218849
0.00239529823616362
0.0023947292445969373
0.002406074341566932
0.0024043271883440907
0.0024089428281584163
0.0024076981951167763
0.002408409905814421
0.002408740833238246
0.002406076351287188
0.0023841062199847314
0.0023824556376027383
0.00238408601426255
0.0023800204925305294
0.0023797642789255545
0.002383569254452841
0.002379475178987257
0.0023770577749677962
0.0023755770279079297
0.0023747300293002673
0.0023721661180323736
0.002372302471704574
0.002371080680548478
0.002367572865089963
0.0023662809468339313
0.0023700710624976946
0.0023696637124975507
0.002334268247159545
0.0023334573181604786
0.002327136903624315
0.0023272220897207646
0.0023259522964825664
0.0023247366395487403
0.002320653143788741
0.0023204668182813877
0.00231877318584905
0.0023267903497617122
0.0023143575807505227
0.0023118970830482742
0.0023102403204688826
0.0023165530351379094
0.002314185620484661
0.0023246071642723256
0.002323037512257803
0.002321667985514812
0.0023202950149723124
0.0023176247613471384
0.002314545080038273
0.002313006098916104
0.0023047221430214163
0.002304375585556245
0.00230306212403471
0.002301515613618182
0.002310801663364696
0.0023078135988297494
0.002281788169710016
0.0022855989989761286
0.0022952625933752085
0.002293086602989952
0.0022924594261039045
0.002293663088344441
0.0022967421030480085
0.002295822301970816
0.002293133813611222
0.002292729969160663
0.002291544261687225
0.0022916064727534755
0.002289227964681464
0.002288291539943134
0.002287147348598132
0.0022837080083395835
0.00227982366597684
0.002282890358627547
0.00228075398142387
0.002278900667492867
0.0022859221602415398
0.0022845102773726748
0.0022836169707054297
0.0022865427856389084
0.0022873369500932485
0.0022864214888073846
0.002286582656346838
0.002284199709616008
0.0022835052583149757
0.002283405671618505
0.002287799015679608
0.002286745036518089
0.0022845130746879153
0.0022840547109519776
0.0022866835495936
0.0022857171044624934
0.0022848263908599514
0.0022836824565350567
0.002282051268895045
0.0022852130129827515
0.0022838330501511765
0.002283061876024728
0.002282653959918943
0.002281829108849041
0.0022829451440731733
0.0022818598834840223
0.0022804021452688897
0.002279555252190042
0.0022798653726994076
0.002279198408450955
0.0022778741952940123
0.002276297117620167
0.0022748507410672936
0.0022748367795810153
0.0022733228649037406
0.0022716217827878425
0.0022694790200916332
0.0022676895545224985
0.0022664052109185257
0.002262854052080866
0.002261633283875015
0.002275048915778971
0.0022744211068751858
0.0022734106898952876
0.0022730049233814394
0.0022767553854127036
0.0022812212142937754
0.0022782011032812938
0.002276705339222162
0.0022674238145336313
0.0022662238936216497
0.0022650325858549944
0.0022691298583799435
0.002255681992166599
0.0022523699577690886
0.002251901760393244
0.0022447386503659738
0.0022415064361605203
0.0022405138721190753
0.002240156713512477
0.0022384338934631188
0.0022377509719230396
0.0022369212575158955
0.0022352671172234406
0.0022295561270656923
0.002222734081428534
0.0022187656286345656
0.0022170141418940115
0.002211577690583171
0.0022105658598141607
0.002208348799634003
0.0022060023254448506
0.002204439944217356
0.0021976503550562255
0.002198461158459523
0.0022585833878096912
0.002249542903702752
0.0022480971709466484
0.002246151069495185
0.00224964821641296
0.0022491424972678376
0.0022480604059551324
0.002250857425964733
0.0022386987461600377
0.002241338737750581
0.0022481903761139023
0.0022470045649714662
0.002244734414608254
0.002243591020354069
0.002240835823260048
0.0022298804612468893
0.0022240884878771856
0.0022224075802086823
0.002255949847323836
0.0022508233402552726
0.002248914313509001
0.0022492131562181286
0.0022468471826442788
0.002246110822388603
0.002242773678079146
0.002247227287163153
0.0022448256156403588
0.002450372043913578
0.0024494787520744255
0.002449623177479532
0.0024450109903582334
0.002433111949694685
0.0024303284138972488
0.0024237510834030323
0.0024260498864010155
0.002425250809063832
0.0024243804888120584
0.0024223124304517544
0.002422737111353985
0.002422424631658078
0.002418895238970434
0.002418476567867816
0.0024199418118611028
0.0024141314923512183
0.0024082499741782163
0.002407031930814627
0.0024052245788766602
0.0024046755056525352
0.0024029752987250186
0.0024051809176780232
0.0024040530348109646
0.002402899373072406
0.0024025634571571107
0.002401275090608666
0.0024002234222058987
0.002399111131816634
0.0023974789953505617
0.002396049138542933
0.0023951199489781225
0.0023938286200663734
0.0023921525052273823
0.0023912590711801006
0.002389473010287337
0.002390771540520035
0.0024025310108349985
0.002402885742001954
0.002401423378601332
0.0024015122198761583
0.002398544893872747
0.0023997184528294596
0.002400737063566704
0.0023996253097473214
0.002398663816874581
0.0024000631613557946
0.002399428806016903
0.002394256042123815
0.0023928086920818334
0.00239237192693931
0.0023915055156915636
0.002391879023632468
0.0023913522115201888
0.0023897738502777492
0.0023873831757073726
0.002368916823912424
0.002365306573953315
0.0023748707956858526
0.0023717061726564563
0.002369383178355345
0.0023688819775590257
0.0023675360012851135
0.00236653990146591
0.0023638797655824153
0.002359198192410081
0.0023555909287997167
0.002354621537466082
0.002344826139140635
0.002342763270878418
0.00234168288243719
0.0023366871920114923
0.0023362739568361123
0.002335482591746636
0.0023310574056502127
0.002315119348080452
0.002312772181176482
0.002310776102273518
0.0023105592937331548
0.002308821038073738
0.0023157829204481575
0.002314004970117313
0.002312907261670743
0.0023117193616325254
0.0023126572007123
0.0023104671249047463
0.00230827347178412
0.0023629288167225588
0.0023607692570367144
0.0023526681913587626
0.0023588013855892517
0.002354347578461236
0.0023494961201280568
0.0023480170762707597
0.0023466649750825603
0.002345962971300553
0.0023450457885903376
0.0023447902348418407
0.0023431324187319275
0.0023419076439252207
0.002338463059184376
0.0023364944938046813
0.002334862291313468
0.002337713439454885
0.0023370208292432006
0.0023323910572152855
0.002330775833255434
0.0023292196747796605
0.002328098302752791
0.002327490784583352
0.002318183872506524
0.002318387694133903
0.0023183433908264303
0.0023167684239915128
0.002314295831509827
0.002313526354862187
0.002312673264084849
0.0023069225683891442
0.0023055772380189367
0.0023053616602038973
0.0023037667916686244
0.0023045508762186907
0.0023045425342943055
0.0023029028433543134
0.0023006686528673813
0.00230012584282202
0.002299075845314513
0.002297772865210846
0.0022963674640879873
0.0022949449103553863
0.0022953016941154258
0.002295429766626255
0.0022903954316236827
0.002290283487317173
0.002295004094079554
0.0022944648819260634
0.002295574399069476
0.0022982344496548356
0.0022971847228238458
0.0022963467780231337
0.0022950951970360733
0.0023020211819083326
0.0023002812643433492
0.002299666149390156
0.0022976557515473643
0.0022963152461724008
0.0022989996005523036
0.0022971887537328066
0.002296018072429844
0.002293211042209886
0.0022935251986075534
0.002289891336329288
0.002292018847403395
0.0022903100612765483
0.0022891603859966554
0.0022877004704952232
0.0022955204850745596
0.002289960530574782
0.002287651393946983
0.002286431841898265
0.0022848120810583235
0.0022840856273196506
0.0022824432608462685
0.0022837299838312074
0.0022787701335214134
0.0022776729640860125
0.0022751131895129024
0.0022780466186987317
0.0022768764684629387
0.0022676571394860687
0.0022671913839969653
0.0022863821437200753
0.002280456337359565
0.00227919780358627
0.0022795729995510397
0.002282096185181341
0.0022803869648814353
0.002279275817872811
0.002273899359275534
0.0022727169321668725
0.0022721101084942595
0.0022692679573833234
0.002268011974441814
0.0022779661676941244
0.0022781150249346167
0.002278957488445744
0.002280351315491557
0.0022785839227622714
0.0022769356634641754
0.0022751956188072162
0.0022736959455023657
0.002272240018703641
0.0022786311922027677
0.0022770437000153164
0.0022752639141243244
0.0022751892747767148
0.002274614957736869
0.0022710617719616565
0.0022692948682578686
0.0022591077007680094
0.0022580769335666514
0.002256952287838629
0.002255811817086678
0.0022554217023121425
0.0022531302255835725
0.0022523965535289274
0.0022678863355883212
0.002264932968654057
0.002263789026443168
0.0022561395041422218
0.0022535599885386663
0.0022525593473994637
0.002251875183238927
0.0022503759454256494
0.0022491344182648913
0.0022481946734366075
0.002244967790501327
0.002243236022246751
0.002242226166500423
0.0022415672951640727
0.0022419886083275766
0.0022411181155196983
0.0022400803508131895
0.0022409135911834986
0.0022400011255418475
0.0022358601540905347
0.0022381864509448367
0.0022388532513647717
0.002229776200673753
0.0022288407144749464
0.0022159491467832314
0.002214872956430865
0.0022155308959986267
0.002214968734147445
0.002214489221512932
0.00221293734689535
0.0022017255995300466
0.0022013979799171447
0.0021999694842060103
0.0021992722162688548
0.002189812186242124
0.002188619421668411
0.002185352955649527
0.0021886396783010516
0.0021887349497489734
0.002188753861527881
0.0021847583476476877
0.0021826476746523867
0.0021795303227445046
0.002178379906428878
0.0021790647164283733
0.0021789788885100063
0.0021778506169409734
0.0021746931170561383
0.0021757146501034316
0.0021752587844692003
0.002165317512727307
0.002164515781034634
0.0021632016028056275
0.0021630505060020308
0.002160735274639795
0.002159391060213344
0.0021567241229429974
0.0021558377984090254
0.0021559258109239885
0.002155469253047107
0.00215545935916998
0.0021544366443233837
0.002156431268996136
0.002156342936891213
0.00215336786874097
0.0021536625448938746
0.0021533329152698287
0.002153381302414103
0.002152451329765482
0.002151596479136068
0.0021531487753297537
0.002151932154266623
0.0021500894640582077
0.0021508759756404664
0.0021490719835820017
0.002146096636569745
0.0021226900662932157
0.002117099858616247
0.002116276717128507
0.0021159170590232565
0.002117675587699935
0.0021167508640486
0.0021141381630083215
0.002118093891221831
0.0021163781540561462
0.0021198026177766355
0.0021191799396875826
0.002170403542243368
0.002169315419226858
0.0021694088204322337
0.0021667819707329003
0.0021563251573233576
0.0021548505398242806
0.002153587328771425
0.0021531298188520423
0.0021532670073350687
0.002152366895799406
0.0021516333419859266
0.0021482272083333336
0.002142669703067425
0.002141511173555965
0.0021407873454664036
0.002137184977149182
0.0021318285282879838
0.0021306805196241547
0.002129558822715471
0.0021285612732723966
0.0021298955592231853
0.002129453889235735
0.0021224095673868177
0.002121116261059875
0.0021352815642604285
0.0021342899643429095
0.0021319456615783426
0.0021309957976849776
0.0021301958609785147
0.002128310547025259
0.0021278666728792362
0.0021324885965624024
0.002133242972228019
0.0021292084270913745
0.0021285581597630817
0.002127011084483114
0.0021242575180156027
0.0021232347550021085
0.0021220322425024394
0.0021222397760561314
0.0021115453444635933
0.0020987813575282527
0.0021003945269920565
0.0020995346790843557
0.0021004544856013164
0.0021000198761655276
0.0020981995177400685
0.0020980348792119536
0.002096737314594837
0.002091247215448868
0.002088787746794292
0.0020878729337890987
0.002085487586270176
0.0020842913986836866
0.0021012619532312844
0.0021002847667537347
0.0020993355088209575
0.0021007978998798223
0.002101075449626193
0.002099537531334716
0.002098715953792594
0.002099019479645169
0.002097922767102434
0.0020977431083790813
0.002096269219597644
0.0021073946140090466
0.00210794490625855
0.0021061269743272142
0.002105315365676593
0.00210447651755609
0.0021029767961732162
0.0020975708298216337
0.0021066786262924245
0.0021068417039417707
0.002103139572814633
0.0021031704269724697
0.002101331153623502
0.0021006275295436037
0.0020997013132786667
0.0020974546270420623
0.0020931297212976162
0.002092697887163852
0.002092884027316897
0.002087022184120613
0.0020944629196012585
0.0020932718921609413
0.002095482757543263
0.00209987904772812
0.0020990550839036066
0.0020965885610005003
0.002094054226122779
0.0020913750061962526
0.002089317675297482
0.002087600315737244
0.0020865458542143936
0.0020851381902842604
0.0020838641390058406
0.002064412175699449
0.0020638582474042256
0.002063672236169841
0.0020623866398675086
0.0020604817102863673
0.0020600371923014432
0.0020602788959984924
0.0020592726936429252
0.0020578619772082508
0.0020554386263330416
0.002057532885808879
0.0020532287846458212
0.0020525224022936413
0.002048644885843525
0.002049652557916043
0.0020489920160774973
0.0020481944083542963
0.002048476773538157
0.0020476740553126704
0.002045231038069024
0.002038710359695775
0.0020418857604249047
0.0020413417316122624
0.0020430023330944807
0.0020423921766801805
0.0020405576639641516
0.0020391320862716525
0.0020382909906103536
0.0020432578198213607
0.0020515077314015393
0.002051258727724788
0.0020400630216182076
0.0020403994648534834
0.002039133995800484
0.0020381929032912112
0.002037746959196068
0.0020369320242441258
0.0020351326774076172
0.0020353858089455965
0.0020322556650716342
0.00204050175662602
0.002039614507282515
0.0020373807314444424
0.002036354934748697
0.002044961487720326
0.002044843930232008
0.0020506096506071867
0.002049906238396426
0.002049459015421144
0.002049674353418163
0.0020489678701821326
0.0020383627557050087
0.002035087614869418
0.002033688237233159
0.0020301008382659033
0.002028630204589854
0.002028630805358938
0.00202800766655784
0.002023277523613873
0.0020249757999039426
0.002023790151537896
0.0020228208733840637
0.00203039735715186
0.0020239175654550873
0.002022811108347388
0.002031637749992918
0.002030535699340925
0.002029717834054287
0.002028910708153403
0.0020277552494434347
0.0020254716027991314
0.0020234923557941077
0.0020258608283678678
0.0020271398739612153
0.002027088397657739
0.002021873178785521
0.0020192226859389872
0.002019030328915825
0.0020170664791258385
0.0020308241227206553
0.002045043896744147
0.002043532120335646
0.0020431448431450943
0.0020421085235404145
0.002037479659968362
0.0020508298595125806
0.002050070373739559
0.002049670025352185
0.0020490233353860215
0.002047957446482806
0.0020478764000059135
0.002057263684530714
0.002056389431072754
0.002056396736408828
0.0020693022266238953
0.0020726900143572796
0.00206857262222521
0.00206763570347634
0.0020666969684897778
0.0020651524679873297
0.0020659498123076904
0.0020651214311787408
0.0020731091671769993
0.0020738464124239173
0.002107643221678679
0.002106360197597867
0.0021054877136865283
0.0021036516925319803
0.002102331450475395
0.002101276966599
0.0021003535056896856
0.0020825914343109188
0.0020833380887450817
0.0020831679300901576
0.0020793758690586667
0.002075098769216218
0.002073535853830551
0.0020722016812418703
0.0020752082425218262
0.002073668417056686
0.0020738942212287954
0.002072689660300753
0.0020707569090119174
0.002068608728816989
0.0020677684942528012
0.0020668936774682505
0.0020654121970736994
0.002065452713334191
0.0020656767166439462
0.0020644059757103693
0.0020637701457753427
0.002067116138345741
0.0020663634682853483
0.0020649674155980625
0.0020582100445486556
0.0020572521882560235
0.002059067990948971
0.002051097162812411
0.002050998208015377
0.002049118886531449
0.0020411521438552056
0.0020414923584099634
0.002040863195889395
0.0020395885627175685
0.0020392993066661756
0.002038558114499058
0.002038059234964032
0.002037602476492536
0.002037095133290159
0.0020337002742104307
0.002032579782793998
0.0020316104266814277
0.0020308892402926223
0.0020426652885801684
0.002042438378635148
0.002041843576538231
0.0020391553205500387
0.0020357759552769522
0.0020353825906388704
0.0020354593617316237
0.0020343182871386365
0.002031177292660292
0.0020306593589874745
0.002030315428131116
0.0020292742631914866
0.0020284060347428748
0.0020278167091811903
0.0020261225027860194
0.002021847188331558
0.002068283189258824
0.002067936342124937
0.002069659511553539
0.002068604154550843
0.002071870919433765
0.002070330664927316
0.0020689190708708853
0.0020666036616678127
0.002067295253262095
0.0020670860819038436
0.0020651970746728148
0.0021140949872082743
0.0021175828964111712
0.002114432389594483
0.0021129501487675314
0.002112240871692992
0.0021098599736246904
0.002108430456916064
0.0021099329753073693
0.0021077279266769923
0.0021057953959089113
0.0021048334421374347
0.002105185203206941
0.00210453629810651
0.0021051884280682623
0.002103811913873456
0.002103308416977977
0.002099143936976872
0.0020994141966358395
0.0020898173976521346
0.0020888722163311226
0.002084133397000877
0.0020833021620136056
0.0020812621185125574
0.002080115272239566
0.002078359596107028
0.0020770998726745314
0.002076450312058689
0.002078160738131049
0.0020772536914081025
0.0020742015880173014
0.002077703410751009
0.002076946391865225
0.0020768225221110383
0.0020893873728493988
0.0020873127212185975
0.002090349841034097
0.0020943834981703865
0.0020430160158735828
0.0020418705039788507
0.0020413546631923457
0.0020538525728575263
0.002053119627900782
0.00205292562518175
0.00205271082060574
0.0020395452475792876
0.0020390514152727624
0.0020387923906992015
0.002037669393214249
0.002036987887103218
0.0020287012737508444
0.0020286116467723866
0.0020276008599342515
0.002025003086149093
0.0020245815177819134
0.0020241309812146445
0.0020252070733813624
0.0020323477898261566
0.0020247720030057443
0.002020049235465719
0.00201991841941436
0.0020186055206648052
0.002017470011052326
0.002016643332176902
0.0020183455568114654
0.0020181449454437805
0.0020179357100084364
0.002018149796307526
0.0020173847451111764
0.0020174168451015987
0.0020169795506849086
0.0020187589003269678
0.0020176301027757743
0.0020177423393717736
0.002016745485191821
0.002016301476282116
0.0020152725455660873
0.00200920001858049
0.0020265582710779517
0.002026057122196104
0.0020227573071639414
0.0020234527185787293
0.002027690788791809
0.0020267702796541577
0.0020266135363763774
0.0020285694825981876
0.002027409443575394
0.0020317453349828216
0.002030552750654309
0.0020281159553166162
0.0020289217979698486
0.002028171163535043
0.002026498142238933
0.002024542202435969
0.0020227183684197302
0.0020222637429146064
0.002024524790397607
0.0020229669049501666
0.0020215195422821058
0.002023191785778447
0.0020222682657808763
0.0020220389313551027
0.0020230509094123317
0.0020223546959517676
0.002051535439633805
0.002050232564257083
0.0020513364904999522
0.002048667535690962
0.002047924677774081
0.002046765554529122
0.0020483564606903516
0.002047190645717966
0.0020359104176167746
0.002035087999827671
0.002034958998278283
0.0020221642840082413
0.0020209835480213692
0.0020204677577587
0.002019524549164478
0.002023384657714089
0.0020216376732664293
0.0020205695112727163
0.002018564679174698
0.002014388699629494
0.002008559425931327
0.0020080437271062118
0.0020064027773558355
0.0020036702821645703
0.002006264331819918
0.0020062175806532744
0.002005671511925191
0.0020059288159594386
0.0020051323803415098
0.0020056065516434497
0.002005377438083657
0.0020046618907123633
0.0020045885270298896
0.002003439537322298
0.001999666009066811
0.00200223295188748
0.002008690836923297
0.00200812680347316
0.002007441145669878
0.0020079633355759617
0.0020075105642853026
0.002006467729710168
0.0020088795469074398
0.0020136176923507853
0.002012540017135676
0.002011926012155328
0.0020135163722316716
0.0020141065142735897
0.00202088427878568
0.0020181794418452164
0.002016377713546913
0.002018173833467385
0.0020176066845633608
0.002030932464511653
0.002027091833475679
0.0020279344842740934
0.00202766543345577
0.0020253645839294915
0.0020232134715956716
0.0020224687351899154
0.0020253937082624052
0.0020250002877652967
0.002024535232297743
0.0020242348515416967
0.002023255973309296
0.0020173035986919114
0.0020256483836552292
0.0020227186603381754
0.002025006618528524
0.0020596278473537914
0.002059535255742978
0.0020584384271941573
0.002057815804102589
0.002057361427294736
0.002057075753491397
0.002056022006859836
0.002055077224356456
0.0020539549314828676
0.0020516307278071314
0.0020506375698976947
0.0020507943970005985
0.002050398939940599
0.002052254304678071
0.0020516675729770396
0.0020495840963392175
0.0020486260372344638
0.0020478290821539244
0.0020465230809945723
0.002045355924579768
0.002044572435925962
0.002048603875959849
0.0020480320083193517
0.0020499215164702976
0.0020481589939052585
0.002046952789120932
0.002043888376027231
0.0020441922160646703
0.00204658008344919
0.002044949293251035
0.0020434304303726257
0.0020425682187644426
0.0020590453869758526
0.0020576028510813998
0.0020582043757509994
0.002057277801826309
0.0021021159026546805
0.0020965981682380575
0.00209572867768042
0.002094922010620817
0.0020948042698856425
0.002112518316725511
0.0021098681433548605
0.00210859875106555
0.002107981756099745
0.0021075297966542082
0.002106636370102488
0.0021040554342343855
0.0021039582950913736
0.002097935768491164
0.0020971835833422693
0.0020976320320700427
0.002093856324573518
0.0020942432632533323
0.0020937281572410062
0.0020927331613028767
0.0020919558908572443
0.0020938328561712627
0.002093481622530704
0.0020830321669092705
0.0020731092387763117
0.0020839525357078835
0.002082400643254065
0.0020775282921164477
0.0020758495125883574
0.002059177955456334
0.0020603508385198077
0.0020589021871471064
0.0020597888010560526
0.0020586291043626632
0.0020576400899384876
0.0020560218283266476
0.0020568264685722954
0.002055948961451702
0.0020555638516192845
0.002055408321225091
0.002055350564780285
0.002054858301338249
0.002053452238884043
0.0020516467659873767
0.0020496811750667743
0.0020551513571208935
0.002054401654642321
0.00205362144971808
0.002051857631752723
0.002052432900298351
0.002049379906652598
0.0020485404547366704
0.002042945791532009
0.0020427560498496537
0.0020419150394983747
0.002038950080888075
0.002035440652715704
0.0020344300418647094
0.0020332842328062177
0.0020331597652925495
0.0020323351676525265
0.002030095047902721
0.002033837200798057
0.0020332616451338
0.0020271856797819403
0.0020186801785021012
0.002018131939028842
0.002017103296064127
0.002022069437644511
0.0020177976194101343
0.002018254889204349
0.0020173354070761136
0.002017118236299356
0.0020161650905130466
0.0020157431601507863
0.002016419215398305
0.002015139050238569
0.0020212991966151858
0.0020236793117237983
0.002023277758065978
0.002020426321704689
0.00201962969887939
0.002018184912092808
0.0020176066691896598
0.002013577298088195
0.0020118970765038995
0.0020323092254196542
0.0020316497392578567
0.0020310283119316635
0.002029188271274794
0.0020281738908805285
0.002026559000305711
0.0020242538866750938
0.0020665927602534747
0.0020657665388541173
0.0020647528527389077
0.0020624542410487704
0.002061742968510774
0.0020607891400249447
0.0020614443589878433
0.002059901991132133
0.002058531694099336
0.0020589577390487984
0.0020590758168888045
0.0020590601173173136
0.0020588110127632863
0.0020597001669170386
0.002059056681766756
0.00205776662951433
0.0020539349444600808
0.0020565408293737332
0.002054774525352623
0.002054808272584162
0.0020549492956365035
0.002054992976537717
0.0020539126785012857
0.002052834039504623
0.0020523064617890855
0.0020522055063010507
0.0020522370733891946
0.0020523502036328928
0.0020517089424421323
0.0020512121806451405
0.002050359888508553
0.002049483422245356
0.002045657872644022
0.002043749838155862
0.002045501814159856
0.0020445696377556486
0.002043985239076164
0.0020467639355140244
0.0020459644865449917
0.0021813619748850166
0.0021804072261086085
0.0021808625690317245
0.0021777164380966654
0.0021765234485199647
0.0021741151138937255
0.00217401238132147
0.002173135937615266
0.0021715177229279015
0.002170138048824428
0.0021693137770581743
0.0021680906840425536
0.0021661798378907193
0.002165327045084166
0.002161392056922682
0.0021943457316279456
0.002193777889739525
0.0021895476618590186
0.002189350651001512
0.0021892319222889434
0.0021886554683600177
0.0021941904449787036
0.0021932892625969934
0.0021962313330985725
0.0021950760213953137
0.00219396697406379
0.002193958942453399
0.002195659123985814
0.0021950141125225186
0.002178951361170925
0.0021766747138603753
0.0021758022728482988
0.0021742298063540566
0.0021738207467919923
0.002172612464956886
0.002171307470487442
0.0021706623796700895
0.002167926279926753
0.002166881149773034
0.002169065322902285
0.0021672011771178223
0.0021686936724424244
0.0021830130005658275
0.002182930057234679
0.002220571571637368
0.0022201183646618633
0.0022196580126665503
0.0022176487803319688
0.002216431839733224
0.0022159908411644997
0.0022147497197303736
0.0022115120219644976
0.002210291190307675
0.002209487726587753
0.002208139749419378
0.0022094693336204736
0.0022067655056777357
0.0022062094238393284
0.0022042392924050917
0.0022023832364309595
0.0021970381111642394
0.0021973552623786854
0.002196328348017411
0.002194439012109111
0.002193659401425232
0.0021913309322786996
0.002189999806990225
0.0021880834490031515
0.0021883901002352694
0.002190796137250822
0.002192002920748637
0.00218993997730475
0.0021926508087447244
0.002188697599759753
0.002187080951000991
0.0021858395954240098
0.0021855410746938956
0.0021845918340597237
0.002183099796354741
0.0021823092571853137
0.0021824333726396835
0.0021754103639676186
0.002174145619653166
0.0021726572409004772
0.002161806368059676
0.002160991196184721
0.002160075490874846
0.0021592439657087377
0.002167293887972281
0.0021667967333644403
0.0021621648150726676
0.0021624235204391845
0.0021609512676339176
0.0021598832455729665
0.0021587529967228235
0.00215840147982561
0.0021577137468051398
0.002157870091652274
0.002157984080684958
0.0021562427313075857
0.002156105240439793
0.0021570958074074243
0.0021554839567853525
0.0021544907250074866
0.002152565728523034
0.0021524832254647846
0.0021387494440712473
0.002138297160175043
0.0021377180726324645
0.0021370814874675376
0.002136960389143948
0.002136133925484165
0.0021340802705775226
0.0021340007562959556
0.002134020246681428
0.00212099440036325
0.0021201465351994553
0.0021149073641182512
0.002114202604855366
0.0021134076719549017
0.002111857112820804
0.0021103885805735826
0.0021096849200164095
0.0021133907367311823
0.002112989016270523
0.0021130138095861884
0.0021097327115993025
0.0021085704868331516
0.002108180946591773
0.002107253888447076
0.002106490794537519
0.0021056329964424243
0.0021209919756328605
0.0021200718909249678
0.002120504109455822
0.002118204895108137
0.0021166801738346707
0.002116322177167817
0.002113143315577748
0.0021120650659697004
0.0021102146005630928
0.002109668728883824
0.002113208130148989
0.002112726481731095
0.0021119243322704094
0.002111196922814259
0.0021104600978326692
0.002110195280846711
0.00210979295363754
0.002109498324946166
0.0021084120650910927
0.002108795520785404
0.002107516432978565
0.002106992324510058
0.002107522910175227
0.0021115264595474707
0.0021149708270411264
0.00211521614389017
0.0021136417636181443
0.0021162499832390732
0.0021154964976404377
0.002114789462242119
0.002114843943536684
0.002114563631082047
0.002112829742574308
0.0021121051424523364
0.0021118641981504277
0.00211086202257927
0.0021130851933775013
0.002112697880843081
0.0021166366899371494
0.0021158047608752137
0.0021172490044411327
0.0021172122449724
0.0021165640614708497
0.0021209046731051426
0.0021201551085542033
0.002119350790593334
0.0021152809678230628
0.0021161988646516807
0.0021161088575378942
0.0021164245020858234
0.0021167673119904156
0.0021158474045201237
0.0021154538403699284
0.00211348412724633
0.0021126887255570157
0.002111583391977059
0.0021099602685551166
0.0021096641525519292
0.0021083164760705916
0.002105520352343276
0.0021054169385062525
0.0021051254474879983
0.0021056747348828495
0.0021038691135614167
0.00210304396228615
0.002101958200197815
0.002101584950854827
0.002099005252387866
0.0020983908488036423
0.0020975138681293376
0.0020968502663405806
0.0020979899415223876
0.0021278184773445064
0.0021277443416563117
0.0021268055693317266
0.0021289333753832544
0.0021177753760170037
0.0021169751349707985
0.0021157109938590556
0.002116867021504057
0.0021161445712276033
0.0021148055458590884
0.0021143338312743097
0.002111841713988713
0.0021327432157134305
0.0021319768847966984
0.0021307045210097126
0.0021430495513914925
0.002142023242055806
0.002140752810406318
0.002143478966530642
0.002143167839067038
0.002142276645433711
0.0021455866968161093
0.0021460033670541146
0.00214167327669145
0.0021410674846511265
0.002147392697289624
0.00214602100882683
0.002144764398649053
0.002147306598969785
0.002146200947826967
0.0021450030584631748
0.0021442721889423826
0.002143603232670427
0.0021430768665668077
0.002145185173456023
0.0021415221013619226
0.0021420616473633225
0.0021411864821028856
0.0021404537636591768
0.002142391976202302
0.0021426995674185306
0.002142888544933206
0.0021377001474694765
0.0021380945706497966
0.002136211497594597
0.0021352348282488447
0.0021468481071518428
0.0021461835322809163
0.0021486106604021982
0.002146593944973044
0.0021466865608696577
0.0021450885915757435
0.002144517604535982
0.002143505073275355
0.002142719853258123
0.0021420492729884496
0.0021439235277995274
0.0021432633378750733
0.0021432156244581796
0.002143529591331898
0.0021438426860898134
0.0021427998950808605
0.002142367521191814
0.0021465180189743417
0.002147245704327235
0.0021485529404958294
0.0021510596746542278
0.002149898767275895
0.002149925631876339
0.002176007690153929
0.002176120144845964
0.002159081109265148
0.0021582859349908215
0.0021601508817921315
0.0021592172923289884
0.002158124647905743
0.002162437270052125
0.002158698050330656
0.0021569820819749698
0.0021556945665341565
0.002155270301077175
0.002155604020375802
0.0021541683468762076
0.002164152219543831
0.0021641825859329135
0.002164493238268509
0.0021770234141154955
0.002178868702687943
0.0021784633558206484
0.002175997847204245
0.0021754413601454406
0.0021728033456243413
0.0021725300483546716
0.0021713418089459344
0.0021705406592796043
0.002181033787957734
0.0021804849826249843
0.002173661280512737
0.002176714134118502
0.002181604274235271
0.0021806195040626982
0.002179988995641401
0.0021791999996786803
0.0021755182549236737
0.0021749588037865944
0.002174273508928975
0.0021740819369079943
0.002173295766887302
0.002174585741676578
0.002173215099286062
0.0021721330431866484
0.002174031868878389
0.002176132274492888
0.002177037114222764
0.0021771143117129345
0.0021765605484182927
0.002170236822986368
0.002169433104531252
0.002168513667199311
0.0021610260483272167
0.0021854689301383737
0.0021745911529256244
0.0021741902362234096
0.0021730612963357077
0.0021717452225326426
0.002171081619077159
0.0021697047394928313
0.002165293299543281
0.0021662964431866916
0.0021668395992310427
0.0021654949999270726
0.002164162251786692
0.00216184924512948
0.002161620239489665
0.002159756006678071
0.002159181771917803
0.0021583870837874634
0.0021578910931575775
0.002157815271935128
0.0021572268732892043
0.002156286263356116
0.0021611979658865757
0.002159238005091664
0.0021585113272990807
0.0021577880889189034
0.0021570218406984296
0.0021570253884786337
0.0021568894207064865
0.0021564934692880683
0.0021596937245560244
0.0021592521097894978
0.002158412582057331
0.002157983232039484
0.002152180686086232
0.002156189451655934
0.002155878546868461
0.002137266063740799
0.0021392330778908257
0.0021382930930511053
0.0021373286654188662
0.0021360610659372234
0.002141276480033036
0.002140603172857893
0.0021405661782968317
0.0021393659909276774
0.002138717432991819
0.0021358908573267015
0.0021351796879906246
0.002134361281025817
0.002134447659501444
0.002133885839286358
0.002132947042087511
0.0021318778040842453
0.0021316853780532123
0.002130465011922584
0.002131453885394785
0.0021305530000427513
0.002129897550677374
0.0021293910110364513
0.00212872085631376
0.0021273555204389333
0.002127151833224826
0.002126561072477629
0.00212764998714994
0.002139760558937232
0.0021369242649106734
0.002144866670029354
0.002142960535894549
0.002141805447423055
0.002139135912774503
0.0021386012947506973
0.0021382173442896116
0.0021373833424052253
0.0021382682751394486
0.0021403947380713435
0.0021391717230003445
0.002140554982566815
0.002143130178774353
0.002142276338177043
0.0021851788637069734
0.002186365189009964
0.0021855354512661266
0.002189903994879924
0.0021872439531242416
0.0021865909680671113
0.002204826599127769
0.002205176246727089
0.0022044112850637277
0.0022005456698706446
0.0021999769850073077
0.0021994837452804132
0.0022021920325857413
0.0021961936856609563
0.00219523039391455
0.0021963012263110353
0.0021955457262022118
0.0021967375920156538
0.002197363812927701
0.002197983552644464
0.002197600605409445
0.002197305198494059
0.002189178924460082
0.002183170813330158
0.002182909909711735
0.002180704865542207
0.0021733194583411523
0.002172811609372375
0.0021716789186887473
0.0021702344143005228
0.0021690728566952414
0.0021695357523764886
0.0021682175968708163
0.002166613340119089
0.0021675965754894733
0.002166171853891222
0.0021591710504427495
0.0021578761702715364
0.002157370681802286
0.0021572023971220193
0.002154847761528943
0.0021536272583300036
0.002154756922351368
0.0021539966902924712
0.002153080554601151
0.00215299834869671
0.0021528022669231087
0.0021524293120296183
0.002151548483653713
0.0021509638692682412
0.002151761804365988
0.002152129614677115
0.0021533248146970727
0.00216386415343601
0.002164411288036927
0.002163389907937445
0.0021620956160711
0.002161262141476602
0.002160846131218627
0.0021636359508851325
0.0021629790255109846
0.0021625523767818703
0.0021608041684518862
0.002157947151795813
0.0021538880330096654
0.002153556857532774
0.002152538156001639
0.0021518473765017605
0.002150769461107357
0.0021486074282594594
0.002148286933142264
0.0021480149902373094
0.0021466641287483626
0.0021468326304596593
0.002146605842537924
0.0021460516478623037
0.002145383152859154
0.0021449262051851086
0.0021437191342876033
0.002143605165790473
0.0021426688198656002
0.002137246042727318
0.002136991275177608
0.0021363525894313455
0.002138403064583363
0.002137580883960344
0.0021402145036096
0.0021385817233791843
0.0021385010626654506
0.0021387714618211076
0.002137855720596369
0.0021378944591010133
0.0021359572084376287
0.0021353907922968198
0.002132313804832202
0.0021363370630230164
0.0021362500165804403
0.002134340530826898
0.0021347780040621303
0.0021340907440527447
0.002131768569039555
0.0021317115305514427
0.002130954546161903
0.002133065087410916
0.0021335067695680563
0.0021335392256350556
0.0021371882080680627
0.002136362451590393
0.0021370576474227213
0.002135070674625317
0.0021342464521489153
0.002133895447660037
0.002100926869403154
0.0021008166095099687
0.002101035839914543
0.0021002517926374748
0.002105824305668612
0.002103331991622558
0.002102783596046345
0.002104120106859158
0.002100946279571627
0.0021001726907580245
0.002099840589830129
0.002099062152750512
0.002099147943455395
0.0020984025527440923
0.00209702316648725
0.002096346329607732
0.0020964696840201124
0.002099548493942973
0.00209805169306387
0.002097371537278033
0.0021044516001361945
0.0021056937756062416
0.0021057740290259344
0.0021035637697921577
0.0021093013426783432
0.002108440372871435
0.002107431425146545
0.0021068740905440214
0.002105971978143931
0.0021050437869295116
0.002104497400417143
0.00210191466128535
0.0021011982313067228
0.0020999463757662004
0.0021011950180777604
0.0021024918273683272
0.0021017161818816907
0.002102259384849627
0.0021042304137261743
0.002103225102935088
0.0021025795375319693
0.002102086452943729
0.0021080472163659816
0.002106296472958533
0.0021057689179055828
0.0021165283390455064
0.002115949312630503
0.0021153631949241505
0.002115812882541157
0.00211204026131863
0.0021113816711765083
0.0021111291004216647
0.0021108071325235964
0.001966476749477834
0.0019659387453723723
0.0019663421144689246
0.0019654253504477227
0.0019647990082787854
0.0019642810020198136
0.0019617974433689326
0.001960058797882625
0.0019611613208270783
0.0019616017095572973
0.001960393860872579
0.0019599336438999707
0.0019529980955858032
0.0019497176959624074
0.0019495524280330717
0.0019483603929521896
0.0019443328144597022
0.0019435493990338914
0.001947392143381696
0.001947400299476646
0.001947292717004819
0.001948274926426663
0.0019483957700896196
0.0019479096549129414
0.0019474816040174375
0.0019470806974796312
0.0019475822821227737
0.0019516546204676516
0.0019505542240566556
0.001950404899086189
0.0019496513072378673
0.0019488826693769704
0.0019449204849795144
0.0019443267101170942
0.0019434785211345164
0.0019427754963055612
0.0019434964685710843
0.0019461113060130783
0.0019415062617257298
0.0019399269577120267
0.0019439111499865594
0.0019445851582576069
0.0019438940785438895
0.00194596266384142
0.001945940559568061
0.001946045159056707
0.0019458110714150314
0.0019453442160782596
0.0019448107634900658
0.0019443045796949266
0.0019427530682763
0.0019429891921607636
0.0019400936135352332
0.0019393745224753557
0.0019390417551946948
0.0019389978063095344
0.0019370082522870192
0.0019347698047120297
0.0019316218360599941
0.0019311690710031317
0.0019307133180993077
0.0019173861681925782
0.0019171320370732967
0.001916541029977186
0.001916035957531529
0.0019134181824490058
0.0019153877144442864
0.0019152492752894429
0.0019146282501976426
0.0019157642857068947
0.0019162120667769289
0.0019154707190996237
0.0019186676307810058
0.0019229127348956072
0.001924846153795652
0.001924045993423596
0.0019232929585746316
0.001922791581784088
0.001927559692710051
0.001926223647977669
0.001925016702501731
0.0019236929560944554
0.0019247806394427274
0.0019240751209181229
0.001923913234157419
0.0019248571295582026
0.0019243979384226315
0.001923990352317568
0.001920563758251015
0.0019218824769343084
0.001919038390116946
0.0019188199927279031
0.001916040251992082
0.0019151156811525087
0.0019145012216750133
0.0019126755258393234
0.001912230880253275
0.001912698594720291
0.001912373805617655
0.001913780563974217
0.0019136717659506805
0.001913483124086196
0.0019132425477738065
0.0019136697418067053
0.0019165524546755025
0.0019157642561242788
0.0019242182257906825
0.0019234712978769197
0.0019241570302354137
0.0019242699178650278
0.0019235474491222902
0.0019231747236597811
0.0019231498214898658
0.001925173838305952
0.0019233672370227702
0.0019236682880963394
0.0019230758598091492
0.0019255486746314013
0.001924672146241274
0.0019240590930850025
0.0019238443380789636
0.0019234188763787958
0.0019220020786579457
0.001923837455150225
0.001923450831544643
0.001925064471776104
0.0019219500307911977
0.0019214023083048435
0.0019222916532259933
0.0019215775512819169
0.00192146481649788
0.0019196029785475477
0.0019192339647671514
0.0019181040214409299
0.0019183344183387743
0.00190314984920787
0.0018936368345398404
0.0018931509998233538
0.0018930137722617203
0.0018957887939856982
0.0018947882111197752
0.0018901873283891611
0.0018903090796631174
0.001890566938053446
0.0018899370508484836
0.0018889599742279327
0.0018888910696125622
0.001888093114253414
0.0018894492505940842
0.0018888371142281415
0.0018879476420199327
0.0018873208069086335
0.001887270829028917
0.0018865671030364984
0.0018835903862869003
0.0018832062904776707
0.0018917557057559708
0.0018923596870076683
0.0018923871202704138
0.0018929938788690547
0.001893150786137481
0.001891489721660055
0.0018904456245485235
0.0018937215001771078
0.0018932126209560902
0.001892858419606629
0.0018927493784486461
0.0018920282200015983
0.001891496407583632
0.0018966226592038163
0.001895413304354765
0.0018949540572433727
0.0018940863512581332
0.0018893592873585447
0.0018890919073840527
0.0018883221949171883
0.0018877721206603244
0.0018863878570142228
0.0018861312373422462
0.0018843914745640558
0.0018826408924582647
0.0018805660679136558
0.0018778685816322413
0.0018778133928385149
0.0018775752567110825
0.0018869990812801038
0.0018817553611164255
0.0018809152580579443
0.0018808474684457032
0.0018758091170221786
0.0018756213525277115
0.001878133384514105
0.0018782131124517147
0.0018775833752128102
0.0018770403477434867
0.0018765385155676182
0.0018760551130749946
0.001875232251716171
0.0018744977185814373
0.0018746226131709318
0.0018719232415144885
0.0018708459242677518
0.0018703608030030882
0.001869450556558934
0.0018689717453602992
0.0018682568999944848
0.0018678877772418008
0.0018681655631542415
0.001868012033336677
0.0018716604837172544
0.0018646703805148034
0.0018634792401420906
0.0018628386079671327
0.0018630830545558865
0.0018733214573524515
0.001873236423833561
0.001872372042411819
0.0018722420407133017
0.0018735422998275367
0.0018728580293918956
0.001889590660470495
0.0018937021430657838
0.0018971238576732134
0.0018962622658251409
0.001895076312375075
0.0018948020729068
0.0018882692540363425
0.0018865855963397869
0.0018866372347846408
0.0018857460205809434
0.0018828556447176281
0.0018823563520424342
0.0018815503628367167
0.0018859067572728084
0.0018856280917502993
0.0018837995004418134
0.0018824137065476653
0.0018775262254592502
0.0018764897063184992
0.001876130163288169
0.001876170668304207
0.0018759516372007946
0.001875361752337118
0.0018747023440580852
0.001874055562146506
0.0018731309374685394
0.0018722975465680768
0.0018699577781512097
0.0018733189794332954
0.0018717889171603315
0.001870072666371816
0.0018700599875002184
0.0018686629045436133
0.001868377454332286
0.0018693336207996356
0.001869051717231339
0.0018685230914520102
0.0018679821774987022
0.0018675209034934859
0.0018670407297290165
0.0018676823381830066
0.0018667878167642664
0.001867394555819117
0.0018693464427822243
0.0018679608067143864
0.001866532051593444
0.0018648257811724963
0.0018639955527643445
0.0018638008318662917
0.001863420857081357
0.0018626903892444372
0.001859365221511221
0.0018589503516675018
0.0018575210313198788
0.0018585075079807986
0.0018576717375540278
0.0018569145500076853
0.001856154510876972
0.00185571083006586
0.0018553222954747642
0.0018814719580950014
0.0018809091560878775
0.0018803054678499518
0.0018799835491060033
0.001888087830623157
0.0018882212107283454
0.0018774724145821048
0.0018773842369094564
0.0018769477392693394
0.001875917866099907
0.0018759026554876386
0.0018741659794313701
0.0018746837786724015
0.0018743794035622706
0.001871565489059353
0.001871315219578498
0.0018625506765357167
0.0018641387246230562
0.0018653335266611705
0.0018646301123086478
0.001863682415787938
0.0018630490835070935
0.0018626274784418724
0.0018624773846427718
0.00186200361718753
0.0018616867675010761
0.0018610884642924373
0.0018612205680957488
0.0018611077990745367
0.0018593115109053222
0.001857658683114831
0.0018568739615560993
0.001856800533933201
0.0018566694022077938
0.0018562432784590788
0.0018550194755332567
0.0018536107590437889
0.0018525336864202728
0.0018511960504918959
0.0018513064549632863
0.0018517061334391669
0.001850926230556173
0.0018486139541456887
0.0018479946725409356
0.0018479386589545306
0.0018460898937794623
0.0018458357077144538
0.0018450421438838684
0.001844183095018331
0.0018438063481545034
0.0018427410780620834
0.0018431068353843344
0.0018427537961933737
0.0018430090043953973
0.0018437891086325263
0.0018430470949222717
0.0018388252546188855
0.0018365320587188229
0.0018348595806138052
0.001833913737202301
0.001833406581178492
0.0018329027233709232
0.0018329892704719865
0.001834735202174459
0.001835186983100686
0.001834573413775491
0.0018338384858165462
0.0018333973188555878
0.0018302814756618066
0.001832115794842956
0.00183211627938651
0.0018307564644004454
0.0018298470238657175
0.0018293818658141553
0.0018286805754272426
0.0018284495797479948
0.0018255691402869997
0.001825853372101048
0.0018238177877132182
0.001823593744508506
0.0018216767818374164
0.0018215232392844766
0.0018200976811629686
0.0018194341872505323
0.0018185330927034257
0.001816431068766211
0.0018165729993119722
0.0018116474873343755
0.0018106854593586865
0.001809590277761314
0.0018090766052194372
0.001808119969513129
0.0018017346840892641
0.0018019666066154698
0.001800945025178811
0.001800263953382113
0.0017998218939679156
0.0017993088424513356
0.0017991459077837397
0.0017986853889652165
0.0017977681319547886
0.0017972328159531312
0.001796682839093215
0.001796859145113835
0.0017933459001238771
0.0017925608535421563
0.0017925060921341863
0.0017918119362734142
0.0017920332814371366
0.0017915623611648732
0.0017908678999195762
0.0017904118565288114
0.0017902132581364687
0.0017849082371915966
0.0017841468242737698
0.0017855312683927337
0.0017848303987470712
0.0017927661486034164
0.00179450062266244
0.0017937635536244565
0.001792864425806619
0.0017909734144819713
0.0017905791071478945
0.0017899900281458986
0.0017895011611154588
0.001789802897583605
0.0017895171104226988
0.0017897394979841366
0.001788621184564003
0.0017883190579563975
0.0017877087433832853
0.0017872471110062648
0.0017872979427900303
0.0017882854385795001
0.0017878255049148207
0.0018140378587393707
0.0018105755988738147
0.0018066967077677901
0.0018098926551053636
0.001810144765848693
0.001809542626041113
0.0018091957290121891
0.0018117197355715035
0.0018110146585252687
0.0018043208209763207
0.001804082802010489
0.001804002154902031
0.001803600392598311
0.0018030917092016153
0.0018033980048604513
0.0018021986735814975
0.0018010399262674273
0.0018013646630104703
0.001800731301795588
0.0018040651211974393
0.001802893127230395
0.0018011416766365628
0.001801104723217667
0.0017990542664866678
0.001797195983066066
0.0017969533758752667
0.0017974734298468365
0.0017968493143552947
0.0017964946998410846
0.0018007902989677544
0.0018012896963988966
0.0018025182152900416
0.0018014895802674956
0.0018012956315227814
0.0018077094857175766
0.0018072907511199067
0.0018044064402797388
0.0018040431298560072
0.0018039181120187125
0.0017911139385275172
0.0017904131573124255
0.0017913985609337873
0.0017894421135044947
0.00179796023991143
0.001796701447897769
0.0017962007297714693
0.0017974553280333105
0.0017969780042745133
0.0017959457870901714
0.0017979205565547746
0.0017983940283357474
0.0017962516724571629
0.001795688581247969
0.0017952246185505868
0.0017960014189422153
0.0017983521738571032
0.00179846785396058
0.0017977626634129462
0.001796852776821557
0.0017962339328258384
0.0017954517593425261
0.0017949795739129457
0.0017947349087078345
0.0017940936090636
0.0017937265143803396
0.0017916514829496074
0.0017915459332693373
0.0017911264230537666
0.0017865215993687676
0.001787066023294552
0.0017865895715606275
0.001779428401777134
0.0017787023482047513
0.001777897261008773
0.0017805834672883602
0.0017802345070317184
0.001780001416738675
0.0017762523930177898
0.0017760679726139532
0.0017753369206485877
0.001773840874412549
0.0017724307101810617
0.0017711907783209365
0.0017703173045881925
0.0017695457629105678
0.0017688202020441244
0.0017715244616699286
0.0017692863739218558
0.0017694085304761544
0.0017694385005072983
0.0017684290013092305
0.001767922026485934
0.001767690482560449
0.0017670411353296687
0.0017665129358924007
0.0017658600192134786
0.00176524260884603
0.0017643943248570766
0.0017647208706544164
0.0017645169563077817
0.001764023920926181
0.0017635670317113293
0.0017646818594034288
0.0017627223705198914
0.0017654072166185736
0.0017648740026663266
0.0017649655804630974
0.0017646595179905671
0.0017646467363939351
0.0017624081801498061
0.0017625919117215236
0.001762203695073268
0.0017617660970235536
0.0017614123422030668
0.0017598826807995222
0.0017597934670530151
0.0017587569214074067
0.0017576006364076555
0.001759164480914505
0.0017591004250849416
0.0017586093937029964
0.0017628593703873218
0.0017625200453953637
0.0017607623047883854
0.0017591820490609068
0.0017586380273065532
0.0017586403461851295
0.0017576706417382034
0.0017576176330577722
0.001757170190291891
0.0017567884810053577
0.0017565104930186606
0.0017559511332770027
0.0017556755076377389
0.001755036796341873
0.0017594459260471867
0.0017561847943242566
0.0017556328270018034
0.0017573717557587587
0.0017567897421227334
0.001756419122212301
0.0017558314420747536
0.0017561882369444184
0.0017508802871454663
0.0017503602979430557
0.0017490296411002857
0.0017489928987487978
0.0017460537963888954
0.0017454508786093044
0.0017460056321467847
0.0017455139350097202
0.0017452169010620743
0.0017451278577765856
0.0017431353984092796
0.0017438561648767073
0.0017480156781867382
0.0017473688925196797
0.0017465845297073806
0.0017459088611126194
0.0017455109304060192
0.0017448909518845168
0.0017435131878017944
0.0017426853593911402
0.0017456396033711343
0.0017439590434768
0.001743054006493492
0.0017408507529535454
0.0017405315642439266
0.0017400450905631214
0.001738287463488549
0.0017430683051807875
0.0017423887373977827
0.0017418851592081344
0.0017416872845421117
0.00174163822139341
0.001741070125086522
0.001742596496561395
0.0017409513681784776
0.0017413261705041443
0.0017410788142582
0.0017402937045655586
0.0017403877584218695
0.0017417872153041468
0.0017415196869068883
0.0017410942779014426
0.0017409683974600435
0.0017408268895264555
0.0017407164122676525
0.0017405078944898475
0.0017417600949345745
0.001741751658220085
0.0017413317505431383
0.001740851254571877
0.001738658097651416
0.0017390026688824409
0.0017383814909846947
0.0017380011776021488
0.0017358399513878766
0.0017321762526602827
0.0017315770336681737
0.0017343197199146307
0.0017389327385141434
0.0017384733068026633
0.0017384524863544202
0.0017385875082948608
0.001738487027541095
0.001738022088121104
0.0017383001337578782
0.0017378182628930048
0.0017357755401043759
0.0017363204170654498
0.0017351556076162591
0.001733360812952512
0.0017327125612082365
0.001732385110229881
0.0017376593140959334
0.001738558599178338
0.0017343447903502903
0.0017336242553139902
0.0017655398209964692
0.0017706822327084248
0.0017694954736072184
0.001768773770303987
0.0017684032358368247
0.0017685988923725712
0.0017676152196977107
0.0017670990826148894
0.0017659502417341241
0.0017655596572756557
0.0017659659717374253
0.001765304881221752
0.001765241223442907
0.0017649103397003106
0.001764103891444385
0.001763821150259486
0.0017642456290200574
0.0017641491343687971
0.001763135585937179
0.0017627549232026752
0.0017638000790698247
0.001764632056514271
0.0017648330226561445
0.0017645652995900295
